HH_ID,person_ID,stratum_ID,year,wave,st,age,sex,raceethn,boat_trips,shore_trips,imp_shore_trips_2,imp_boat_trips_2,final_wt
4385944829,1,2023_5_1_1_1,2023,5,1,32,1,1,0,0,,,170.90348577
4385944832,1,2023_5_1_1_1,2023,5,1,35,1,1,0,0,,,151.81310985
4385944839,1,2023_5_1_1_1,2023,5,1,42,2,1,0,0,,,674.86422834
4385944845,1,2023_5_1_1_1,2023,5,1,60,1,1,0,0,,,170.90348577
4385944847,1,2023_5_1_1_1,2023,5,1,67,2,1,0,0,,,55.968645877
4385944855,1,2023_5_1_1_1,2023,5,1,64,1,1,0,0,,,170.90348577
4385944858,1,2023_5_1_1_1,2023,5,1,60,1,1,5.9999004684,0,,,155.19855416
4385944859,1,2023_5_1_1_1,2023,5,1,54,1,1,0,0,,,62.150809388
4385944862,1,2023_5_1_1_1,2023,5,1,-3,-3,-3,0,0,,,129.05689636
4385944865,1,2023_5_1_1_1,2023,5,1,42,2,4,0,0,,,91.591353102
4385944872,1,2023_5_1_1_1,2023,5,1,48,1,1,0,0,,,151.81310985
4385944873,1,2023_5_1_1_1,2023,5,1,57,1,1,0,0,,,170.90348577
4385944883,1,2023_5_1_1_1,2023,5,1,54,1,1,0,0,,,151.81310985
4385944885,1,2023_5_1_1_1,2023,5,1,64,1,1,0,0,,,55.968645877
4385944886,1,2023_5_1_1_1,2023,5,1,65,1,1,0,0,,,62.150809388
4385944887,1,2023_5_1_1_1,2023,5,1,49,2,1,0,0,,,170.90348577
4385944888,1,2023_5_1_1_1,2023,5,1,55,1,1,0.9999834114,1.0000165886,,,172.34141734
4385944890,1,2023_5_1_1_1,2023,5,1,69,1,1,0,0,,,62.150809388
4385944893,1,2023_5_1_1_1,2023,5,1,36,1,1,9.999834114,0,,,172.34141734
4385944902,1,2023_5_1_1_1,2023,5,1,30,1,1,0.9999834114,0,,,228.71537338
4385944908,1,2023_5_1_1_1,2023,5,1,74,2,1,0,0,,,62.150809388
4385944911,1,2023_5_1_1_1,2023,5,1,61,1,1,0,0,,,170.90348577
4385944913,1,2023_5_1_1_1,2023,5,1,61,1,1,19.999668228,8.0001327088,,,155.19855416
4385944915,1,2023_5_1_1_1,2023,5,1,60,1,1,9.999834114,15.000248829,,,155.19855416
4385944916,1,2023_5_1_1_1,2023,5,1,49,1,1,0,0,,,226.8070854
4385944917,1,2023_5_1_1_1,2023,5,1,22,1,1,0,8.0001327088,,,461.79312391
4385944921,1,2023_5_1_1_1,2023,5,1,42,2,1,1.9999668228,0,,,228.71537338
4385944928,1,2023_5_1_1_1,2023,5,1,73,1,1,0,0,,,134.0075932
4385944929,1,2023_5_1_1_1,2023,5,1,45,2,1,0,0,,,82.480728049
4385944931,1,2023_5_1_1_1,2023,5,1,68,1,1,0,0,,,62.150809388
4385944934,1,2023_5_1_1_1,2023,5,1,37,2,1,0,0,,,251.85965663
4385944935,1,2023_5_1_1_1,2023,5,1,75,1,1,0,0,,,55.968645877
4385944937,1,2023_5_1_1_1,2023,5,1,64,2,1,0,0,,,172.34141734
4385944938,1,2023_5_1_1_1,2023,5,1,56,1,1,0,4.0000663544,,,228.71537338
4385944941,1,2023_5_1_1_1,2023,5,1,44,1,1,5.9999004684,6.0000995316,,,155.19855416
4385944942,1,2023_5_1_1_1,2023,5,1,66,1,1,0,2.0000331772,,,56.439549569
4385944946,1,2023_5_1_1_1,2023,5,1,63,1,1,0.9999834114,0,,,172.34141734
4385944948,1,2023_5_1_1_1,2023,5,1,77,1,1,3.9999336456,0,,,56.439549569
4385944949,1,2023_5_1_1_1,2023,5,1,76,1,1,9.999834114,0,,,62.673727982
4385944950,1,2023_5_1_1_1,2023,5,1,54,2,1,0,0,,,1000.9928968
4385944951,1,2023_5_1_1_1,2023,5,1,76,1,1,0,0,,,150.85893979
4385944952,1,2023_5_1_1_1,2023,5,1,63,1,1,2.9999502342,60.000995316,,,334.63417317
4385944953,1,2023_5_1_1_1,2023,5,1,66,1,1,0.9999834114,3.0000497658,,,62.673727982
4385944962,1,2023_5_1_1_1,2023,5,1,68,2,1,0,0,,,150.85893979
4385944964,1,2023_5_1_1_1,2023,5,1,69,1,1,0,45.000746487,,,62.673727982
4385944965,1,2023_5_1_1_1,2023,5,1,66,1,1,1.9999668228,0,,,56.439549569
4385944968,1,2023_5_1_1_1,2023,5,1,42,2,1,0,0,,,172.34141734
4385944971,1,2023_5_1_1_1,2023,5,1,57,1,1,0,0,,,153.09042061
4385944972,1,2023_5_1_1_1,2023,5,1,67,1,1,0,0,,,62.150809388
4385944973,1,2023_5_1_1_1,2023,5,1,55,1,1,1.9999668228,0,,,137.86246105
4385944974,1,2023_5_1_1_1,2023,5,1,67,1,1,5.9999004684,0,,,56.439549569
4385944977,1,2023_5_1_1_1,2023,5,1,73,1,1,0,0,,,62.150809388
4385944978,1,2023_5_1_1_1,2023,5,1,77,2,1,0,0,,,62.150809388
4385944979,1,2023_5_1_1_1,2023,5,1,68,1,1,0,0,,,55.672905135
4385944980,1,2023_5_1_1_1,2023,5,1,65,2,2,0,0,,,135.85294644
4385944989,1,2023_5_1_1_1,2023,5,1,64,2,1,0,1.0000165886,,,253.97872956
4385944992,1,2023_5_1_1_1,2023,5,1,45,1,1,2.9999502342,0,,,257.47614682
4385944993,1,2023_5_1_1_1,2023,5,1,45,2,1,0,1.0000165886,,,253.97872956
4385944995,1,2023_5_1_1_1,2023,5,1,53,2,1,0,0,,,151.81310985
4385944997,1,2023_5_1_1_1,2023,5,1,62,2,1,0,0,,,151.81310985
4385945000,1,2023_5_1_1_1,2023,5,1,73,2,1,0,0,,,62.150809388
4385945001,1,2023_5_1_1_1,2023,5,1,67,1,1,0,0,,,62.150809388
4385945002,1,2023_5_1_1_1,2023,5,1,72,1,1,0.9999834114,2.0000331772,,,62.673727982
4385945004,1,2023_5_1_1_1,2023,5,1,60,2,1,0,0,,,153.90365417
4385945010,1,2023_5_1_1_1,2023,5,1,54,2,1,0,0,,,253.97872956
4385945014,1,2023_5_1_1_1,2023,5,1,38,2,1,0,1.0000165886,,,253.97872956
4385945017,1,2023_5_1_1_1,2023,5,1,71,2,1,0,0,,,74.759626169
4385945024,1,2023_5_1_1_1,2023,5,1,66,1,1,0,0,,,62.150809388
4385945025,1,2023_5_1_1_1,2023,5,1,27,1,1,0,0,,,151.81310985
4385945030,1,2023_5_1_1_1,2023,5,1,63,1,1,0,0,,,170.90348577
4385945035,1,2023_5_1_1_1,2023,5,1,71,1,1,1.9999668228,10.000165886,,,202.00571776
4385945040,1,2023_5_1_1_1,2023,5,1,75,1,1,4.999917057,4.0000663544,,,62.673727982
4385945041,1,2023_5_1_1_1,2023,5,1,35,2,1,0,0,,,226.8070854
4385945048,1,2023_5_1_1_1,2023,5,1,40,1,1,1.9999668228,0,,,253.97872956
4385945058,1,2023_5_1_1_1,2023,5,1,62,1,1,0.9999834114,2.0000331772,,,155.19855416
4385945061,1,2023_5_1_1_1,2023,5,1,69,1,1,1.9999668228,0,,,50.135101105
4385945063,1,2023_5_1_1_1,2023,5,1,41,1,-3,5.9999004684,0,,,461.79312391
4385945065,1,2023_5_1_1_1,2023,5,1,47,2,1,0,0,,,406.78701226
4385945068,1,2023_5_1_1_1,2023,5,1,48,1,1,0.9999834114,3.0000497658,,,228.71537338
4385945069,1,2023_5_1_1_1,2023,5,1,46,2,1,0,5.000082943,,,172.34141734
4385945073,1,2023_5_1_1_1,2023,5,1,72,2,1,0,0,,,62.150809388
4385945075,1,2023_5_1_1_1,2023,5,1,59,2,1,0,0,,,170.90348577
4385945079,1,2023_5_1_1_1,2023,5,1,67,2,1,0,0,,,56.439549569
4385945081,1,2023_5_1_1_1,2023,5,1,56,2,5,0,0,,,153.90365417
4385945082,1,2023_5_1_1_1,2023,5,1,73,2,1,0.9999834114,0,,,56.439549569
4385945083,1,2023_5_1_1_1,2023,5,1,42,2,4,0,0,,1,368.49664588
4385945085,1,2023_5_1_1_1,2023,5,1,70,2,1,0,0,,,55.968645877
4385945087,1,2023_5_1_1_1,2023,5,1,57,1,1,1.9999668228,2.0000331772,,,376.71415013
4385945091,1,2023_5_1_1_1,2023,5,1,54,2,1,0,2.0000331772,,,376.71415013
4385945093,1,2023_5_1_1_1,2023,5,1,34,2,1,0,5.000082943,,,461.79312391
4385945095,1,2023_5_1_1_1,2023,5,1,31,1,1,2.9999502342,0,,,137.86246105
4385945114,1,2023_5_1_1_1,2023,5,1,72,1,-3,7.9998672912,0,,,56.439549569
4385945118,1,2023_5_1_1_1,2023,5,1,60,2,-3,0,0,,,153.90365417
4385945119,1,2023_5_1_1_1,2023,5,1,37,1,1,0,15.000248829,,,680.54233708
4385945123,1,2023_5_1_1_1,2023,5,1,66,1,-3,13.99976776,14.00023224,,,56.439549569
4385945125,1,2023_5_1_1_1,2023,5,1,76,1,1,2.9999502342,0,,,56.439549569
4385945127,1,2023_5_1_1_1,2023,5,1,69,1,1,8.9998507026,2.0000331772,,,56.439549569
4385945128,1,2023_5_1_1_1,2023,5,1,64,1,1,3.9999336456,1.0000165886,,,56.439549569
4385945129,1,2023_5_1_1_1,2023,5,1,60,1,1,0.9999834114,1.0000165886,,,155.19855416
4385945132,1,2023_5_1_1_1,2023,5,1,32,2,1,0.9999834114,0,,,285.91634963
4385945133,1,2023_5_1_1_1,2023,5,1,47,1,1,19.999668228,0,,,137.86246105
4385945140,1,2023_5_1_1_1,2023,5,1,31,2,1,0,0,,,251.85965663
4385945144,1,2023_5_1_1_1,2023,5,1,69,1,1,1.9999668228,0,,,56.439549569
4385945145,1,2023_5_1_1_1,2023,5,1,58,1,1,6.9998838798,2.0000331772,,,155.19855416
4385945161,1,2023_5_1_1_1,2023,5,1,59,1,1,0,2.0000331772,,,172.34141734
4385945171,1,2023_5_1_1_1,2023,5,1,44,1,1,0,0,,,611.34007989
4385945181,1,2023_5_1_1_1,2023,5,1,76,1,1,0,0,,,134.0075932
4385945189,1,2023_5_1_1_1,2023,5,1,70,1,1,3.9999336456,0,,,56.439549569
4385945191,1,2023_5_1_1_1,2023,5,1,48,1,2,0,4.0000663544,,,253.97872956
4385945192,1,2023_5_1_1_1,2023,5,1,47,2,1,0.9999834114,0,,,153.09042061
4385945193,1,2023_5_1_1_1,2023,5,1,-3,-3,-3,0,0,1,1,115.15996605
4385945195,1,2023_5_1_1_1,2023,5,1,38,2,1,0,0,,,137.86246105
4385945196,1,2023_5_1_1_1,2023,5,1,59,2,1,0,0,,,205.5754516
4385945200,1,2023_5_1_1_1,2023,5,1,20,2,1,0,0,,,136.71220485
4385945205,1,2023_5_1_1_1,2023,5,1,43,1,1,2.9999502342,0,1,,153.09042061
4385945206,1,2023_5_1_1_1,2023,5,1,63,2,1,1.9999668228,2.0000331772,,,155.19855416
4385945211,1,2023_5_1_1_1,2023,5,1,66,1,1,7.9998672912,2.0000331772,,,56.439549569
4385945214,1,2023_5_1_1_1,2023,5,1,64,1,1,0,0,,,373.57103354
4385945216,1,2023_5_1_1_1,2023,5,1,65,1,1,9.999834114,10.000165886,,,83.174696588
4385945217,1,2023_5_1_1_1,2023,5,1,61,1,1,1.9999668228,0,,,155.19855416
4385945219,1,2023_5_1_1_1,2023,5,1,38,2,1,0,0,,,151.81310985
4385945220,1,2023_5_1_1_1,2023,5,1,70,1,1,0,0,,,62.150809388
4385945222,1,2023_5_1_1_1,2023,5,1,55,1,1,0,0,,,226.8070854
4385945224,1,2023_5_1_1_1,2023,5,1,86,1,1,2.9999502342,0,,,135.1350936
4385945228,1,2023_5_1_1_1,2023,5,1,82,2,1,0,3.0000497658,,,135.1350936
4385945229,1,2023_5_1_1_1,2023,5,1,-3,1,1,4.999917057,0,,,117.72804237
4385945232,1,2023_5_1_1_1,2023,5,1,63,1,1,0,2.0000331772,,,153.09042061
4385945235,1,2023_5_1_1_1,2023,5,1,62,1,1,0,0,,,151.81310985
4385945238,1,2023_5_1_1_1,2023,5,1,66,1,1,0,0,,,55.968645877
4385945240,1,2023_5_1_1_1,2023,5,1,56,1,1,1.9999668228,0,,,155.19855416
4385945241,1,2023_5_1_1_1,2023,5,1,41,1,1,0.9999834114,5.000082943,,,253.97872956
4385945245,1,2023_5_1_1_1,2023,5,1,52,1,2,9.999834114,4.0000663544,,,207.30510287
4385945247,1,2023_5_1_1_1,2023,5,1,34,1,1,0.9999834114,0,,,680.54233708
4385945248,1,2023_5_1_1_1,2023,5,1,57,1,1,0,6.0000995316,,,616.48371516
4385945249,1,2023_5_1_1_1,2023,5,1,58,2,1,0,0,,,368.49664588
4385945254,1,2023_5_1_1_1,2023,5,1,70,2,2,0,1.0000165886,,,75.388631632
4385945257,1,2023_5_1_1_1,2023,5,1,64,1,2,0,9.0001492974,,,207.30510287
4385945258,1,2023_5_1_1_1,2023,5,1,63,2,2,0,4.0000663544,,,153.09042061
4385945260,1,2023_5_1_1_1,2023,5,1,56,1,3,14.999751171,10.000165886,,,172.34141734
4385945263,1,2023_5_1_1_1,2023,5,1,65,1,1,0,5.000082943,,,56.439549569
4385945264,1,2023_5_1_1_1,2023,5,1,87,1,1,0,0,,,55.968645877
4385945268,1,2023_5_1_1_1,2023,5,1,57,1,1,3.9999336456,0,,,153.09042061
4385945272,1,2023_5_1_1_1,2023,5,1,69,2,1,0,0,,,62.150809388
4385945275,1,2023_5_1_1_1,2023,5,1,66,1,1,0,0,,,55.208397944
4385945276,1,2023_5_1_1_1,2023,5,1,60,1,1,2.9999502342,10.000165886,,,172.34141734
4385945278,1,2023_5_1_1_1,2023,5,1,31,1,1,0,0,,,170.90348577
4385945279,1,2023_5_1_1_1,2023,5,1,46,2,1,0,0,,,253.97872956
4385945287,1,2023_5_1_1_1,2023,5,1,60,1,1,0,12.000199063,,,172.34141734
4385945290,1,2023_5_1_1_1,2023,5,1,53,1,1,1.9999668228,4.0000663544,,,616.48371516
4385945291,1,2023_5_1_1_1,2023,5,1,61,1,1,0,0,,,170.90348577
4385945296,1,2023_5_1_1_1,2023,5,1,62,1,1,0,0,,,170.90348577
4385945299,1,2023_5_1_1_1,2023,5,1,39,2,1,0,0,,,226.8070854
4385945304,1,2023_5_1_1_1,2023,5,1,61,2,1,1.9999668228,0,,,155.19855416
4385945305,1,2023_5_1_1_1,2023,5,1,33,1,1,0,0,,,151.81310985
4385945308,1,2023_5_1_1_1,2023,5,1,65,1,2,0,0,,,181.46437761
4385945311,1,2023_5_1_1_1,2023,5,1,58,2,1,0,0,,,253.97872956
4385945314,1,2023_5_1_1_1,2023,5,1,46,1,5,3.9999336456,6.0000995316,,,172.34141734
4385945315,1,2023_5_1_1_1,2023,5,1,33,2,1,0,0,,,170.90348577
4385945318,1,2023_5_1_1_1,2023,5,1,79,2,2,0,0,,,181.46437761
4385945320,1,2023_5_1_1_1,2023,5,1,86,1,5,0,0,,,135.85294644
4385945323,1,2023_5_1_1_1,2023,5,1,20,1,1,0,4.0000663544,,,137.86246105
4385945331,1,2023_5_1_1_1,2023,5,1,60,1,2,1.9999668228,2.0000331772,,,155.19855416
4385945332,1,2023_5_1_1_1,2023,5,1,62,2,2,0,0,,,205.5754516
4385945336,1,2023_5_1_1_1,2023,5,1,34,2,2,0,0,,,251.85965663
4385945338,1,2023_5_1_1_1,2023,5,1,60,2,2,0,0,,,153.90365417
4385945340,1,2023_5_1_1_1,2023,5,1,63,1,1,0,4.0000663544,,,253.97872956
4385945341,1,2023_5_1_1_1,2023,5,1,47,2,1,0,0,,,550.52986081
4385945343,1,2023_5_1_1_1,2023,5,1,59,1,1,9.999834114,15.000248829,,,376.71415013
4385945344,1,2023_5_1_1_1,2023,5,1,64,1,1,0,0,,,153.90365417
4385945346,1,2023_5_1_1_1,2023,5,1,79,1,1,0,0,,,55.208397944
4385945350,1,2023_5_1_1_1,2023,5,1,65,1,1,7.9998672912,0,1,,56.439549569
4385945353,1,2023_5_1_1_1,2023,5,1,47,1,1,0,0,,,253.97872956
4385945354,1,2023_5_1_1_1,2023,5,1,48,1,1,0,10.000165886,,,253.97872956
4385945356,1,2023_5_1_1_1,2023,5,1,26,2,1,0,0,,,170.90348577
4385945358,1,2023_5_1_1_1,2023,5,1,54,2,3,0,15.000248829,,1,153.09042061
4385945359,1,2023_5_1_1_1,2023,5,1,68,1,1,0,0,,,55.968645877
4385945365,1,2023_5_1_1_1,2023,5,1,30,1,1,0,4.0000663544,,,153.09042061
4385945371,1,2023_5_1_1_1,2023,5,1,58,2,1,0,0,,,172.34141734
4385945372,1,2023_5_1_1_1,2023,5,1,53,1,1,5.9999004684,0,,,137.86246105
4385945377,1,2023_5_1_1_1,2023,5,1,64,1,1,3.9999336456,3.0000497658,,,56.439549569
4385945379,1,2023_5_1_1_1,2023,5,1,58,1,2,0,0,,,611.34007989
4385945380,1,2023_5_1_1_1,2023,5,1,63,1,1,3.9999336456,0,,,155.19855416
4385945382,1,2023_5_1_1_1,2023,5,1,50,1,1,0.9999834114,2.0000331772,,,155.19855416
4385945383,1,2023_5_1_1_1,2023,5,1,11,2,1,0,0,,,251.85965663
4385945385,1,2023_5_1_1_1,2023,5,1,58,1,4,0,0,,,368.49664588
4385945389,1,2023_5_1_1_1,2023,5,1,57,1,2,11.999800937,17.000282006,,,186.68438923
4385945390,1,2023_5_1_1_1,2023,5,1,61,1,1,0,0,,,414.83480143
4385945392,1,2023_5_1_1_1,2023,5,1,59,1,1,0.9999834114,1.0000165886,,,153.09042061
4385945394,1,2023_5_1_1_1,2023,5,1,60,2,1,4.999917057,3.0000497658,,,56.439549569
4385945396,1,2023_5_1_1_1,2023,5,1,66,1,1,0,0,,,55.208397944
4385945398,1,2023_5_1_1_1,2023,5,1,35,1,1,24.999585285,0,,,137.86246105
4385945399,1,2023_5_1_1_1,2023,5,1,54,2,1,0,0,,,170.90348577
4385945402,1,2023_5_1_1_1,2023,5,1,44,1,1,1.9999668228,0,,,228.71537338
4385945414,1,2023_5_1_1_0,2023,5,1,55,1,1,0,0,,,462.88697248
4385945419,1,2023_5_1_1_0,2023,5,1,67,1,1,0,0,,,168.33360574
4385945431,1,2023_5_1_1_0,2023,5,1,88,2,1,0,0,1,1,202.48420835
4385945435,1,2023_5_1_1_0,2023,5,1,76,2,1,0,0,,,202.48420835
4385945439,1,2023_5_1_1_0,2023,5,1,42,1,2,0,0,,,462.88697248
4385945441,1,2023_5_1_1_0,2023,5,1,41,2,1,0,0,,,682.15433653
4385945448,1,2023_5_1_1_0,2023,5,1,76,2,-3,0,0,,,168.33360574
4385945450,1,2023_5_1_1_0,2023,5,1,80,1,2,0,0,,,408.59692005
4385945451,1,2023_5_1_1_0,2023,5,1,73,1,2,0,0,,,491.4908317
4385945453,1,2023_5_1_1_0,2023,5,1,57,2,1,0,0,,,309.44251869
4385945458,1,2023_5_1_1_0,2023,5,1,42,2,1,0,0,,,682.15433653
4385945459,1,2023_5_1_1_0,2023,5,1,66,2,1,0,0,,,202.48420835
4385945471,1,2023_5_1_1_0,2023,5,1,-3,1,-3,0,0,,,422.36462979
4385945473,1,2023_5_1_1_0,2023,5,1,90,2,1,0,0,,,112.53195281
4385945475,1,2023_5_1_1_0,2023,5,1,84,1,1,0,0,,,491.4908317
4385945478,1,2023_5_1_1_0,2023,5,1,59,1,2,0,0,,,767.93469329
4385945481,1,2023_5_1_1_0,2023,5,1,88,2,1,0,0,,,611.64171685
4385945486,1,2023_5_1_1_0,2023,5,1,73,1,1,0,0,,,408.59692005
4385945487,1,2023_5_1_1_0,2023,5,1,-3,1,1,0,0,1,1,533.53908955
4385945495,1,2023_5_1_1_0,2023,5,1,72,2,1,0,0,,,273.14931633
4385945496,1,2023_5_1_1_0,2023,5,1,63,1,1,0,0,,,248.07243662
4385945499,1,2023_5_1_1_0,2023,5,1,58,1,1,0,0,,,751.11122054
4385945500,1,2023_5_1_1_0,2023,5,1,42,2,2,0,0,,,682.15433653
4385945506,1,2023_5_1_1_0,2023,5,1,58,2,1,0,0,,,168.33360574
4385945509,1,2023_5_1_1_0,2023,5,1,68,2,1,0,0,,,202.48420835
4385945514,1,2023_5_1_1_0,2023,5,1,68,2,1,0,0,,,168.33360574
4385945516,1,2023_5_1_1_0,2023,5,1,72,1,1,0,0,,,112.53195281
4385945521,1,2023_5_1_1_0,2023,5,1,71,1,1,0,0,,,168.33360574
4385945522,1,2023_5_1_1_0,2023,5,1,32,2,1,0,2.0000331772,,,687.89378208
4385945523,1,2023_5_1_1_0,2023,5,1,46,1,1,0,0,,,2057.7001539
4385945534,1,2023_5_1_1_0,2023,5,1,57,1,1,19.588490807,9.1866118932,,,1310.1881097
4385945543,1,2023_5_1_1_0,2023,5,1,42,1,5,9.2119574802,0,,,1547.7834589
4385945549,1,2023_5_1_1_0,2023,5,1,68,1,1,4.999917057,0,,,169.7499151
4385945559,1,2023_5_1_1_0,2023,5,1,46,1,1,0,0,,,682.15433653
4385945570,1,2023_5_1_1_0,2023,5,1,75,2,2,0,0,,,168.33360574
4385945575,1,2023_5_1_1_0,2023,5,1,80,2,1,0,0,,,112.53195281
4385945579,1,2023_5_1_1_0,2023,5,1,90,2,2,0,0,,,491.4908317
4385945583,1,2023_5_1_1_0,2023,5,1,79,1,1,0,0,1,1,408.59692005
4385945586,1,2023_5_1_1_0,2023,5,1,70,2,1,0,0,,,542.56148383
4385945587,1,2023_5_1_1_0,2023,5,1,65,2,1,0,0,,,248.07243662
4385945593,1,2023_5_1_1_0,2023,5,1,62,1,-3,0,0,,,1351.5109005
4385945607,1,2023_5_1_1_0,2023,5,1,75,1,1,0,0,,,248.07243662
4385945613,1,2023_5_1_1_0,2023,5,1,66,1,1,0,0,,,135.36182082
4385945614,1,2023_5_1_1_0,2023,5,1,32,1,1,0,0,,,1240.3171817
4385945616,1,2023_5_1_1_0,2023,5,1,73,2,1,0,0,,,202.48420835
4385945619,1,2023_5_1_1_0,2023,5,1,49,1,1,0,0,,1,462.88697248
4385945620,1,2023_5_1_1_0,2023,5,1,75,2,2,0,0,,,168.33360574
4385945621,1,2023_5_1_1_0,2023,5,1,68,2,1,0,0,,,112.53195281
4385945622,1,2023_5_1_1_0,2023,5,1,44,1,1,0,0,1,1,998.06212851
4385945625,1,2023_5_1_1_0,2023,5,1,73,2,1,0,0,,,408.59692005
4385945631,1,2023_5_1_1_0,2023,5,1,87,1,1,0,0,,,451.05409284
4385945637,1,2023_5_1_1_0,2023,5,1,74,2,-3,0,0,,,168.33360574
4385945640,1,2023_5_1_1_0,2023,5,1,48,2,1,0,0,,,411.18126106
4385945657,1,2023_5_1_1_0,2023,5,1,61,1,1,0,0,,,456.02397255
4385945662,1,2023_5_1_1_0,2023,5,1,68,2,2,0,0,,,451.05409284
4385945663,1,2023_5_1_1_0,2023,5,1,56,2,2,0,0,1,1,703.35404906
4385945672,1,2023_5_1_1_0,2023,5,1,55,2,1,0,0,,,511.69949922
4385945673,1,2023_5_1_1_0,2023,5,1,57,2,1,0,0,,,556.79495347
4385945677,1,2023_5_1_1_0,2023,5,1,54,1,1,0,0,,,1123.5676349
4385945679,1,2023_5_1_1_0,2023,5,1,47,2,1,0,0,,,462.88697248
4385945684,1,2023_5_1_1_0,2023,5,1,78,2,1,0,0,,,491.4908317
4385945685,1,2023_5_1_1_0,2023,5,1,78,1,1,0,0,,,202.48420835
4385945686,1,2023_5_1_1_0,2023,5,1,61,2,1,0,0,,,168.33360574
4385945689,1,2023_5_1_1_0,2023,5,1,68,1,1,13.99976776,10.000165886,,,169.7499151
4385945691,1,2023_5_1_1_0,2023,5,1,61,2,1,0,0,,,462.88697248
4385945692,1,2023_5_1_1_0,2023,5,1,63,2,1,0,0,,,309.44251869
4385945695,1,2023_5_1_1_0,2023,5,1,68,2,5,0,0,,,251.98392491
4385945697,1,2023_5_1_1_0,2023,5,1,69,2,1,0,0,,,168.33360574
4385945705,1,2023_5_1_1_0,2023,5,1,80,2,1,0,0,,,273.14931633
4385945706,1,2023_5_1_1_0,2023,5,1,56,2,1,0,0,,,682.15433653
4385945709,1,2023_5_1_1_0,2023,5,1,72,2,1,0,0,,,100.80288246
4385945714,1,2023_5_1_1_0,2023,5,1,-3,2,1,0,0,,,351.12941227
4385945715,1,2023_5_1_1_0,2023,5,1,69,1,1,0,0,,,542.56148383
4385945716,1,2023_5_1_1_0,2023,5,1,64,2,-3,0,0,,,462.88697248
4385945720,1,2023_5_1_1_0,2023,5,1,49,2,1,0,0,,,682.15433653
4385945722,1,2023_5_1_1_0,2023,5,1,50,1,1,0,0,1,1,1123.5676349
4385945724,1,2023_5_1_1_0,2023,5,1,31,2,1,0,0,,,767.93469329
4385945725,1,2023_5_1_1_0,2023,5,1,66,2,-3,0,0,,,168.33360574
4385945729,1,2023_5_1_1_0,2023,5,1,45,1,1,0,0,,,459.86082386
4385945732,1,2023_5_1_1_0,2023,5,1,65,2,4,0,0,,,168.33360574
4385945734,1,2023_5_1_1_0,2023,5,1,84,1,1,0,0,,,168.33360574
4385945736,1,2023_5_1_1_0,2023,5,1,33,2,1,0,0,,,682.15433653
4385945737,1,2023_5_1_1_0,2023,5,1,65,1,1,0,0,,,168.33360574
4385945744,1,2023_5_1_1_0,2023,5,1,70,1,1,0.9999834114,1.0000165886,,,169.7499151
4385945749,1,2023_5_1_1_0,2023,5,1,79,2,5,0,0,,,202.48420835
4385945755,1,2023_5_1_1_0,2023,5,1,63,1,1,0,0,,,411.18126106
4385945757,1,2023_5_1_1_0,2023,5,1,76,1,1,0,0,,,168.33360574
4385945758,1,2023_5_1_1_0,2023,5,1,74,1,1,0,0,,,664.71627791
4385945764,1,2023_5_1_1_0,2023,5,1,34,2,1,0,0,,,682.15433653
4385945765,1,2023_5_1_1_0,2023,5,1,74,2,1,0,0,,,168.33360574
4385945767,1,2023_5_1_1_0,2023,5,1,31,2,1,0,0,,,682.15433653
4385945770,1,2023_5_1_1_0,2023,5,1,74,1,1,0,0,,,112.53195281
4385945773,1,2023_5_1_1_0,2023,5,1,69,2,1,0,0,,,168.33360574
4385945775,1,2023_5_1_1_0,2023,5,1,62,2,1,0,0,,,767.93469329
4385945779,1,2023_5_1_1_0,2023,5,1,60,2,1,0,0,,,462.88697248
4385945786,1,2023_5_1_1_0,2023,5,1,56,2,1,0,0,,,682.15433653
4385945787,1,2023_5_1_1_0,2023,5,1,75,2,2,0,0,,,677.86688572
4385945789,1,2023_5_1_1_0,2023,5,1,77,2,1,0,0,,,202.48420835
4385945791,1,2023_5_1_1_0,2023,5,1,88,2,1,0,0,,,255.78193
4385945794,1,2023_5_1_1_0,2023,5,1,58,1,1,1.9999668228,0,,,414.64081901
4385945799,1,2023_5_1_1_0,2023,5,1,74,1,1,0,0,,,168.33360574
4385945801,1,2023_5_1_1_0,2023,5,1,69,1,1,0,0,,,112.53195281
4385945803,1,2023_5_1_1_0,2023,5,1,62,1,1,0,0,,,456.02397255
4385945805,1,2023_5_1_1_0,2023,5,1,68,1,1,0,0,,,168.33360574
4385945808,1,2023_5_1_1_0,2023,5,1,61,2,1,0,0,,,462.88697248
4385945812,1,2023_5_1_1_0,2023,5,1,84,1,1,0,0,,,362.95555252
4385945813,1,2023_5_1_1_0,2023,5,1,75,2,1,0,0,,,491.4908317
4385945816,1,2023_5_1_1_0,2023,5,1,66,1,1,0,0,,,168.33360574
4385945820,1,2023_5_1_1_0,2023,5,1,-3,2,1,0,0,,,422.36462979
4385945821,1,2023_5_1_1_0,2023,5,1,86,1,2,0,0,,,168.33360574
4385945824,1,2023_5_1_1_0,2023,5,1,41,2,2,0,0,,,1827.8495496
4385945825,1,2023_5_1_1_0,2023,5,1,36,2,1,0,0,,,2057.7001539
4385945826,1,2023_5_1_1_0,2023,5,1,65,1,2,0,0,,,400.67014569
4385945831,1,2023_5_1_1_0,2023,5,1,71,2,1,0,0,,,202.48420835
4385945833,1,2023_5_1_1_0,2023,5,1,66,1,1,0,0,,,168.33360574
4385945839,1,2023_5_1_1_0,2023,5,1,34,1,1,0,0,,,309.44251869
4385945841,1,2023_5_1_1_0,2023,5,1,66,1,1,0,0,,,112.53195281
4385945842,1,2023_5_1_1_0,2023,5,1,39,1,1,0,0,,,411.18126106
4385945843,1,2023_5_1_1_0,2023,5,1,33,1,1,0.9999834114,0,,,687.89378208
4385945844,1,2023_5_1_1_0,2023,5,1,69,2,2,0,0,,,408.59692005
4385945847,1,2023_5_1_1_0,2023,5,1,32,2,1,0,2.0000331772,,,774.39586949
4385945851,1,2023_5_1_1_0,2023,5,1,77,2,1,0,0,,,1316.9619355
4385945852,1,2023_5_1_1_0,2023,5,1,60,1,1,0,0,,,462.88697248
4385945856,1,2023_5_1_1_0,2023,5,1,46,2,2,0,0,,,248.07243662
4385945858,1,2023_5_1_1_0,2023,5,1,77,2,1,0,0,,,408.59692005
4385945868,1,2023_5_1_1_0,2023,5,1,94,2,1,0,0,,,611.64171685
4385945874,1,2023_5_1_1_0,2023,5,1,54,2,4,0,0,,,998.06212851
4385945875,1,2023_5_1_1_0,2023,5,1,61,2,1,0,0,,,408.59692005
4385945877,1,2023_5_1_1_0,2023,5,1,82,2,1,0,0,,,255.78193
4385945880,1,2023_5_1_1_0,2023,5,1,60,1,1,0,1.0000165886,,,312.04607685
4385945888,1,2023_5_1_1_0,2023,5,1,70,1,1,1.9999668228,0,,,113.47876349
4385945889,1,2023_5_1_1_0,2023,5,1,59,1,1,0,0,,,556.79495347
4385945893,1,2023_5_1_1_0,2023,5,1,47,2,1,0,0,,,462.88697248
4385945903,1,2023_5_1_1_0,2023,5,1,20,1,-3,0,10.000165886,,,777.72828754
4385945904,1,2023_5_1_1_0,2023,5,1,69,1,1,0,0,,,202.48420835
4385945905,1,2023_5_1_1_0,2023,5,1,49,2,1,0,2.0000331772,,,687.89378208
4385945906,1,2023_5_1_1_0,2023,5,1,66,1,1,0,0,,,168.33360574
4385945908,1,2023_5_1_1_0,2023,5,1,69,2,1,0,0,,,202.48420835
4385945909,1,2023_5_1_1_0,2023,5,1,52,1,1,0,0,,,168.33360574
4385945911,1,2023_5_1_1_0,2023,5,1,63,1,1,0,0,,,556.79495347
4385945912,1,2023_5_1_1_0,2023,5,1,59,1,1,5.9999004684,6.0000995316,,,277.18969644
4385945913,1,2023_5_1_1_0,2023,5,1,78,2,1,0,0,,,202.48420835
4385945915,1,2023_5_1_1_0,2023,5,1,70,2,1,0,0,,,168.33360574
4385945916,1,2023_5_1_1_0,2023,5,1,73,1,1,0,0,,,168.33360574
4385945923,1,2023_5_1_1_0,2023,5,1,63,2,1,0,0,,,408.59692005
4385945924,1,2023_5_1_1_0,2023,5,1,77,1,1,0,6.0000995316,,,412.03473412
4385945932,1,2023_5_1_1_0,2023,5,1,55,1,-3,0,4.0000663544,,,1133.0210019
4385945935,1,2023_5_1_1_0,2023,5,1,70,2,1,0,0,,,168.33360574
4385945937,1,2023_5_1_1_0,2023,5,1,61,2,1,0,0,,,462.88697248
4385945938,1,2023_5_1_1_0,2023,5,1,76,1,1,0,0,,,168.33360574
4385945939,1,2023_5_1_1_0,2023,5,1,66,1,1,0,0,,,149.53029228
4385945942,1,2023_5_1_1_0,2023,5,1,53,1,1,0,0,,,411.18126106
4385945943,1,2023_5_1_1_0,2023,5,1,61,1,1,0,0,,,462.88697248
4385945944,1,2023_5_1_1_0,2023,5,1,48,2,1,0,0,,,682.15433653
4385945946,1,2023_5_1_1_0,2023,5,1,85,2,3,0,0,,,202.48420835
4385945950,1,2023_5_1_1_0,2023,5,1,76,2,1,0,0,,,542.56148383
4385945951,1,2023_5_1_1_0,2023,5,1,84,2,2,0,0,,,202.48420835
4385945955,1,2023_5_1_1_0,2023,5,1,82,1,1,0,0,,,149.53029228
4385945958,1,2023_5_1_1_0,2023,5,1,84,1,1,0,0,,,168.33360574
4385945966,1,2023_5_1_1_0,2023,5,1,74,1,1,0,0,,,202.48420835
4385945967,1,2023_5_1_1_0,2023,5,1,72,1,1,0,6.0000995316,,,204.18785081
4385945971,1,2023_5_1_1_0,2023,5,1,76,1,1,0,0,,,209.48479398
4385945972,1,2023_5_1_1_0,2023,5,1,39,1,1,0,0,,,682.15433653
4385945974,1,2023_5_1_1_0,2023,5,1,74,1,1,1.9999668228,3.0000497658,,,113.47876349
4385945975,1,2023_5_1_1_0,2023,5,1,59,2,1,0,0,,,462.88697248
4385945976,1,2023_5_1_1_0,2023,5,1,91,2,1,0,0,,,273.14931633
4385945982,1,2023_5_1_1_0,2023,5,1,87,1,1,0,0,1,1,491.4908317
4385945988,1,2023_5_1_1_0,2023,5,1,67,2,1,0,0,,,491.4908317
4385945990,1,2023_5_1_1_0,2023,5,1,66,2,1,0,0,,,168.33360574
4385945991,1,2023_5_1_1_0,2023,5,1,37,2,1,0,0,,,682.15433653
4385945995,1,2023_5_1_1_0,2023,5,1,74,1,1,0,0,,,209.48479398
4385945997,1,2023_5_1_1_0,2023,5,1,76,1,1,0,0,,,202.48420835
4385945999,1,2023_5_1_1_0,2023,5,1,82,2,1,0,0,,,202.48420835
4385946000,1,2023_5_1_1_0,2023,5,1,55,1,1,0,3.0000497658,,,687.89378208
4385946009,1,2023_5_1_1_0,2023,5,1,73,1,1,0,0,,,168.33360574
4385946011,1,2023_5_1_1_0,2023,5,1,71,2,1,0,0,,,542.56148383
4385946012,1,2023_5_1_1_0,2023,5,1,73,2,1,0,0,,,400.67014569
4385946015,1,2023_5_1_1_0,2023,5,1,-3,2,-3,0,0,,,2028.6523562
4385946019,1,2023_5_1_1_0,2023,5,1,75,2,1,0.9999834114,1.0000165886,,,1328.0424651
4385946020,1,2023_5_1_1_0,2023,5,1,73,2,1,0,0,,,168.33360574
4385946021,1,2023_5_1_1_0,2023,5,1,78,1,1,0,1.0000165886,,,169.7499151
4385946022,1,2023_5_1_1_0,2023,5,1,78,1,1,0,0,,,168.33360574
4385946027,1,2023_5_1_1_0,2023,5,1,74,1,1,0,0,,,168.33360574
4385946045,1,2023_5_1_1_0,2023,5,1,83,2,1,0,0,,,168.33360574
4385946048,1,2023_5_1_1_0,2023,5,1,77,2,1,0,0,,,491.4908317
4385946049,1,2023_5_1_1_0,2023,5,1,52,1,1,0,0,,,411.18126106
4385946050,1,2023_5_1_1_0,2023,5,1,73,2,1,0,0,,,168.33360574
4385946051,1,2023_5_1_1_0,2023,5,1,68,2,5,0.9999834114,2.0000331772,,,169.7499151
4385946057,1,2023_5_1_1_0,2023,5,1,72,2,1,0,0,,,168.33360574
4385946058,1,2023_5_1_1_0,2023,5,1,48,1,1,0,0,,,682.15433653
4385946063,1,2023_5_1_1_0,2023,5,1,70,1,1,0,0,,,168.33360574
4385946064,1,2023_5_1_1_0,2023,5,1,71,2,1,0,0,,,168.33360574
4385946072,1,2023_5_1_1_0,2023,5,1,89,1,1,0,0,,,408.59692005
4385946075,1,2023_5_1_1_0,2023,5,1,46,1,1,8.9998507026,10.000165886,,,277.18969644
4385946076,1,2023_5_1_1_0,2023,5,1,47,2,1,0,0,,,459.86082386
4385946077,1,2023_5_1_1_0,2023,5,1,74,2,1,0,0,,,491.4908317
4385946083,1,2023_5_1_1_0,2023,5,1,66,1,1,0,0,,,168.33360574
4385946085,1,2023_5_1_1_0,2023,5,1,61,2,1,0,0,,,168.33360574
4385946087,1,2023_5_1_1_0,2023,5,1,71,1,1,0,0,,,168.33360574
4385946088,1,2023_5_1_1_0,2023,5,1,76,2,1,0,0,,,248.07243662
4385946091,1,2023_5_1_1_0,2023,5,1,74,1,1,0,0,,,168.33360574
4385946092,1,2023_5_1_1_0,2023,5,1,27,1,1,11.999800937,0,,,277.18969644
4385946094,1,2023_5_1_1_0,2023,5,1,65,2,1,0,0,,,168.33360574
4385946095,1,2023_5_1_1_0,2023,5,1,81,2,1,0,0,,,255.78193
4385946107,1,2023_5_1_1_0,2023,5,1,84,2,1,0,0,,,251.98392491
4385946109,1,2023_5_1_1_0,2023,5,1,64,2,1,0,0,,,168.33360574
4385946110,1,2023_5_1_1_0,2023,5,1,84,1,1,0,0,,,168.33360574
4385946113,1,2023_5_1_1_0,2023,5,1,77,1,-3,0,0,1,1,408.59692005
4385946114,1,2023_5_1_1_0,2023,5,1,46,1,1,5.9999004684,0,,,466.78156705
4385946116,1,2023_5_1_1_0,2023,5,1,81,2,1,0,0,,,202.48420835
4385946117,1,2023_5_1_1_0,2023,5,1,63,2,1,0,0,,,556.79495347
4385946118,1,2023_5_1_1_0,2023,5,1,93,2,1,0,0,,,491.4908317
4385946119,1,2023_5_1_1_0,2023,5,1,50,2,1,0,0,,,1111.0404108
4385946123,1,2023_5_1_1_0,2023,5,1,54,2,1,0,0,,,411.18126106
4385946126,1,2023_5_1_1_0,2023,5,1,76,2,1,0,0,,,202.48420835
4385946127,1,2023_5_1_1_0,2023,5,1,73,2,1,0,0,,,168.33360574
4385946130,1,2023_5_1_1_0,2023,5,1,63,2,1,0,0,,,556.79495347
4385946136,1,2023_5_1_1_0,2023,5,1,36,1,1,0,0,,,682.15433653
4385946150,1,2023_5_1_1_0,2023,5,1,70,1,1,3.9999336456,0,,,113.47876349
4385946153,1,2023_5_1_1_0,2023,5,1,67,1,1,0,1.0000165886,,,204.18785081
4385946157,1,2023_5_1_1_0,2023,5,1,-3,2,-3,0,0,,,351.12941227
4385946161,1,2023_5_1_1_0,2023,5,1,44,2,1,0,0,,,456.02397255
4385946163,1,2023_5_1_1_0,2023,5,1,62,1,1,0,0,,,1123.5676349
4385946164,1,2023_5_1_1_0,2023,5,1,48,2,-3,0,0,,,1123.5676349
4385946166,1,2023_5_1_1_0,2023,5,1,56,1,3,0,0,,,462.88697248
4385946168,1,2023_5_1_1_0,2023,5,1,66,1,1,1.9999668228,4.0000663544,,,136.50071529
4385946175,1,2023_5_1_1_0,2023,5,1,65,2,1,0,0,,,408.59692005
4385946187,1,2023_5_1_1_0,2023,5,1,59,2,1,0,0,,,1240.3171817
4385946188,1,2023_5_1_1_0,2023,5,1,81,1,1,0,0,,,408.59692005
4385946192,1,2023_5_1_1_0,2023,5,1,81,1,1,0,4.0000663544,,,169.7499151
4385946196,1,2023_5_1_1_0,2023,5,1,30,1,1,0,8.0001327088,,,466.78156705
4385946202,1,2023_5_1_1_0,2023,5,1,46,1,1,0,0,,,1240.3171817
4385946211,1,2023_5_1_1_0,2023,5,1,69,1,1,0.9999834114,0,,,169.7499151
4385946212,1,2023_5_1_1_0,2023,5,1,58,2,1,0,0,,,414.64081901
4385946214,1,2023_5_1_1_0,2023,5,1,71,2,4,0,0,,,168.33360574
4385946216,1,2023_5_1_1_0,2023,5,1,44,1,1,0,0,,,309.44251869
4385946217,1,2023_5_1_1_0,2023,5,1,70,1,3,0,0,,,168.33360574
4385946225,1,2023_5_1_1_0,2023,5,1,66,2,1,0,0,,,168.33360574
4385946226,1,2023_5_1_1_0,2023,5,1,51,1,5,0,0,,,274.87696268
4385946227,1,2023_5_1_1_0,2023,5,1,62,2,1,0,0,,,462.88697248
4385946231,1,2023_5_1_1_0,2023,5,1,68,1,1,0,0,,,168.33360574
4385946232,1,2023_5_1_1_0,2023,5,1,65,1,1,0,0,,,168.33360574
4385946237,1,2023_5_1_1_0,2023,5,1,72,1,1,0,0,,,408.59692005
4385946250,1,2023_5_1_1_0,2023,5,1,44,1,1,1.9999668228,0,,,687.89378208
4385946256,1,2023_5_1_1_0,2023,5,1,66,1,1,0,0,,,168.33360574
4385946264,1,2023_5_1_1_0,2023,5,1,24,2,4,0,0,,,576.04529789
4385946267,1,2023_5_1_1_0,2023,5,1,82,1,1,0,0,,,408.59692005
4385946273,1,2023_5_1_1_0,2023,5,1,63,1,1,0,0,,,411.18126106
4385946274,1,2023_5_1_1_0,2023,5,1,46,2,1,0,0,,,998.06212851
4385946288,1,2023_5_1_1_0,2023,5,1,60,2,-3,0,0,,,998.06212851
4385946290,1,2023_5_1_1_0,2023,5,1,57,2,1,0,0,,,274.87696268
4385946295,1,2023_5_1_1_0,2023,5,1,72,1,1,0,0,,,168.33360574
4385946303,1,2023_5_1_1_0,2023,5,1,78,1,2,0,0,,,408.59692005
4385946305,1,2023_5_1_1_0,2023,5,1,78,1,1,0,0,,,408.59692005
4385946309,1,2023_5_1_1_0,2023,5,1,69,1,1,4.999917057,10.000165886,,,113.47876349
4385946311,1,2023_5_1_1_0,2023,5,1,68,2,1,0,0,,,251.98392491
4385946312,1,2023_5_1_1_0,2023,5,1,79,1,1,0,0,,,168.33360574
4385946313,1,2023_5_1_1_0,2023,5,1,72,1,1,0,0,,,264.62520385
4385946315,1,2023_5_1_1_0,2023,5,1,65,1,1,9.999834114,0,,,204.18785081
4385946321,1,2023_5_1_1_0,2023,5,1,76,2,1,0,0,,,168.33360574
4385946329,1,2023_5_1_1_0,2023,5,1,59,1,1,0,0,,,462.88697248
4385946330,1,2023_5_1_1_0,2023,5,1,67,2,1,0,0,,,491.4908317
4385946331,1,2023_5_1_1_0,2023,5,1,77,2,1,0,0,,,113.47876349
4385946332,1,2023_5_1_1_0,2023,5,1,57,1,1,0,0,,,556.79495347
4385946334,1,2023_5_1_1_0,2023,5,1,80,1,1,0,0,,,168.33360574
4385946335,1,2023_5_1_1_0,2023,5,1,61,2,1,1.9999668228,0,,,1410.0017053
4385946337,1,2023_5_1_1_0,2023,5,1,69,2,1,0,0,,,202.48420835
4385946341,1,2023_5_1_1_0,2023,5,1,67,1,1,0,0,,,168.33360574
4385946347,1,2023_5_1_1_0,2023,5,1,59,1,1,0,0,,,556.79495347
4385946349,1,2023_5_1_1_0,2023,5,1,81,1,1,0,0,,,408.59692005
4385946350,1,2023_5_1_1_0,2023,5,1,64,1,1,0,0,,,168.33360574
4385946354,1,2023_5_1_1_0,2023,5,1,74,2,1,0,0,1,1,168.33360574
4385946355,1,2023_5_1_1_0,2023,5,1,77,1,1,0,0,,,168.33360574
4385946365,1,2023_5_1_1_0,2023,5,1,62,2,1,0,0,,,556.79495347
4385946366,1,2023_5_1_1_0,2023,5,1,77,2,1,0,0,,,491.4908317
4385946377,1,2023_5_1_1_0,2023,5,1,58,1,1,0,0,,,934.72945343
4385946392,1,2023_5_1_1_0,2023,5,1,54,1,1,0,0,,,462.88697248
4385946394,1,2023_5_1_1_0,2023,5,1,72,1,1,0,0,,,112.53195281
4385946395,1,2023_5_1_1_0,2023,5,1,46,1,1,0,0,,,682.15433653
4385946405,1,2023_5_1_1_0,2023,5,1,60,1,2,2.9999502342,3.0000497658,,,466.78156705
4385946408,1,2023_5_1_1_0,2023,5,1,65,2,1,0,0,,,168.33360574
4385946409,1,2023_5_1_1_0,2023,5,1,63,1,1,0,0,,,556.79495347
4385946415,1,2023_5_1_1_0,2023,5,1,73,1,1,0,0,,,150.78839609
4385946420,1,2023_5_1_1_0,2023,5,1,54,1,1,0,0,,,556.79495347
4385946423,1,2023_5_1_1_0,2023,5,1,66,1,1,7.9998672912,0,,,136.50071529
4385946424,1,2023_5_1_1_0,2023,5,1,79,2,1,0,0,,,491.4908317
4385946429,1,2023_5_1_1_0,2023,5,1,31,2,1,0,0,,,682.15433653
4385946431,1,2023_5_1_1_0,2023,5,1,73,2,1,0,0,,,202.48420835
4385946440,1,2023_5_1_1_0,2023,5,1,32,2,1,0,0,,,682.15433653
4385946441,1,2023_5_1_1_0,2023,5,1,74,2,1,0,0,,,408.59692005
4385946445,1,2023_5_1_1_0,2023,5,1,46,2,1,0,0,,1,462.88697248
4385946455,1,2023_5_1_1_0,2023,5,1,55,1,1,0,0,,,1351.5109005
4385946458,1,2023_5_1_1_0,2023,5,1,73,2,1,0,0,,,248.07243662
4385946464,1,2023_5_1_1_0,2023,5,1,76,1,1,0,0,,,202.48420835
4385946466,1,2023_5_1_1_0,2023,5,1,39,2,1,0,0,,,556.79495347
4385946470,1,2023_5_1_1_0,2023,5,1,29,2,1,0,0,,,687.89378208
4385946474,1,2023_5_1_1_0,2023,5,1,51,1,1,0,0,,,462.88697248
4385946481,1,2023_5_1_1_0,2023,5,1,76,1,1,0,0,,,408.59692005
4385946485,1,2023_5_1_1_0,2023,5,1,51,2,1,0,0,,,462.88697248
4385946486,1,2023_5_1_1_0,2023,5,1,87,2,1,0,0,,,491.4908317
4385946492,1,2023_5_1_1_0,2023,5,1,80,2,1,0,0,,,491.4908317
4385946493,1,2023_5_1_1_0,2023,5,1,76,2,2,0,0,1,,212.64223473
4385946494,1,2023_5_1_1_0,2023,5,1,81,2,2,0,0,,,491.4908317
4385946499,1,2023_5_1_1_0,2023,5,1,87,2,2,0,0,,,362.95555252
4385946512,1,2023_5_1_1_0,2023,5,1,69,1,1,0,0,,,112.53195281
4385946520,1,2023_5_1_1_0,2023,5,1,62,2,1,0,0,,,462.88697248
4385946523,1,2023_5_1_1_0,2023,5,1,46,1,1,0,0,,,682.15433653
4385946541,1,2023_5_1_1_0,2023,5,1,69,1,5,0,6.0000995316,,,250.15964499
4385946542,1,2023_5_1_1_0,2023,5,1,75,2,1,0,0,,,168.33360574
4385946546,1,2023_5_1_1_0,2023,5,1,50,1,1,0.9999834114,0,,,277.18969644
4385946554,1,2023_5_1_1_0,2023,5,1,85,1,1,0,0,,,408.59692005
4385946558,1,2023_5_1_1_0,2023,5,1,45,1,1,0,0,,,372.22052691
4385946559,1,2023_5_1_1_0,2023,5,1,78,1,2,0,0,,,149.53029228
4385946561,1,2023_5_1_1_0,2023,5,1,31,2,1,0,0,,,462.88697248
4385946568,1,2023_5_1_1_0,2023,5,1,81,2,1,0,0,,,202.48420835
4385946572,1,2023_5_1_1_0,2023,5,1,53,1,1,0,0,,,556.79495347
4385946573,1,2023_5_1_1_0,2023,5,1,83,2,1,0,0,,,255.78193
4385946574,1,2023_5_1_1_0,2023,5,1,42,1,1,0,0,,,1491.9459577
4385946577,1,2023_5_1_1_0,2023,5,1,49,2,1,0,0,,,682.15433653
4385946578,1,2023_5_1_1_0,2023,5,1,76,1,1,0,0,,,168.33360574
4385946594,1,2023_5_1_1_0,2023,5,1,77,2,1,0,0,,,202.48420835
4385946595,1,2023_5_1_1_0,2023,5,1,72,2,1,0,0,,,168.33360574
4385946604,1,2023_5_1_1_0,2023,5,1,65,2,1,0,0,,,149.53029228
4385946613,1,2023_5_1_1_0,2023,5,1,65,1,1,0,0,,,168.33360574
4385946616,1,2023_5_1_1_0,2023,5,1,37,2,1,0,0,,,682.15433653
4385946617,1,2023_5_1_1_0,2023,5,1,65,2,1,0,0,,,112.53195281
4385946629,1,2023_5_1_1_0,2023,5,1,72,1,1,1.9999668228,0,,,275.44751418
4385946634,1,2023_5_1_1_0,2023,5,1,71,1,1,0,0,,,112.53195281
4385946635,1,2023_5_1_1_0,2023,5,1,61,2,1,0,0,,,1123.5676349
4385946636,1,2023_5_1_1_0,2023,5,1,72,2,1,0,0,,,168.33360574
4385946643,1,2023_5_1_1_0,2023,5,1,30,2,1,0,0,,,682.15433653
4385946646,1,2023_5_1_1_0,2023,5,1,84,2,1,0,0,,,248.07243662
4385946648,1,2023_5_1_1_0,2023,5,1,71,2,1,0,0,,,112.53195281
4385946652,1,2023_5_1_1_0,2023,5,1,65,1,1,2.9999502342,2.0000331772,,,169.7499151
4385946653,1,2023_5_1_1_0,2023,5,1,75,1,1,0,0,,,168.33360574
4385946656,1,2023_5_1_1_0,2023,5,1,75,1,1,0,0,1,,112.53195281
4385946658,1,2023_5_1_1_0,2023,5,1,89,1,1,0,12.000199063,,1,275.44751418
4385946661,1,2023_5_1_1_0,2023,5,1,51,1,1,0,0,,,556.79495347
4385946663,1,2023_5_1_1_0,2023,5,1,81,1,5,0.9999834114,1.0000165886,,,204.18785081
4385946665,1,2023_5_1_1_0,2023,5,1,71,1,1,2.9999502342,0,,,113.47876349
4385946672,1,2023_5_1_1_0,2023,5,1,66,1,1,0,0,,,168.33360574
4385946681,1,2023_5_1_1_0,2023,5,1,61,2,1,0,0,1,1,411.18126106
4385946684,1,2023_5_1_1_0,2023,5,1,52,2,1,0,0,,,309.44251869
4385946692,1,2023_5_1_1_0,2023,5,1,67,1,1,0,0,,,168.33360574
4385946693,1,2023_5_1_1_0,2023,5,1,70,1,1,0,0,,,149.53029228
4385946694,1,2023_5_1_1_0,2023,5,1,72,2,1,0,0,,,542.56148383
4385946698,1,2023_5_1_1_0,2023,5,1,45,1,1,0,0,,,556.79495347
4385946700,1,2023_5_1_1_0,2023,5,1,76,2,1,0,0,,,202.48420835
4385946701,1,2023_5_1_1_0,2023,5,1,68,1,1,0,2.0000331772,,,169.7499151
4385946704,1,2023_5_1_1_0,2023,5,1,54,2,4,0,0,,,462.88697248
4385946711,1,2023_5_1_1_0,2023,5,1,79,2,1,0,0,,,362.95555252
4385946736,1,2023_5_1_1_0,2023,5,1,54,2,1,0,0,1,1,462.88697248
4385946738,1,2023_5_1_1_0,2023,5,1,70,1,1,0,0,,,202.48420835
4385946744,1,2023_5_1_1_0,2023,5,1,72,1,1,0,0,,,542.56148383
4385946745,1,2023_5_1_1_0,2023,5,1,68,1,2,0,0,,,542.56148383
4385946752,1,2023_5_1_1_0,2023,5,1,66,1,2,0,0,,,542.56148383
4385946760,1,2023_5_1_1_0,2023,5,1,39,2,1,0,0,,,462.88697248
4385946764,1,2023_5_1_1_0,2023,5,1,94,2,2,0,0,,,491.4908317
4385946767,1,2023_5_1_1_0,2023,5,1,63,1,2,0,0,,,875.29746311
4385946773,1,2023_5_1_1_0,2023,5,1,78,1,2,0,0,,1,451.05409284
4385946791,1,2023_5_1_1_0,2023,5,1,35,1,1,0,0,,,556.79495347
4385946792,1,2023_5_1_1_0,2023,5,1,58,2,1,0,0,,,462.88697248
4385946800,1,2023_5_1_1_0,2023,5,1,62,2,1,0,0,,,1123.5676349
4385946801,1,2023_5_1_1_0,2023,5,1,42,1,1,0,2.0000331772,,,459.86082386
4385946802,1,2023_5_1_1_0,2023,5,1,29,1,1,0,0,,,462.88697248
4385946814,1,2023_5_1_1_0,2023,5,1,63,1,1,5.9999004684,12.000199063,,,466.78156705
4385946818,1,2023_5_1_1_0,2023,5,1,63,2,-3,0,0,,,556.79495347
4385946827,1,2023_5_1_1_0,2023,5,1,60,2,1,0,2.0000331772,,,561.47966212
4385946833,1,2023_5_1_1_0,2023,5,1,72,1,2,0,0,,,542.56148383
4385946837,1,2023_5_1_1_0,2023,5,1,51,1,5,0,0,,,556.79495347
4385946870,1,2023_5_1_1_0,2023,5,1,64,2,2,0,0,,,556.79495347
4385946877,1,2023_5_1_1_0,2023,5,1,54,2,1,0,0,,,556.79495347
4385946878,1,2023_5_1_1_0,2023,5,1,68,2,1,0,0,,,491.4908317
4385946885,1,2023_5_1_1_0,2023,5,1,39,2,3,0,0,,,682.15433653
4385946887,1,2023_5_1_1_0,2023,5,1,67,2,1,0,0,,,168.33360574
4385946891,1,2023_5_1_1_0,2023,5,1,70,1,1,0,0,,,273.14931633
4385946898,1,2023_5_1_1_0,2023,5,1,58,1,1,13.99976776,14.00023224,,,414.64081901
4385946899,1,2023_5_1_1_0,2023,5,1,79,2,1,0,10.000165886,,,204.18785081
4385946904,1,2023_5_1_1_0,2023,5,1,58,2,2,0,0,,,1240.3171817
4385946910,1,2023_5_1_1_0,2023,5,1,50,2,2,0,0,,,248.07243662
4385946912,1,2023_5_1_1_0,2023,5,1,66,1,1,0,0,,,135.36182082
4385946915,1,2023_5_1_1_0,2023,5,1,43,1,1,0,0,,,1240.3171817
4385946918,1,2023_5_1_1_0,2023,5,1,56,2,1,0,0,,,411.18126106
4385946919,1,2023_5_1_1_0,2023,5,1,56,2,2,0,0,,,682.15433653
4385946925,1,2023_5_1_1_0,2023,5,1,66,2,1,0,0,,,451.05409284
4385946935,1,2023_5_1_1_0,2023,5,1,36,1,1,0,0,,,372.22052691
4385946946,1,2023_5_1_1_0,2023,5,1,70,1,1,0,0,,,664.71627791
4385946951,1,2023_5_1_1_0,2023,5,1,83,2,3,0,0,,,168.33360574
4385946962,1,2023_5_1_1_0,2023,5,1,55,1,-3,0,0,,,556.79495347
4385946971,1,2023_5_1_1_0,2023,5,1,47,1,1,0,0,,,556.79495347
4385946973,1,2023_5_1_1_0,2023,5,1,37,2,1,0,0,,,682.15433653
4385946976,1,2023_5_1_1_0,2023,5,1,32,1,1,0,0,,,682.15433653
4385946980,1,2023_5_1_1_0,2023,5,1,53,1,2,0,0,,1,1240.3171817
4385946992,1,2023_5_1_1_0,2023,5,1,-3,2,2,0,0,,,443.55339847
4385946996,1,2023_5_1_1_0,2023,5,1,80,2,1,0,0,,,202.48420835
4385947005,1,2023_5_1_1_0,2023,5,1,70,1,1,0,0,,,168.33360574
4385947012,1,2023_5_1_1_0,2023,5,1,61,1,2,0,0,,,1491.9459577
4385947016,1,2023_5_1_1_0,2023,5,1,65,2,1,0,0,,,168.33360574
4385947018,1,2023_5_1_1_0,2023,5,1,27,1,5,0,0,,,1240.3171817
4385947030,1,2023_5_1_1_0,2023,5,1,52,1,1,0,0,,,411.18126106
4385947033,1,2023_5_1_1_0,2023,5,1,78,1,1,0,0,,,202.48420835
4385947036,1,2023_5_1_1_0,2023,5,1,20,1,1,0,8.4108866029,,,1590.4564027
4385947038,1,2023_5_1_1_0,2023,5,1,65,2,2,0,0,,,542.56148383
4385947039,1,2023_5_1_1_0,2023,5,1,22,1,1,0,0,,,1240.3171817
4385947046,1,2023_5_1_1_0,2023,5,1,60,2,1,0,0,,,556.79495347
4385947054,1,2023_5_1_1_0,2023,5,1,88,1,1,0,0,,,408.59692005
4385947055,1,2023_5_1_1_0,2023,5,1,25,1,1,0,0,,,1240.3171817
4385947059,1,2023_5_1_1_0,2023,5,1,64,2,1,0.9999834114,1.0000165886,,,561.47966212
4385947062,1,2023_5_1_1_0,2023,5,1,60,2,1,0,0,,,556.79495347
4385947084,1,2023_5_1_1_0,2023,5,1,65,2,1,0,0,,,202.48420835
4385947094,1,2023_5_1_1_0,2023,5,1,82,2,2,0,0,,,491.4908317
4385947096,1,2023_5_1_1_0,2023,5,1,80,2,1,0,0,,,202.48420835
4385947097,1,2023_5_1_1_0,2023,5,1,57,1,1,0,0,,,1123.5676349
4385947109,1,2023_5_1_1_0,2023,5,1,-3,2,-3,0,0,,,2028.6523562
4385947112,1,2023_5_1_1_0,2023,5,1,67,1,1,0,0,,,168.33360574
4385947118,1,2023_5_1_1_0,2023,5,1,69,1,1,0,0,,,408.59692005
4385947121,1,2023_5_1_1_0,2023,5,1,25,2,1,9.999834114,10.000165886,,,1504.4987513
4385947122,1,2023_5_1_1_0,2023,5,1,59,1,2,0,0,,,1491.9459577
4385947125,1,2023_5_1_1_0,2023,5,1,68,1,1,0,0,,,149.53029228
4385947127,1,2023_5_1_1_0,2023,5,1,66,1,1,0,0,,,149.53029228
4385947142,1,2023_5_1_1_0,2023,5,1,53,1,1,0,0,,,411.18126106
4385947150,1,2023_5_1_1_0,2023,5,1,66,2,1,0,0,,,542.56148383
4385947152,1,2023_5_1_1_0,2023,5,1,77,2,1,0,0,,,542.56148383
4385947153,1,2023_5_1_1_0,2023,5,1,41,2,1,0,0,,,556.79495347
4385947161,1,2023_5_1_1_0,2023,5,1,53,2,1,0,0,,,411.18126106
4385947162,1,2023_5_1_1_0,2023,5,1,77,1,1,0,0,,,362.95555252
4385947166,1,2023_5_1_1_0,2023,5,1,54,2,1,0,0,,,1491.9459577
4385947168,1,2023_5_1_1_0,2023,5,1,77,2,1,0,0,,,491.4908317
4385947169,1,2023_5_1_1_0,2023,5,1,33,2,1,0,0,,,682.15433653
4385947170,1,2023_5_1_1_0,2023,5,1,69,2,2,0,0,,,362.95555252
4385947174,1,2023_5_1_1_0,2023,5,1,80,2,2,0,0,,,1316.9619355
4385947181,1,2023_5_1_1_0,2023,5,1,77,2,1,0,0,,,168.33360574
4385947210,1,2023_5_1_1_0,2023,5,1,60,2,2,0,0,,,1491.9459577
4385947218,1,2023_5_1_1_0,2023,5,1,67,2,2,0,0,,,168.33360574
4385947224,1,2023_5_1_1_0,2023,5,1,84,2,2,0,0,1,1,1316.9619355
4385947231,1,2023_5_1_1_0,2023,5,1,65,2,2,0,0,,,677.86688572
4385947234,1,2023_5_1_1_0,2023,5,1,74,2,2,0,0,,,451.05409284
4385947243,1,2023_5_1_1_0,2023,5,1,42,2,1,0,0,,,462.88697248
4385947245,1,2023_5_1_1_0,2023,5,1,60,2,2,0,0,,,692.91022194
4385947254,1,2023_5_1_1_0,2023,5,1,79,2,1,0,0,,,168.33360574
4385947267,1,2023_5_1_1_0,2023,5,1,50,2,2,0,0,,,1827.8495496
4385947270,1,2023_5_1_1_0,2023,5,1,91,1,2,0,4.0000663544,,,366.00935357
4385947271,1,2023_5_1_1_0,2023,5,1,71,2,2,0,3.0000497658,,,204.18785081
4385947274,1,2023_5_1_1_0,2023,5,1,54,2,2,0,0,,,682.15433653
4385947278,1,2023_5_1_1_0,2023,5,1,70,1,3,0,0,,,168.33360574
4385947295,1,2023_5_1_1_0,2023,5,1,45,1,1,0,0,,,411.18126106
4385947296,1,2023_5_1_1_0,2023,5,1,70,2,1,0,0,,,168.33360574
4385947301,1,2023_5_1_1_0,2023,5,1,57,2,2,0,0,,,998.06212851
4385947305,1,2023_5_1_1_0,2023,5,1,70,1,1,0,0,,,168.33360574
4385947307,1,2023_5_1_1_0,2023,5,1,64,2,2,0,0,,,362.95555252
4385947310,1,2023_5_1_1_0,2023,5,1,51,2,2,0,0,,,411.18126106
4385947318,1,2023_5_1_1_0,2023,5,1,77,1,2,0,0,,,212.64223473
4385947323,1,2023_5_1_1_0,2023,5,1,52,2,3,0,0,1,1,1351.5109005
4385947326,1,2023_5_1_1_0,2023,5,1,81,2,2,0,0,,,308.7167476
4385947327,1,2023_5_1_1_0,2023,5,1,-3,2,2,0,0,,,1025.2075698
4385947341,1,2023_5_1_1_0,2023,5,1,69,2,2,0,0,,,168.33360574
4385947356,1,2023_5_1_1_0,2023,5,1,68,2,1,0,0,,,168.33360574
4385947359,1,2023_5_1_1_0,2023,5,1,67,1,2,0,0,,,209.48479398
4385947361,1,2023_5_1_1_0,2023,5,1,86,2,1,0,0,,,202.48420835
4385947365,1,2023_5_1_1_0,2023,5,1,65,2,1,0,0,,,685.37405762
4385947367,1,2023_5_1_1_0,2023,5,1,75,2,5,0,0,,,149.53029228
4385947373,1,2023_5_1_1_0,2023,5,1,75,2,2,0,0,,,408.59692005
4385947380,1,2023_5_1_1_0,2023,5,1,56,1,2,0,0,,,462.88697248
4385947381,1,2023_5_1_1_0,2023,5,1,44,2,1,0,0,,,462.88697248
4385947386,1,2023_5_1_1_0,2023,5,1,61,2,2,0,0,,,998.06212851
4385947394,1,2023_5_1_1_0,2023,5,1,55,1,1,0,0,,,1351.5109005
4385947404,1,2023_5_1_1_0,2023,5,1,40,2,1,0,0,,,462.88697248
4385947405,1,2023_5_1_1_0,2023,5,1,58,1,1,0,0,,,462.88697248
4385947409,1,2023_5_1_1_0,2023,5,1,71,2,1,0,0,,,408.59692005
4385947411,1,2023_5_1_1_0,2023,5,1,35,2,1,0,1.0000165886,,,466.78156705
4385947428,1,2023_5_1_1_0,2023,5,1,77,1,1,0,0,,,168.33360574
4385947433,1,2023_5_1_1_0,2023,5,1,32,2,1,0,0,,,1101.770439
4385947448,1,2023_5_1_1_0,2023,5,1,76,1,1,0,0,,,408.59692005
4385947449,1,2023_5_1_1_0,2023,5,1,44,1,1,0,0,,,1240.3171817
4385947451,1,2023_5_1_1_0,2023,5,1,86,2,1,0,0,,,491.4908317
4385947453,1,2023_5_1_1_0,2023,5,1,72,1,1,0,0,,,408.59692005
4385947454,1,2023_5_1_1_0,2023,5,1,36,1,1,0,0,,,149.53029228
4385947461,1,2023_5_1_1_0,2023,5,1,72,2,2,0,0,,,542.56148383
4385947466,1,2023_5_1_1_0,2023,5,1,69,2,1,0,0,,,542.56148383
4385947476,1,2023_5_1_1_0,2023,5,1,56,2,1,0,0,,,462.88697248
4385947480,1,2023_5_1_1_0,2023,5,1,68,2,2,0,0,,,347.53762923
4385947485,1,2023_5_1_1_0,2023,5,1,86,2,1,0,0,,,491.4908317
4385947488,1,2023_5_1_1_0,2023,5,1,70,1,1,0,0,,,168.33360574
4385947492,1,2023_5_1_1_0,2023,5,1,74,2,1,0,0,,,202.48420835
4385947493,1,2023_5_1_1_0,2023,5,1,30,2,5,0,0,,,1240.3171817
4385947495,1,2023_5_1_1_0,2023,5,1,37,2,1,0,3.0000497658,,,687.89378208
4385947497,1,2023_5_1_1_0,2023,5,1,59,1,1,0,0,,,462.88697248
4385947499,1,2023_5_1_1_0,2023,5,1,65,2,1,0,0,,,202.48420835
4385947504,1,2023_5_1_1_0,2023,5,1,72,2,2,0,1.0000165886,,1,214.43134383
4385947506,1,2023_5_1_1_0,2023,5,1,61,1,1,0,0,,,1123.5676349
4385947509,1,2023_5_1_1_0,2023,5,1,36,2,1,0,0,,,186.08478286
4385947513,1,2023_5_1_1_0,2023,5,1,58,2,2,0,0,,,1123.5676349
4385947518,1,2023_5_1_1_0,2023,5,1,23,2,2,0,0,,,1240.3171817
4385947526,1,2023_5_1_1_0,2023,5,1,53,2,1,0,0,,,1655.7962961
4385947529,1,2023_5_1_1_0,2023,5,1,70,1,1,0,2.0000331772,,,113.47876349
4385947532,1,2023_5_1_1_0,2023,5,1,69,1,1,0,0,,,202.48420835
4385947533,1,2023_5_1_1_0,2023,5,1,54,2,1,0,0,,,451.05409284
4385947534,1,2023_5_1_1_0,2023,5,1,80,2,2,0,0,,,408.59692005
4385947535,1,2023_5_1_1_0,2023,5,1,72,2,1,0,0,,,408.59692005
4385947536,1,2023_5_1_1_0,2023,5,1,26,1,1,0,0,,,462.88697248
4385947539,1,2023_5_1_1_0,2023,5,1,83,2,1,0,0,,,168.33360574
4385947546,1,2023_5_1_1_0,2023,5,1,60,1,1,1.9999668228,3.0000497658,,,312.04607685
4385947549,1,2023_5_1_1_0,2023,5,1,61,2,2,0,2.0000331772,,,466.78156705
4385947559,1,2023_5_1_1_0,2023,5,1,73,2,1,0,0,,,408.59692005
4385947560,1,2023_5_1_1_0,2023,5,1,71,2,2,0,0,,,366.00935357
4385947561,1,2023_5_1_1_0,2023,5,1,36,1,1,0,0,,,1491.9459577
4385947562,1,2023_5_1_1_0,2023,5,1,-3,1,-3,0,0,,1,835.76343621
4385947566,1,2023_5_1_1_0,2023,5,1,63,2,1,0,0,,,462.88697248
4385947571,1,2023_5_1_1_0,2023,5,1,71,2,1,0,0,,,150.78839609
4385947573,1,2023_5_1_1_0,2023,5,1,73,1,1,0,0,,,168.33360574
4385947574,1,2023_5_1_1_0,2023,5,1,32,2,1,0,0,,,456.02397255
4385947577,1,2023_5_1_1_0,2023,5,1,55,1,1,1.9999668228,2.0000331772,,,466.78156705
4385947583,1,2023_5_1_1_0,2023,5,1,52,1,1,0,0,,,682.15433653
4385947589,1,2023_5_1_1_0,2023,5,1,55,1,1,0,0,,,462.88697248
4385947595,1,2023_5_1_1_0,2023,5,1,74,1,1,0,0,,,408.59692005
4385947596,1,2023_5_1_1_0,2023,5,1,72,2,5,0,0,,,408.59692005
4385947598,1,2023_5_1_1_0,2023,5,1,67,2,1,0,0,,,168.33360574
4385947601,1,2023_5_1_1_0,2023,5,1,65,2,1,0,0,,,202.48420835
4385947603,1,2023_5_1_1_0,2023,5,1,66,1,1,0,0,,,168.33360574
4385947606,1,2023_5_1_1_0,2023,5,1,66,1,1,0,0,,,149.53029228
4385947607,1,2023_5_1_1_0,2023,5,1,77,1,1,0,0,,,491.4908317
4385947610,1,2023_5_1_1_0,2023,5,1,83,1,1,0,0,,,202.48420835
4385947611,1,2023_5_1_1_0,2023,5,1,71,2,2,0,0,,,542.56148383
4385947614,1,2023_5_1_1_0,2023,5,1,70,2,1,0,2.0000331772,,,547.12643626
4385947615,1,2023_5_1_1_0,2023,5,1,60,1,2,0,0,,,682.15433653
4385957620,1,2023_5_1_1_0,2023,5,1,33,2,1,0,0,,,362.95555252
4385957625,1,2023_5_1_1_0,2023,5,1,50,2,1,0,0,,,682.15433653
4385957627,1,2023_5_1_1_0,2023,5,1,59,2,2,0,0,,,1240.3171817
4385957632,1,2023_5_1_1_0,2023,5,1,67,1,1,0,0,,,202.48420835
4385957634,1,2023_5_1_1_0,2023,5,1,66,2,1,0,0,,,202.48420835
4385957637,1,2023_5_1_1_0,2023,5,1,64,2,1,0,0,,,682.15433653
4385957643,1,2023_5_1_1_0,2023,5,1,59,1,1,0,0,,,411.18126106
4385957645,1,2023_5_1_1_0,2023,5,1,35,2,1,0,0,,,462.88697248
4385957647,1,2023_5_1_1_0,2023,5,1,37,1,1,0,0,,,682.15433653
4385957648,1,2023_5_1_1_0,2023,5,1,61,2,1,0,0,,,168.33360574
4385957652,1,2023_5_1_1_0,2023,5,1,31,1,2,0,0,,,1491.9459577
4385957661,1,2023_5_1_1_0,2023,5,1,24,2,1,0,0,,,462.88697248
4385957668,1,2023_5_1_1_0,2023,5,1,37,2,1,0,0,,,682.15433653
4385957673,1,2023_5_1_1_0,2023,5,1,59,2,2,0,0,,,998.06212851
4385957678,1,2023_5_1_2_1,2023,5,1,81,1,1,0,1.0000165886,,1,380.51173074
4385957679,1,2023_5_1_2_1,2023,5,1,61,2,1,0,3.0000497658,,,242.05144004
4385957684,1,2023_5_1_2_1,2023,5,1,46,1,1,0,0,,,941.75443036
4385957686,1,2023_5_1_2_1,2023,5,1,65,1,1,0,0,,,353.73384714
4385957689,1,2023_5_1_2_1,2023,5,1,50,1,1,0,0,,,6125.1924161
4385957690,1,2023_5_1_2_1,2023,5,1,43,1,1,0,0,,,972.70410647
4385957691,1,2023_5_1_2_1,2023,5,1,57,1,1,0,0,,,807.25117781
4385957694,1,2023_5_1_2_1,2023,5,1,36,2,1,0,3.0000497658,,,949.6780746
4385957695,1,2023_5_1_2_1,2023,5,1,66,2,1,0,0,,,568.83833399
4385957699,1,2023_5_1_2_1,2023,5,1,62,2,1,0,0,,,639.0428584
4385957707,1,2023_5_1_2_1,2023,5,1,59,1,1,0,0,,,639.0428584
4385957708,1,2023_5_1_2_1,2023,5,1,50,1,1,0,0,,,567.66006393
4385957715,1,2023_5_1_2_1,2023,5,1,53,1,1,0,2.0000331772,,,2305.1578715
4385957716,1,2023_5_1_2_1,2023,5,1,60,1,1,0,0,,,1712.3312693
4385957717,1,2023_5_1_2_1,2023,5,1,34,2,1,0,0,,,972.70410647
4385957722,1,2023_5_1_2_1,2023,5,1,61,1,1,0,0,,,639.0428584
4385957726,1,2023_5_1_2_1,2023,5,1,45,1,1,2.9999502342,3.0000497658,,,949.6780746
4385957728,1,2023_5_1_2_1,2023,5,1,55,2,1,0,0,,1,660.0442669
4385957729,1,2023_5_1_2_1,2023,5,1,45,1,1,0,0,,,660.0442669
4385957730,1,2023_5_1_2_1,2023,5,1,46,2,1,0,0,,,949.6780746
4385957750,1,2023_5_1_2_1,2023,5,1,62,1,1,0,0,,,517.54909043
4385957754,1,2023_5_1_2_1,2023,5,1,72,1,1,0,0,,1,279.54143231
4385957755,1,2023_5_1_2_1,2023,5,1,65,1,2,0,0,,,232.39450444
4385957756,1,2023_5_1_2_1,2023,5,1,36,2,4,0,0,,,941.75443036
4385957758,1,2023_5_1_2_1,2023,5,1,33,1,1,0,0,,,941.75443036
4385957761,1,2023_5_1_2_1,2023,5,1,44,1,4,1.9999668228,2.0000331772,,,1389.4769406
4385957766,1,2023_5_1_2_1,2023,5,1,58,1,1,0,0,,,639.0428584
4385957771,1,2023_5_1_2_1,2023,5,1,57,2,1,0,0,,,567.66006393
4385957777,1,2023_5_1_2_1,2023,5,1,62,2,1,0,0,,,1602.1284244
4385957778,1,2023_5_1_2_0,2023,5,1,41,2,1,0,0,,,3667.9819472
4385957787,1,2023_5_1_2_0,2023,5,1,85,1,2,0,0,,,2096.9276048
4385957790,1,2023_5_1_2_0,2023,5,1,55,1,1,12.763489615,0,,,2010.7829846
4385957794,1,2023_5_1_2_0,2023,5,1,65,2,1,0,0,,,2691.7020657
4385957795,1,2023_5_1_2_0,2023,5,1,75,2,1,0,0,,,2691.7020657
4385957798,1,2023_5_1_2_0,2023,5,1,71,2,1,0,0,,,985.05636454
4385957799,1,2023_5_1_2_0,2023,5,1,65,1,1,0,0,,,1108.9264066
4385957800,1,2023_5_1_2_0,2023,5,1,67,1,1,0,0,,,2691.7020657
4385957803,1,2023_5_1_2_0,2023,5,1,50,1,1,0,0,,,1602.5616949
4385957806,1,2023_5_1_2_0,2023,5,1,65,2,1,0,0,,,1333.8993398
4385957807,1,2023_5_1_2_0,2023,5,1,83,1,1,0,0,,,2691.7020657
4385957808,1,2023_5_1_2_0,2023,5,1,67,2,2,0,0,,,3574.2165326
4385957811,1,2023_5_1_2_0,2023,5,1,54,2,-3,0,0,,,3049.3470677
4385957813,1,2023_5_1_2_0,2023,5,1,52,2,1,0,0,,,3667.9819472
4385957814,1,2023_5_1_2_0,2023,5,1,32,2,1,0,0,,,3049.3470677
4385957817,1,2023_5_1_2_0,2023,5,1,83,2,1,0,0,,,3237.7798805
4385957820,1,2023_5_1_2_0,2023,5,1,80,2,1,0,0,,,1108.9264066
4385957835,1,2023_5_1_2_0,2023,5,1,90,2,2,0,0,,1,2691.7020657
4385957838,1,2023_5_1_2_0,2023,5,1,76,1,1,0,0,,,2691.7020657
4385957843,1,2023_5_1_2_0,2023,5,1,70,1,1,0,0,,,1108.9264066
4385957846,1,2023_5_1_2_0,2023,5,1,43,1,1,0,0,,,4493.8083149
4385957849,1,2023_5_1_2_0,2023,5,1,68,2,1,0,0,,,3574.2165326
4385957856,1,2023_5_1_2_0,2023,5,1,-3,1,1,0,0,,,6753.7301387
4385957859,1,2023_5_1_2_0,2023,5,1,78,1,1,0,0,,,789.17369746
4385957865,1,2023_5_1_2_0,2023,5,1,70,1,1,9.999834114,0,,,1699.1843471
4385957869,1,2023_5_1_2_0,2023,5,1,34,2,1,0,0,,,12041.271402
4385957870,1,2023_5_1_2_0,2023,5,1,37,2,2,0,0,,,4493.8083149
4385957874,1,2023_5_1_2_0,2023,5,1,80,2,1,0,0,,,1333.8993398
4385957876,1,2023_5_1_2_0,2023,5,1,48,2,1,0,0,,,2658.6678753
4385957879,1,2023_5_1_2_0,2023,5,1,68,2,1,0,0,,,3237.7798805
4385957884,1,2023_5_1_2_0,2023,5,1,51,1,1,0,0,,,7401.6938834
4385957889,1,2023_5_1_2_0,2023,5,1,70,2,1,0,0,,,1333.8993398
4385957897,1,2023_5_1_2_0,2023,5,1,70,2,1,0,0,,,1108.9264066
4385957899,1,2023_5_1_2_0,2023,5,1,38,1,1,0,0,,,4493.8083149
4385957903,1,2023_5_1_2_0,2023,5,1,67,2,1,0,0,,,1592.4893343
4385957904,1,2023_5_1_2_0,2023,5,1,64,2,1,0,0,,,2691.7020657
4385957913,1,2023_5_1_2_0,2023,5,1,49,2,1,0,0,,,3667.9819472
4385957917,1,2023_5_1_2_0,2023,5,1,28,2,1,0,0,,,3049.3470677
4385957918,1,2023_5_1_2_0,2023,5,1,76,1,1,0,0,,,1333.8993398
4385957920,1,2023_5_1_2_0,2023,5,1,63,1,1,0,0,,,656.07315818
4385957922,1,2023_5_1_2_0,2023,5,1,27,2,1,0,0,,,4493.8083149
4385957929,1,2023_5_1_2_0,2023,5,1,70,2,1,0,0,,,3237.7798805
4385957933,1,2023_5_1_2_0,2023,5,1,79,2,1,0,0,,,2691.7020657
4385957936,1,2023_5_1_2_0,2023,5,1,72,1,1,0,0,,1,1108.9264066
4385957937,1,2023_5_1_2_0,2023,5,1,54,1,1,0,2.0000331772,,,2681.0371233
4385957944,1,2023_5_1_2_0,2023,5,1,78,1,1,0,0,,,1108.9264066
4385957948,1,2023_5_1_2_0,2023,5,1,48,1,2,0,0,,,5058.9010804
4385957952,1,2023_5_1_2_0,2023,5,1,66,2,2,0,0,1,1,8675.7119016
4385957961,1,2023_5_1_2_0,2023,5,1,54,2,1,0,0,,,2708.7268539
4385957966,1,2023_5_1_2_0,2023,5,1,47,1,1,0,0,,,3049.3470677
4385957967,1,2023_5_1_2_0,2023,5,1,67,2,1,0,0,,,1108.9264066
4385957978,1,2023_5_1_2_0,2023,5,1,52,2,1,0,0,,,3049.3470677
4385957984,1,2023_5_1_2_0,2023,5,1,73,1,1,0,0,,,1333.8993398
4385957989,1,2023_5_1_2_0,2023,5,1,64,2,2,0,0,,,6288.4269498
4385957994,1,2023_5_1_2_0,2023,5,1,66,2,1,0,0,,,1108.9264066
4385958003,1,2023_5_1_2_0,2023,5,1,88,2,1,0,0,,,1333.8993398
4385958004,1,2023_5_1_2_0,2023,5,1,75,1,1,0,0,,,2691.7020657
4385958011,1,2023_5_1_2_0,2023,5,1,29,2,1,0,0,,,4493.8083149
4385958017,1,2023_5_1_2_0,2023,5,1,26,1,1,0,0,,1,3667.9819472
4385958030,1,2023_5_1_2_0,2023,5,1,67,2,1,0,0,,,3237.7798805
4385958032,1,2023_5_1_2_0,2023,5,1,64,1,1,0,0,,,656.07315818
4385958035,1,2023_5_1_2_0,2023,5,1,64,1,1,0,0,,,582.78803372
4385958039,1,2023_5_1_2_0,2023,5,1,46,1,1,0,0,,,4493.8083149
4385958042,1,2023_5_1_2_0,2023,5,1,59,2,2,0,0,,,2391.0317541
4385958043,1,2023_5_1_2_0,2023,5,1,20,2,1,0,0,,,4493.8083149
4385958048,1,2023_5_1_2_0,2023,5,1,75,1,1,0,0,,,1108.9264066
4385958051,1,2023_5_1_2_0,2023,5,1,62,1,1,0,0,,,5267.4569696
4385958061,1,2023_5_1_2_0,2023,5,1,71,2,1,0,0,,,1108.9264066
4385958066,1,2023_5_1_2_0,2023,5,1,83,2,1,0,0,,,2691.7020657
4385958068,1,2023_5_1_2_0,2023,5,1,43,2,-3,0,0,,,2708.7268539
4385958074,1,2023_5_1_2_0,2023,5,1,54,1,1,0,0,,,4493.8083149
4385958075,1,2023_5_1_2_0,2023,5,1,57,2,1,0,0,,,966.85190238
4385958076,1,2023_5_1_2_0,2023,5,1,65,2,1,0,0,,,1333.8993398
4385958080,1,2023_5_1_2_0,2023,5,1,58,1,2,0,0,,,3049.3470677
4385958081,1,2023_5_1_2_0,2023,5,1,64,2,1,0,0,,,1804.0825334
4385958084,1,2023_5_1_2_0,2023,5,1,59,2,1,0,0,,,3049.3470677
4385958087,1,2023_5_1_2_0,2023,5,1,64,2,1,0,0,,,3667.9819472
4385958091,1,2023_5_1_2_0,2023,5,1,56,1,1,0,0,,,4493.8083149
4385958096,1,2023_5_1_2_0,2023,5,1,67,2,2,0,0,,1,1333.8993398
4385958105,1,2023_5_1_2_0,2023,5,1,78,2,2,0,0,,,2691.7020657
4385958107,1,2023_5_1_2_0,2023,5,1,81,2,1,0,0,,,3237.7798805
4385958113,1,2023_5_1_2_0,2023,5,1,54,1,1,0,0,,,2708.7268539
4385958115,1,2023_5_1_2_0,2023,5,1,40,1,2,0,0,,,7258.1011287
4385958117,1,2023_5_1_2_0,2023,5,1,51,2,1,0,0,,,4493.8083149
4385958119,1,2023_5_1_2_0,2023,5,1,60,1,1,0,0,,,3049.3470677
4385958121,1,2023_5_1_2_0,2023,5,1,81,1,1,0,0,,,1400.8170752
4385958128,1,2023_5_1_2_0,2023,5,1,77,1,1,2.9999502342,0,,,1118.2565866
4385958129,1,2023_5_1_2_0,2023,5,1,67,2,1,0,0,,,1108.9264066
4385958130,1,2023_5_1_2_0,2023,5,1,47,1,1,0,0,,,3049.3470677
4385958136,1,2023_5_1_2_0,2023,5,1,44,2,1,0,0,,,4493.8083149
4385958152,1,2023_5_1_2_0,2023,5,1,66,1,1,0,0,,,4029.2943778
4385958153,1,2023_5_1_2_0,2023,5,1,36,2,1,0,0,,,3049.3470677
4385958163,1,2023_5_1_2_0,2023,5,1,74,2,2,0,0,,,3574.2165326
4385958166,1,2023_5_1_2_0,2023,5,1,23,1,3,0,0,,,7319.1686526
4385958168,1,2023_5_1_2_0,2023,5,1,40,1,1,0,0,,,9828.4490636
4385958182,1,2023_5_1_2_0,2023,5,1,74,1,1,0,0,,,2639.4830844
4385958190,1,2023_5_1_2_0,2023,5,1,62,2,2,0,0,,,3667.9819472
4385958191,1,2023_5_1_2_0,2023,5,1,79,2,2,0,0,,,1548.5365511
4385958196,1,2023_5_1_2_0,2023,5,1,69,1,2,0,0,,,3237.7798805
4385958197,1,2023_5_1_2_0,2023,5,1,43,2,2,0,0,,,12041.271402
4385958200,1,2023_5_1_2_0,2023,5,1,40,1,1,0,0,,,3049.3470677
4385958210,1,2023_5_1_2_0,2023,5,1,87,1,1,0,0,,,2971.3959501
4385958215,1,2023_5_1_2_0,2023,5,1,74,1,1,0,0,,,1108.9264066
4385958220,1,2023_5_1_2_0,2023,5,1,26,1,1,0,0,,,3667.9819472
4385958223,1,2023_5_1_2_0,2023,5,1,67,2,1,0,0,,,1108.9264066
4385958230,1,2023_5_1_2_0,2023,5,1,69,2,2,0,0,,,3237.7798805
4385958231,1,2023_5_1_2_0,2023,5,1,69,1,3,0,0,,,3574.2165326
4385958232,1,2023_5_1_2_0,2023,5,1,64,1,2,0,2.0000331772,,,10999.616541
4385958233,1,2023_5_1_2_0,2023,5,1,78,2,2,0,0,,,4029.2943778
4385958242,1,2023_5_1_2_0,2023,5,1,44,2,-3,0,0,,,7258.1011287
4385958246,1,2023_5_1_2_0,2023,5,1,35,1,1,0,0,,,3049.3470677
4385958247,1,2023_5_1_2_0,2023,5,1,52,2,1,0,0,,,4493.8083149
4385958277,1,2023_5_1_2_0,2023,5,1,33,2,5,0,0,,,3049.3470677
4385958285,1,2023_5_1_2_0,2023,5,1,44,1,1,0,0,,,4493.8083149
4385958292,1,2023_5_1_2_0,2023,5,1,68,2,1,0,0,,,2391.0317541
4385958296,1,2023_5_1_2_0,2023,5,1,69,1,2,0,0,1,1,3574.2165326
4385958297,1,2023_5_1_2_0,2023,5,1,31,2,1,0,0,,,3049.3470677
4385958318,1,2023_5_1_2_0,2023,5,1,34,2,1,0,0,,,3049.3470677
4385958319,1,2023_5_1_2_0,2023,5,1,80,1,1,0,0,,,2691.7020657
4385958325,1,2023_5_1_2_0,2023,5,1,82,2,1,0,0,,,2691.7020657
4385958326,1,2023_5_1_2_0,2023,5,1,46,2,1,0,0,,,656.07315818
4385958327,1,2023_5_1_2_0,2023,5,1,72,1,1,0,0,,,1108.9264066
4385958328,1,2023_5_1_2_0,2023,5,1,83,1,1,0,0,,,1333.8993398
4385958332,1,2023_5_1_2_0,2023,5,1,84,1,1,0,0,,,1915.5648733
4385958342,1,2023_5_1_2_0,2023,5,1,53,1,1,0,0,,,2731.5172834
4385958345,1,2023_5_1_2_0,2023,5,1,88,1,1,0,0,,,3237.7798805
4385958357,1,2023_5_1_2_0,2023,5,1,71,1,2,0,0,1,,7212.4827842
4385958358,1,2023_5_1_2_0,2023,5,1,75,2,2,0,0,,,2691.7020657
4385958362,1,2023_5_1_2_0,2023,5,1,76,2,1,0,0,,,1634.2195874
4385958365,1,2023_5_1_2_0,2023,5,1,43,2,4,0,0,,,4493.8083149
4385958366,1,2023_5_1_2_0,2023,5,1,29,2,2,0,0,1,1,4493.8083149
4385958373,1,2023_5_1_2_0,2023,5,1,59,2,1,0,0,,,3421.7156399
4385958377,1,2023_5_1_2_0,2023,5,1,91,1,1,0,0,,,2971.3959501
4385958384,1,2023_5_1_2_0,2023,5,1,88,1,1,0,0,,,2691.7020657
4385958387,1,2023_5_1_2_0,2023,5,1,74,2,4,0,0,,,1333.8993398
4385958390,1,2023_5_1_2_0,2023,5,1,66,1,1,0,0,,,1400.8170752
4385958395,1,2023_5_1_2_0,2023,5,1,68,1,1,0,0,,1,2691.7020657
4385958397,1,2023_5_1_2_0,2023,5,1,-3,2,1,0,0,,,1108.9264066
4385958400,1,2023_5_1_2_0,2023,5,1,27,1,1,0,0,,,9828.4490636
4385958404,1,2023_5_1_2_0,2023,5,1,91,1,1,0,0,,,1333.8993398
4385958406,1,2023_5_1_2_0,2023,5,1,81,1,2,0,0,,,3574.2165326
4385958409,1,2023_5_1_2_0,2023,5,1,50,1,1,0,0,,,3049.3470677
4385958410,1,2023_5_1_2_0,2023,5,1,49,2,2,0,0,,,3049.3470677
4385958411,1,2023_5_1_2_0,2023,5,1,72,1,1,0,0,,,1108.9264066
4385958414,1,2023_5_1_2_0,2023,5,1,35,1,1,0,0,,,4493.8083149
4385958420,1,2023_5_1_2_0,2023,5,1,63,1,1,0,0,,,1804.0825334
4385958422,1,2023_5_1_2_0,2023,5,1,70,2,1,0,0,,,1333.8993398
4385958429,1,2023_5_1_2_0,2023,5,1,36,2,2,0,0,,,12041.271402
4385958432,1,2023_5_1_2_0,2023,5,1,37,2,2,0,0,,,5058.9010804
4385958436,1,2023_5_1_2_0,2023,5,1,44,1,1,0.9999834114,1.0000165886,,,9911.1427376
4385958440,1,2023_5_1_2_0,2023,5,1,66,1,2,0,0,,,1333.8993398
4385958448,1,2023_5_1_2_0,2023,5,1,52,2,2,0,0,,,3049.3470677
4385958456,1,2023_5_1_2_0,2023,5,1,50,2,2,0,0,,,4493.8083149
4385958462,1,2023_5_1_2_0,2023,5,1,-3,2,-3,0,0,,,2054.7427877
4385958484,1,2023_5_1_2_0,2023,5,1,88,1,1,0,0,,,1108.9264066
4385958486,1,2023_5_1_2_0,2023,5,1,66,1,1,0,0,,,2971.3959501
4385958487,1,2023_5_1_2_0,2023,5,1,55,1,1,0,0,,,7123.9668476
4385958494,1,2023_5_1_2_0,2023,5,1,81,2,1,0,0,,,3237.7798805
4385958495,1,2023_5_1_2_0,2023,5,1,67,2,1,0,0,,,656.07315818
4385958503,1,2023_5_1_2_0,2023,5,1,78,2,1,0,0,,,1108.9264066
4385958507,1,2023_5_1_2_0,2023,5,1,68,2,1,0,0,,,3966.7485713
4385958511,1,2023_5_1_2_0,2023,5,1,36,2,1,0,0,,,4493.8083149
4385958512,1,2023_5_1_2_0,2023,5,1,67,2,2,0,0,,,2391.0317541
4385958519,1,2023_5_1_2_0,2023,5,1,81,2,1,0,0,,,985.05636454
4385958521,1,2023_5_1_2_0,2023,5,1,61,1,2,0,0,,,3049.3470677
4385958523,1,2023_5_1_2_0,2023,5,1,24,1,1,0,0,,,9828.4490636
4385958526,1,2023_5_1_2_0,2023,5,1,66,2,2,0,0,,,1333.8993398
4385958527,1,2023_5_1_2_0,2023,5,1,74,1,1,0,0,,,1108.9264066
4385958537,1,2023_5_1_2_0,2023,5,1,34,1,1,0,0,,,4493.8083149
4385958545,1,2023_5_1_2_0,2023,5,1,55,1,1,0,0,,,12415.485093
4385958548,1,2023_5_1_2_0,2023,5,1,41,2,1,0,0,,,2658.6678753
4385958555,1,2023_5_1_2_0,2023,5,1,74,1,1,0,0,,,1108.9264066
4385958556,1,2023_5_1_2_0,2023,5,1,75,1,1,0,0,,,8675.7119016
4385958560,1,2023_5_1_2_0,2023,5,1,39,2,5,0,0,,,13555.451554
4385958566,1,2023_5_1_2_0,2023,5,1,64,1,1,0,0,,,3049.3470677
4385958567,1,2023_5_1_2_0,2023,5,1,47,1,1,0,0,,,3667.9819472
4385958568,1,2023_5_1_2_0,2023,5,1,68,2,1,0,0,,,1108.9264066
4385958574,1,2023_5_1_2_0,2023,5,1,70,2,1,0,0,,,3237.7798805
4385958577,1,2023_5_1_2_0,2023,5,1,89,2,1,0,0,,,1333.8993398
4385958578,1,2023_5_1_2_0,2023,5,1,60,2,1,0,0,,,1108.9264066
4385958579,1,2023_5_1_2_0,2023,5,1,55,1,1,0,0,,,4564.664549
4385958583,1,2023_5_1_2_0,2023,5,1,26,1,1,0,0,,,3794.7968822
4385958594,1,2023_5_1_2_0,2023,5,1,85,2,2,0,0,,,1333.8993398
4385958596,1,2023_5_1_2_0,2023,5,1,67,1,1,0,0,,,656.07315818
4385958602,1,2023_5_1_2_0,2023,5,1,58,1,1,0,0,,,2391.0317541
4385958607,1,2023_5_1_2_0,2023,5,1,51,2,1,0,0,,,7401.6938834
4385958608,1,2023_5_1_2_0,2023,5,1,65,2,1,0,0,,,582.78803372
4385958610,1,2023_5_1_2_0,2023,5,1,72,2,1,0,0,,,816.45818593
4385958611,1,2023_5_1_2_0,2023,5,1,79,1,1,0,0,,,2391.0317541
4385958615,1,2023_5_1_2_0,2023,5,1,65,2,1,0,0,,,1108.9264066
4385958623,1,2023_5_1_2_0,2023,5,1,80,2,1,0,0,,,8675.7119016
4385958625,1,2023_5_1_2_0,2023,5,1,35,2,3,0,0,,,4493.8083149
4385958629,1,2023_5_1_2_0,2023,5,1,42,2,3,0,0,,,4493.8083149
4385958630,1,2023_5_1_2_0,2023,5,1,67,2,1,0,0,,,661.59316438
4385958634,1,2023_5_1_2_0,2023,5,1,65,1,1,0,0,,,1333.8993398
4385958637,1,2023_5_1_2_0,2023,5,1,44,1,1,0,0,,,5058.9010804
4385958641,1,2023_5_1_2_0,2023,5,1,78,1,1,0,0,,,2691.7020657
4385958642,1,2023_5_1_2_0,2023,5,1,45,1,-3,0,0,,1,1602.5616949
4385958650,1,2023_5_1_2_0,2023,5,1,70,1,1,0,0,,,656.07315818
4385958651,1,2023_5_1_2_0,2023,5,1,61,2,2,0,0,,,3049.3470677
4385958661,1,2023_5_1_2_0,2023,5,1,71,2,1,0,0,,,3237.7798805
4385958666,1,2023_5_1_2_0,2023,5,1,66,1,1,0,0,,,1108.9264066
4385958669,1,2023_5_1_2_0,2023,5,1,60,1,3,0,1.0000165886,,,3075.0033753
4385958671,1,2023_5_1_2_0,2023,5,1,62,2,1,0,0,,,985.05636454
4385958674,1,2023_5_1_2_0,2023,5,1,44,2,2,0,0,,,3667.9819472
4385958680,1,2023_5_1_2_0,2023,5,1,45,1,1,0,0,1,1,8903.3091152
4385958685,1,2023_5_1_2_0,2023,5,1,62,2,1,0,0,,,2346.8439811
4385958690,1,2023_5_1_2_0,2023,5,1,86,2,1,0,0,,,2691.7020657
4385958693,1,2023_5_1_2_0,2023,5,1,65,2,1,0,0,,,2691.7020657
4385958694,1,2023_5_1_2_0,2023,5,1,52,1,1,0,0,,,3049.3470677
4385958695,1,2023_5_1_2_0,2023,5,1,43,2,1,0,0,,,3049.3470677
4385958718,1,2023_5_1_2_0,2023,5,1,62,2,2,0,0,,,3049.3470677
4385958721,1,2023_5_1_2_0,2023,5,1,81,1,1,0,0,,,2691.7020657
4385958727,1,2023_5_1_2_0,2023,5,1,70,1,1,0,0,,,1108.9264066
4385958735,1,2023_5_1_2_0,2023,5,1,39,1,1,0,0,,,4493.8083149
4385958739,1,2023_5_1_2_0,2023,5,1,81,2,1,0,0,,,1592.4893343
4385958740,1,2023_5_1_2_0,2023,5,1,55,1,4,0,0,,,3667.9819472
4385958741,1,2023_5_1_2_0,2023,5,1,61,1,1,0,9.1103576536,,,2823.7404567
4385958745,1,2023_5_1_2_0,2023,5,1,60,1,1,0,0,,,3049.3470677
4385958747,1,2023_5_1_2_0,2023,5,1,64,1,1,0,0,,,3049.3470677
4385958749,1,2023_5_1_2_0,2023,5,1,43,1,1,0,0,,,4493.8083149
4385958750,1,2023_5_1_2_0,2023,5,1,60,2,1,0,0,,,9828.4490636
4385958756,1,2023_5_1_2_0,2023,5,1,78,1,1,0,0,,,3574.2165326
4385958763,1,2023_5_1_2_0,2023,5,1,27,1,3,0,0,,,1108.9264066
4385958770,1,2023_5_1_2_0,2023,5,1,87,1,1,0,0,,,2691.7020657
4385958772,1,2023_5_1_2_0,2023,5,1,31,1,3,0,0,,,12041.271402
4385958775,1,2023_5_1_2_0,2023,5,1,47,1,1,0,0,,,3667.9819472
4385958776,1,2023_5_1_2_0,2023,5,1,32,2,1,0,0,,,4493.8083149
4385958784,1,2023_5_1_2_0,2023,5,1,75,1,1,0,0,,,789.17369746
4385958787,1,2023_5_1_2_0,2023,5,1,40,1,1,0,0,,,4493.8083149
4385958793,1,2023_5_1_2_0,2023,5,1,50,2,1,0,0,,,3049.3470677
4385958798,1,2023_5_1_2_0,2023,5,1,69,1,1,0,0,,,1592.4893343
4385958805,1,2023_5_1_2_0,2023,5,1,82,2,1,0,0,,,2691.7020657
4385958811,1,2023_5_1_2_0,2023,5,1,68,2,2,0,0,1,1,1108.9264066
4385958812,1,2023_5_1_2_0,2023,5,1,32,1,1,0,0,,,4493.8083149
4385958816,1,2023_5_1_2_0,2023,5,1,78,1,1,0,0,,,3574.2165326
4385958818,1,2023_5_1_2_0,2023,5,1,63,2,1,0,0,,,3049.3470677
4385958823,1,2023_5_1_2_0,2023,5,1,69,2,1,0,0,,,985.05636454
4385958825,1,2023_5_1_2_0,2023,5,1,67,1,1,0,0,,,1108.9264066
4385958827,1,2023_5_1_2_0,2023,5,1,65,1,5,0,0,,,1333.8993398
4385958831,1,2023_5_1_2_0,2023,5,1,53,1,1,0,0,,,2708.7268539
4385958834,1,2023_5_1_2_0,2023,5,1,78,2,1,0,0,,,1333.8993398
4385958841,1,2023_5_1_2_0,2023,5,1,46,2,3,0,0,,,4493.8083149
4385958847,1,2023_5_1_2_0,2023,5,1,37,2,1,0,0,,,4493.8083149
4385958848,1,2023_5_1_2_0,2023,5,1,67,2,1,0,0,,,2691.7020657
4385958859,1,2023_5_1_2_0,2023,5,1,51,1,1,0,0,,,6574.9049031
4385958863,1,2023_5_1_2_0,2023,5,1,68,2,1,0,0,,,1108.9264066
4385958864,1,2023_5_1_2_0,2023,5,1,77,1,1,0,0,1,1,2691.7020657
4385958865,1,2023_5_1_2_0,2023,5,1,83,1,1,0,0,,,3574.2165326
4385958866,1,2023_5_1_2_0,2023,5,1,63,2,1,0,0,,,19833.023271
4385958873,1,2023_5_1_2_0,2023,5,1,56,2,1,0,0,,,3049.3470677
4385958876,1,2023_5_1_2_0,2023,5,1,42,2,1,0,0,,,4493.8083149
4385958877,1,2023_5_1_2_0,2023,5,1,49,2,1,0,0,,,7401.6938834
4385958878,1,2023_5_1_2_0,2023,5,1,54,1,1,0,0,,,3049.3470677
4385958881,1,2023_5_1_2_0,2023,5,1,71,1,1,0,0,,,1108.9264066
4385958889,1,2023_5_1_2_0,2023,5,1,42,2,1,0,0,,,10907.84118
4385958890,1,2023_5_1_2_0,2023,5,1,47,1,1,0,0,,,4493.8083149
4385958891,1,2023_5_1_2_0,2023,5,1,88,2,1,0,0,,,3237.7798805
4385958896,1,2023_5_1_2_0,2023,5,1,49,1,1,0,0,,,4493.8083149
4385958905,1,2023_5_1_2_0,2023,5,1,42,2,1,0,0,,,4493.8083149
4385958907,1,2023_5_1_2_0,2023,5,1,61,1,2,0,0,,,3049.3470677
4385958910,1,2023_5_1_2_0,2023,5,1,82,1,1,0,0,,,2691.7020657
4385958913,1,2023_5_1_2_0,2023,5,1,40,2,-3,0,0,,,2658.6678753
4385958915,1,2023_5_1_2_0,2023,5,1,62,1,1,0,0,,,3049.3470677
4385958919,1,2023_5_1_2_0,2023,5,1,30,1,1,0,0,,,4493.8083149
4385958921,1,2023_5_1_2_0,2023,5,1,69,1,1,0,0,,,2691.7020657
4385958929,1,2023_5_1_2_0,2023,5,1,72,2,1,0,0,,,2691.7020657
4385958933,1,2023_5_1_2_0,2023,5,1,65,2,1,0,0,,,656.07315818
4385958935,1,2023_5_1_2_0,2023,5,1,39,1,1,0,0,,,3049.3470677
4385958941,1,2023_5_1_2_0,2023,5,1,63,2,1,0,0,,,1108.9264066
4385958953,1,2023_5_1_2_0,2023,5,1,31,2,1,0,0,,,1804.0825334
4385958955,1,2023_5_1_2_0,2023,5,1,66,1,1,0,0,,,1108.9264066
4385958958,1,2023_5_1_2_0,2023,5,1,78,1,1,0,5.7827097167,,,2891.6263105
4385958960,1,2023_5_1_2_0,2023,5,1,36,1,1,0,0,,,4493.8083149
4385958962,1,2023_5_1_2_0,2023,5,1,37,2,1,0,0,,,9828.4490636
4385958967,1,2023_5_1_2_0,2023,5,1,64,1,1,0,0,,,3049.3470677
4385958972,1,2023_5_1_2_0,2023,5,1,83,1,1,0,0,,1,3237.7798805
4385958973,1,2023_5_1_2_0,2023,5,1,66,2,1,0,0,,,3237.7798805
4385958976,1,2023_5_1_2_0,2023,5,1,56,2,1,0,0,,,6574.9049031
4385958978,1,2023_5_1_2_0,2023,5,1,67,2,1,0,0,,,1108.9264066
4385958981,1,2023_5_1_2_0,2023,5,1,81,2,3,0,0,,,3237.7798805
4385958982,1,2023_5_1_2_0,2023,5,1,56,1,1,0,0,,,2708.7268539
4385958986,1,2023_5_1_2_0,2023,5,1,36,2,1,0,0,,,2639.4830844
4385958989,1,2023_5_1_2_0,2023,5,1,60,2,1,0,0,,,1108.9264066
4385959001,1,2023_5_1_2_0,2023,5,1,76,1,1,0,0,,,2691.7020657
4385959011,1,2023_5_1_2_0,2023,5,1,79,2,1,0,0,,,3237.7798805
4385959016,1,2023_5_1_2_0,2023,5,1,81,2,1,0,0,,,8675.7119016
4385959031,1,2023_5_1_2_0,2023,5,1,34,1,3,0,0,,,4493.8083149
4385959034,1,2023_5_1_2_0,2023,5,1,73,1,1,0,0,,,656.07315818
4385959038,1,2023_5_1_2_0,2023,5,1,50,2,1,0,0,1,1,3049.3470677
4385959056,1,2023_5_1_2_0,2023,5,1,57,2,1,0,0,,,3667.9819472
4385959069,1,2023_5_1_2_0,2023,5,1,59,2,1,0,0,,,9828.4490636
4385959082,1,2023_5_1_2_0,2023,5,1,30,1,1,0,0,,,8170.8014824
4385959083,1,2023_5_1_2_0,2023,5,1,-3,1,-3,0,0,,,4374.0104906
4385959085,1,2023_5_1_2_0,2023,5,1,80,2,1,0,0,1,1,1400.8170752
4385959091,1,2023_5_1_2_0,2023,5,1,58,2,1,0,0,,,4493.8083149
4385959092,1,2023_5_1_2_0,2023,5,1,82,2,1,0,0,,,8675.7119016
4385959099,1,2023_5_1_2_0,2023,5,1,77,1,1,0,0,,1,1108.9264066
4385959101,1,2023_5_1_2_0,2023,5,1,76,2,1,0,0,,,3237.7798805
4385959107,1,2023_5_1_2_0,2023,5,1,53,2,3,0,0,,,8170.8014824
4385959121,1,2023_5_1_2_0,2023,5,1,33,2,1,0,0,,,4493.8083149
4385959123,1,2023_5_1_2_0,2023,5,1,76,1,1,0,0,,,2691.7020657
4385959133,1,2023_5_1_2_0,2023,5,1,33,2,1,0,0,,,12041.271402
4385959138,1,2023_5_1_2_0,2023,5,1,75,1,1,0,0,,,1333.8993398
4385959140,1,2023_5_1_2_0,2023,5,1,-3,2,1,0,0,,,5614.6588207
4385959142,1,2023_5_1_2_0,2023,5,1,68,2,1,0,0,,,3966.7485713
4385959144,1,2023_5_1_2_0,2023,5,1,33,1,1,0,0,,,4493.8083149
4385959146,1,2023_5_1_2_0,2023,5,1,79,2,1,0,0,,,1108.9264066
4385959148,1,2023_5_1_2_0,2023,5,1,-3,-3,-3,0,0,,,3649.3084971
4385959149,1,2023_5_1_2_0,2023,5,1,53,1,1,0,0,,,7258.1011287
4385959150,1,2023_5_1_2_0,2023,5,1,59,2,1,0,0,,,7401.6938834
4385959152,1,2023_5_1_2_0,2023,5,1,48,1,1,0,0,,,2708.7268539
4385959158,1,2023_5_1_2_0,2023,5,1,88,2,1,0,0,,,1333.8993398
4385959161,1,2023_5_1_2_0,2023,5,1,35,1,1,0,0,,,3049.3470677
4385959167,1,2023_5_1_2_0,2023,5,1,69,2,1,0,0,,,1333.8993398
4385959169,1,2023_5_1_2_0,2023,5,1,91,1,1,0,0,,,2691.7020657
4385959170,1,2023_5_1_2_0,2023,5,1,68,2,1,0,0,,,816.45818593
4385959172,1,2023_5_1_2_0,2023,5,1,66,2,1,0,0,,,656.07315818
4385959176,1,2023_5_1_2_0,2023,5,1,78,1,1,0,0,,,656.07315818
4385959180,1,2023_5_1_2_0,2023,5,1,57,2,1,0,0,,,3851.9936176
4385959182,1,2023_5_1_2_0,2023,5,1,27,2,1,0,0,,,4493.8083149
4385959184,1,2023_5_1_2_0,2023,5,1,86,2,1,0,0,1,1,3237.7798805
4385959188,1,2023_5_1_2_0,2023,5,1,25,2,3,0,0,,,12041.271402
4385959189,1,2023_5_1_2_0,2023,5,1,63,1,1,0,0,,,3049.3470677
4385959201,1,2023_5_1_2_0,2023,5,1,59,1,1,0,0,,,3049.3470677
4385959202,1,2023_5_1_2_0,2023,5,1,57,1,1,9.6883709079,12.373954911,,,2649.0116848
4385959207,1,2023_5_1_2_0,2023,5,1,53,2,1,0,0,,,1804.0825334
4385959208,1,2023_5_1_2_0,2023,5,1,62,2,1,0,0,,,8903.3091152
4385959215,1,2023_5_1_2_0,2023,5,1,71,1,1,0,0,,,1108.9264066
4385959219,1,2023_5_1_2_0,2023,5,1,51,2,1,0,0,,,4493.8083149
4385959221,1,2023_5_1_2_0,2023,5,1,59,2,2,0,0,,,3667.9819472
4385959229,1,2023_5_1_2_0,2023,5,1,73,2,1,0,0,,,2691.7020657
4385959233,1,2023_5_1_2_0,2023,5,1,78,2,2,0,0,,,2691.7020657
4385959241,1,2023_5_1_2_0,2023,5,1,60,1,1,0,0,,,3049.3470677
4385959244,1,2023_5_1_2_0,2023,5,1,71,1,1,0,0,,,2691.7020657
4385959245,1,2023_5_1_2_0,2023,5,1,64,1,1,0,0,,,7401.6938834
4385959253,1,2023_5_1_2_0,2023,5,1,38,2,2,0,0,,,4493.8083149
4385959256,1,2023_5_1_2_0,2023,5,1,68,2,1,0,0,,,1108.9264066
4385959260,1,2023_5_1_2_0,2023,5,1,68,1,1,0,0,,,1333.8993398
4385959265,1,2023_5_1_2_0,2023,5,1,64,1,2,0,0,,,3667.9819472
4385959266,1,2023_5_1_2_0,2023,5,1,40,2,1,0,0,,,1634.2195874
4385959281,1,2023_5_1_2_0,2023,5,1,73,2,1,0,0,,,1333.8993398
4385959282,1,2023_5_1_2_0,2023,5,1,88,1,1,0,0,,,3237.7798805
4385959290,1,2023_5_1_2_0,2023,5,1,71,2,2,0,0,,,3237.7798805
4385959296,1,2023_5_1_2_0,2023,5,1,54,1,1,0,0,,,3049.3470677
4385959302,1,2023_5_1_2_0,2023,5,1,55,2,2,0,0,,,9828.4490636
4385959311,1,2023_5_1_2_0,2023,5,1,39,2,2,0,0,,,13555.451554
4385959320,1,2023_5_1_2_0,2023,5,1,60,2,1,0,0,,1,9828.4490636
4385959326,1,2023_5_1_2_0,2023,5,1,78,2,1,0,0,,,656.07315818
4385959329,1,2023_5_1_2_0,2023,5,1,66,2,2,0,0,,,3237.7798805
4385959348,1,2023_5_1_2_0,2023,5,1,-3,2,1,0,0,,,2782.3992074
4385959353,1,2023_5_1_2_0,2023,5,1,45,1,1,0,0,,,10907.84118
4385959365,1,2023_5_1_2_0,2023,5,1,57,2,2,0,0,,,3049.3470677
4385959368,1,2023_5_1_2_0,2023,5,1,44,2,1,0,0,,,6574.9049031
4385959377,1,2023_5_1_2_0,2023,5,1,84,2,1,0,0,,,3237.7798805
4385959379,1,2023_5_1_2_0,2023,5,1,64,1,5,0,0,,,7401.6938834
4385959392,1,2023_5_1_2_0,2023,5,1,44,1,2,0,0,,,9828.4490636
4385959415,1,2023_5_1_2_0,2023,5,1,69,2,1,0,0,,,1108.9264066
4385959416,1,2023_5_1_2_0,2023,5,1,67,2,1,0,0,,,1333.8993398
4385959420,1,2023_5_1_2_0,2023,5,1,66,1,2,0,0,,,2691.7020657
4385959426,1,2023_5_1_2_0,2023,5,1,32,2,1,0,0,,,4493.8083149
4385959430,1,2023_5_1_2_0,2023,5,1,60,1,2,0,0,,,3049.3470677
4385959434,1,2023_5_1_2_0,2023,5,1,74,1,1,0,0,,,1400.8170752
4385959439,1,2023_5_1_2_0,2023,5,1,65,1,1,0,0,,,2691.7020657
4385959442,1,2023_5_1_2_0,2023,5,1,72,1,2,5.9999004684,0,,,1.0007758839
4385959452,1,2023_5_1_2_0,2023,5,1,46,2,2,0,0,,,13555.451554
4385959453,1,2023_5_1_2_0,2023,5,1,89,1,1,0,0,,,3237.7798805
4385959456,1,2023_5_1_2_0,2023,5,1,66,1,1,0,0,,,1108.9264066
4385959462,1,2023_5_1_2_0,2023,5,1,36,1,1,0,0,,,4493.8083149
4385959470,1,2023_5_1_2_0,2023,5,1,59,1,1,0,0,,,3667.9819472
4385959478,1,2023_5_1_2_0,2023,5,1,35,1,1,0,0,,,1634.2195874
4385959479,1,2023_5_1_2_0,2023,5,1,63,1,1,0,0,,,2691.7020657
4385959480,1,2023_5_1_2_0,2023,5,1,28,1,2,0,0,,,4564.664549
4385959487,1,2023_5_1_2_0,2023,5,1,57,1,5,0,0,,,8903.3091152
4385959489,1,2023_5_1_2_0,2023,5,1,94,1,1,0,0,,,3237.7798805
4385959505,1,2023_5_1_2_0,2023,5,1,73,2,1,0,0,,,2691.7020657
4385959509,1,2023_5_1_2_0,2023,5,1,68,2,1,0,0,,,1333.8993398
4385959511,1,2023_5_1_2_0,2023,5,1,57,1,1,0,0,,,3049.3470677
4385959513,1,2023_5_1_2_0,2023,5,1,73,1,1,0,0,,,2691.7020657
4385959516,1,2023_5_1_2_0,2023,5,1,67,2,1,0,0,,,1108.9264066
4385959521,1,2023_5_1_2_0,2023,5,1,53,2,2,0,0,1,1,12041.271402
4385959524,1,2023_5_1_2_0,2023,5,1,38,1,2,0,0,,,1108.9264066
4385959531,1,2023_5_1_2_0,2023,5,1,53,2,1,0,0,,,2245.1123539
4385959532,1,2023_5_1_2_0,2023,5,1,60,1,1,0,0,,,9828.4490636
4385959536,1,2023_5_1_2_0,2023,5,1,71,2,1,0,0,,,1333.8993398
4385959537,1,2023_5_1_2_0,2023,5,1,80,2,1,0,0,,,1380.0168945
4385959540,1,2023_5_1_2_0,2023,5,1,36,2,1,0,0,,,4493.8083149
4385959545,1,2023_5_1_2_0,2023,5,1,52,2,1,0,0,,,3049.3470677
4385959548,1,2023_5_1_2_0,2023,5,1,44,1,1,0,0,,,2708.7268539
4385959549,1,2023_5_1_2_0,2023,5,1,65,2,1,0,0,,,1333.8993398
4385959550,1,2023_5_1_2_0,2023,5,1,63,2,2,0,0,,,3049.3470677
4385959551,1,2023_5_1_2_0,2023,5,1,62,2,1,0,0,,,1108.9264066
4385959554,1,2023_5_1_2_0,2023,5,1,67,1,1,0,0,,,2691.7020657
4385959555,1,2023_5_1_2_0,2023,5,1,57,1,5,0,0,1,1,1634.2195874
4385959562,1,2023_5_1_2_0,2023,5,1,44,1,2,0,0,,,4493.8083149
4385959563,1,2023_5_1_2_0,2023,5,1,42,2,1,0,0,,,2992.9932129
4385959569,1,2023_5_1_2_0,2023,5,1,-3,2,1,0,0,,,2782.3992074
4385959572,1,2023_5_1_2_0,2023,5,1,80,1,1,0,0,,,1108.9264066
4385959577,1,2023_5_1_2_0,2023,5,1,64,1,1,0,0,,,1108.9264066
4385959580,1,2023_5_1_2_0,2023,5,1,70,2,2,0,0,,,2691.7020657
4385959581,1,2023_5_1_2_0,2023,5,1,67,2,2,0,0,,,3966.7485713
4385959588,1,2023_5_1_2_0,2023,5,1,40,1,1,0,0,,,3667.9819472
4385959596,1,2023_5_1_2_0,2023,5,1,51,2,1,0,0,,,1602.5616949
4385959597,1,2023_5_1_2_0,2023,5,1,83,2,1,0,0,,,3237.7798805
4385959615,1,2023_5_1_2_0,2023,5,1,52,2,1,0,0,,,3049.3470677
4385959619,1,2023_5_1_2_0,2023,5,1,69,1,2,0,0,,,656.07315818
4385959623,1,2023_5_1_2_0,2023,5,1,52,1,2,0,0,1,1,3667.9819472
4385959630,1,2023_5_1_2_0,2023,5,1,52,1,1,0,0,,,2658.6678753
4385959632,1,2023_5_1_2_0,2023,5,1,78,1,1,0,0,,,1108.9264066
4385959635,1,2023_5_1_2_0,2023,5,1,50,1,1,0,0,,,1380.0168945
4385959648,1,2023_5_1_2_0,2023,5,1,26,1,1,0,0,,,8170.8014824
4385959654,1,2023_5_1_2_0,2023,5,1,62,2,1,0,0,,,1108.9264066
4385959657,1,2023_5_1_2_0,2023,5,1,68,2,1,0,0,,,1108.9264066
4385959658,1,2023_5_1_2_0,2023,5,1,58,2,2,0,0,,,9828.4490636
4385959663,1,2023_5_1_2_0,2023,5,1,81,2,1,0,0,,,1915.5648733
4385959666,1,2023_5_1_2_0,2023,5,1,67,1,1,0,0,,,656.07315818
4385959674,1,2023_5_1_2_0,2023,5,1,60,2,1,0,0,,,3049.3470677
4385959676,1,2023_5_1_2_0,2023,5,1,33,2,1,0,0,,,4493.8083149
4385959677,1,2023_5_1_2_0,2023,5,1,46,2,1,0,0,,,3049.3470677
4385959684,1,2023_5_1_2_0,2023,5,1,70,1,1,0,0,,,2691.7020657
4385959692,1,2023_5_1_2_0,2023,5,1,65,2,2,0,0,,,8675.7119016
4385959695,1,2023_5_1_2_0,2023,5,1,76,1,1,0,0,,,2691.7020657
4385959698,1,2023_5_1_2_0,2023,5,1,-3,2,2,0,0,,,6753.7301387
4385959703,1,2023_5_1_2_0,2023,5,1,55,2,2,0,0,,,12415.485093
4385959716,1,2023_5_1_2_0,2023,5,1,51,2,1,0,0,,,4493.8083149
4385959720,1,2023_5_1_2_0,2023,5,1,57,2,2,0,0,,,3667.9819472
4385959723,1,2023_5_1_2_0,2023,5,1,74,1,1,0,0,,,1592.4893343
4385959727,1,2023_5_1_2_0,2023,5,1,77,2,2,0,0,,,3237.7798805
4385959740,1,2023_5_1_2_0,2023,5,1,60,1,1,0,0,,,3667.9819472
4385959744,1,2023_5_1_2_0,2023,5,1,70,1,1,0,0,,,1108.9264066
4385959746,1,2023_5_1_2_0,2023,5,1,28,1,1,0,0,,,9828.4490636
4385959755,1,2023_5_1_2_0,2023,5,1,69,1,4,0,0,,,985.05636454
4385959757,1,2023_5_1_2_0,2023,5,1,69,2,2,0,0,1,1,1333.8993398
4385959762,1,2023_5_1_2_0,2023,5,1,51,1,5,0,4.0000663544,,,4330.233336
4385959763,1,2023_5_1_2_0,2023,5,1,83,2,1,0,0,,,2691.7020657
4385959765,1,2023_5_1_2_0,2023,5,1,74,1,1,0,0,,1,1108.9264066
4385959768,1,2023_5_1_2_0,2023,5,1,29,2,3,0,0,,,9828.4490636
4385959773,1,2023_5_1_2_0,2023,5,1,38,1,1,0,0,,,4493.8083149
4385959787,1,2023_5_1_2_0,2023,5,1,99,2,1,0,0,,,1400.8170752
4385959793,1,2023_5_1_2_0,2023,5,1,60,1,1,0,0,,,3049.3470677
4385959799,1,2023_5_1_2_0,2023,5,1,33,2,1,0,0,,,4493.8083149
4385959801,1,2023_5_1_2_0,2023,5,1,60,2,1,0,0,,,5058.9010804
4385959806,1,2023_5_1_2_0,2023,5,1,35,1,3,0,0,,,4493.8083149
4385959810,1,2023_5_1_2_0,2023,5,1,72,2,1,0,0,,,985.05636454
4385959814,1,2023_5_1_2_0,2023,5,1,78,1,1,0,0,,,1592.4893343
4385959817,1,2023_5_1_2_0,2023,5,1,40,2,5,0,0,,,993.34433849
4385959820,1,2023_5_1_2_0,2023,5,1,66,2,2,0,0,,,2096.9276048
4385959825,1,2023_5_1_2_0,2023,5,1,64,1,2,0,0,,,4493.8083149
4385959827,1,2023_5_1_2_0,2023,5,1,-3,1,-3,0,0,,,2313.1250334
4385959831,1,2023_5_1_2_0,2023,5,1,69,2,1,0,0,,,2691.7020657
4385959832,1,2023_5_1_2_0,2023,5,1,69,1,2,0,0,,,1333.8993398
4385959841,1,2023_5_1_2_0,2023,5,1,62,1,3,0,0,,,7401.6938834
4385959846,1,2023_5_1_2_0,2023,5,1,65,1,1,0,0,,,3574.2165326
4385959861,1,2023_5_1_2_0,2023,5,1,60,1,1,0,0,,,4493.8083149
4385959862,1,2023_5_1_2_0,2023,5,1,26,2,1,0,0,,,3049.3470677
4385959873,1,2023_5_1_2_0,2023,5,1,52,2,1,0,0,,,1602.5616949
4385959880,1,2023_5_1_2_0,2023,5,1,75,2,1,0,0,,,985.05636454
4385959882,1,2023_5_1_2_0,2023,5,1,61,2,1,0,0,,,7401.6938834
4385959883,1,2023_5_1_2_0,2023,5,1,25,1,1,0,0,,,4493.8083149
4385959885,1,2023_5_1_2_0,2023,5,1,86,2,2,0,0,,,3237.7798805
4385959887,1,2023_5_9_1_1,2023,5,9,72,1,1,3.0000613343,1.9999591105,,,320.67639185
4385959891,1,2023_5_9_1_1,2023,5,9,75,1,1,0,0,,,320.67639185
4385959893,1,2023_5_9_1_1,2023,5,9,46,2,1,0,0,,,283.66078866
4385959903,1,2023_5_9_1_1,2023,5,9,78,1,1,0,0,,1,240.63850354
4385959904,1,2023_5_9_1_1,2023,5,9,37,2,1,0,0,,,379.62749625
4385959908,1,2023_5_9_1_1,2023,5,9,76,2,1,4.000081779,3.999918221,,,240.63850354
4385959909,1,2023_5_9_1_1,2023,5,9,74,1,4,0,0,,,138.05101078
4385959911,1,2023_5_9_1_1,2023,5,9,70,1,1,0,0,,,138.05101078
4385959915,1,2023_5_9_1_1,2023,5,9,73,2,1,0,0,,,214.34223904
4385959916,1,2023_5_9_1_1,2023,5,9,54,2,1,0,1.9999591105,,,326.45125074
4385959920,1,2023_5_9_1_1,2023,5,9,66,1,1,0,0,,,320.67639185
4385959923,1,2023_5_9_1_1,2023,5,9,66,1,1,0,0,,,320.67639185
4385959929,1,2023_5_9_1_1,2023,5,9,29,1,1,0,0,,,283.66078866
4385959942,1,2023_5_9_1_1,2023,5,9,54,1,1,0,0,,,440.42045202
4385959950,1,2023_5_9_1_1,2023,5,9,71,1,3,0,5.9998773315,,,320.67639185
4385959951,1,2023_5_9_1_1,2023,5,9,67,1,1,6.0001226685,1.9999591105,,,320.67639185
4385959955,1,2023_5_9_1_1,2023,5,9,67,1,1,0,0,,,138.05101078
4385959957,1,2023_5_9_1_1,2023,5,9,77,1,1,0,1.9999591105,,,214.34223904
4385959960,1,2023_5_9_1_1,2023,5,9,37,1,4,0,0,,,670.77682894
4385959961,1,2023_5_9_1_1,2023,5,9,77,1,1,0,0,,,240.63850354
4385959962,1,2023_5_9_1_1,2023,5,9,72,1,1,0,0,,,320.67639185
4385959963,1,2023_5_9_1_1,2023,5,9,46,1,1,1.0000204448,19.999591105,,,379.62749625
4385959968,1,2023_5_9_1_1,2023,5,9,45,1,1,0,0,,,212.86165564
4385959969,1,2023_5_9_1_1,2023,5,9,74,1,1,0,0,,,320.67639185
4385959971,1,2023_5_9_1_1,2023,5,9,66,2,1,0,0,,,138.05101078
4385959972,1,2023_5_9_1_1,2023,5,9,67,1,1,0,0,,,103.59474377
4385959973,1,2023_5_9_1_1,2023,5,9,44,1,1,0,0,,,268.25262113
4385959977,1,2023_5_9_1_1,2023,5,9,51,2,1,1.0000204448,0,,,212.86165564
4385959983,1,2023_5_9_1_1,2023,5,9,60,2,1,1.0000204448,0,,,357.47513961
4385959985,1,2023_5_9_1_1,2023,5,9,75,1,1,0,0,,,138.05101078
4385959986,1,2023_5_9_1_1,2023,5,9,65,2,1,0,0,,,214.34223904
4385959988,1,2023_5_9_1_1,2023,5,9,77,2,1,0,0,,,320.67639185
4385959989,1,2023_5_9_1_1,2023,5,9,72,1,1,0,0,,,69.243417649
4385959994,1,2023_5_9_1_1,2023,5,9,-3,2,1,0,0,,,601.93500774
4385959995,1,2023_5_9_1_1,2023,5,9,56,1,1,0,0,,1,283.66078866
4385960001,1,2023_5_9_1_1,2023,5,9,58,2,1,0,0,,,142.27815029
4385960004,1,2023_5_9_1_1,2023,5,9,62,1,1,1.0000204448,0,,,283.66078866
4385960006,1,2023_5_9_1_1,2023,5,9,74,1,1,0,0,,,411.40055694
4385960007,1,2023_5_9_1_1,2023,5,9,77,1,1,0,0,,1,166.29601434
4385960010,1,2023_5_9_1_1,2023,5,9,38,2,1,0,0,,,379.62749625
4385960012,1,2023_5_9_1_1,2023,5,9,76,1,1,0,0,,,320.67639185
4385960013,1,2023_5_9_1_1,2023,5,9,77,1,1,0,2.9999386657,,,173.9747132
4385960027,1,2023_5_9_1_1,2023,5,9,58,2,3,2.0000408895,1.9999591105,,,2085.277246
4385960030,1,2023_5_9_1_1,2023,5,9,57,1,1,0,0,,,142.27815029
4385960031,1,2023_5_9_1_1,2023,5,9,53,2,1,0,0,,,658.91091782
4385960037,1,2023_5_9_1_1,2023,5,9,71,1,1,10.000204448,0,,,320.67639185
4385960042,1,2023_5_9_1_1,2023,5,9,43,1,1,0,0,,,283.66078866
4385960044,1,2023_5_9_1_1,2023,5,9,39,2,1,0,0,,,69.243417649
4385960056,1,2023_5_9_1_1,2023,5,9,65,2,1,0,0,,,320.67639185
4385960057,1,2023_5_9_1_1,2023,5,9,70,1,1,0,0,,,184.75574232
4385960058,1,2023_5_9_1_1,2023,5,9,74,1,-3,0,0,,,103.59474377
4385960060,1,2023_5_9_1_1,2023,5,9,73,1,1,0,0,,,138.05101078
4385960064,1,2023_5_9_1_1,2023,5,9,70,1,1,0,0,,,320.67639185
4385960067,1,2023_5_9_1_1,2023,5,9,66,1,1,0,0,,,138.05101078
4385960069,1,2023_5_9_1_1,2023,5,9,76,1,-3,0,0,,,429.16603427
4385960071,1,2023_5_9_1_1,2023,5,9,37,2,1,0,0,,,379.62749625
4385960072,1,2023_5_9_1_1,2023,5,9,75,1,1,0,0,,,320.67639185
4385960075,1,2023_5_9_1_1,2023,5,9,63,1,1,2.0000408895,3.999918221,,,212.86165564
4385960078,1,2023_5_9_1_1,2023,5,9,78,1,1,0,0,,,320.67639185
4385960079,1,2023_5_9_1_1,2023,5,9,67,1,1,0,0,,,240.63850354
4385960091,1,2023_5_9_1_1,2023,5,9,38,2,1,0,0,,,283.66078866
4385960092,1,2023_5_9_1_1,2023,5,9,55,1,1,0,0,,,440.42045202
4385960098,1,2023_5_9_1_1,2023,5,9,92,1,1,0,0,,,590.80633736
4385960100,1,2023_5_9_1_1,2023,5,9,-3,1,1,25.000511119,0,,,758.57083367
4385960104,1,2023_5_9_1_1,2023,5,9,77,1,1,12.000245337,0,,,240.63850354
4385960106,1,2023_5_9_1_1,2023,5,9,74,2,1,0,0,,,320.67639185
4385960109,1,2023_5_9_1_1,2023,5,9,60,2,1,0,0,,,283.66078866
4385960110,1,2023_5_9_1_1,2023,5,9,47,1,1,0,0,,,357.47513961
4385960111,1,2023_5_9_1_1,2023,5,9,72,1,3,4.000081779,0,,,240.63850354
4385960119,1,2023_5_9_1_1,2023,5,9,63,1,1,0,0,,,212.86165564
4385960123,1,2023_5_9_1_1,2023,5,9,29,1,1,0,1.9999591105,,,845.3267077
4385960129,1,2023_5_9_1_1,2023,5,9,62,1,1,2.0000408895,0,,,283.66078866
4385960133,1,2023_5_9_1_1,2023,5,9,56,2,1,0,0,,,142.27815029
4385960134,1,2023_5_9_1_1,2023,5,9,54,2,1,20.000408895,9.9997955524,,,330.49554378
4385960138,1,2023_5_9_1_1,2023,5,9,51,2,1,1.0000204448,0.9999795552,,,379.62749625
4385960144,1,2023_5_9_1_1,2023,5,9,35,1,1,0,0,,,379.62749625
4385960147,1,2023_5_9_1_1,2023,5,9,66,2,1,0,0,,,320.67639185
4385960148,1,2023_5_9_1_1,2023,5,9,36,2,5,0,0,,,189.60076299
4385960149,1,2023_5_9_1_1,2023,5,9,65,2,1,0,0,,,92.274216322
4385960150,1,2023_5_9_1_1,2023,5,9,48,2,1,0,0,,,379.62749625
4385960153,1,2023_5_9_1_1,2023,5,9,54,1,1,0,0,,,330.49554378
4385960157,1,2023_5_9_1_1,2023,5,9,75,2,1,0,0,1,1,569.04140009
4385960158,1,2023_5_9_1_1,2023,5,9,67,2,1,0,0,,,320.67639185
4385960159,1,2023_5_9_1_1,2023,5,9,81,1,1,4.000081779,0,,,103.59474377
4385960162,1,2023_5_9_1_1,2023,5,9,67,1,1,0,0,,,138.05101078
4385960163,1,2023_5_9_1_1,2023,5,9,62,1,1,6.0001226685,3.999918221,,,440.42045202
4385960167,1,2023_5_9_1_1,2023,5,9,54,2,1,0,0,,,142.27815029
4385960168,1,2023_5_9_1_1,2023,5,9,59,1,1,0,0,,,336.63958239
4385960169,1,2023_5_9_1_1,2023,5,9,66,1,1,1.0000204448,0,,,138.05101078
4385960170,1,2023_5_9_1_1,2023,5,9,60,1,1,4.000081779,0.9999795552,,,379.62749625
4385960174,1,2023_5_9_1_1,2023,5,9,58,2,1,1.0000204448,0,,,240.63850354
4385960175,1,2023_5_9_1_1,2023,5,9,55,1,1,0,0,,,379.62749625
4385960176,1,2023_5_9_1_1,2023,5,9,56,1,1,1.0000204448,4.9998977762,,,845.3267077
4385960178,1,2023_5_9_1_1,2023,5,9,69,2,1,0,0,,,130.55221931
4385960185,1,2023_5_9_1_1,2023,5,9,65,2,3,0,0,,,92.274216322
4385960186,1,2023_5_9_1_1,2023,5,9,84,1,1,12.000245337,0,,,404.12296142
4385960188,1,2023_5_9_1_1,2023,5,9,59,2,1,0,4.9998977762,,,670.77682894
4385960189,1,2023_5_9_1_1,2023,5,9,47,1,1,0,0,,,379.62749625
4385960190,1,2023_5_9_1_1,2023,5,9,60,1,3,0,0,,,448.35170615
4385960191,1,2023_5_9_1_1,2023,5,9,46,1,1,0,0,,,69.243417649
4385960193,1,2023_5_9_1_1,2023,5,9,59,2,1,0,0,,,448.35170615
4385960199,1,2023_5_9_1_1,2023,5,9,63,2,1,0,0,,,212.86165564
4385960200,1,2023_5_9_1_1,2023,5,9,60,2,1,0,0,,,138.05101078
4385960206,1,2023_5_9_1_1,2023,5,9,62,1,1,0,0,,,448.60803672
4385960211,1,2023_5_9_1_1,2023,5,9,43,1,1,2.0000408895,0,,,284.87595258
4385960216,1,2023_5_9_1_1,2023,5,9,73,1,1,0,0,,,320.67639185
4385960223,1,2023_5_9_1_1,2023,5,9,70,1,1,0,0,,,320.67639185
4385960224,1,2023_5_9_1_1,2023,5,9,56,2,5,0,0,,,283.66078866
4385960228,1,2023_5_9_1_1,2023,5,9,72,2,1,0,0,,,320.67639185
4385960229,1,2023_5_9_1_1,2023,5,9,54,1,1,10.000204448,0,,,268.25262113
4385960230,1,2023_5_9_1_1,2023,5,9,76,2,1,0,0,,,173.24503455
4385960232,1,2023_5_9_1_1,2023,5,9,-3,-3,-3,0,0,,,225.91922931
4385960237,1,2023_5_9_1_1,2023,5,9,-3,1,1,0,0,,,245.05686461
4385960241,1,2023_5_9_1_1,2023,5,9,46,2,3,0,0,,,897.71071045
4385960243,1,2023_5_9_1_1,2023,5,9,53,2,1,0,0,,,379.62749625
4385960245,1,2023_5_9_1_1,2023,5,9,76,1,1,0,0,,,320.67639185
4385960246,1,2023_5_9_1_1,2023,5,9,64,2,1,0,0,,,138.05101078
4385960249,1,2023_5_9_1_1,2023,5,9,23,2,4,0,0,,,184.75574232
4385960252,1,2023_5_9_1_1,2023,5,9,73,1,3,0,0,,,320.67639185
4385960255,1,2023_5_9_1_1,2023,5,9,70,1,1,0,0,,,138.05101078
4385960263,1,2023_5_9_1_1,2023,5,9,75,2,1,0,0,,,320.67639185
4385960265,1,2023_5_9_1_1,2023,5,9,69,1,1,10.000204448,0,,,240.63850354
4385960266,1,2023_5_9_1_1,2023,5,9,41,1,4,5.0001022238,4.9998977762,,,283.66078866
4385960267,1,2023_5_9_1_1,2023,5,9,21,1,1,0,0,,,189.60076299
4385960270,1,2023_5_9_1_1,2023,5,9,76,2,1,2.0000408895,0,,,320.67639185
4385960275,1,2023_5_9_1_1,2023,5,9,50,1,1,0,0,,,658.91091782
4385960282,1,2023_5_9_1_1,2023,5,9,75,1,1,0,0,,,214.34223904
4385960289,1,2023_5_9_1_1,2023,5,9,67,2,1,0,0.9999795552,,,92.274216322
4385960292,1,2023_5_9_1_1,2023,5,9,76,1,1,0,2.9999386657,,,320.67639185
4385960295,1,2023_5_9_1_1,2023,5,9,36,2,1,0,0,,,379.62749625
4385960296,1,2023_5_9_1_1,2023,5,9,59,1,1,0,0,,,189.60076299
4385960300,1,2023_5_9_1_1,2023,5,9,62,1,1,6.0001226685,0,,,494.45279185
4385960302,1,2023_5_9_1_1,2023,5,9,31,1,3,0,0,,,379.62749625
4385960309,1,2023_5_9_1_1,2023,5,9,65,2,4,0,19.999591105,,,404.12296142
4385960311,1,2023_5_9_1_1,2023,5,9,65,1,2,0,0,,,402.42800304
4385960317,1,2023_5_9_1_1,2023,5,9,60,1,1,4.000081779,0,,,142.27815029
4385960318,1,2023_5_9_1_1,2023,5,9,73,1,1,0,0,,,138.05101078
4385960319,1,2023_5_9_1_1,2023,5,9,72,1,1,0,0,,,240.63850354
4385960321,1,2023_5_9_1_1,2023,5,9,45,1,1,0,19.999591105,,,379.62749625
4385960322,1,2023_5_9_1_1,2023,5,9,66,2,1,0,0,,,214.34223904
4385960323,1,2023_5_9_1_1,2023,5,9,66,2,1,0,0,,,214.34223904
4385960325,1,2023_5_9_1_1,2023,5,9,73,1,1,0,0,,,320.67639185
4385960327,1,2023_5_9_1_1,2023,5,9,74,1,1,0,39.99918221,,,320.67639185
4385960330,1,2023_5_9_1_1,2023,5,9,79,1,1,0,0,,,404.12296142
4385960331,1,2023_5_9_1_1,2023,5,9,67,1,1,1.0000204448,9.9997955524,,,103.59474377
4385960334,1,2023_5_9_1_1,2023,5,9,53,2,1,0,0,,,440.42045202
4385960338,1,2023_5_9_1_1,2023,5,9,68,1,1,0,0,,,138.05101078
4385960339,1,2023_5_9_1_1,2023,5,9,70,2,1,0,0,,,320.67639185
4385960340,1,2023_5_9_1_1,2023,5,9,56,1,1,0,0,,,142.27815029
4385960343,1,2023_5_9_1_1,2023,5,9,73,1,1,0,0,,,214.34223904
4385960344,1,2023_5_9_1_1,2023,5,9,63,1,1,4.000081779,1.9999591105,,,494.45279185
4385960346,1,2023_5_9_1_1,2023,5,9,68,1,1,1.0000204448,0,,,429.16603427
4385960347,1,2023_5_9_1_1,2023,5,9,67,2,1,0,0,,,240.63850354
4385960348,1,2023_5_9_1_1,2023,5,9,67,2,1,0,0,,,214.34223904
4385960350,1,2023_5_9_1_1,2023,5,9,60,1,1,4.000081779,4.9998977762,,,189.60076299
4385960354,1,2023_5_9_1_1,2023,5,9,54,1,1,8.0001635581,4.9998977762,,,284.87595258
4385960355,1,2023_5_9_1_1,2023,5,9,45,1,1,0,1.9999591105,,,284.87595258
4385960356,1,2023_5_9_1_1,2023,5,9,84,1,1,0,0,,,160.84438069
4385960360,1,2023_5_9_1_1,2023,5,9,75,1,1,0,0,,,320.67639185
4385960363,1,2023_5_9_1_1,2023,5,9,76,1,1,0,0,,,303.25757416
4385960367,1,2023_5_9_1_1,2023,5,9,75,2,1,0,0,,,103.59474377
4385960371,1,2023_5_9_1_1,2023,5,9,80,1,1,0,0,,,138.05101078
4385960372,1,2023_5_9_1_1,2023,5,9,59,1,1,0,0,,,189.60076299
4385960375,1,2023_5_9_1_1,2023,5,9,69,1,1,0,0,,,322.05012555
4385960376,1,2023_5_9_1_1,2023,5,9,52,1,1,0,0,,,379.62749625
4385960384,1,2023_5_9_1_1,2023,5,9,37,1,1,0,0,,,379.62749625
4385960385,1,2023_5_9_1_1,2023,5,9,61,1,1,0,2.9999386657,,,1169.2397717
4385960388,1,2023_5_9_1_1,2023,5,9,51,1,1,4.000081779,0,,,189.60076299
4385960389,1,2023_5_9_1_1,2023,5,9,86,1,1,7.0001431133,5.9998773315,,,214.34223904
4385960391,1,2023_5_9_1_1,2023,5,9,65,2,1,0,0,,,240.63850354
4385960392,1,2023_5_9_1_1,2023,5,9,70,1,1,3.0000613343,0,,,240.63850354
4385960398,1,2023_5_9_1_1,2023,5,9,64,1,1,0,0.9999795552,,,189.60076299
4385960409,1,2023_5_9_1_1,2023,5,9,68,1,1,0,0,,,758.30816894
4385960410,1,2023_5_9_1_1,2023,5,9,50,1,1,1.0000204448,0,,,284.87595258
4385960412,1,2023_5_9_1_1,2023,5,9,61,1,1,5.0001022238,0,,,623.11954231
4385960413,1,2023_5_9_1_1,2023,5,9,44,1,3,0,0,,,830.3730433
4385960417,1,2023_5_9_1_1,2023,5,9,45,2,1,0,0,,,379.62749625
4385960419,1,2023_5_9_1_1,2023,5,9,54,2,1,0,0,,,845.3267077
4385960420,1,2023_5_9_1_1,2023,5,9,61,1,1,8.0001635581,0,,,658.91091782
4385960421,1,2023_5_9_1_1,2023,5,9,72,1,1,0,0,,,138.05101078
4385960423,1,2023_5_9_1_1,2023,5,9,13,2,1,0,0,,,379.62749625
4385960432,1,2023_5_9_1_1,2023,5,9,56,1,1,2.0000408895,0,,,494.45279185
4385960439,1,2023_5_9_1_0,2023,5,9,71,1,1,0,0,,,621.06726801
4385960440,1,2023_5_9_1_0,2023,5,9,61,1,1,0,0,,,2964.3245731
4385960443,1,2023_5_9_1_0,2023,5,9,81,1,1,0,0,,,1442.6668047
4385960444,1,2023_5_9_1_0,2023,5,9,36,1,1,0,0,,,2555.1472703
4385960448,1,2023_5_9_1_0,2023,5,9,36,1,1,0,0,,,2406.0470757
4385960453,1,2023_5_9_1_0,2023,5,9,81,2,1,0,0,,,2769.0012458
4385960459,1,2023_5_9_1_0,2023,5,9,60,1,1,0,0,,,4434.9117218
4385960462,1,2023_5_9_1_0,2023,5,9,62,2,1,0,0,,,5689.6148225
4385960468,1,2023_5_9_1_0,2023,5,9,68,2,3,10.000204448,4.9998977762,,,2769.0012458
4385960479,1,2023_5_9_1_0,2023,5,9,35,1,1,0,0,,,1909.2270633
4385960480,1,2023_5_9_1_0,2023,5,9,64,1,1,0,0,,,1909.2270633
4385960496,1,2023_5_9_1_0,2023,5,9,37,2,2,0,0,,,2555.1472703
4385960504,1,2023_5_9_1_0,2023,5,9,75,1,1,0,0,,,929.17574948
4385960505,1,2023_5_9_1_0,2023,5,9,72,1,1,0,0,1,1,929.17574948
4385960507,1,2023_5_9_1_0,2023,5,9,62,1,1,0,0,,,1909.2270633
4385960513,1,2023_5_9_1_0,2023,5,9,62,2,1,0,0,,,1909.2270633
4385960515,1,2023_5_9_1_0,2023,5,9,31,1,1,0,0,,,1909.2270633
4385960516,1,2023_5_9_1_0,2023,5,9,31,2,1,0,0,,,1909.2270633
4385960519,1,2023_5_9_1_0,2023,5,9,61,2,1,0,0,,,2158.3668607
4385960530,1,2023_5_9_1_0,2023,5,9,51,1,1,0,0,,,2406.0470757
4385960531,1,2023_5_9_1_0,2023,5,9,85,1,1,0,0,,,2158.3668607
4385960548,1,2023_5_9_1_0,2023,5,9,70,1,3,0,0,,,2158.3668607
4385960549,1,2023_5_9_1_0,2023,5,9,54,1,1,0,0,,,1276.1401026
4385960551,1,2023_5_9_1_0,2023,5,9,29,2,1,0,0,,,1909.2270633
4385960555,1,2023_5_9_1_0,2023,5,9,55,2,3,0,0,,,1276.1401026
4385960559,1,2023_5_9_1_0,2023,5,9,75,1,1,0,0,,,929.17574948
4385960572,1,2023_5_9_1_0,2023,5,9,31,1,1,1.0000204448,0.9999795552,,,2406.0470757
4385960573,1,2023_5_9_1_0,2023,5,9,54,1,1,0,0,,,2406.0470757
4385960575,1,2023_5_9_1_0,2023,5,9,76,2,1,0,0,,,2158.3668607
4385960582,1,2023_5_9_1_0,2023,5,9,79,2,1,0,0,,,1170.9663234
4385960585,1,2023_5_9_1_0,2023,5,9,85,1,1,0,0,,,621.06726801
4385960590,1,2023_5_9_1_0,2023,5,9,77,1,1,0,0,,,2158.3668607
4385960595,1,2023_5_9_1_0,2023,5,9,58,1,1,0,0,,,3017.7072247
4385960599,1,2023_5_9_1_0,2023,5,9,52,2,2,0,0,,,3017.7072247
4385960602,1,2023_5_9_1_0,2023,5,9,41,1,1,0,0,,,4514.7772498
4385960606,1,2023_5_9_1_0,2023,5,9,29,1,1,0,0,,,2406.0470757
4385960609,1,2023_5_9_1_0,2023,5,9,30,1,4,0,0,,,6042.1942404
4385960620,1,2023_5_9_1_0,2023,5,9,34,2,3,0,0,,,2555.1472703
4385960621,1,2023_5_9_1_0,2023,5,9,58,2,1,0,0,,,2406.0470757
4385960624,1,2023_5_9_1_0,2023,5,9,56,1,2,0,0,,,5689.6148225
4385960627,1,2023_5_9_1_0,2023,5,9,68,1,1,0,0,,,2769.0012458
4385960643,1,2023_5_9_1_0,2023,5,9,76,1,1,0,0,,,2769.0012458
4385960658,1,2023_5_9_1_0,2023,5,9,74,2,1,0,0,,,1170.9663234
4385960660,1,2023_5_9_1_0,2023,5,9,54,2,1,0,0,,,1909.2270633
4385960662,1,2023_5_9_1_0,2023,5,9,44,1,1,0,0,,,2555.1472703
4385960664,1,2023_5_9_1_0,2023,5,9,68,1,1,0,0,,,1442.6668047
4385960671,1,2023_5_9_1_0,2023,5,9,78,2,2,0,0,,,2720.0181545
4385960672,1,2023_5_9_1_0,2023,5,9,41,2,1,0,0,,,4797.2943554
4385960684,1,2023_5_9_1_0,2023,5,9,25,2,1,0,0,,,4514.7772498
4385960685,1,2023_5_9_1_0,2023,5,9,60,1,1,0,0,,,1909.2270633
4385960692,1,2023_5_9_1_0,2023,5,9,46,1,1,0,0,,,1276.1401026
4385960706,1,2023_5_9_1_0,2023,5,9,78,2,1,0,0,,,6432.0668393
4385960712,1,2023_5_9_1_0,2023,5,9,76,2,1,0,0,,,2158.3668607
4385960715,1,2023_5_9_1_0,2023,5,9,83,1,1,0,0,,,2720.0181545
4385960717,1,2023_5_9_1_0,2023,5,9,70,1,1,0,0,,,2158.3668607
4385960718,1,2023_5_9_1_0,2023,5,9,33,2,1,0,0,,,2555.1472703
4385960720,1,2023_5_9_1_0,2023,5,9,67,1,1,0,0,,,929.17574948
4385960721,1,2023_5_9_1_0,2023,5,9,68,2,1,0,0,,,929.17574948
4385960722,1,2023_5_9_1_0,2023,5,9,-3,-3,-3,0,0,,,2758.3427088
4385960725,1,2023_5_9_1_0,2023,5,9,59,2,1,0,0,,,2964.3245731
4385960726,1,2023_5_9_1_0,2023,5,9,45,1,1,0,0,,,2555.1472703
4385960728,1,2023_5_9_1_0,2023,5,9,62,2,1,0,0,,,2406.0470757
4385960732,1,2023_5_9_1_0,2023,5,9,66,2,1,0,0,,,1681.6076522
4385960737,1,2023_5_9_1_0,2023,5,9,47,1,1,0,0,,,2555.1472703
4385960739,1,2023_5_9_1_0,2023,5,9,69,2,1,0,0,1,1,2769.0012458
4385960740,1,2023_5_9_1_0,2023,5,9,86,2,1,0,0,,,3976.5222885
4385960742,1,2023_5_9_1_0,2023,5,9,74,1,1,0,0,,,2158.3668607
4385960743,1,2023_5_9_1_0,2023,5,9,41,2,1,0,0,,,2555.1472703
4385960745,1,2023_5_9_1_0,2023,5,9,87,2,1,0,0,,,2110.3081691
4385960749,1,2023_5_9_1_0,2023,5,9,56,2,1,0,0,,,1276.1401026
4385960751,1,2023_5_9_1_0,2023,5,9,57,2,1,0,0,,,1176.9281523
4385960752,1,2023_5_9_1_0,2023,5,9,96,1,1,0,0,,,2158.3668607
4385960755,1,2023_5_9_1_0,2023,5,9,39,1,1,0,0,,,2555.1472703
4385960757,1,2023_5_9_1_0,2023,5,9,76,1,1,0,5.9998773315,,,1170.9663234
4385960759,1,2023_5_9_1_0,2023,5,9,62,1,1,0,0,,,4434.9117218
4385960760,1,2023_5_9_1_0,2023,5,9,47,2,1,0,0,,,4434.9117218
4385960761,1,2023_5_9_1_0,2023,5,9,85,2,1,0,0,,,2769.0012458
4385960762,1,2023_5_9_1_0,2023,5,9,56,1,1,0,0,,,1483.1889792
4385960764,1,2023_5_9_1_0,2023,5,9,56,2,3,0,0,,,1176.9281523
4385960765,1,2023_5_9_1_0,2023,5,9,62,1,1,0,0,,,1909.2270633
4385960768,1,2023_5_9_1_0,2023,5,9,67,2,1,0,0,,,929.17574948
4385960769,1,2023_5_9_1_0,2023,5,9,60,1,1,0,0,,,4434.9117218
4385960771,1,2023_5_9_1_0,2023,5,9,44,1,1,0,0,,,2964.3245731
4385960780,1,2023_5_9_1_0,2023,5,9,58,1,1,0,0,,,1276.1401026
4385960782,1,2023_5_9_1_0,2023,5,9,73,1,5,0,0,,,2158.3668607
4385960787,1,2023_5_9_1_0,2023,5,9,-3,2,-3,0,0,,,2707.9999536
4385960790,1,2023_5_9_1_0,2023,5,9,43,1,1,0,0,,,2555.1472703
4385960794,1,2023_5_9_1_0,2023,5,9,66,2,1,0,0,,,2158.3668607
4385960798,1,2023_5_9_1_0,2023,5,9,85,2,1,0,0,,,929.17574948
4385960799,1,2023_5_9_1_0,2023,5,9,83,1,1,0,0,,,2720.0181545
4385960802,1,2023_5_9_1_0,2023,5,9,81,2,1,0,0,,,1442.6668047
4385960807,1,2023_5_9_1_0,2023,5,9,44,1,1,0,0,,,4434.9117218
4385960811,1,2023_5_9_1_0,2023,5,9,72,2,1,0,0,,,2720.0181545
4385960813,1,2023_5_9_1_0,2023,5,9,70,2,1,0,0,,,2720.0181545
4385960816,1,2023_5_9_1_0,2023,5,9,74,2,1,0,0,,,6432.0668393
4385960817,1,2023_5_9_1_0,2023,5,9,78,2,2,0,0,,,621.06726801
4385960819,1,2023_5_9_1_0,2023,5,9,63,2,1,0,0,,,1442.6668047
4385960826,1,2023_5_9_1_0,2023,5,9,78,2,2,0,0,,,2158.3668607
4385960828,1,2023_5_9_1_0,2023,5,9,70,2,1,0,0,,,2158.3668607
4385960837,1,2023_5_9_1_0,2023,5,9,41,2,1,0,0,,,5689.6148225
4385960839,1,2023_5_9_1_0,2023,5,9,59,1,1,0,0,,,5689.6148225
4385960843,1,2023_5_9_1_0,2023,5,9,33,1,1,0,0,,,2555.1472703
4385960859,1,2023_5_9_1_0,2023,5,9,29,2,4,0,0,,,3017.7072247
4385960867,1,2023_5_9_1_0,2023,5,9,60,1,3,0,0,,,2555.1472703
4385960874,1,2023_5_9_1_0,2023,5,9,36,2,2,0,0,,,5689.6148225
4385960877,1,2023_5_9_1_0,2023,5,9,69,1,3,0,0,,,621.06726801
4385960879,1,2023_5_9_1_0,2023,5,9,65,1,1,0,0,,,1166.0550974
4385960892,1,2023_5_9_1_0,2023,5,9,59,1,1,0,0,,,5588.9666473
4385960900,1,2023_5_9_1_0,2023,5,9,44,2,1,0,0,,,2406.0470757
4385960907,1,2023_5_9_1_0,2023,5,9,40,2,1,0,0,,,2555.1472703
4385960910,1,2023_5_9_1_0,2023,5,9,49,1,1,0,0,,,1243.529869
4385960912,1,2023_5_9_1_0,2023,5,9,37,1,4,0,0,,,6042.1942404
4385960913,1,2023_5_9_1_0,2023,5,9,72,2,1,0,0,,,2158.3668607
4385960914,1,2023_5_9_1_0,2023,5,9,69,2,1,0,0,,,1170.9663234
4385960916,1,2023_5_9_1_0,2023,5,9,50,1,1,0,0,,,3822.7435291
4385960923,1,2023_5_9_1_0,2023,5,9,78,1,1,0,0,,,1442.6668047
4385960925,1,2023_5_9_1_0,2023,5,9,50,-5,4,0,0,,,3206.5435423
4385960932,1,2023_5_9_1_0,2023,5,9,74,1,1,0,0,,,2158.3668607
4385960934,1,2023_5_9_1_0,2023,5,9,76,1,1,0,0,,,2158.3668607
4385960937,1,2023_5_9_1_0,2023,5,9,36,1,1,0,1.9999591105,,,1909.2270633
4385960945,1,2023_5_9_1_0,2023,5,9,80,1,1,0,0,,,2720.0181545
4385960974,1,2023_5_9_1_0,2023,5,9,62,1,1,0,0,,,4434.9117218
4385960981,1,2023_5_9_1_0,2023,5,9,47,1,1,0,0,,,5935.3090041
4385960983,1,2023_5_9_1_0,2023,5,9,80,2,1,0,0,,,2158.3668607
4385960991,1,2023_5_9_1_0,2023,5,9,65,1,1,0,0,,,2158.3668607
4385960994,1,2023_5_9_1_0,2023,5,9,64,1,2,0,0,,,3017.7072247
4385961001,1,2023_5_9_1_0,2023,5,9,78,2,1,0,0,,,929.17574948
4385961007,1,2023_5_9_1_0,2023,5,9,68,2,2,0,0,,,2197.2355281
4385961013,1,2023_5_9_1_0,2023,5,9,74,1,1,0,0,1,1,1334.3757369
4385961024,1,2023_5_9_1_0,2023,5,9,34,1,1,0,0,,,2555.1472703
4385961025,1,2023_5_9_1_0,2023,5,9,66,2,1,0,0,,,929.17574948
4385961027,1,2023_5_9_1_0,2023,5,9,58,2,1,0,0,,,2406.0470757
4385961031,1,2023_5_9_1_0,2023,5,9,45,2,4,0,0,,,4434.9117218
4385961032,1,2023_5_9_1_0,2023,5,9,78,2,1,0,0,,,2158.3668607
4385961036,1,2023_5_9_1_0,2023,5,9,79,2,-3,0,0,,,1330.5084399
4385961038,1,2023_5_9_1_0,2023,5,9,64,1,1,0,0,,,1909.2270633
4385961039,1,2023_5_9_1_0,2023,5,9,28,2,1,0,0,,,5689.6148225
4385961045,1,2023_5_9_1_0,2023,5,9,53,2,1,0,0,,,2406.0470757
4385961047,1,2023_5_9_1_0,2023,5,9,70,1,2,0,0,,,1442.6668047
4385961051,1,2023_5_9_1_0,2023,5,9,55,2,1,0,0,,,5689.6148225
4385961065,1,2023_5_9_1_0,2023,5,9,69,2,1,0,0,,,1170.9663234
4385961068,1,2023_5_9_1_0,2023,5,9,76,1,1,0,0,,,2769.0012458
4385961069,1,2023_5_9_1_0,2023,5,9,72,2,1,0,0,,,1334.3757369
4385961072,1,2023_5_9_1_0,2023,5,9,71,1,1,0,0,,,1469.4865326
4385961076,1,2023_5_9_1_0,2023,5,9,65,1,1,0,0,,,1780.6394396
4385961083,1,2023_5_9_1_0,2023,5,9,37,2,1,0,0,,,2555.1472703
4385961093,1,2023_5_9_1_0,2023,5,9,62,1,1,0,0,,,1276.1401026
4385961095,1,2023_5_9_1_0,2023,5,9,42,1,1,0,0,,,5935.3090041
4385961108,1,2023_5_9_1_0,2023,5,9,45,1,3,0,0,,,1909.2270633
4385961114,1,2023_5_9_1_0,2023,5,9,75,1,1,0,0,,,2158.3668607
4385961115,1,2023_5_9_1_0,2023,5,9,16,1,1,0,0,,,5935.3090041
4385961124,1,2023_5_9_1_0,2023,5,9,66,2,1,0,0,,,2158.3668607
4385961125,1,2023_5_9_1_0,2023,5,9,76,2,1,0,0,,,2158.3668607
4385961126,1,2023_5_9_1_0,2023,5,9,40,2,1,0,0,,,2555.1472703
4385961128,1,2023_5_9_1_0,2023,5,9,68,2,1,0,0,,,2720.0181545
4385961131,1,2023_5_9_1_0,2023,5,9,60,2,4,0,0,,,2406.0470757
4385961136,1,2023_5_9_1_0,2023,5,9,65,2,3,0,0,,,2197.2355281
4385961143,1,2023_5_9_1_0,2023,5,9,72,1,1,0,0,,,2720.0181545
4385961145,1,2023_5_9_1_0,2023,5,9,62,2,1,0,0,,,2964.3245731
4385961146,1,2023_5_9_1_0,2023,5,9,28,2,5,0,0,,,6042.1942404
4385961147,1,2023_5_9_1_0,2023,5,9,64,2,1,0,0,,,929.17574948
4385961151,1,2023_5_9_1_0,2023,5,9,74,2,1,0,0,,,929.17574948
4385961153,1,2023_5_9_1_0,2023,5,9,72,2,1,0,0,,,621.06726801
4385961154,1,2023_5_9_1_0,2023,5,9,76,2,1,0,0,,,6432.0668393
4385961165,1,2023_5_9_1_0,2023,5,9,80,2,1,0,0,,,1170.9663234
4385961167,1,2023_5_9_1_0,2023,5,9,33,2,1,0,0,,,9039.6977124
4385961168,1,2023_5_9_1_0,2023,5,9,60,2,2,0,0,,,5588.9666473
4385961171,1,2023_5_9_1_0,2023,5,9,49,1,3,0,0,,,2555.1472703
4385961172,1,2023_5_9_1_0,2023,5,9,61,1,1,0,0,,,5588.9666473
4385961178,1,2023_5_9_1_0,2023,5,9,40,1,1,1.0000204448,0,,,6042.1942404
4385961179,1,2023_5_9_1_0,2023,5,9,71,2,1,0,0,,,621.06726801
4385961180,1,2023_5_9_1_0,2023,5,9,29,2,1,0,0,,,1909.2270633
4385961181,1,2023_5_9_1_0,2023,5,9,87,2,1,0,0,,,2720.0181545
4385961189,1,2023_5_9_1_0,2023,5,9,66,2,1,0,0,,,1243.529869
4385961191,1,2023_5_9_1_0,2023,5,9,17,2,1,0,0,,,9039.6977124
4385961195,1,2023_5_9_1_0,2023,5,9,62,2,1,0,0,,,5689.6148225
4385961201,1,2023_5_9_1_0,2023,5,9,46,1,1,0,0,,,2555.1472703
4385961202,1,2023_5_9_1_0,2023,5,9,-3,1,-3,0,0,,,4124.3852626
4385961203,1,2023_5_9_1_0,2023,5,9,65,2,1,0,0,,,6432.0668393
4385961207,1,2023_5_9_1_0,2023,5,9,55,2,1,0,0,,,1909.2270633
4385961208,1,2023_5_9_1_0,2023,5,9,40,1,1,0,0,,,2555.1472703
4385961210,1,2023_5_9_1_0,2023,5,9,55,1,1,5.0001022238,4.9998977762,,,1575.1006329
4385961213,1,2023_5_9_1_0,2023,5,9,69,1,1,0,1.9999591105,,,2158.3668607
4385961215,1,2023_5_9_1_0,2023,5,9,80,2,1,0,0,,,2158.3668607
4385961217,1,2023_5_9_1_0,2023,5,9,52,2,5,0,0,,,1909.2270633
4385961220,1,2023_5_9_1_0,2023,5,9,66,1,1,0,0,,,929.17574948
4385961222,1,2023_5_9_1_0,2023,5,9,41,1,1,0,0,,,2555.1472703
4385961224,1,2023_5_9_1_0,2023,5,9,77,2,1,0,0.9999795552,,,1676.7340053
4385961227,1,2023_5_9_1_0,2023,5,9,55,2,1,0,0,,,2406.0470757
4385961230,1,2023_5_9_1_0,2023,5,9,76,2,1,0,0,,,6432.0668393
4385961235,1,2023_5_9_1_0,2023,5,9,73,2,1,0,0,,,5103.921784
4385961243,1,2023_5_9_1_0,2023,5,9,75,1,1,0,0,,,1810.4529551
4385961246,1,2023_5_9_1_0,2023,5,9,89,1,1,4.000081779,3.999918221,,,1669.7015062
4385961247,1,2023_5_9_1_0,2023,5,9,64,1,1,0,0,1,1,5588.9666473
4385961248,1,2023_5_9_1_0,2023,5,9,76,1,1,0,0,,,2158.3668607
4385961250,1,2023_5_9_1_0,2023,5,9,26,1,1,0,0,,,2783.0992703
4385961252,1,2023_5_9_1_0,2023,5,9,85,2,1,0,0,,,2720.0181545
4385961254,1,2023_5_9_1_0,2023,5,9,40,1,1,1.0000204448,0.9999795552,,,2555.1472703
4385961257,1,2023_5_9_1_0,2023,5,9,76,1,1,0,0,,,2720.0181545
4385961260,1,2023_5_9_1_0,2023,5,9,64,2,1,0,0,,,4434.9117218
4385961262,1,2023_5_9_1_0,2023,5,9,66,2,1,0,0,,,1468.6468813
4385961265,1,2023_5_9_1_0,2023,5,9,80,2,1,0,0,,,2720.0181545
4385961266,1,2023_5_9_1_0,2023,5,9,58,1,1,0,0,,,2964.3245731
4385961271,1,2023_5_9_1_0,2023,5,9,67,1,1,0,0,,,621.06726801
4385961272,1,2023_5_9_1_0,2023,5,9,50,2,1,0,0,,,4434.9117218
4385961274,1,2023_5_9_1_0,2023,5,9,38,1,1,1.0000204448,0.9999795552,,,1976.6487911
4385961278,1,2023_5_9_1_0,2023,5,9,48,2,1,12.706126841,11.293873159,,,1128.2416345
4385961281,1,2023_5_9_1_0,2023,5,9,73,2,1,0,0,,,2720.0181545
4385961282,1,2023_5_9_1_0,2023,5,9,61,1,1,0,1.9999591105,,,2555.1472703
4385961284,1,2023_5_9_1_0,2023,5,9,-3,-3,-3,0,0,1,1,1744.1365382
4385961285,1,2023_5_9_1_0,2023,5,9,64,1,1,0,0,,,2964.3245731
4385961290,1,2023_5_9_1_0,2023,5,9,51,2,1,0,0,,1,4434.9117218
4385961292,1,2023_5_9_1_0,2023,5,9,30,1,1,0,0,,,1909.2270633
4385961299,1,2023_5_9_1_0,2023,5,9,57,2,1,0,0,,,2964.3245731
4385961301,1,2023_5_9_1_0,2023,5,9,57,2,1,0,0,,,4434.9117218
4385961305,1,2023_5_9_1_0,2023,5,9,43,2,1,0,0,,,2555.1472703
4385961316,1,2023_5_9_1_0,2023,5,9,76,1,1,0,0,,,1170.9663234
4385961322,1,2023_5_9_1_0,2023,5,9,68,2,1,0,0,,,2769.0012458
4385961324,1,2023_5_9_1_0,2023,5,9,77,2,1,0,0,,,2197.2355281
4385961339,1,2023_5_9_1_0,2023,5,9,63,1,1,0,0,,,2158.3668607
4385961343,1,2023_5_9_1_0,2023,5,9,52,2,1,0,0,,,1276.1401026
4385961344,1,2023_5_9_1_0,2023,5,9,30,2,1,0,0,,,1909.2270633
4385961345,1,2023_5_9_1_0,2023,5,9,67,1,1,0,0,,,1442.6668047
4385961346,1,2023_5_9_1_0,2023,5,9,73,1,1,0,0,,,929.17574948
4385961350,1,2023_5_9_1_0,2023,5,9,82,2,1,0,0,,,1442.6668047
4385961351,1,2023_5_9_1_0,2023,5,9,51,2,1,0,0,,,2964.3245731
4385961352,1,2023_5_9_1_0,2023,5,9,83,1,2,0,0,,,1442.6668047
4385961354,1,2023_5_9_1_0,2023,5,9,42,1,1,1.0000204448,0,,,5935.3090041
4385961359,1,2023_5_9_1_0,2023,5,9,37,1,1,0,0,,,2555.1472703
4385961360,1,2023_5_9_1_0,2023,5,9,59,1,1,0,0,,,786.66662644
4385961365,1,2023_5_9_1_0,2023,5,9,-3,2,1,0,0,,,1349.2550585
4385961369,1,2023_5_9_1_0,2023,5,9,64,2,1,0,0,,,1909.2270633
4385961371,1,2023_5_9_1_0,2023,5,9,24,1,1,0,0,,,6042.1942404
4385961378,1,2023_5_9_1_0,2023,5,9,78,1,1,0,0,,,2720.0181545
4385961381,1,2023_5_9_1_0,2023,5,9,70,2,1,0,0,,,1170.9663234
4385961383,1,2023_5_9_1_0,2023,5,9,65,1,1,0,0,,,929.17574948
4385961388,1,2023_5_9_1_0,2023,5,9,60,2,4,0,0,,,1276.1401026
4385961389,1,2023_5_9_1_0,2023,5,9,66,2,1,0,0,,,2158.3668607
4385961392,1,2023_5_9_1_0,2023,5,9,83,1,1,0,0,,,2158.3668607
4385961394,1,2023_5_9_1_0,2023,5,9,61,2,1,0,0,,,5689.6148225
4385961399,1,2023_5_9_1_0,2023,5,9,73,1,1,0,0,1,1,1170.9663234
4385961407,1,2023_5_9_1_0,2023,5,9,76,1,1,0,0,,,2769.0012458
4385961408,1,2023_5_9_1_0,2023,5,9,71,1,1,0,0,,,929.17574948
4385961409,1,2023_5_9_1_0,2023,5,9,67,2,1,0,0,,,929.17574948
4385961416,1,2023_5_9_1_0,2023,5,9,44,2,3,0,0,,,9039.6977124
4385961422,1,2023_5_9_1_0,2023,5,9,53,1,1,0,0,,,1909.2270633
4385961426,1,2023_5_9_1_0,2023,5,9,70,2,3,0,0,,,2769.0012458
4385961438,1,2023_5_9_1_0,2023,5,9,60,2,1,0,0,,,2406.0470757
4385961441,1,2023_5_9_1_0,2023,5,9,66,2,3,0,0,,,2158.3668607
4385961443,1,2023_5_9_1_0,2023,5,9,73,1,1,0,0,,,2769.0012458
4385961447,1,2023_5_9_1_0,2023,5,9,83,1,1,0,0,,,2158.3668607
4385961451,1,2023_5_9_1_0,2023,5,9,26,1,1,0,0,,,5689.6148225
4385961459,1,2023_5_9_1_0,2023,5,9,76,2,1,0,0,,,2720.0181545
4385961461,1,2023_5_9_1_0,2023,5,9,77,2,1,0,0,,,2720.0181545
4385961464,1,2023_5_9_1_0,2023,5,9,49,2,1,0,0,1,1,2555.1472703
4385961467,1,2023_5_9_1_0,2023,5,9,60,1,1,0,0,,,1832.646182
4385961469,1,2023_5_9_1_0,2023,5,9,37,1,1,0,0,,,6042.1942404
4385961471,1,2023_5_9_1_0,2023,5,9,62,2,1,0,0,,,5588.9666473
4385961477,1,2023_5_9_1_0,2023,5,9,64,2,1,0,0,,,2406.0470757
4385961479,1,2023_5_9_1_0,2023,5,9,52,1,2,0,0,,,5935.3090041
4385961481,1,2023_5_9_1_0,2023,5,9,51,1,1,0,0,,,2555.1472703
4385961484,1,2023_5_9_1_0,2023,5,9,57,1,1,0,0,,,1909.2270633
4385961487,1,2023_5_9_1_0,2023,5,9,63,2,1,0,0,,,2406.0470757
4385961489,1,2023_5_9_1_0,2023,5,9,61,2,1,0,0,,,2395.9557173
4385961490,1,2023_5_9_1_0,2023,5,9,16,2,1,0,0,,,5935.3090041
4385961492,1,2023_5_9_1_0,2023,5,9,75,1,1,0,0,,1,2158.3668607
4385961494,1,2023_5_9_1_0,2023,5,9,57,2,1,0,0,,,1909.2270633
4385961498,1,2023_5_9_1_0,2023,5,9,-3,-3,-3,0,0,,,1744.1365382
4385961499,1,2023_5_9_1_0,2023,5,9,51,2,1,0,0,,,1909.2270633
4385961501,1,2023_5_9_1_0,2023,5,9,59,1,1,0,0,,,1442.6668047
4385961503,1,2023_5_9_1_0,2023,5,9,65,2,1,0,0,1,1,1442.6668047
4385961504,1,2023_5_9_1_0,2023,5,9,76,1,1,0,0,,,2158.3668607
4385961505,1,2023_5_9_1_0,2023,5,9,69,1,1,0,0,,,929.17574948
4385961509,1,2023_5_9_1_0,2023,5,9,41,2,1,0,0,,,1909.2270633
4385961510,1,2023_5_9_1_0,2023,5,9,39,2,1,0,0,,,2555.1472703
4385961512,1,2023_5_9_1_0,2023,5,9,85,1,1,0,0,,,929.17574948
4385961514,1,2023_5_9_1_0,2023,5,9,67,1,1,0,0,,,929.17574948
4385961516,1,2023_5_9_1_0,2023,5,9,43,1,1,0,0,,,2555.1472703
4385961527,1,2023_5_9_1_0,2023,5,9,35,1,1,0,0,,,2555.1472703
4385961529,1,2023_5_9_1_0,2023,5,9,95,1,1,0,0,,,6432.0668393
4385961530,1,2023_5_9_1_0,2023,5,9,38,2,1,0,0,,,2555.1472703
4385961539,1,2023_5_9_1_0,2023,5,9,77,1,1,0,0,,,572.78315347
4385961542,1,2023_5_9_1_0,2023,5,9,47,2,1,0,0,,,2406.0470757
4385961544,1,2023_5_9_1_0,2023,5,9,74,2,1,0,0,,,1170.9663234
4385961545,1,2023_5_9_1_0,2023,5,9,74,2,3,0,0,,,1334.3757369
4385961551,1,2023_5_9_1_0,2023,5,9,48,1,1,0,0,,,2555.1472703
4385961558,1,2023_5_9_1_0,2023,5,9,75,2,1,0,0,,,2720.0181545
4385961562,1,2023_5_9_1_0,2023,5,9,-3,2,1,0,0,,,1165.7924945
4385961572,1,2023_5_9_1_0,2023,5,9,54,1,1,0,0,,,1909.2270633
4385961575,1,2023_5_9_1_0,2023,5,9,53,2,1,0,0,,,2555.1472703
4385961577,1,2023_5_9_1_0,2023,5,9,89,2,1,0,0,,,3413.4457726
4385961580,1,2023_5_9_1_0,2023,5,9,57,1,1,0,0,,,5935.3090041
4385961587,1,2023_5_9_1_0,2023,5,9,68,1,1,0,0,,,929.17574948
4385961593,1,2023_5_9_1_0,2023,5,9,64,2,4,0,0,,,5588.9666473
4385961596,1,2023_5_9_1_0,2023,5,9,82,-5,1,0,0,,,2158.3668607
4385961597,1,2023_5_9_1_0,2023,5,9,96,1,5,0,0,,1,2720.0181545
4385961599,1,2023_5_9_1_0,2023,5,9,56,2,1,0,0,,,1276.1401026
4385961601,1,2023_5_9_1_0,2023,5,9,80,2,1,0,0,,,929.17574948
4385961609,1,2023_5_9_1_0,2023,5,9,47,2,1,0,0,,,2555.1472703
4385961612,1,2023_5_9_1_0,2023,5,9,76,1,1,0,0,,,2158.3668607
4385961613,1,2023_5_9_1_0,2023,5,9,81,2,1,0,0,,,1170.9663234
4385961616,1,2023_5_9_1_0,2023,5,9,37,1,3,0,0,,,2555.1472703
4385961617,1,2023_5_9_1_0,2023,5,9,78,2,1,0,0,,,2720.0181545
4385961621,1,2023_5_9_1_0,2023,5,9,69,2,1,0,0,,,1170.9663234
4385961622,1,2023_5_9_1_0,2023,5,9,35,2,1,0,0,,,2406.0470757
4385961624,1,2023_5_9_1_0,2023,5,9,39,1,1,0,0,,,2555.1472703
4385961625,1,2023_5_9_1_0,2023,5,9,29,2,1,0,0,,,4514.7772498
4385961626,1,2023_5_9_1_0,2023,5,9,50,2,1,0,0,,,3669.4097145
4385961627,1,2023_5_9_1_0,2023,5,9,51,1,1,0,0,,,6042.1942404
4385961629,1,2023_5_9_1_0,2023,5,9,60,1,1,0,0,,,4434.9117218
4385961635,1,2023_5_9_1_0,2023,5,9,73,2,1,0,0,,,6432.0668393
4385961644,1,2023_5_9_1_0,2023,5,9,58,1,1,0,0,,,4514.7772498
4385961645,1,2023_5_9_1_0,2023,5,9,-3,2,1,0,0,,,5105.6896936
4385961647,1,2023_5_9_1_0,2023,5,9,82,2,1,0,0,,,2720.0181545
4385961654,1,2023_5_9_1_0,2023,5,9,47,2,1,0,0,,,2555.1472703
4385961658,1,2023_5_9_1_0,2023,5,9,47,2,1,0,0,,,5935.3090041
4385961659,1,2023_5_9_1_0,2023,5,9,57,2,1,0,0,,,4434.9117218
4385961666,1,2023_5_9_1_0,2023,5,9,68,2,1,0,0,,,2720.0181545
4385961673,1,2023_5_9_1_0,2023,5,9,26,2,4,0,0,,,5689.6148225
4385961675,1,2023_5_9_1_0,2023,5,9,45,2,2,0,0,,,2964.3245731
4385961690,1,2023_5_9_1_0,2023,5,9,33,2,1,0,0,,,14035.312288
4385961691,1,2023_5_9_1_0,2023,5,9,27,2,1,0,0,,,3017.7072247
4385961704,1,2023_5_9_1_0,2023,5,9,81,2,1,0,0,,,2158.3668607
4385961710,1,2023_5_9_1_0,2023,5,9,61,1,1,0,0,,,5588.9666473
4385961711,1,2023_5_9_1_0,2023,5,9,59,2,1,0,0,,,1276.1401026
4385961721,1,2023_5_9_1_0,2023,5,9,39,2,1,0,0,,,2406.0470757
4385961723,1,2023_5_9_1_0,2023,5,9,78,1,1,0,0,,1,929.17574948
4385961725,1,2023_5_9_1_0,2023,5,9,-3,-3,-3,2.0000408895,1.9999591105,,,1945.8065371
4385961740,1,2023_5_9_1_0,2023,5,9,-3,1,1,0,0.9999795552,,,3398.3637126
4385961744,1,2023_5_9_1_0,2023,5,9,49,1,1,0,0,,,1909.2270633
4385961751,1,2023_5_9_1_0,2023,5,9,59,2,2,0,0,,,929.17574948
4385961759,1,2023_5_9_1_0,2023,5,9,63,1,2,14.210832138,10.526111908,,,1815.8012224
4385961760,1,2023_5_9_1_0,2023,5,9,69,2,1,0,0,,,2197.2355281
4385961762,1,2023_5_9_1_0,2023,5,9,77,1,1,0,0,,,1442.6668047
4385961765,1,2023_5_9_1_0,2023,5,9,55,2,1,0,0,,,2964.3245731
4385961767,1,2023_5_9_1_0,2023,5,9,70,1,1,0,0,,,929.17574948
4385961770,1,2023_5_9_1_0,2023,5,9,36,2,1,0,0,,,4514.7772498
4385961774,1,2023_5_9_1_0,2023,5,9,52,2,1,0,0,,,5689.6148225
4385961775,1,2023_5_9_1_0,2023,5,9,71,2,3,0,0,1,1,2158.3668607
4385961777,1,2023_5_9_1_0,2023,5,9,66,1,1,0,0,,,2158.3668607
4385961779,1,2023_5_9_1_0,2023,5,9,33,2,1,0,0,,,2555.1472703
4385961784,1,2023_5_9_1_0,2023,5,9,41,2,2,0,0,,,9039.6977124
4385961788,1,2023_5_9_1_0,2023,5,9,60,2,3,0,0,,,1909.2270633
4385961790,1,2023_5_9_1_0,2023,5,9,74,2,2,0,0,,,2888.574805
4385961800,1,2023_5_9_1_0,2023,5,9,72,1,1,0,0,,,1243.529869
4385961802,1,2023_5_9_1_0,2023,5,9,62,2,2,0,0,,,1276.1401026
4385961806,1,2023_5_9_1_0,2023,5,9,68,1,1,0,0,,1,1170.9663234
4385961810,1,2023_5_9_1_0,2023,5,9,46,2,1,0,0,,,2555.1472703
4385961812,1,2023_5_9_1_0,2023,5,9,38,1,1,0,0,,,1909.2270633
4385961820,1,2023_5_9_1_0,2023,5,9,41,2,1,0,0,,,1909.2270633
4385961825,1,2023_5_9_1_0,2023,5,9,59,2,2,0,0,,,5588.9666473
4385961826,1,2023_5_9_1_0,2023,5,9,69,1,1,0,0,,,1170.9663234
4385961828,1,2023_5_9_1_0,2023,5,9,70,2,2,0,0,,,2197.2355281
4385961830,1,2023_5_9_1_0,2023,5,9,72,1,1,0,0,,,2158.3668607
4385961837,1,2023_5_9_1_0,2023,5,9,42,2,1,0,0,,,5588.9666473
4385961857,1,2023_5_9_1_0,2023,5,9,65,1,1,0,0,,,621.06726801
4385961867,1,2023_5_9_1_0,2023,5,9,62,2,1,0,0,,,2406.0470757
4385961907,1,2023_5_9_1_0,2023,5,9,51,2,2,0,0,,,5689.6148225
4385961911,1,2023_5_9_1_0,2023,5,9,58,1,3,0,0,,,5689.6148225
4385961921,1,2023_5_9_1_0,2023,5,9,76,1,3,0,0,1,1,2158.3668607
4385961922,1,2023_5_9_1_0,2023,5,9,40,2,1,0,0,,,1909.2270633
4385961929,1,2023_5_9_1_0,2023,5,9,85,2,1,0,0,,,2158.3668607
4385961931,1,2023_5_9_1_0,2023,5,9,62,1,1,0,0,,,10487.30082
4385961936,1,2023_5_9_1_0,2023,5,9,73,1,1,0,0,,,2158.3668607
4385961939,1,2023_5_9_1_0,2023,5,9,36,2,1,0,0,,,2555.1472703
4385961946,1,2023_5_9_1_0,2023,5,9,36,2,3,0,0,,,1909.2270633
4385961949,1,2023_5_9_1_0,2023,5,9,76,1,1,0,0,,,929.17574948
4385961952,1,2023_5_9_1_0,2023,5,9,64,2,1,0,0,,,13216.311435
4385961953,1,2023_5_9_1_0,2023,5,9,66,1,-3,0,0,,,929.17574948
4385961956,1,2023_5_9_1_0,2023,5,9,85,1,1,0,0,,,2158.3668607
4385961957,1,2023_5_9_1_0,2023,5,9,84,1,1,0,0,,,2158.3668607
4385961963,1,2023_5_9_1_0,2023,5,9,28,1,4,0,0,,,4434.9117218
4385961966,1,2023_5_9_1_0,2023,5,9,39,2,1,0,0,,,1909.2270633
4385961973,1,2023_5_9_1_0,2023,5,9,63,2,2,0,0,,,1442.6668047
4385961989,1,2023_5_9_1_0,2023,5,9,54,2,1,0,0,,,2964.3245731
4385961994,1,2023_5_9_1_0,2023,5,9,75,2,1,0,0,,,2720.0181545
4385961999,1,2023_5_9_1_0,2023,5,9,35,1,3,0,0,,,6042.1942404
4385962024,1,2023_5_9_1_0,2023,5,9,33,2,3,0,0,,,6042.1942404
4385962036,1,2023_5_9_1_0,2023,5,9,55,1,1,0,0,,,1909.2270633
4385962042,1,2023_5_9_1_0,2023,5,9,89,2,1,0,0,,,3976.5222885
4385962045,1,2023_5_9_1_0,2023,5,9,49,2,1,0,0,,,1276.1401026
4385962047,1,2023_5_9_1_0,2023,5,9,71,1,3,0,0,,,929.17574948
4385962049,1,2023_5_9_1_0,2023,5,9,56,2,1,0,0,,,1276.1401026
4385962057,1,2023_5_9_1_0,2023,5,9,24,2,3,0,1.9999591105,,,1909.2270633
4385962058,1,2023_5_9_1_0,2023,5,9,90,1,1,0,0,,,2720.0181545
4385962063,1,2023_5_9_1_0,2023,5,9,76,1,1,0,0,,,2158.3668607
4385962065,1,2023_5_9_1_0,2023,5,9,75,1,1,0,0,,,2158.3668607
4385962067,1,2023_5_9_1_0,2023,5,9,50,1,4,0,0,,,3017.7072247
4385962068,1,2023_5_9_1_0,2023,5,9,80,2,1,0,0,,,2720.0181545
4385962072,1,2023_5_9_1_0,2023,5,9,78,1,1,2.0000408895,0,,,1330.5084399
4385962089,1,2023_5_9_1_0,2023,5,9,75,2,1,0,0,,,2720.0181545
4385962092,1,2023_5_9_1_0,2023,5,9,24,1,1,0,0,,,6042.1942404
4385962095,1,2023_5_9_1_0,2023,5,9,44,2,1,0,0,,,5689.6148225
4385962098,1,2023_5_9_1_0,2023,5,9,64,1,1,1.0000204448,0,,,1176.9281523
4385962106,1,2023_5_9_1_0,2023,5,9,47,2,1,0,0,,,3658.7750058
4385962107,1,2023_5_9_1_0,2023,5,9,70,1,-3,0,0,,,929.17574948
4385962114,1,2023_5_9_1_0,2023,5,9,57,1,1,0,0,,,1176.9281523
4385962121,1,2023_5_9_1_0,2023,5,9,62,2,1,0,0,,,1276.1401026
4385962122,1,2023_5_9_1_0,2023,5,9,65,2,1,0,0,,,572.78315347
4385962129,1,2023_5_9_1_0,2023,5,9,66,2,1,0,0,,,2158.3668607
4385962139,1,2023_5_9_1_0,2023,5,9,70,1,3,0,0,,,5103.921784
4385962143,1,2023_5_9_1_0,2023,5,9,60,2,1,0,0,,,4434.9117218
4385962144,1,2023_5_9_1_0,2023,5,9,81,2,1,0,0,,,2158.3668607
4385962145,1,2023_5_9_1_0,2023,5,9,56,1,1,0,0,,,987.21542209
4385962151,1,2023_5_9_1_0,2023,5,9,44,2,1,0,0,,,2555.1472703
4385962162,1,2023_5_9_1_0,2023,5,9,59,1,1,0,0,,,5935.3090041
4385962165,1,2023_5_9_1_0,2023,5,9,53,1,1,0,0,,,5935.3090041
4385962176,1,2023_5_9_1_0,2023,5,9,60,1,2,0,0,,,1442.6668047
4385962177,1,2023_5_9_1_0,2023,5,9,40,2,1,0,0,,,6042.1942404
4385962187,1,2023_5_9_1_0,2023,5,9,83,1,1,5.0001022238,0,,,2158.3668607
4385962197,1,2023_5_9_1_0,2023,5,9,52,2,1,0,0,,,5935.3090041
4385962211,1,2023_5_9_1_0,2023,5,9,60,2,1,0,0,,,13216.311435
4385962214,1,2023_5_9_1_0,2023,5,9,68,2,2,0,0,,,1170.9663234
4385962224,1,2023_5_9_1_0,2023,5,9,50,2,3,0,0,,,1909.2270633
4385962234,1,2023_5_9_1_0,2023,5,9,74,1,1,0,0,,,1170.9663234
4385962238,1,2023_5_9_1_0,2023,5,9,89,1,1,0,0,,,889.32071491
4385962239,1,2023_5_9_1_0,2023,5,9,58,2,3,0,0,,,1909.2270633
4385962240,1,2023_5_9_1_0,2023,5,9,33,2,1,0,0,,,1909.2270633
4385962249,1,2023_5_9_1_0,2023,5,9,50,1,1,0,0,,,2555.1472703
4385962250,1,2023_5_9_1_0,2023,5,9,52,1,1,0,0,,,2555.1472703
4385962257,1,2023_5_9_1_0,2023,5,9,27,1,1,0,0,,,5689.6148225
4385962259,1,2023_5_9_1_0,2023,5,9,72,2,1,0,0,,,2720.0181545
4385962262,1,2023_5_9_1_0,2023,5,9,44,2,1,1.0000204448,0.9999795552,,,2555.1472703
4385962264,1,2023_5_9_1_0,2023,5,9,31,2,1,0,0,,,1909.2270633
4385962269,1,2023_5_9_1_0,2023,5,9,83,1,1,0,0,,,2158.3668607
4385962275,1,2023_5_9_1_0,2023,5,9,-3,1,-3,0,0,,,4051.4256926
4385962285,1,2023_5_9_1_0,2023,5,9,46,2,1,0,0,,,8170.7728334
4385962288,1,2023_5_9_1_0,2023,5,9,60,1,1,0,0,,,5935.3090041
4385962289,1,2023_5_9_1_0,2023,5,9,76,1,1,0,0,,,1170.9663234
4385962291,1,2023_5_9_1_0,2023,5,9,93,1,1,0,0,,,6432.0668393
4385962295,1,2023_5_9_1_0,2023,5,9,25,2,4,0,0,,,5935.3090041
4385962300,1,2023_5_9_1_0,2023,5,9,78,2,1,0,0,,,2158.3668607
4385962307,1,2023_5_9_1_0,2023,5,9,88,1,4,0,0,,,891.90564202
4385962314,1,2023_5_9_1_0,2023,5,9,49,1,1,0,0,,,5935.3090041
4385962329,1,2023_5_9_1_0,2023,5,9,67,2,2,0,0,,,2158.3668607
4385962330,1,2023_5_9_1_0,2023,5,9,34,1,2,0,0,,,2406.0470757
4385962334,1,2023_5_9_1_0,2023,5,9,85,1,1,0,0,,1,2720.0181545
4385962335,1,2023_5_9_1_0,2023,5,9,88,2,1,0,0,,,2720.0181545
4385962342,1,2023_5_9_1_0,2023,5,9,69,1,1,0,0,,,572.78315347
4385962343,1,2023_5_9_1_0,2023,5,9,-3,-3,-3,0,0,,,5197.634839
4385962357,1,2023_5_9_1_0,2023,5,9,54,2,4,0,0,,,1909.2270633
4385962359,1,2023_5_9_1_0,2023,5,9,53,1,4,0,0,,,3206.5435423
4385962369,1,2023_5_9_1_0,2023,5,9,78,2,1,0,0,,,1442.6668047
4385962370,1,2023_5_9_1_0,2023,5,9,38,1,3,0,0,,,3017.7072247
4385962374,1,2023_5_9_1_0,2023,5,9,54,2,1,0,0,,,4434.9117218
4385962379,1,2023_5_9_1_0,2023,5,9,75,1,4,0,0,,,2158.3668607
4385962384,1,2023_5_9_1_0,2023,5,9,54,1,4,0,0,,,2555.1472703
4385962386,1,2023_5_9_1_0,2023,5,9,66,1,1,0,0,,,2158.3668607
4385962391,1,2023_5_9_1_0,2023,5,9,48,2,3,0,0,,,2555.1472703
4385962396,1,2023_5_9_1_0,2023,5,9,48,2,1,0,0,,,2555.1472703
4385962397,1,2023_5_9_1_0,2023,5,9,74,2,1,0,0,,,2769.0012458
4385962398,1,2023_5_9_1_0,2023,5,9,55,2,1,0,0,,,2555.1472703
4385962400,1,2023_5_9_1_0,2023,5,9,55,2,1,0,0,,,4434.9117218
4385962403,1,2023_5_9_1_0,2023,5,9,68,2,1,0,0,,,6432.0668393
4385962408,1,2023_5_9_1_0,2023,5,9,89,1,1,0,0,,,1330.5084399
4385962412,1,2023_5_9_1_0,2023,5,9,62,1,1,0,0,,,4434.9117218
4385962420,1,2023_5_9_1_0,2023,5,9,38,2,1,0,0,,,5935.3090041
4385962424,1,2023_5_9_1_0,2023,5,9,60,2,1,0,0,,,4434.9117218
4385962425,1,2023_5_9_1_0,2023,5,9,44,2,1,0,0,,,2555.1472703
4385962431,1,2023_5_9_1_0,2023,5,9,40,1,1,0,0,,,4514.7772498
4385962434,1,2023_5_9_1_0,2023,5,9,27,2,1,0,0,,,4514.7772498
4385962436,1,2023_5_9_1_0,2023,5,9,50,2,2,0,0,,,2197.2355281
4385962438,1,2023_5_9_1_0,2023,5,9,73,2,1,0,0,,,2769.0012458
4385962454,1,2023_5_9_1_0,2023,5,9,72,1,1,0,0,,,2158.3668607
4385962465,1,2023_5_9_1_0,2023,5,9,65,2,1,0,0,1,1,1676.7340053
4385962466,1,2023_5_9_1_0,2023,5,9,48,1,1,0,0,,,2406.0470757
4385962470,1,2023_5_9_1_0,2023,5,9,-3,-3,-3,0,0,,,1614.7010912
4385962474,1,2023_5_9_1_0,2023,5,9,78,1,1,0,0,,,2720.0181545
4385962481,1,2023_5_9_1_0,2023,5,9,42,2,3,0,0,,,5935.3090041
4385962492,1,2023_5_9_1_0,2023,5,9,61,1,4,0,0,,,1276.1401026
4385962494,1,2023_5_9_1_0,2023,5,9,30,1,1,0,0,,,4514.7772498
4385962495,1,2023_5_9_1_0,2023,5,9,55,1,1,0,0,,,1909.2270633
4385962502,1,2023_5_9_1_0,2023,5,9,59,2,2,0,0,,,1909.2270633
4385962506,1,2023_5_10_1_1,2023,5,10,48,2,1,0,0,,,182.66831641
4385962508,1,2023_5_10_1_1,2023,5,10,33,1,1,0,0,,,85.038344335
4385962509,1,2023_5_10_1_1,2023,5,10,56,1,2,0,0,,,124.59657265
4385962510,1,2023_5_10_1_1,2023,5,10,-3,-3,-3,0,0,,,76.940205656
4385962521,1,2023_5_10_1_1,2023,5,10,54,1,1,1.999671255,6.000986235,,,163.01312162
4385962523,1,2023_5_10_1_1,2023,5,10,60,1,4,0,2.000328745,,,124.59657265
4385962530,1,2023_5_10_1_1,2023,5,10,63,2,1,0,0,,,95.291784089
4385962531,1,2023_5_10_1_1,2023,5,10,59,1,1,0,0,,,95.291784089
4385962536,1,2023_5_10_1_1,2023,5,10,33,1,1,0,0,,,40.076931194
4385962537,1,2023_5_10_1_1,2023,5,10,62,1,1,0,0,,,95.291784089
4385962541,1,2023_5_10_1_1,2023,5,10,45,2,1,1.999671255,0,,,85.471678741
4385962543,1,2023_5_10_1_1,2023,5,10,36,2,2,0,0,,,208.98496269
4385962547,1,2023_5_10_1_1,2023,5,10,40,2,1,0,0,,,181.3604443
4385962548,1,2023_5_10_1_1,2023,5,10,69,1,2,0,0,,,95.52624192
4385962557,1,2023_5_10_1_1,2023,5,10,66,1,1,0,0,,,163.84379624
4385962564,1,2023_5_10_1_1,2023,5,10,48,1,3,0,0,,,181.3604443
4385962571,1,2023_5_10_1_1,2023,5,10,54,2,3,0,0,,,432.28563568
4385962573,1,2023_5_10_1_1,2023,5,10,41,2,1,0,0,,,109.0202742
4385962578,1,2023_5_10_1_1,2023,5,10,-3,1,-3,0,0,,,76.940205656
4385962579,1,2023_5_10_1_1,2023,5,10,-3,1,1,0,0,,,131.61956429
4385962580,1,2023_5_10_1_1,2023,5,10,38,2,4,0,0,,,181.3604443
4385962581,1,2023_5_10_1_1,2023,5,10,39,2,1,0,0,,,181.3604443
4385962582,1,2023_5_10_1_1,2023,5,10,55,1,1,0,0,,,85.038344335
4385962583,1,2023_5_10_1_1,2023,5,10,72,1,1,0.9998356275,0,,,52.401666279
4385962585,1,2023_5_10_1_1,2023,5,10,73,1,1,0,0,,,51.379152101
4385962586,1,2023_5_10_1_1,2023,5,10,53,2,1,0,0,,,95.291784089
4385962592,1,2023_5_10_1_1,2023,5,10,70,-3,1,0,0,,,163.84379624
4385962593,1,2023_5_10_1_1,2023,5,10,51,1,1,0,3.0004931175,,,109.0202742
4385962605,1,2023_5_10_1_1,2023,5,10,62,1,1,0,0,,,182.66831641
4385962606,1,2023_5_10_1_1,2023,5,10,68,2,1,0,2.000328745,,,76.824939504
4385962607,1,2023_5_10_1_1,2023,5,10,44,1,1,0,0,,,181.3604443
4385962608,1,2023_5_10_1_1,2023,5,10,66,1,1,0,0,,,76.824939504
4385962609,1,2023_5_10_1_1,2023,5,10,63,1,1,0,0,1,1,76.824939504
4385962610,1,2023_5_10_1_1,2023,5,10,58,1,1,0.9998356275,1.0001643725,,,95.291784089
4385962611,1,2023_5_10_1_1,2023,5,10,57,1,1,0,0,,,163.01312162
4385962616,1,2023_5_10_1_1,2023,5,10,63,1,1,0,5.0008218625,,,347.65648834
4385962619,1,2023_5_10_1_1,2023,5,10,38,1,1,3.99934251,0,,,181.3604443
4385962620,1,2023_5_10_1_1,2023,5,10,64,1,1,11.99802753,4.00065749,,,85.038344335
4385962622,1,2023_5_10_1_1,2023,5,10,50,2,1,0,2.000328745,,,182.66831641
4385962623,1,2023_5_10_1_1,2023,5,10,32,2,1,0,0,,,202.69499713
4385962624,1,2023_5_10_1_1,2023,5,10,59,1,1,2.9995068825,0,,,95.291784089
4385962625,1,2023_5_10_1_1,2023,5,10,57,1,1,2.9995068825,13.002136843,,,95.291784089
4385962630,1,2023_5_10_1_1,2023,5,10,69,1,1,0,10.001643725,,,76.824939504
4385962631,1,2023_5_10_1_1,2023,5,10,54,2,1,0,0,,,182.66831641
4385962633,1,2023_5_10_1_1,2023,5,10,54,2,1,0,0,,,95.291784089
4385962634,1,2023_5_10_1_1,2023,5,10,68,2,1,0,0,,,40.076931194
4385962637,1,2023_5_10_1_1,2023,5,10,66,2,1,0,0,,,40.076931194
4385962641,1,2023_5_10_1_1,2023,5,10,47,2,1,0,0,,,95.291784089
4385962642,1,2023_5_10_1_1,2023,5,10,63,1,1,0,2.000328745,,,85.038344335
4385962646,1,2023_5_10_1_1,2023,5,10,73,2,1,0,0,,,51.379152101
4385962649,1,2023_5_10_1_1,2023,5,10,62,1,1,0,0,,,40.076931194
4385962652,1,2023_5_10_1_1,2023,5,10,41,1,1,0,0,,,163.84379624
4385962654,1,2023_5_10_1_1,2023,5,10,53,2,1,4.9991781375,0,,,95.291784089
4385962658,1,2023_5_10_1_1,2023,5,10,56,1,1,0,0,,,95.291784089
4385962662,1,2023_5_10_1_1,2023,5,10,60,2,1,0,0,1,1,163.01312162
4385962663,1,2023_5_10_1_1,2023,5,10,35,1,1,0,0,,,85.038344335
4385962666,1,2023_5_10_1_1,2023,5,10,52,2,1,0,0,,,142.546943
4385962670,1,2023_5_10_1_1,2023,5,10,84,1,1,0,0,,,98.490581347
4385962676,1,2023_5_10_1_1,2023,5,10,58,1,1,0,0,,,95.291784089
4385962681,1,2023_5_10_1_1,2023,5,10,47,2,1,0,0,,,85.038344335
4385962688,1,2023_5_10_1_1,2023,5,10,46,1,1,0,0,,,498.13065794
4385962697,1,2023_5_10_1_1,2023,5,10,67,2,1,3.99934251,4.00065749,,,76.824939504
4385962704,1,2023_5_10_1_1,2023,5,10,56,2,1,0,0,,,181.3604443
4385962710,1,2023_5_10_1_1,2023,5,10,34,2,2,0,0,,,259.85764822
4385962714,1,2023_5_10_1_1,2023,5,10,-3,-3,-3,0,0,,,313.72467815
4385962715,1,2023_5_10_1_1,2023,5,10,66,1,1,0,0,,,76.824939504
4385962724,1,2023_5_10_1_1,2023,5,10,23,2,3,0,0,,,95.291784089
4385962725,1,2023_5_10_1_1,2023,5,10,69,1,1,0,0,,,76.824939504
4385962729,1,2023_5_10_1_1,2023,5,10,57,2,1,0,1.0001643725,,,347.65648834
4385962731,1,2023_5_10_1_1,2023,5,10,83,1,2,0,0,,,86.088053632
4385962737,1,2023_5_10_1_1,2023,5,10,38,1,1,0,1.0001643725,,,181.3604443
4385962738,1,2023_5_10_1_1,2023,5,10,50,2,1,0,0,,,44.909179549
4385962754,1,2023_5_10_1_1,2023,5,10,69,2,2,0,0,,,76.824939504
4385962755,1,2023_5_10_1_1,2023,5,10,28,2,4,0,0,,,202.69499713
4385962756,1,2023_5_10_1_1,2023,5,10,59,1,2,0,1.0001643725,,,163.01312162
4385962760,1,2023_5_10_1_1,2023,5,10,41,2,1,0,0,,,163.84379624
4385962762,1,2023_5_10_1_1,2023,5,10,52,1,4,0,7.0011506075,,,85.038344335
4385962763,1,2023_5_10_1_1,2023,5,10,43,2,2,0,0,,,95.291784089
4385962769,1,2023_5_10_1_1,2023,5,10,41,2,1,0,0,,,181.3604443
4385962770,1,2023_5_10_1_1,2023,5,10,55,1,1,1.999671255,2.000328745,,,347.65648834
4385962784,1,2023_5_10_1_1,2023,5,10,51,2,1,0,0,,,181.3604443
4385962785,1,2023_5_10_1_1,2023,5,10,58,2,1,0,0,,,163.01312162
4385962791,1,2023_5_10_1_1,2023,5,10,65,2,1,0,0,,,51.379152101
4385962793,1,2023_5_10_1_1,2023,5,10,50,2,1,0,0,,,85.038344335
4385962797,1,2023_5_10_1_1,2023,5,10,69,1,1,0,0,,,76.824939504
4385962806,1,2023_5_10_1_1,2023,5,10,65,1,1,0,0,,,95.52624192
4385962809,1,2023_5_10_1_1,2023,5,10,77,1,1,0,0,,,183.11775722
4385962811,1,2023_5_10_1_1,2023,5,10,70,1,1,0,0,,,98.490581347
4385962813,1,2023_5_10_1_1,2023,5,10,54,1,1,0,0,,,95.291784089
4385962832,1,2023_5_10_1_1,2023,5,10,56,1,1,0,2.000328745,,,182.66831641
4385962834,1,2023_5_10_1_1,2023,5,10,32,1,1,0,0,,,163.01312162
4385962837,1,2023_5_10_1_1,2023,5,10,40,1,1,0,2.000328745,,,181.3604443
4385962843,1,2023_5_10_1_1,2023,5,10,74,1,1,0,0,,,44.909179549
4385962845,1,2023_5_10_1_1,2023,5,10,65,1,1,0,0,,,76.824939504
4385962851,1,2023_5_10_1_1,2023,5,10,70,1,1,0,0,,,40.076931194
4385962856,1,2023_5_10_1_1,2023,5,10,73,1,1,0,0,,,76.824939504
4385962857,1,2023_5_10_1_1,2023,5,10,63,1,1,0.9998356275,0,,,69.431906476
4385962864,1,2023_5_10_1_1,2023,5,10,80,1,1,0,0,,,76.824939504
4385962873,1,2023_5_10_1_1,2023,5,10,54,1,1,0,2.000328745,,,85.038344335
4385962874,1,2023_5_10_1_1,2023,5,10,71,1,1,0,0,,,40.076931194
4385962876,1,2023_5_10_1_1,2023,5,10,55,1,4,0,0,,,86.088053632
4385962878,1,2023_5_10_1_1,2023,5,10,58,1,1,5.999013765,6.000986235,,,102.24858839
4385962882,1,2023_5_10_1_1,2023,5,10,70,1,1,0,0,,,44.909179549
4385962884,1,2023_5_10_1_1,2023,5,10,50,2,1,0,0,,,85.038344335
4385962887,1,2023_5_10_1_1,2023,5,10,45,2,3,0,0,,,259.85764822
4385962888,1,2023_5_10_1_1,2023,5,10,60,2,1,0,0,,,347.65648834
4385962889,1,2023_5_10_1_1,2023,5,10,69,2,1,0,0,,,76.824939504
4385962894,1,2023_5_10_1_1,2023,5,10,84,2,-3,1.999671255,11.001808098,,,86.088053632
4385962902,1,2023_5_10_1_1,2023,5,10,93,1,2,0,0,,1,44.909179549
4385962910,1,2023_5_10_1_1,2023,5,10,38,1,2,0,0,,,259.85764822
4385962917,1,2023_5_10_1_1,2023,5,10,62,1,1,9.998356275,5.0008218625,,,208.98496269
4385962924,1,2023_5_10_1_1,2023,5,10,63,1,1,1.999671255,0,,,208.98496269
4385962925,1,2023_5_10_1_1,2023,5,10,51,1,1,0,0,,,85.038344335
4385962927,1,2023_5_10_1_1,2023,5,10,58,1,1,0,3.0004931175,,,109.0202742
4385962929,1,2023_5_10_1_1,2023,5,10,58,2,1,0,0,,,44.909179549
4385962935,1,2023_5_10_1_1,2023,5,10,28,1,1,0,0,,,347.65648834
4385962937,1,2023_5_10_1_1,2023,5,10,50,1,2,0,0,,,181.3604443
4385962943,1,2023_5_10_1_1,2023,5,10,28,2,1,0,0,,,109.0202742
4385962944,1,2023_5_10_1_1,2023,5,10,56,2,1,5.999013765,0,,,181.3604443
4385962945,1,2023_5_10_1_1,2023,5,10,76,2,1,0,0,,,76.824939504
4385962949,1,2023_5_10_1_1,2023,5,10,29,1,1,0,0,,,182.66831641
4385962951,1,2023_5_10_1_1,2023,5,10,74,1,1,0,3.0004931175,,,86.088053632
4385962953,1,2023_5_10_1_1,2023,5,10,63,1,1,0,0,,,40.076931194
4385962954,1,2023_5_10_1_1,2023,5,10,72,1,1,0,0,,,98.490581347
4385962956,1,2023_5_10_1_1,2023,5,10,66,1,1,0,2.000328745,,,76.824939504
4385962959,1,2023_5_10_1_1,2023,5,10,50,2,3,0.9998356275,1.0001643725,,,95.291784089
4385962961,1,2023_5_10_1_1,2023,5,10,73,1,1,0,0,,,40.076931194
4385962965,1,2023_5_10_1_1,2023,5,10,73,1,1,0,0,,,85.471678741
4385962970,1,2023_5_10_1_1,2023,5,10,-3,2,1,0,0,,,163.65938484
4385962971,1,2023_5_10_1_1,2023,5,10,65,2,2,0,0,,,95.52624192
4385962975,1,2023_5_10_1_1,2023,5,10,62,1,1,0,0,,,109.0202742
4385962981,1,2023_5_10_1_1,2023,5,10,65,1,1,0,0,,,40.076931194
4385962983,1,2023_5_10_1_1,2023,5,10,74,1,1,0,0,,,92.372936921
4385962985,1,2023_5_10_1_1,2023,5,10,29,1,1,0,0,,,95.291784089
4385962986,1,2023_5_10_1_1,2023,5,10,41,1,1,0,0,,,181.3604443
4385962987,1,2023_5_10_1_1,2023,5,10,36,1,1,0,0,,,181.3604443
4385962988,1,2023_5_10_1_1,2023,5,10,63,1,1,4.9991781375,3.0004931175,,,44.909179549
4385962989,1,2023_5_10_1_1,2023,5,10,34,2,1,0,0,,,85.038344335
4385962990,1,2023_5_10_1_1,2023,5,10,66,1,1,0,0,,,76.824939504
4385962991,1,2023_5_10_1_1,2023,5,10,42,2,1,0,0,,,181.3604443
4385962998,1,2023_5_10_1_1,2023,5,10,66,2,1,0,0,,,76.824939504
4385963002,1,2023_5_10_1_1,2023,5,10,52,1,1,0,0,,,181.3604443
4385963005,1,2023_5_10_1_1,2023,5,10,42,1,1,0.9998356275,0,,,163.01312162
4385963011,1,2023_5_10_1_1,2023,5,10,66,2,1,0,0,,,40.076931194
4385963016,1,2023_5_10_1_1,2023,5,10,65,2,1,3.99934251,0,,,40.076931194
4385963017,1,2023_5_10_1_1,2023,5,10,50,1,1,4.9991781375,0,,,95.291784089
4385963018,1,2023_5_10_1_1,2023,5,10,65,1,1,4.9991781375,0,,,44.909179549
4385963019,1,2023_5_10_1_1,2023,5,10,67,1,1,0,0,,,40.076931194
4385963021,1,2023_5_10_1_1,2023,5,10,46,2,1,0,0,,,385.77150265
4385963028,1,2023_5_10_1_1,2023,5,10,72,1,1,0,1.0001643725,,,40.076931194
4385963038,1,2023_5_10_1_1,2023,5,10,61,2,1,0,0,,,85.038344335
4385963053,1,2023_5_10_1_1,2023,5,10,79,1,1,0,0,,,76.824939504
4385963059,1,2023_5_10_1_1,2023,5,10,61,1,1,0,0,,,85.038344335
4385963060,1,2023_5_10_1_1,2023,5,10,76,2,1,0,0,,,40.076931194
4385963064,1,2023_5_10_1_1,2023,5,10,71,2,1,0,2.000328745,,,76.824939504
4385963067,1,2023_5_10_1_1,2023,5,10,66,1,1,0,0,,,40.076931194
4385963073,1,2023_5_10_1_1,2023,5,10,53,1,1,29.995068825,0,,,85.038344335
4385963074,1,2023_5_10_1_1,2023,5,10,67,2,1,0,0,,,76.824939504
4385963080,1,2023_5_10_1_1,2023,5,10,76,1,1,4.9991781375,5.0008218625,,,76.824939504
4385963082,1,2023_5_10_1_1,2023,5,10,34,1,1,1.999671255,0,,,181.3604443
4385963083,1,2023_5_10_1_1,2023,5,10,63,1,1,0,0,,,163.01312162
4385963084,1,2023_5_10_1_1,2023,5,10,62,1,1,9.998356275,10.001643725,,,109.0202742
4385963085,1,2023_5_10_1_1,2023,5,10,54,2,1,0,0,,,181.3604443
4385963089,1,2023_5_10_1_1,2023,5,10,47,1,1,0.9998356275,2.000328745,,,181.3604443
4385963090,1,2023_5_10_1_1,2023,5,10,71,2,1,0,0,,,86.088053632
4385963094,1,2023_5_10_1_1,2023,5,10,78,2,1,0,0,,,51.379152101
4385963100,1,2023_5_10_1_1,2023,5,10,48,1,1,6.9988493925,0,,,181.3604443
4385963101,1,2023_5_10_1_1,2023,5,10,54,2,1,0,0,1,,95.291784089
4385963102,1,2023_5_10_1_1,2023,5,10,57,1,1,0,3.0004931175,,,85.038344335
4385963113,1,2023_5_10_1_1,2023,5,10,78,1,1,11.99802753,7.0011506075,,,98.490581347
4385963116,1,2023_5_10_1_1,2023,5,10,68,1,1,0,0,,,40.076931194
4385963122,1,2023_5_10_1_1,2023,5,10,76,2,1,0,0,,,76.824939504
4385963124,1,2023_5_10_1_1,2023,5,10,40,2,1,0,0,,,432.28563568
4385963129,1,2023_5_10_1_1,2023,5,10,72,2,2,0,0,,,76.824939504
4385963130,1,2023_5_10_1_1,2023,5,10,63,1,1,0,0,,,85.038344335
4385963131,1,2023_5_10_1_1,2023,5,10,61,1,1,0,8.00131498,,,347.65648834
4385963133,1,2023_5_10_1_1,2023,5,10,55,1,1,0,0,,,163.01312162
4385963135,1,2023_5_10_1_1,2023,5,10,60,2,2,0,0,,,85.471678741
4385963138,1,2023_5_10_1_1,2023,5,10,62,2,1,0,0,,,85.038344335
4385963142,1,2023_5_10_1_1,2023,5,10,64,2,1,0,0,,,76.824939504
4385963144,1,2023_5_10_1_1,2023,5,10,-3,2,1,0,0,,,168.73800992
4385963145,1,2023_5_10_1_1,2023,5,10,60,1,1,0,0,,,40.076931194
4385963151,1,2023_5_10_1_1,2023,5,10,80,2,1,0,6.000986235,,,92.372936921
4385963152,1,2023_5_10_1_1,2023,5,10,-3,-3,-3,0,0,,,131.61956429
4385963160,1,2023_5_10_1_1,2023,5,10,60,2,1,0,0,,,95.291784089
4385963167,1,2023_5_10_1_1,2023,5,10,35,1,1,0,3.0004931175,,,347.65648834
4385963172,1,2023_5_10_1_1,2023,5,10,72,2,1,0,0,,,51.379152101
4385963175,1,2023_5_10_1_1,2023,5,10,36,1,1,0.9998356275,0,,,181.3604443
4385963184,1,2023_5_10_1_1,2023,5,10,63,1,1,0,0,,,109.0202742
4385963186,1,2023_5_10_1_1,2023,5,10,38,1,1,0.9998356275,0,,,181.3604443
4385963187,1,2023_5_10_1_1,2023,5,10,62,1,1,9.998356275,10.001643725,,,85.038344335
4385963188,1,2023_5_10_1_1,2023,5,10,75,1,1,0,0,,,51.379152101
4385963191,1,2023_5_10_1_1,2023,5,10,60,2,1,0,0,,,163.01312162
4385963197,1,2023_5_10_1_1,2023,5,10,50,1,1,0,0,,,182.66831641
4385963201,1,2023_5_10_1_1,2023,5,10,63,1,1,1.999671255,10.001643725,,,40.076931194
4385963202,1,2023_5_10_1_1,2023,5,10,73,1,1,0,0,,,76.824939504
4385963203,1,2023_5_10_1_1,2023,5,10,71,1,1,0,0,,,76.824939504
4385963207,1,2023_5_10_1_1,2023,5,10,-3,2,-3,0,0,,,209.81348063
4385963212,1,2023_5_10_1_1,2023,5,10,65,2,1,0.9998356275,1.0001643725,,,51.379152101
4385963215,1,2023_5_10_1_1,2023,5,10,70,2,1,0,0,,,40.076931194
4385963220,1,2023_5_10_1_1,2023,5,10,54,1,1,5.1747528237,11.37541196,,,159.45818543
4385963224,1,2023_5_10_1_1,2023,5,10,40,1,1,0,10.001643725,,,181.3604443
4385963225,1,2023_5_10_1_1,2023,5,10,68,1,1,0.9998356275,1.0001643725,,,76.824939504
4385963226,1,2023_5_10_1_1,2023,5,10,82,1,1,1.999671255,4.00065749,,,51.379152101
4385963227,1,2023_5_10_1_1,2023,5,10,70,1,1,0,0,,,76.824939504
4385963228,1,2023_5_10_1_1,2023,5,10,72,1,1,0.9998356275,0,,,44.909179549
4385963229,1,2023_5_10_1_1,2023,5,10,65,2,1,0.9998356275,0,,,40.076931194
4385963231,1,2023_5_10_1_1,2023,5,10,32,2,1,0,0,,,85.038344335
4385963235,1,2023_5_10_1_1,2023,5,10,73,2,1,7.99868502,8.00131498,,,76.824939504
4385963237,1,2023_5_10_1_1,2023,5,10,66,1,1,0,15.002465588,,,40.076931194
4385963238,1,2023_5_10_1_1,2023,5,10,50,2,1,0,0,,,85.038344335
4385963240,1,2023_5_10_1_1,2023,5,10,60,1,1,0,1.0001643725,,,85.038344335
4385963243,1,2023_5_10_1_1,2023,5,10,66,1,1,0,0,,,25.523855621
4385963248,1,2023_5_10_1_1,2023,5,10,69,1,1,0,4.00065749,,,52.401666279
4385963250,1,2023_5_10_1_1,2023,5,10,62,2,1,0,0,,,85.038344335
4385963251,1,2023_5_10_1_1,2023,5,10,70,1,1,3.99934251,0,1,,76.824939504
4385963252,1,2023_5_10_1_1,2023,5,10,48,2,1,0,0,,,95.291784089
4385963253,1,2023_5_10_1_1,2023,5,10,58,1,1,0,0,,,85.038344335
4385963254,1,2023_5_10_1_1,2023,5,10,76,2,1,0,0,,,98.490581347
4385963255,1,2023_5_10_1_1,2023,5,10,41,1,1,0,0,,,181.3604443
4385963256,1,2023_5_10_1_1,2023,5,10,70,1,1,0,2.000328745,,,40.076931194
4385963258,1,2023_5_10_1_1,2023,5,10,59,2,1,1.999671255,3.0004931175,,,85.038344335
4385963260,1,2023_5_10_1_1,2023,5,10,66,1,1,0,1.0001643725,,,98.490581347
4385963262,1,2023_5_10_1_1,2023,5,10,80,1,1,0,0,,,76.824939504
4385963264,1,2023_5_10_1_1,2023,5,10,73,1,1,0,0,,,76.824939504
4385963266,1,2023_5_10_1_1,2023,5,10,37,1,1,0,4.00065749,,,181.3604443
4385963268,1,2023_5_10_1_1,2023,5,10,54,2,1,0,0,,,95.291784089
4385963269,1,2023_5_10_1_1,2023,5,10,63,1,1,0,2.000328745,,,202.69499713
4385963271,1,2023_5_10_1_1,2023,5,10,50,2,1,0,0,,,109.0202742
4385963272,1,2023_5_10_1_1,2023,5,10,45,2,1,0,0,,,208.98496269
4385963275,1,2023_5_10_1_1,2023,5,10,68,1,1,0,4.00065749,,,203.72788079
4385963285,1,2023_5_10_1_1,2023,5,10,59,1,1,0,0,,,85.038344335
4385963287,1,2023_5_10_1_1,2023,5,10,74,2,1,0,0,,,76.824939504
4385963291,1,2023_5_10_1_1,2023,5,10,63,2,2,0,0,,,163.01312162
4385963292,1,2023_5_10_1_1,2023,5,10,68,1,1,0.9998356275,2.000328745,,,163.84379624
4385963296,1,2023_5_10_1_1,2023,5,10,26,1,1,0,12.00197247,,,181.3604443
4385963300,1,2023_5_10_1_1,2023,5,10,68,1,1,0,1.0001643725,,,44.909179549
4385963307,1,2023_5_10_1_1,2023,5,10,70,2,1,0.9998356275,0,,,76.824939504
4385963308,1,2023_5_10_1_1,2023,5,10,31,1,1,0,0,,,85.038344335
4385963312,1,2023_5_10_1_1,2023,5,10,44,2,1,0,0,,,107.0442527
4385963313,1,2023_5_10_1_1,2023,5,10,50,1,1,0,0,,,109.0202742
4385963317,1,2023_5_10_1_1,2023,5,10,53,2,1,0,0,,,227.1348067
4385963318,1,2023_5_10_1_1,2023,5,10,60,1,1,1.999671255,0,,,76.824939504
4385963319,1,2023_5_10_1_1,2023,5,10,25,2,1,0,1.0001643725,,,181.3604443
4385963326,1,2023_5_10_1_1,2023,5,10,52,2,1,0,0,,,95.291784089
4385963332,1,2023_5_10_1_1,2023,5,10,50,1,1,0,0,,,95.291784089
4385963334,1,2023_5_10_1_1,2023,5,10,60,2,1,0,0,,,163.01312162
4385963336,1,2023_5_10_1_1,2023,5,10,35,2,1,0,0,,,181.3604443
4385963337,1,2023_5_10_1_1,2023,5,10,91,2,1,0,0,,,98.490581347
4385963342,1,2023_5_10_1_1,2023,5,10,22,2,1,0,0,,,259.85764822
4385963348,1,2023_5_10_1_1,2023,5,10,-3,2,-3,0,0,,,131.61956429
4385963350,1,2023_5_10_1_1,2023,5,10,62,1,1,4.9991781375,5.0008218625,,,85.038344335
4385963351,1,2023_5_10_1_1,2023,5,10,75,1,1,7.99868502,5.0008218625,,,76.824939504
4385963354,1,2023_5_10_1_1,2023,5,10,87,1,1,0,0,,,76.274886834
4385963356,1,2023_5_10_1_1,2023,5,10,54,2,1,0,0,,,85.038344335
4385963358,1,2023_5_10_1_1,2023,5,10,72,1,3,0,0,,,44.909179549
4385963364,1,2023_5_10_1_1,2023,5,10,49,2,1,0,0,,,95.291784089
4385963368,1,2023_5_10_1_1,2023,5,10,-3,-3,-3,0,0,,,68.661404173
4385963369,1,2023_5_10_1_1,2023,5,10,81,1,1,0,0,,,40.076931194
4385963370,1,2023_5_10_1_1,2023,5,10,61,1,1,0,5.0008218625,,,44.909179549
4385963371,1,2023_5_10_1_1,2023,5,10,75,1,1,0,0,,,40.076931194
4385963372,1,2023_5_10_1_1,2023,5,10,67,2,1,0,0,,,85.471678741
4385963376,1,2023_5_10_1_1,2023,5,10,67,1,1,0,0,,,40.076931194
4385963378,1,2023_5_10_1_1,2023,5,10,69,1,1,0,2.000328745,,,76.824939504
4385963380,1,2023_5_10_1_1,2023,5,10,68,2,1,0,0,,,40.076931194
4385963381,1,2023_5_10_1_1,2023,5,10,60,2,1,0,0,,,109.0202742
4385963384,1,2023_5_10_1_1,2023,5,10,82,1,1,0,5.0008218625,,,40.076931194
4385963386,1,2023_5_10_1_1,2023,5,10,70,1,1,0,0,,,76.824939504
4385963389,1,2023_5_10_1_1,2023,5,10,74,2,1,0,0,,,40.076931194
4385963392,1,2023_5_10_1_1,2023,5,10,41,1,1,1.999671255,0,,,181.3604443
4385963393,1,2023_5_10_1_1,2023,5,10,72,1,1,1.999671255,1.0001643725,,,40.076931194
4385963398,1,2023_5_10_1_1,2023,5,10,40,2,1,7.99868502,0,,,182.66831641
4385963399,1,2023_5_10_1_1,2023,5,10,31,2,1,0,0,,,181.3604443
4385963400,1,2023_5_10_1_1,2023,5,10,-3,1,1,0,23.003780568,,,103.51074012
4385963401,1,2023_5_10_1_1,2023,5,10,43,2,1,0,0,,,227.1348067
4385963402,1,2023_5_10_1_1,2023,5,10,68,2,1,0,0,,,40.076931194
4385963404,1,2023_5_10_1_1,2023,5,10,68,1,1,0,0,,,40.076931194
4385963409,1,2023_5_10_1_1,2023,5,10,46,2,3,0,0,,,181.3604443
4385963412,1,2023_5_10_1_1,2023,5,10,64,1,1,5.999013765,0,,,85.038344335
4385963413,1,2023_5_10_1_1,2023,5,10,80,1,1,0,32.00525992,,,122.46589664
4385963415,1,2023_5_10_1_1,2023,5,10,73,2,1,0,0,,,40.076931194
4385963416,1,2023_5_10_1_1,2023,5,10,59,2,1,0,0,,,40.076931194
4385963420,1,2023_5_10_1_1,2023,5,10,29,1,1,0,8.00131498,,,181.3604443
4385963421,1,2023_5_10_1_1,2023,5,10,56,2,1,0,0,,,161.84597716
4385963423,1,2023_5_10_1_1,2023,5,10,56,1,1,11.99802753,25.004109313,,,109.0202742
4385963424,1,2023_5_10_1_1,2023,5,10,67,2,1,0,0,,,40.076931194
4385963425,1,2023_5_10_1_1,2023,5,10,71,1,1,0.9998356275,25.004109313,,,40.076931194
4385963428,1,2023_5_10_1_1,2023,5,10,75,2,2,0,0,,,76.824939504
4385963429,1,2023_5_10_1_1,2023,5,10,62,2,1,0,0,,,85.038344335
4385963434,1,2023_5_10_1_1,2023,5,10,59,1,1,0,0,,,109.0202742
4385963439,1,2023_5_10_1_1,2023,5,10,43,2,1,0,0,,,181.3604443
4385963441,1,2023_5_10_1_1,2023,5,10,47,1,1,0,0,,,85.038344335
4385963443,1,2023_5_10_1_1,2023,5,10,78,1,1,0,0,,,40.076931194
4385963444,1,2023_5_10_1_1,2023,5,10,66,1,1,0,2.000328745,,,40.076931194
4385963447,1,2023_5_10_1_1,2023,5,10,56,2,1,0,4.00065749,,,86.088053632
4385963449,1,2023_5_10_1_1,2023,5,10,75,2,1,0,0,,,44.909179549
4385963456,1,2023_5_10_1_1,2023,5,10,70,1,1,0.9998356275,3.0004931175,,,40.076931194
4385963460,1,2023_5_10_1_1,2023,5,10,55,1,1,17.048436759,22.951563241,,,170.82608742
4385963461,1,2023_5_10_1_1,2023,5,10,69,2,1,0,0,,,76.824939504
4385963465,1,2023_5_10_1_1,2023,5,10,64,2,1,0,0,,,40.076931194
4385963467,1,2023_5_10_1_1,2023,5,10,67,1,5,3.99934251,5.0008218625,,,40.076931194
4385963468,1,2023_5_10_1_1,2023,5,10,81,2,1,0,0,,,51.379152101
4385963469,1,2023_5_10_1_1,2023,5,10,76,1,1,0,0,,,76.824939504
4385963470,1,2023_5_10_1_1,2023,5,10,62,1,1,9.998356275,10.001643725,,,163.01312162
4385963471,1,2023_5_10_1_1,2023,5,10,74,2,1,0,0,,,40.076931194
4385963472,1,2023_5_10_1_1,2023,5,10,66,1,1,0,0,,,40.076931194
4385963473,1,2023_5_10_1_1,2023,5,10,79,1,1,2.9995068825,10.001643725,,,76.824939504
4385963474,1,2023_5_10_1_1,2023,5,10,71,1,1,7.99868502,4.00065749,,,40.076931194
4385963477,1,2023_5_10_1_1,2023,5,10,54,1,1,14.997534412,10.001643725,,,85.038344335
4385963479,1,2023_5_10_1_1,2023,5,10,61,2,1,0,0,,,85.038344335
4385963480,1,2023_5_10_1_1,2023,5,10,70,2,1,0,0,,,25.523855621
4385963486,1,2023_5_10_1_1,2023,5,10,52,2,1,0,0,,,85.038344335
4385963487,1,2023_5_10_1_1,2023,5,10,46,1,1,9.998356275,5.0008218625,,,181.3604443
4385963490,1,2023_5_10_1_1,2023,5,10,90,1,1,0,0,,,118.42331822
4385963495,1,2023_5_10_1_1,2023,5,10,68,1,1,5.999013765,5.0008218625,,,40.076931194
4385963496,1,2023_5_10_1_1,2023,5,10,63,2,1,0,0,,,76.824939504
4385963497,1,2023_5_10_1_1,2023,5,10,73,1,2,0,8.00131498,,,40.076931194
4385963503,1,2023_5_10_1_1,2023,5,10,39,1,1,0,0,,,227.1348067
4385963504,1,2023_5_10_1_1,2023,5,10,72,2,1,0,0,,,40.076931194
4385963511,1,2023_5_10_1_1,2023,5,10,58,2,1,0,0,,,85.038344335
4385963512,1,2023_5_10_1_1,2023,5,10,45,2,2,0,0,,,347.65648834
4385963519,1,2023_5_10_1_1,2023,5,10,65,1,1,0,0,,,40.076931194
4385963530,1,2023_5_10_1_1,2023,5,10,47,1,1,0,2.000328745,,,181.3604443
4385963535,1,2023_5_10_1_1,2023,5,10,66,1,1,2.9995068825,10.001643725,,,40.076931194
4385963539,1,2023_5_10_1_1,2023,5,10,62,1,1,0.9998356275,5.0008218625,,,109.0202742
4385963541,1,2023_5_10_1_1,2023,5,10,47,2,1,1.999671255,0,,,181.3604443
4385963542,1,2023_5_10_1_1,2023,5,10,64,1,1,0.9998356275,0,,,85.038344335
4385963544,1,2023_5_10_1_1,2023,5,10,64,2,1,0,0,,,40.076931194
4385963547,1,2023_5_10_1_1,2023,5,10,71,1,1,0,0,,,40.076931194
4385963548,1,2023_5_10_1_1,2023,5,10,64,1,1,0,1.0001643725,,,85.038344335
4385963549,1,2023_5_10_1_1,2023,5,10,77,1,1,9.998356275,0,,,40.076931194
4385963550,1,2023_5_10_1_1,2023,5,10,75,2,1,0.9998356275,2.000328745,,,86.088053632
4385963551,1,2023_5_10_1_1,2023,5,10,71,1,1,0,0,,,40.076931194
4385963552,1,2023_5_10_1_1,2023,5,10,54,2,1,0,0,,,85.038344335
4385963553,1,2023_5_10_1_1,2023,5,10,60,1,1,0,0,,,181.3604443
4385963557,1,2023_5_10_1_1,2023,5,10,58,2,1,0,0,,,202.69499713
4385963560,1,2023_5_10_1_1,2023,5,10,51,2,1,0,0,,,109.0202742
4385963565,1,2023_5_10_1_1,2023,5,10,67,2,2,0,0,,,40.076931194
4385963569,1,2023_5_10_1_1,2023,5,10,65,1,1,0,0,,,40.076931194
4385963571,1,2023_5_10_1_1,2023,5,10,52,1,3,0,0,,,95.291784089
4385963575,1,2023_5_10_1_1,2023,5,10,69,1,1,0,0,,,40.076931194
4385963580,1,2023_5_10_1_1,2023,5,10,40,2,1,0,0,,,95.291784089
4385963582,1,2023_5_10_1_1,2023,5,10,59,1,1,0,2.000328745,,,85.038344335
4385963583,1,2023_5_10_1_1,2023,5,10,78,2,1,0,0,,,44.909179549
4385963585,1,2023_5_10_1_1,2023,5,10,42,2,1,0,0,,,85.471678741
4385963591,1,2023_5_10_1_0,2023,5,10,48,2,1,0,0,,,1449.0635555
4385963594,1,2023_5_10_1_0,2023,5,10,-3,-3,-3,0,0,1,1,613.82855791
4385963606,1,2023_5_10_1_0,2023,5,10,31,2,1,0,0,,,679.45337292
4385963610,1,2023_5_10_1_0,2023,5,10,58,1,2,0,0,,,358.82276117
4385963615,1,2023_5_10_1_0,2023,5,10,63,2,3,0,0,,,358.82276117
4385963617,1,2023_5_10_1_0,2023,5,10,53,2,2,0,0,,,761.37799503
4385963618,1,2023_5_10_1_0,2023,5,10,86,1,1,0,0,,,687.84051319
4385963621,1,2023_5_10_1_0,2023,5,10,68,2,1,0,0,,,613.82855791
4385963623,1,2023_5_10_1_0,2023,5,10,63,2,1,0,0,,,3453.9469874
4385963630,1,2023_5_10_1_0,2023,5,10,43,2,1,0,0,,,1293.1436511
4385963636,1,2023_5_10_1_0,2023,5,10,70,1,1,0,0,,,763.25130483
4385963637,1,2023_5_10_1_0,2023,5,10,61,2,1,0,0,,,1302.4690942
4385963640,1,2023_5_10_1_0,2023,5,10,71,1,1,0,0,,,410.51761374
4385963641,1,2023_5_10_1_0,2023,5,10,75,2,1,0,0,,,275.33321499
4385963656,1,2023_5_10_1_0,2023,5,10,83,1,1,0,0,,,410.51761374
4385963662,1,2023_5_10_1_0,2023,5,10,68,2,1,0,0,,,763.25130483
4385963665,1,2023_5_10_1_0,2023,5,10,-3,2,-3,0,0,,,1051.635678
4385963666,1,2023_5_10_1_0,2023,5,10,68,2,1,0,0,,,687.84051319
4385963668,1,2023_5_10_1_0,2023,5,10,73,2,2,0,0,,,682.91569954
4385963672,1,2023_5_10_1_0,2023,5,10,75,1,1,0,0,,,613.82855791
4385963674,1,2023_5_10_1_0,2023,5,10,48,1,3,0,0,,,1619.5258804
4385963693,1,2023_5_10_1_0,2023,5,10,50,2,1,0,0,,,2777.763084
4385963703,1,2023_5_10_1_0,2023,5,10,66,2,1,0,0,,,645.39405221
4385963705,1,2023_5_10_1_0,2023,5,10,65,2,1,0,0,,,763.25130483
4385963708,1,2023_5_10_1_0,2023,5,10,41,2,1,0,0,,,3082.3007045
4385963712,1,2023_5_10_1_0,2023,5,10,61,2,1,0,0,,,1459.5134075
4385963718,1,2023_5_10_1_0,2023,5,10,31,2,4,0,0,,,1449.0635555
4385963720,1,2023_5_10_1_0,2023,5,10,34,1,1,0,0,,,679.45337292
4385963728,1,2023_5_10_1_0,2023,5,10,72,1,1,0,0,,,613.82855791
4385963732,1,2023_5_10_1_0,2023,5,10,64,2,1,0,0,,,1302.4690942
4385963736,1,2023_5_10_1_0,2023,5,10,17,2,3,0,0,,,4516.1286553
4385963744,1,2023_5_10_1_0,2023,5,10,-3,1,1,0,4.00065749,,,1676.4023125
4385963746,1,2023_5_10_1_0,2023,5,10,35,1,-3,0,0,,,761.37799503
4385963750,1,2023_5_10_1_0,2023,5,10,61,1,1,0,0,,,687.84051319
4385963752,1,2023_5_10_1_0,2023,5,10,60,1,1,0,0,,,1459.5134075
4385963756,1,2023_5_10_1_0,2023,5,10,66,1,1,0,0,,,613.82855791
4385963758,1,2023_5_10_1_0,2023,5,10,52,2,1,0,0,,,1669.7824834
4385963761,1,2023_5_10_1_0,2023,5,10,92,2,1,0,0,,,1875.7190855
4385963764,1,2023_5_10_1_0,2023,5,10,69,2,1,0,0,,,320.21326719
4385963768,1,2023_5_10_1_0,2023,5,10,78,2,1,0,0,,,786.93627234
4385963776,1,2023_5_10_1_0,2023,5,10,71,1,1,0,0,,,320.21326719
4385963777,1,2023_5_10_1_0,2023,5,10,70,1,4,0,0,,,358.82276117
4385963787,1,2023_5_10_1_0,2023,5,10,43,1,5,0,0,,,358.82276117
4385963790,1,2023_5_10_1_0,2023,5,10,56,1,1,0,0,,,358.82276117
4385963792,1,2023_5_10_1_0,2023,5,10,72,2,-3,0,0,,,682.91569954
4385963799,1,2023_5_10_1_0,2023,5,10,45,2,1,0,0,,,1449.0635555
4385963801,1,2023_5_10_1_0,2023,5,10,56,2,1,0,0,,,761.37799503
4385963805,1,2023_5_10_1_0,2023,5,10,54,2,1,0,0,,,679.45337292
4385963806,1,2023_5_10_1_0,2023,5,10,16,2,2,0,0,,,1449.0635555
4385963809,1,2023_5_10_1_0,2023,5,10,66,2,3,0,0,1,1,763.25130483
4385963811,1,2023_5_10_1_0,2023,5,10,71,1,1,0,2.000328745,,,320.21326719
4385963813,1,2023_5_10_1_0,2023,5,10,61,1,1,0,0,,,1669.7824834
4385963814,1,2023_5_10_1_0,2023,5,10,61,2,1,0,0,,,1459.5134075
4385963818,1,2023_5_10_1_0,2023,5,10,78,1,1,0,0,,,320.21326719
4385963821,1,2023_5_10_1_0,2023,5,10,68,1,5,1.999671255,0,,,320.21326719
4385963822,1,2023_5_10_1_0,2023,5,10,-3,2,2,0,0,,,1051.635678
4385963830,1,2023_5_10_1_0,2023,5,10,30,1,1,0,0,,,679.45337292
4385963841,1,2023_5_10_1_0,2023,5,10,50,1,3,0,1.0001643725,,,2777.763084
4385963845,1,2023_5_10_1_0,2023,5,10,82,2,1,0,0,,,786.93627234
4385963848,1,2023_5_10_1_0,2023,5,10,72,2,1,0,0,,,1463.1044238
4385963852,1,2023_5_10_1_0,2023,5,10,28,2,1,0,0,,,1619.5258804
4385963854,1,2023_5_10_1_0,2023,5,10,20,1,4,0,0,,,1814.7990971
4385963857,1,2023_5_10_1_0,2023,5,10,30,1,1,0,0,,,871.068147
4385963859,1,2023_5_10_1_0,2023,5,10,69,1,1,0,0,,,613.82855791
4385963860,1,2023_5_10_1_0,2023,5,10,64,1,1,0,0,,,855.27980483
4385963863,1,2023_5_10_1_0,2023,5,10,54,1,1,0,0,,,1669.7824834
4385963870,1,2023_5_10_1_0,2023,5,10,55,2,1,0,0,,,761.37799503
4385963871,1,2023_5_10_1_0,2023,5,10,54,1,1,0.9998356275,0,,,1245.9675108
4385963883,1,2023_5_10_1_0,2023,5,10,85,1,1,0,0,,,613.82855791
4385963884,1,2023_5_10_1_0,2023,5,10,59,1,1,0,0,,,687.84051319
4385963885,1,2023_5_10_1_0,2023,5,10,46,2,1,0,0,,,3453.9469874
4385963887,1,2023_5_10_1_0,2023,5,10,55,2,1,0,0,,,679.45337292
4385963889,1,2023_5_10_1_0,2023,5,10,77,1,1,0,0,,,613.82855791
4385963892,1,2023_5_10_1_0,2023,5,10,66,1,1,0,8.00131498,,,320.21326719
4385963900,1,2023_5_10_1_0,2023,5,10,65,1,1,0,0,,,613.82855791
4385963907,1,2023_5_10_1_0,2023,5,10,65,1,1,0,0,,,613.82855791
4385963908,1,2023_5_10_1_0,2023,5,10,45,2,1,0,0,,,761.37799503
4385963913,1,2023_5_10_1_0,2023,5,10,79,2,1,0,0,,,536.76282978
4385963921,1,2023_5_10_1_0,2023,5,10,36,1,1,0,0,,,2777.763084
4385963924,1,2023_5_10_1_0,2023,5,10,49,1,1,0,0,,,418.68746597
4385963925,1,2023_5_10_1_0,2023,5,10,87,2,1,0,0,,,786.93627234
4385963927,1,2023_5_10_1_0,2023,5,10,71,1,1,0,0,,,613.82855791
4385963929,1,2023_5_10_1_0,2023,5,10,65,1,1,0,0,,,320.21326719
4385963933,1,2023_5_10_1_0,2023,5,10,71,1,1,0,0,,,613.82855791
4385963940,1,2023_5_10_1_0,2023,5,10,42,2,1,0,0,,,679.45337292
4385963949,1,2023_5_10_1_0,2023,5,10,73,1,1,0,4.00065749,,,320.21326719
4385963951,1,2023_5_10_1_0,2023,5,10,66,2,1,0,0,,,410.51761374
4385963955,1,2023_5_10_1_0,2023,5,10,93,2,1,0,0,,,786.93627234
4385963966,1,2023_5_10_1_0,2023,5,10,49,2,1,0,0,,,2777.763084
4385963967,1,2023_5_10_1_0,2023,5,10,67,1,1,0,0,,,320.21326719
4385963971,1,2023_5_10_1_0,2023,5,10,54,1,1,0,0,,,1302.4690942
4385963973,1,2023_5_10_1_0,2023,5,10,59,2,1,0,0,,,763.25130483
4385963979,1,2023_5_10_1_0,2023,5,10,50,1,1,0,0,1,1,1669.7824834
4385963981,1,2023_5_10_1_0,2023,5,10,23,2,5,0,0,,,1619.5258804
4385963988,1,2023_5_10_1_0,2023,5,10,-3,-3,-3,0,0,,,614.7495304
4385964005,1,2023_5_10_1_0,2023,5,10,58,1,1,0,0,,,679.45337292
4385964006,1,2023_5_10_1_0,2023,5,10,57,2,1,0,0,,,1245.9675108
4385964014,1,2023_5_10_1_0,2023,5,10,44,1,2,0,0,,,1449.0635555
4385964017,1,2023_5_10_1_0,2023,5,10,59,2,2,0,0,,,1449.0635555
4385964028,1,2023_5_10_1_0,2023,5,10,71,1,1,0,0,,,786.93627234
4385964038,1,2023_5_10_1_0,2023,5,10,64,1,1,0,0,,,1449.0635555
4385964041,1,2023_5_10_1_0,2023,5,10,44,2,1,0,0,,,1449.0635555
4385964045,1,2023_5_10_1_0,2023,5,10,35,2,1,0,0,,,1449.0635555
4385964052,1,2023_5_10_1_0,2023,5,10,77,1,2,0,0,,,613.82855791
4385964059,1,2023_5_10_1_0,2023,5,10,65,2,2,0,0,,,358.82276117
4385964068,1,2023_5_10_1_0,2023,5,10,37,1,4,0,0,,,2076.2534471
4385964091,1,2023_5_10_1_0,2023,5,10,49,2,3,0,0,,,679.45337292
4385964096,1,2023_5_10_1_0,2023,5,10,64,2,1,0,0,,,1302.4690942
4385964103,1,2023_5_10_1_0,2023,5,10,67,1,1,0,0,,,978.4981962
4385964112,1,2023_5_10_1_0,2023,5,10,68,1,2,0,0,,,978.4981962
4385964115,1,2023_5_10_1_0,2023,5,10,45,1,2,0,0,,,2076.2534471
4385964118,1,2023_5_10_1_0,2023,5,10,47,2,1,0,0,,,1449.0635555
4385964119,1,2023_5_10_1_0,2023,5,10,57,1,2,0,0,,,6620.9976775
4385964128,1,2023_5_10_1_0,2023,5,10,59,1,1,0,0,,,871.068147
4385964129,1,2023_5_10_1_0,2023,5,10,54,2,1,0,0,,,1459.5134075
4385964130,1,2023_5_10_1_0,2023,5,10,38,1,1,0,0,,,871.068147
4385964131,1,2023_5_10_1_0,2023,5,10,41,1,1,0,0,,,1449.0635555
4385964134,1,2023_5_10_1_0,2023,5,10,61,2,1,0,2.000328745,,,871.068147
4385964137,1,2023_5_10_1_0,2023,5,10,70,1,-3,0,0,,,613.82855791
4385964139,1,2023_5_10_1_0,2023,5,10,59,1,1,0,0,,,679.45337292
4385964141,1,2023_5_10_1_0,2023,5,10,77,2,2,0,0,,,410.51761374
4385964143,1,2023_5_10_1_0,2023,5,10,84,2,1,0,0,,,613.82855791
4385964145,1,2023_5_10_1_0,2023,5,10,81,1,1,0,0,,,613.82855791
4385964146,1,2023_5_10_1_0,2023,5,10,74,2,1,0,0,,,410.51761374
4385964147,1,2023_5_10_1_0,2023,5,10,77,2,1,0,0,,,1309.1061551
4385964156,1,2023_5_10_1_0,2023,5,10,40,1,1,0,5.0008218625,,,1449.0635555
4385964164,1,2023_5_10_1_0,2023,5,10,47,1,1,0,0,,,679.45337292
4385964178,1,2023_5_10_1_0,2023,5,10,87,2,1,0,0,,,978.4981962
4385964179,1,2023_5_10_1_0,2023,5,10,22,2,1,0,0,,,1449.0635555
4385964182,1,2023_5_10_1_0,2023,5,10,75,2,1,0,0,,,786.93627234
4385964184,1,2023_5_10_1_0,2023,5,10,66,2,1,0,0,,,946.19813716
4385964191,1,2023_5_10_1_0,2023,5,10,64,2,1,0,0,,,1639.5172312
4385964192,1,2023_5_10_1_0,2023,5,10,51,2,1,0,0,,,1449.0635555
4385964200,1,2023_5_10_1_0,2023,5,10,61,1,3,0,0,,,1459.5134075
4385964201,1,2023_5_10_1_0,2023,5,10,41,1,1,0,0,,,1449.0635555
4385964214,1,2023_5_10_1_0,2023,5,10,50,1,1,0,0,,,761.37799503
4385964215,1,2023_5_10_1_0,2023,5,10,58,1,1,0,0,,,2076.2534471
4385964223,1,2023_5_10_1_0,2023,5,10,55,1,1,0,0,,,679.45337292
4385964226,1,2023_5_10_1_0,2023,5,10,58,1,1,0,6.000986235,,,1302.4690942
4385964229,1,2023_5_10_1_0,2023,5,10,60,2,1,0,0,,,679.45337292
4385964230,1,2023_5_10_1_0,2023,5,10,77,2,1,0,0,,,786.93627234
4385964235,1,2023_5_10_1_0,2023,5,10,79,1,1,0,0,,,1875.7190855
4385964238,1,2023_5_10_1_0,2023,5,10,29,1,1,0,0,,,679.45337292
4385964249,1,2023_5_10_1_0,2023,5,10,66,2,2,0,0,,,1875.7190855
4385964254,1,2023_5_10_1_0,2023,5,10,40,2,1,0,0,,,2076.2534471
4385964255,1,2023_5_10_1_0,2023,5,10,39,2,1,0,0,,,2076.2534471
4385964265,1,2023_5_10_1_0,2023,5,10,77,1,1,0,0,,,320.21326719
4385964270,1,2023_5_10_1_0,2023,5,10,33,2,1,0,0,,,1619.5258804
4385964271,1,2023_5_10_1_0,2023,5,10,58,1,1,0,0,,,1302.4690942
4385964274,1,2023_5_10_1_0,2023,5,10,47,1,1,0,0,,,2777.763084
4385964275,1,2023_5_10_1_0,2023,5,10,73,1,1,0,0,,,687.84051319
4385964276,1,2023_5_10_1_0,2023,5,10,75,1,1,0,0,,,613.82855791
4385964278,1,2023_5_10_1_0,2023,5,10,78,1,1,0,0,,,613.82855791
4385964281,1,2023_5_10_1_0,2023,5,10,48,1,1,0,0,,,1449.0635555
4385964282,1,2023_5_10_1_0,2023,5,10,94,1,-3,0,0,,,613.82855791
4385964284,1,2023_5_10_1_0,2023,5,10,75,2,1,0,0,,,613.82855791
4385964291,1,2023_5_10_1_0,2023,5,10,60,2,1,0,0,,,871.068147
4385964292,1,2023_5_10_1_0,2023,5,10,88,1,1,0,0,,,786.93627234
4385964298,1,2023_5_10_1_0,2023,5,10,68,1,1,0,0,,,320.21326719
4385964304,1,2023_5_10_1_0,2023,5,10,53,1,1,0,0,,,1459.5134075
4385964306,1,2023_5_10_1_0,2023,5,10,64,1,1,0,0,,,1302.4690942
4385964313,1,2023_5_10_1_0,2023,5,10,63,2,1,0,0,,,1302.4690942
4385964317,1,2023_5_10_1_0,2023,5,10,64,1,1,0,0,,,1669.7824834
4385964325,1,2023_5_10_1_0,2023,5,10,31,2,1,0,0,,,679.45337292
4385964327,1,2023_5_10_1_0,2023,5,10,66,1,1,0,0,,,613.82855791
4385964330,1,2023_5_10_1_0,2023,5,10,70,1,1,0,0,,,687.84051319
4385964334,1,2023_5_10_1_0,2023,5,10,76,1,1,0,0,,,410.51761374
4385964337,1,2023_5_10_1_0,2023,5,10,71,1,1,0,0,,,410.51761374
4385964338,1,2023_5_10_1_0,2023,5,10,82,1,1,0,0,,,786.93627234
4385964342,1,2023_5_10_1_0,2023,5,10,70,1,1,0,0,,,786.93627234
4385964348,1,2023_5_10_1_0,2023,5,10,59,2,3,0,0,,,1449.0635555
4385964354,1,2023_5_10_1_0,2023,5,10,57,1,1,0,0,,,679.45337292
4385964356,1,2023_5_10_1_0,2023,5,10,73,1,1,0,0,,,786.93627234
4385964359,1,2023_5_10_1_0,2023,5,10,72,1,1,0,0,,,687.84051319
4385964360,1,2023_5_10_1_0,2023,5,10,32,2,2,0,0,,,3082.3007045
4385964364,1,2023_5_10_1_0,2023,5,10,74,1,1,0,0,,,613.82855791
4385964365,1,2023_5_10_1_0,2023,5,10,38,1,1,0,0,,,871.068147
4385964370,1,2023_5_10_1_0,2023,5,10,32,1,1,0,0,,,871.068147
4385964373,1,2023_5_10_1_0,2023,5,10,79,1,1,0,0,,,613.82855791
4385964377,1,2023_5_10_1_0,2023,5,10,61,2,1,0,0,,,1302.4690942
4385964380,1,2023_5_10_1_0,2023,5,10,71,1,5,0,0,,,687.84051319
4385964381,1,2023_5_10_1_0,2023,5,10,63,2,1,0,0,,,687.84051319
4385964389,1,2023_5_10_1_0,2023,5,10,52,2,3,0,0,,,1619.5258804
4385964393,1,2023_5_10_1_0,2023,5,10,30,2,4,0,0,,,679.45337292
4385964401,1,2023_5_10_1_0,2023,5,10,74,1,-3,0,12.00197247,,,978.4981962
4385964403,1,2023_5_10_1_0,2023,5,10,63,1,3,0,0,,,679.45337292
4385964409,1,2023_5_10_1_0,2023,5,10,45,1,2,0,0,,,2076.2534471
4385964410,1,2023_5_10_1_0,2023,5,10,68,1,-3,0,0,,,320.21326719
4385964413,1,2023_5_10_1_0,2023,5,10,65,2,2,0,0,,,358.82276117
4385964420,1,2023_5_10_1_0,2023,5,10,37,1,3,0,0,,,2076.2534471
4385964425,1,2023_5_10_1_0,2023,5,10,69,2,2,0,0,,,320.21326719
4385964430,1,2023_5_10_1_0,2023,5,10,80,1,1,0,0,,,786.93627234
4385964431,1,2023_5_10_1_0,2023,5,10,73,1,2,0,0,,,613.82855791
4385964439,1,2023_5_10_1_0,2023,5,10,53,2,1,0,0,,,679.45337292
4385964449,1,2023_5_10_1_0,2023,5,10,57,2,1,0,0,,,679.45337292
4385964450,1,2023_5_10_1_0,2023,5,10,72,2,1,0,0,,,320.21326719
4385964456,1,2023_5_10_1_0,2023,5,10,37,2,1,0,0,,,1449.0635555
4385964463,1,2023_5_10_1_0,2023,5,10,68,2,2,0,0,,,786.93627234
4385964469,1,2023_5_10_1_0,2023,5,10,64,1,1,0,5.0008218625,,,1449.0635555
4385964470,1,2023_5_10_1_0,2023,5,10,61,2,4,0,0,,,2076.2534471
4385964472,1,2023_5_10_1_0,2023,5,10,28,1,1,0,0,,,871.068147
4385964482,1,2023_5_10_1_0,2023,5,10,53,2,1,0,0,,,1459.5134075
4385964485,1,2023_5_10_1_0,2023,5,10,88,2,1,0,0,,,613.82855791
4385964491,1,2023_5_10_1_0,2023,5,10,38,1,1,0,0,,,2076.2534471
4385964495,1,2023_5_10_1_0,2023,5,10,77,1,1,0,0,,,687.84051319
4385964496,1,2023_5_10_1_0,2023,5,10,79,1,1,0,0,,,613.82855791
4385964500,1,2023_5_10_1_0,2023,5,10,84,2,2,0,0,,,613.82855791
4385964503,1,2023_5_10_1_0,2023,5,10,67,1,1,0,0,,,320.21326719
4385964505,1,2023_5_10_1_0,2023,5,10,39,1,4,0,0,,,1449.0635555
4385964506,1,2023_5_10_1_0,2023,5,10,69,2,1,0,0,,,613.82855791
4385964509,1,2023_5_10_1_0,2023,5,10,66,1,1,0,0,,,613.82855791
4385964514,1,2023_5_10_1_0,2023,5,10,86,1,1,0,0,,,320.21326719
4385964516,1,2023_5_10_1_0,2023,5,10,91,2,1,0,0,,,786.93627234
4385964518,1,2023_5_10_1_0,2023,5,10,35,1,1,0,0,,,679.45337292
4385964526,1,2023_5_10_1_0,2023,5,10,82,1,1,0,0,,,613.82855791
4385964529,1,2023_5_10_1_0,2023,5,10,90,1,1,0,0,,,613.82855791
4385964533,1,2023_5_10_1_0,2023,5,10,51,1,4,0,0,,,1449.0635555
4385964534,1,2023_5_10_1_0,2023,5,10,70,2,2,0,0,,,613.82855791
4385964537,1,2023_5_10_1_0,2023,5,10,62,1,1,0,0,,,871.068147
4385964538,1,2023_5_10_1_0,2023,5,10,83,1,1,0,0,,,786.93627234
4385964539,1,2023_5_10_1_0,2023,5,10,61,1,1,0,0,,,1669.7824834
4385964553,1,2023_5_10_1_0,2023,5,10,74,1,1,0,0,,,410.51761374
4385964554,1,2023_5_10_1_0,2023,5,10,86,2,1,0,0,,,469.17041859
4385964561,1,2023_5_10_1_0,2023,5,10,39,2,1,0,0,,,1449.0635555
4385964564,1,2023_5_10_1_0,2023,5,10,75,2,1,0,0,,,1875.7190855
4385964567,1,2023_5_10_1_0,2023,5,10,60,1,1,0,0,,,763.25130483
4385964569,1,2023_5_10_1_0,2023,5,10,60,1,1,0,0,,,1302.4690942
4385964571,1,2023_5_10_1_0,2023,5,10,39,1,1,0,0,,,1449.0635555
4385964577,1,2023_5_10_1_0,2023,5,10,61,2,1,0,0,,,1302.4690942
4385964578,1,2023_5_10_1_0,2023,5,10,72,2,1,0,0,,,613.82855791
4385964582,1,2023_5_10_1_0,2023,5,10,58,1,2,0,0,,,679.45337292
4385964583,1,2023_5_10_1_0,2023,5,10,71,1,1,0,0,,,613.82855791
4385964584,1,2023_5_10_1_0,2023,5,10,58,1,1,0,26.973461893,,,526.55123523
4385964587,1,2023_5_10_1_0,2023,5,10,67,1,2,0,0,,,410.51761374
4385964589,1,2023_5_10_1_0,2023,5,10,87,2,1,0,0,,,536.76282978
4385964594,1,2023_5_10_1_0,2023,5,10,58,1,1,0,0,,,1068.2006105
4385964598,1,2023_5_10_1_0,2023,5,10,65,2,1,0,0,,,320.21326719
4385964600,1,2023_5_10_1_0,2023,5,10,34,2,1,0,0,,,1449.0635555
4385964601,1,2023_5_10_1_0,2023,5,10,71,1,1,0,0,,,320.21326719
4385964602,1,2023_5_10_1_0,2023,5,10,58,2,2,0,0,,,871.068147
4385964606,1,2023_5_10_1_0,2023,5,10,67,1,1,0,0,,,613.82855791
4385964609,1,2023_5_10_1_0,2023,5,10,71,2,1,0,0,,,410.51761374
4385964611,1,2023_5_10_1_0,2023,5,10,79,1,1,0,0,,,613.82855791
4385964612,1,2023_5_10_1_0,2023,5,10,45,1,1,0,0,,,2076.2534471
4385964614,1,2023_5_10_1_0,2023,5,10,66,1,1,0,0,,,320.21326719
4385964616,1,2023_5_10_1_0,2023,5,10,80,1,1,0,0,,,613.82855791
4385964622,1,2023_5_10_1_0,2023,5,10,31,1,1,0,0,,,679.45337292
4385964624,1,2023_5_10_1_0,2023,5,10,45,2,1,0,0,,,1449.0635555
4385964628,1,2023_5_10_1_0,2023,5,10,34,1,1,0,0,,,1449.0635555
4385964630,1,2023_5_10_1_0,2023,5,10,58,1,1,0,0,,,1459.5134075
4385964632,1,2023_5_10_1_0,2023,5,10,71,2,1,0,0,,,320.21326719
4385964633,1,2023_5_10_1_0,2023,5,10,61,1,2,0,0,,,1302.4690942
4385964635,1,2023_5_10_1_0,2023,5,10,26,2,3,0,0,,,1459.5134075
4385964639,1,2023_5_10_1_0,2023,5,10,64,2,1,0,0,,,679.45337292
4385964642,1,2023_5_10_1_0,2023,5,10,64,2,1,0,0,,,1302.4690942
4385964648,1,2023_5_10_1_0,2023,5,10,74,2,1,0,0,,,613.82855791
4385964649,1,2023_5_10_1_0,2023,5,10,62,1,1,0,0,,,687.84051319
4385964651,1,2023_5_10_1_0,2023,5,10,65,2,1,0,0,,,410.51761374
4385964653,1,2023_5_10_1_0,2023,5,10,76,2,1,0,0,,,613.82855791
4385964659,1,2023_5_10_1_0,2023,5,10,59,1,1,0,0,,,679.45337292
4385964670,1,2023_5_10_1_0,2023,5,10,59,1,1,0,0,,,679.45337292
4385964675,1,2023_5_10_1_0,2023,5,10,50,2,5,0,0,,,1814.7990971
4385964679,1,2023_5_10_1_0,2023,5,10,76,2,1,0,0,,,358.82276117
4385964693,1,2023_5_10_1_0,2023,5,10,81,1,1,0,0,,,613.82855791
4385964695,1,2023_5_10_1_0,2023,5,10,-3,-3,-3,0,0,,1,845.65367891
4385964701,1,2023_5_10_1_0,2023,5,10,72,2,1,0,0,,,410.51761374
4385964702,1,2023_5_10_1_0,2023,5,10,61,2,1,0,0,,,871.068147
4385964705,1,2023_5_10_1_0,2023,5,10,63,1,1,0,0,,,320.21326719
4385964709,1,2023_5_10_1_0,2023,5,10,71,2,1,0,0,,,320.21326719
4385964710,1,2023_5_10_1_0,2023,5,10,72,2,1,0,0,,,320.21326719
4385964711,1,2023_5_10_1_0,2023,5,10,80,2,1,0,0,,,320.21326719
4385964714,1,2023_5_10_1_0,2023,5,10,60,1,1,0,0,,,3980.0463936
4385964716,1,2023_5_10_1_0,2023,5,10,50,2,1,0,0,,,1449.0635555
4385964720,1,2023_5_10_1_0,2023,5,10,44,1,1,0,0,,,3980.0463936
4385964721,1,2023_5_10_1_0,2023,5,10,-3,1,1,0,0,,,1051.635678
4385964722,1,2023_5_10_1_0,2023,5,10,67,1,1,0,0,,,320.21326719
4385964724,1,2023_5_10_1_0,2023,5,10,73,1,-3,0,0,,,786.93627234
4385964725,1,2023_5_10_1_0,2023,5,10,81,1,1,0,0,,,613.82855791
4385964726,1,2023_5_10_1_0,2023,5,10,65,2,1,0,0,,,613.82855791
4385964731,1,2023_5_10_1_0,2023,5,10,73,1,1,0,0,,,410.51761374
4385964733,1,2023_5_10_1_0,2023,5,10,58,2,1,0,0,,,679.45337292
4385964734,1,2023_5_10_1_0,2023,5,10,69,2,1,0,0,,,687.84051319
4385964737,1,2023_5_10_1_0,2023,5,10,62,1,-3,0.9998356275,2.000328745,,,679.45337292
4385964738,1,2023_5_10_1_0,2023,5,10,63,1,1,0,0,,,1302.4690942
4385964740,1,2023_5_10_1_0,2023,5,10,88,1,1,0,0,,,613.82855791
4385964742,1,2023_5_10_1_0,2023,5,10,66,1,1,0,0,,,320.21326719
4385964743,1,2023_5_10_1_0,2023,5,10,74,1,1,0,0,,,320.21326719
4385964752,1,2023_5_10_1_0,2023,5,10,81,2,1,0,0,,1,786.93627234
4385964755,1,2023_5_10_1_0,2023,5,10,40,2,1,0,0,,,1449.0635555
4385964757,1,2023_5_10_1_0,2023,5,10,69,1,1,0,0,,,613.82855791
4385964769,1,2023_5_10_1_0,2023,5,10,46,2,1,0,0,,,871.068147
4385964774,1,2023_5_10_1_0,2023,5,10,88,2,2,0,0,,,786.93627234
4385964777,1,2023_5_10_1_0,2023,5,10,59,2,2,0,0,,,2076.2534471
4385964780,1,2023_5_10_1_0,2023,5,10,53,1,1,0,0,,,871.068147
4385964784,1,2023_5_10_1_0,2023,5,10,66,1,1,0,0,,,786.93627234
4385964789,1,2023_5_10_1_0,2023,5,10,86,1,4,0,0,,,418.68746597
4385964796,1,2023_5_10_1_0,2023,5,10,75,2,1,0,0,,,786.93627234
4385964799,1,2023_5_10_1_0,2023,5,10,75,2,1,0,0,,,786.93627234
4385964802,1,2023_5_10_1_0,2023,5,10,64,1,1,0,0,,,1459.5134075
4385964803,1,2023_5_10_1_0,2023,5,10,83,1,1,0,0,,,613.82855791
4385964804,1,2023_5_10_1_0,2023,5,10,87,2,1,0,0,,,613.82855791
4385964806,1,2023_5_10_1_0,2023,5,10,63,2,1,0,0,,,3104.5285674
4385964812,1,2023_5_10_1_0,2023,5,10,55,2,1,0,0,,,687.84051319
4385964813,1,2023_5_10_1_0,2023,5,10,50,2,1,0,0,,,679.45337292
4385964815,1,2023_5_10_1_0,2023,5,10,68,2,1,0,0,,,320.21326719
4385964818,1,2023_5_10_1_0,2023,5,10,79,1,1,0,1.0001643725,,,320.21326719
4385964827,1,2023_5_10_1_0,2023,5,10,71,1,1,0,0,,,613.82855791
4385964829,1,2023_5_10_1_0,2023,5,10,66,1,1,1.999671255,0,,,320.21326719
4385964832,1,2023_5_10_1_0,2023,5,10,83,1,1,0,0,,,613.82855791
4385964837,1,2023_5_10_1_0,2023,5,10,64,2,1,0,0,,,320.21326719
4385964838,1,2023_5_10_1_0,2023,5,10,80,1,1,0,0,,,320.21326719
4385964840,1,2023_5_10_1_0,2023,5,10,79,2,1,0,0,,,786.93627234
4385964846,1,2023_5_10_1_0,2023,5,10,82,2,1,0,0,,,613.82855791
4385964847,1,2023_5_10_1_0,2023,5,10,77,1,1,0,0,,,613.82855791
4385964850,1,2023_5_10_1_0,2023,5,10,67,2,1,0,0,,,320.21326719
4385964851,1,2023_5_10_1_0,2023,5,10,62,2,1,0,0,,,320.21326719
4385964854,1,2023_5_10_1_0,2023,5,10,63,1,1,0,0,,,687.84051319
4385964856,1,2023_5_10_1_0,2023,5,10,76,1,1,5.9987672569,12.501540929,,,287.07000505
4385964859,1,2023_5_10_1_0,2023,5,10,69,2,5,0,0,,,613.82855791
4385964862,1,2023_5_10_1_0,2023,5,10,73,1,1,0,0,,,320.21326719
4385964864,1,2023_5_10_1_0,2023,5,10,81,1,1,0,0,,,613.82855791
4385964867,1,2023_5_10_1_0,2023,5,10,66,1,1,0,0,,,320.21326719
4385964871,1,2023_5_10_1_0,2023,5,10,85,2,1,0,0,,,613.82855791
4385964872,1,2023_5_10_1_0,2023,5,10,53,1,1,0,0,,,679.45337292
4385964874,1,2023_5_10_1_0,2023,5,10,60,2,1,0,0,,,1619.5258804
4385964876,1,2023_5_10_1_0,2023,5,10,66,1,1,1.999671255,0,,,687.84051319
4385964879,1,2023_5_10_1_0,2023,5,10,60,1,1,0,3.0004931175,,,613.82855791
4385964881,1,2023_5_10_1_0,2023,5,10,66,2,1,0,0,,,687.84051319
4385964885,1,2023_5_10_1_0,2023,5,10,82,1,1,2.9995068825,0,,,320.21326719
4385964890,1,2023_5_10_1_0,2023,5,10,72,1,1,0,0,,,320.21326719
4385964893,1,2023_5_10_1_0,2023,5,10,77,2,1,0,0,,,613.82855791
4385964894,1,2023_5_10_1_0,2023,5,10,74,1,1,0,0,,,320.21326719
4385964896,1,2023_5_10_1_0,2023,5,10,47,1,3,0,0,1,1,816.96261608
4385964899,1,2023_5_10_1_0,2023,5,10,79,1,1,0,0,,,320.21326719
4385964906,1,2023_5_10_1_0,2023,5,10,88,1,1,0,0,,,613.82855791
4385964908,1,2023_5_10_1_0,2023,5,10,84,1,1,0,1.0001643725,,,613.82855791
4385964912,1,2023_5_10_1_0,2023,5,10,80,2,1,0,0,,,320.21326719
4385964913,1,2023_5_10_1_0,2023,5,10,75,2,1,0,0,,,613.82855791
4385964915,1,2023_5_10_1_0,2023,5,10,75,2,1,0,0,,,320.21326719
4385964918,1,2023_5_10_1_0,2023,5,10,71,2,1,0,0,,,320.21326719
4385964920,1,2023_5_10_1_0,2023,5,10,82,1,1,0,0,,,358.82276117
4385964921,1,2023_5_10_1_0,2023,5,10,67,1,1,0,2.000328745,,,358.82276117
4385964924,1,2023_5_10_1_0,2023,5,10,65,1,1,0,0,,,320.21326719
4385964929,1,2023_5_10_1_0,2023,5,10,80,1,1,0,0,,,613.82855791
4385964932,1,2023_5_10_1_0,2023,5,10,72,2,1,0,0,,,320.21326719
4385964936,1,2023_5_10_1_0,2023,5,10,69,2,1,0,0,,,320.21326719
4385964937,1,2023_5_10_1_0,2023,5,10,65,1,1,0,0,,,320.21326719
4385964939,1,2023_5_10_1_0,2023,5,10,33,1,1,0.9998356275,4.00065749,,,3453.9469874
4385964940,1,2023_5_10_1_0,2023,5,10,87,1,1,0,0,,,320.21326719
4385964942,1,2023_5_10_1_0,2023,5,10,53,1,1,0,0,,,679.45337292
4385964947,1,2023_5_10_1_0,2023,5,10,68,2,1,0,0,,,687.84051319
4385964948,1,2023_5_10_1_0,2023,5,10,72,2,1,0,0,,,613.82855791
4385964953,1,2023_5_10_1_0,2023,5,10,81,2,1,0,0,,,786.93627234
4385964956,1,2023_5_10_1_0,2023,5,10,44,1,1,0,5.0008218625,,,679.45337292
4385964962,1,2023_5_10_1_0,2023,5,10,72,2,1,0,0,,,358.82276117
4385964969,1,2023_5_10_1_0,2023,5,10,66,2,1,1.999671255,0,,,978.4981962
4385964970,1,2023_5_10_1_0,2023,5,10,86,2,1,0,0,,,786.93627234
4385964971,1,2023_5_10_1_0,2023,5,10,61,2,2,0,0,,,1814.7990971
4385964974,1,2023_5_10_1_0,2023,5,10,73,1,1,0,0,,,613.82855791
4385964981,1,2023_5_10_1_0,2023,5,10,65,1,-3,0,0,,,613.82855791
4385964984,1,2023_5_10_1_0,2023,5,10,67,1,1,0,0,,,320.21326719
4385964986,1,2023_5_10_1_0,2023,5,10,57,1,1,4.4282600892,49.111423773,,,289.19767718
4385964987,1,2023_5_10_1_0,2023,5,10,68,1,1,0,0,,,320.21326719
4385964991,1,2023_5_10_1_0,2023,5,10,86,1,1,0,0,,,536.76282978
4385964996,1,2023_5_10_1_0,2023,5,10,73,2,1,0,1.0001643725,,,786.93627234
4385964997,1,2023_5_10_1_0,2023,5,10,77,1,1,4.9991781375,10.001643725,,,320.21326719
4385964998,1,2023_5_10_1_0,2023,5,10,77,1,1,0,0,,,410.51761374
4385965000,1,2023_5_10_1_0,2023,5,10,22,2,1,0,0,,,761.37799503
4385965009,1,2023_5_10_1_0,2023,5,10,59,2,1,0,0,,,1302.4690942
4385965014,1,2023_5_10_1_0,2023,5,10,65,2,2,0,0,,,1463.1044238
4385965017,1,2023_5_10_1_0,2023,5,10,71,1,1,0,0,,,320.21326719
4385965020,1,2023_5_10_1_0,2023,5,10,65,2,1,0,0,,,613.82855791
4385965022,1,2023_5_10_1_0,2023,5,10,48,2,1,0,0,,,1449.0635555
4385965023,1,2023_5_10_1_0,2023,5,10,64,2,1,0,0,,,871.068147
4385965030,1,2023_5_10_1_0,2023,5,10,68,1,1,0,0,,,320.21326719
4385965037,1,2023_5_10_1_0,2023,5,10,-3,1,1,0,0,1,1,1621.0645573
4385965054,1,2023_5_12_1_1,2023,5,12,69,2,3,0,0,1,,1895.4366447
4385965059,1,2023_5_12_1_1,2023,5,12,75,1,1,0,0,,,1520.6159564
4385965060,1,2023_5_12_1_1,2023,5,12,18,2,1,0,0,,,3126.8484219
4385965068,1,2023_5_12_1_1,2023,5,12,62,2,1,4.9997884208,0,,,3126.8484219
4385965070,1,2023_5_12_1_1,2023,5,12,70,2,1,4.9997884208,25.001057896,,,1104.3879312
4385965071,1,2023_5_12_1_1,2023,5,12,-3,1,-3,14.999365262,0,,,1365.442916
4385965072,1,2023_5_12_1_1,2023,5,12,61,1,1,0,0,,,2388.9591409
4385965073,1,2023_5_12_1_1,2023,5,12,49,2,1,0,5.0002115792,,,3923.6645223
4385965074,1,2023_5_12_1_1,2023,5,12,64,1,1,3.9998307366,2.0000846317,,,2388.9591409
4385965078,1,2023_5_12_1_1,2023,5,12,54,1,2,0,30.001269475,,,3923.6645223
4385965082,1,2023_5_12_1_1,2023,5,12,56,1,1,3.9998307366,0,,,2997.4348099
4385965086,1,2023_5_12_1_1,2023,5,12,75,1,1,0,2.0000846317,,,1104.4998628
4385965088,1,2023_5_12_1_1,2023,5,12,32,2,1,0.9999576842,0,,,2997.4348099
4385965090,1,2023_5_12_1_1,2023,5,12,70,2,1,0,0,,,1104.4998628
4385965091,1,2023_5_12_1_1,2023,5,12,36,1,3,0,3.0001269475,,,1104.3879312
4385965093,1,2023_5_12_1_1,2023,5,12,57,1,1,0,1.0000423158,,,7557.1928147
4385965094,1,2023_5_12_1_1,2023,5,12,56,2,1,0,0,,,2388.9591409
4385965096,1,2023_5_12_1_1,2023,5,12,61,1,1,0,0,,,1825.0156831
4385965097,1,2023_5_12_1_1,2023,5,12,50,1,1,6.9997037891,3.0001269475,,,8128.1179345
4385965105,1,2023_5_12_1_1,2023,5,12,39,1,1,4.9997884208,2.0000846317,,,3923.6645223
4385965106,1,2023_5_12_1_1,2023,5,12,67,1,1,0,4.0001692634,,,1814.0481569
4385965107,1,2023_5_12_1_1,2023,5,12,56,1,1,1.9999153683,4.0001692634,,,7556.4269581
4385965108,1,2023_5_12_1_1,2023,5,12,42,2,1,1.9999153683,15.000634738,,,10639.766999
4385965109,1,2023_5_12_1_1,2023,5,12,70,2,1,0,0,,,3493.9561267
4385965110,1,2023_5_12_1_1,2023,5,12,34,1,1,4.9997884208,10.000423158,,,20492.774104
4385965111,1,2023_5_12_1_1,2023,5,12,65,2,5,0,0,,,843.76896074
4385965114,1,2023_5_12_1_1,2023,5,12,61,1,1,0,0,,,2388.7170404
4385965119,1,2023_5_12_1_1,2023,5,12,57,2,2,0,0,,,3126.8484219
4385965120,1,2023_5_12_1_1,2023,5,12,57,2,1,0,0,,,3923.6645223
4385965122,1,2023_5_12_1_1,2023,5,12,57,2,1,0,0,,,7557.1928147
4385965125,1,2023_5_12_1_1,2023,5,12,14,2,5,0,0,,,5280.6324064
4385965131,1,2023_5_12_1_1,2023,5,12,35,2,1,0,0,,,1825.0156831
4385965134,1,2023_5_12_1_1,2023,5,12,32,1,1,0,0,,,3923.6645223
4385965139,1,2023_5_12_1_1,2023,5,12,-3,1,3,0,0,,,1787.374961
4385965146,1,2023_5_12_1_1,2023,5,12,57,1,1,1.9999153683,0,,,7556.4269581
4385965149,1,2023_5_12_1_1,2023,5,12,58,2,1,0.9999576842,0,,,1825.0156831
4385965151,1,2023_5_12_1_1,2023,5,12,57,1,1,0,0,,,2388.7170404
4385965152,1,2023_5_12_1_1,2023,5,12,55,1,-3,0.9999576842,0,,,1814.0481569
4385965153,1,2023_5_12_1_1,2023,5,12,60,2,1,0,0,,,2388.9591409
4385965162,1,2023_5_12_1_1,2023,5,12,55,1,1,0,0,,,2388.9591409
4385965163,1,2023_5_12_1_1,2023,5,12,35,1,1,2.9998730525,0,,,2997.4348099
4385965166,1,2023_5_12_1_1,2023,5,12,36,2,1,0,0,,,3923.6645223
4385965169,1,2023_5_12_1_1,2023,5,12,46,1,3,0,10.000423158,,,2388.7170404
4385965174,1,2023_5_12_1_1,2023,5,12,76,1,1,3.9998307366,0,,,2669.1644148
4385965183,1,2023_5_12_1_1,2023,5,12,45,1,1,1.9999153683,10.000423158,,,4099.7023639
4385965185,1,2023_5_12_1_1,2023,5,12,55,1,-3,5.9997461049,0,,,1825.0156831
4385965188,1,2023_5_12_1_1,2023,5,12,42,1,1,0,0,,,2997.4348099
4385965190,1,2023_5_12_1_1,2023,5,12,63,1,1,0,0,,,1825.0156831
4385965194,1,2023_5_12_1_1,2023,5,12,60,1,1,1.9999153683,0,,,2388.9591409
4385965198,1,2023_5_12_1_1,2023,5,12,69,1,5,0,0,,,1447.9952979
4385965203,1,2023_5_12_1_1,2023,5,12,78,1,1,0,0,,,3493.9561267
4385965204,1,2023_5_12_1_1,2023,5,12,60,2,1,0,0,,,5773.2236483
4385965205,1,2023_5_12_1_1,2023,5,12,60,2,1,0,0,,,1825.0156831
4385965208,1,2023_5_12_1_1,2023,5,12,57,1,1,0,2.0000846317,,,4099.7023639
4385965211,1,2023_5_12_1_1,2023,5,12,71,1,1,0,2.0000846317,,,2669.1644148
4385965213,1,2023_5_12_1_1,2023,5,12,42,2,3,0,0,,,2997.4348099
4385965214,1,2023_5_12_1_1,2023,5,12,62,1,1,0.9999576842,5.0002115792,,,4099.7023639
4385965216,1,2023_5_12_1_1,2023,5,12,67,1,1,0,0,,,1104.4998628
4385965218,1,2023_5_12_1_1,2023,5,12,66,2,1,0,0,,,3493.9561267
4385965222,1,2023_5_12_1_1,2023,5,12,47,1,1,3.9998307366,20.000846317,,,2997.4348099
4385965225,1,2023_5_12_1_1,2023,5,12,34,1,1,0,0,,,3923.6645223
4385965226,1,2023_5_12_1_1,2023,5,12,85,1,1,3.9998307366,6.0002538951,,,843.76896074
4385965227,1,2023_5_12_1_1,2023,5,12,39,2,1,0,2.0000846317,,,10639.766999
4385965229,1,2023_5_12_1_1,2023,5,12,68,2,1,0,0,,,843.76896074
4385965231,1,2023_5_12_1_1,2023,5,12,44,2,2,0,0,,,9891.419247
4385965232,1,2023_5_12_1_1,2023,5,12,79,1,1,0,0,,,1104.4998628
4385965239,1,2023_5_12_1_1,2023,5,12,47,2,1,0,0,,,3126.8484219
4385965240,1,2023_5_12_1_1,2023,5,12,57,1,1,0,0,,,2388.9591409
4385965242,1,2023_5_12_1_1,2023,5,12,32,1,1,2.9998730525,0,,,2997.4348099
4385965250,1,2023_5_12_1_1,2023,5,12,60,2,1,0,0,,,1825.0156831
4385965252,1,2023_5_12_1_1,2023,5,12,26,1,1,0,0,,,2388.9591409
4385965254,1,2023_5_12_1_1,2023,5,12,52,2,1,0,0,,,9891.419247
4385965257,1,2023_5_12_1_1,2023,5,12,58,1,1,0,0,,,2388.9591409
4385965261,1,2023_5_12_1_1,2023,5,12,72,1,1,0,0,,,2669.1644148
4385965264,1,2023_5_12_1_1,2023,5,12,28,2,3,0,0,,,2388.9591409
4385965266,1,2023_5_12_1_1,2023,5,12,68,1,1,0,0,,,1814.0481569
4385965274,1,2023_5_12_1_1,2023,5,12,59,1,1,1.9999153683,2.0000846317,,,2388.7170404
4385965280,1,2023_5_12_1_1,2023,5,12,31,2,1,0,0,,,3923.6645223
4385965286,1,2023_5_12_1_1,2023,5,12,32,2,1,0,0,,,3923.6645223
4385965287,1,2023_5_12_1_1,2023,5,12,67,1,1,0.9999576842,0,,,1104.3879312
4385965288,1,2023_5_12_1_1,2023,5,12,67,1,1,6.9997037891,0,,,1104.4998628
4385965289,1,2023_5_12_1_1,2023,5,12,58,2,1,0,3.0001269475,,,3923.6645223
4385965291,1,2023_5_12_1_1,2023,5,12,48,2,1,0,0,,,2388.9591409
4385965293,1,2023_5_12_1_1,2023,5,12,57,2,1,0,0,,,4099.7023639
4385965299,1,2023_5_12_1_1,2023,5,12,39,1,1,0,6.0002538951,,,2388.9591409
4385965303,1,2023_5_12_1_1,2023,5,12,45,1,1,1.9999153683,0,,,3923.6645223
4385965304,1,2023_5_12_1_1,2023,5,12,36,2,5,0,0,,,1825.0156831
4385965306,1,2023_5_12_1_1,2023,5,12,51,2,2,0,0,,,1445.6520389
4385965309,1,2023_5_12_1_1,2023,5,12,74,1,1,19.999153683,0,,,2669.1644148
4385965314,1,2023_5_12_1_1,2023,5,12,77,1,1,0,0,,,4573.1511326
4385965315,1,2023_5_12_1_1,2023,5,12,53,1,2,0.9999576842,9.0003808426,,,3126.8484219
4385965317,1,2023_5_12_1_1,2023,5,12,73,2,1,0,0,,,1104.4998628
4385965323,1,2023_5_12_1_1,2023,5,12,46,1,1,0,0,,,2388.9591409
4385965324,1,2023_5_12_1_1,2023,5,12,60,2,1,0,1.0000423158,,,1825.0156831
4385965325,1,2023_5_12_1_1,2023,5,12,63,2,1,0,0,,,1104.4998628
4385965326,1,2023_5_12_1_1,2023,5,12,61,1,1,0,5.0002115792,,,2388.9591409
4385965329,1,2023_5_12_1_1,2023,5,12,38,2,1,6.9997037891,6.0002538951,,,2388.9591409
4385965334,1,2023_5_12_1_1,2023,5,12,-3,-3,-3,0,0,,,2343.2420649
4385965335,1,2023_5_12_1_1,2023,5,12,61,2,1,0,1.0000423158,,,1104.4998628
4385965337,1,2023_5_12_1_1,2023,5,12,65,1,1,0,0,,,843.76896074
4385965341,1,2023_5_12_1_1,2023,5,12,50,1,1,0,1.0000423158,,,7557.1928147
4385965342,1,2023_5_12_1_1,2023,5,12,47,2,-3,0,0,,,2388.9591409
4385965344,1,2023_5_12_1_1,2023,5,12,36,2,1,0,0,,,4099.7023639
4385965346,1,2023_5_12_1_1,2023,5,12,38,1,1,4.9997884208,4.0001692634,,,2997.4348099
4385965347,1,2023_5_12_1_1,2023,5,12,42,1,1,3.9998307366,4.0001692634,,,2997.4348099
4385965348,1,2023_5_12_1_1,2023,5,12,35,1,1,0.9999576842,0,,,3923.6645223
4385965351,1,2023_5_12_1_1,2023,5,12,35,1,1,0,0,,,4099.7023639
4385965352,1,2023_5_12_1_1,2023,5,12,82,1,-3,0,0,,,1104.4998628
4385965353,1,2023_5_12_1_1,2023,5,12,65,1,1,0,0,,,2669.1644148
4385965354,1,2023_5_12_1_1,2023,5,12,58,2,1,0,0,,,3923.6645223
4385965355,1,2023_5_12_1_1,2023,5,12,56,1,-3,1.9999153683,2.0000846317,,,1825.0156831
4385965356,1,2023_5_12_1_1,2023,5,12,32,2,1,0,0,,,3923.6645223
4385965363,1,2023_5_12_1_1,2023,5,12,26,1,3,0,16.949130551,,,9231.163095
4385965364,1,2023_5_12_1_1,2023,5,12,36,2,3,0,0,,,1445.6520389
4385965368,1,2023_5_12_1_1,2023,5,12,89,1,3,0,0,,,1445.6520389
4385965374,1,2023_5_12_1_1,2023,5,12,60,2,3,0,0,,,2388.9591409
4385965375,1,2023_5_12_1_1,2023,5,12,46,1,3,0,0,,,3923.6645223
4385965377,1,2023_5_12_1_1,2023,5,12,60,1,1,0,0,,,2388.9591409
4385965379,1,2023_5_12_1_1,2023,5,12,41,2,3,0,0,,,3923.6645223
4385965383,1,2023_5_12_1_1,2023,5,12,44,1,3,0,0,,,3923.6645223
4385965389,1,2023_5_12_1_1,2023,5,12,59,1,1,6.9997037891,1.0000423158,,,1825.0156831
4385965405,1,2023_5_12_1_1,2023,5,12,27,1,1,4.9997884208,0,,,6478.1197489
4385965413,1,2023_5_12_1_1,2023,5,12,64,1,2,0,2.0000846317,,,4573.1511326
4385965422,1,2023_5_12_1_1,2023,5,12,55,2,3,0.9999576842,2.0000846317,,,2997.4348099
4385965431,1,2023_5_12_1_1,2023,5,12,47,1,3,14.192773413,0,,,7348.6669565
4385965439,1,2023_5_12_1_1,2023,5,12,54,2,3,0,0,,,2388.7170404
4385965450,1,2023_5_12_1_1,2023,5,12,62,2,2,0,0,,,3493.9561267
4385965456,1,2023_5_12_1_1,2023,5,12,47,1,2,0,0,,,8128.941733
4385965459,1,2023_5_12_1_1,2023,5,12,55,2,3,0,0,,,2388.9591409
4385965460,1,2023_5_12_1_1,2023,5,12,60,1,4,0,0,,,2388.9591409
4385965464,1,2023_5_12_1_1,2023,5,12,59,2,1,0,0,,,1825.0156831
4385965466,1,2023_5_12_1_1,2023,5,12,76,2,1,0,0,,,5139.8390832
4385965467,1,2023_5_12_1_1,2023,5,12,63,1,1,5.9997461049,0,,,1825.0156831
4385965470,1,2023_5_12_1_1,2023,5,12,60,2,1,0,0,,,2388.9591409
4385965472,1,2023_5_12_1_1,2023,5,12,54,1,2,2.9998730525,5.0002115792,,,1825.0156831
4385965475,1,2023_5_12_1_1,2023,5,12,57,1,1,0,20.000846317,,,11117.127285
4385965478,1,2023_5_12_1_1,2023,5,12,70,1,3,0,0,1,1,1104.4998628
4385965479,1,2023_5_12_1_1,2023,5,12,61,2,1,0,0,,1,2388.7170404
4385965481,1,2023_5_12_1_1,2023,5,12,75,1,1,0,1.0000423158,,,1445.6520389
4385965482,1,2023_5_12_1_1,2023,5,12,61,1,1,1.9999153683,0,,,1825.0156831
4385965498,1,2023_5_12_1_1,2023,5,12,49,2,1,0,0,,,2997.738605
4385965508,1,2023_5_12_1_1,2023,5,12,15,2,3,0.9999576842,0,,,3835.2002518
4385965511,1,2023_5_12_1_1,2023,5,12,69,1,1,0.9999576842,0,,,3493.9561267
4385965514,1,2023_5_12_1_1,2023,5,12,39,1,1,1.9999153683,0,,,2388.7170404
4385965518,1,2023_5_12_1_1,2023,5,12,59,1,1,45.145620535,12.599078601,,,3114.3789794
4385965519,1,2023_5_12_1_1,2023,5,12,42,2,1,4.9997884208,10.000423158,,,2997.4348099
4385965522,1,2023_5_12_1_1,2023,5,12,78,2,2,0,0,1,1,4573.1511326
4385965526,1,2023_5_12_1_1,2023,5,12,50,1,1,1.9999153683,2.0000846317,,,10639.766999
4385965527,1,2023_5_12_1_1,2023,5,12,62,2,1,0,0,,,1104.4998628
4385965529,1,2023_5_12_1_1,2023,5,12,36,1,3,0.9999576842,0,,,1825.0156831
4385965534,1,2023_5_12_1_1,2023,5,12,64,2,1,0,0,,,1520.6159564
4385965538,1,2023_5_12_1_1,2023,5,12,60,1,3,0.9999576842,0,,,2388.9591409
4385965539,1,2023_5_12_1_1,2023,5,12,58,1,1,0,0,,,3923.6645223
4385965546,1,2023_5_12_1_1,2023,5,12,48,2,4,0,0,,,2388.7170404
4385965547,1,2023_5_12_1_1,2023,5,12,45,2,1,0,0,,,2388.9591409
4385965548,1,2023_5_12_1_1,2023,5,12,38,1,1,1.9999153683,0,,,2997.4348099
4385965549,1,2023_5_12_1_1,2023,5,12,39,1,1,0,0,,,1825.0156831
4385965551,1,2023_5_12_1_1,2023,5,12,36,2,1,0,0,,,2997.4348099
4385965552,1,2023_5_12_1_1,2023,5,12,62,2,1,1.9999153683,0,,,1825.0156831
4385965553,1,2023_5_12_1_1,2023,5,12,60,1,1,0,0,,,5773.2236483
4385965558,1,2023_5_12_1_1,2023,5,12,40,1,1,0,0,,,1825.0156831
4385965568,1,2023_5_12_1_1,2023,5,12,71,2,1,0,0,,,1895.4366447
4385965570,1,2023_5_12_1_1,2023,5,12,48,2,1,0,0,,,3126.8484219
4385965574,1,2023_5_12_1_1,2023,5,12,42,1,1,0,2.0000846317,,,3923.6645223
4385965578,1,2023_5_12_1_1,2023,5,12,47,1,1,0,0,,,10639.766999
4385965582,1,2023_5_12_1_1,2023,5,12,53,2,1,0,0,,,2997.4348099
4385965583,1,2023_5_12_1_1,2023,5,12,45,1,1,0,0,,,10639.766999
4385965588,1,2023_5_12_1_1,2023,5,12,64,2,1,0,0,,,7557.1928147
4385965596,1,2023_5_12_1_1,2023,5,12,70,1,1,0,1.0000423158,,,843.76896074
4385965598,1,2023_5_12_1_1,2023,5,12,59,1,1,0,0,,,2388.7170404
4385965603,1,2023_5_12_1_1,2023,5,12,31,2,3,0,0,,,20492.774104
4385965605,1,2023_5_12_1_1,2023,5,12,59,1,1,0,0,,,2388.9591409
4385965609,1,2023_5_12_1_1,2023,5,12,47,2,1,3.9998307366,5.0002115792,,,2997.4348099
4385965612,1,2023_5_12_1_1,2023,5,12,31,1,1,0,0,,,3923.6645223
4385965614,1,2023_5_12_1_1,2023,5,12,65,1,1,0.9999576842,0,,,1104.4998628
4385965620,1,2023_5_12_1_1,2023,5,12,60,1,1,7.9996614732,0,,,8492.7913998
4385965621,1,2023_5_12_1_1,2023,5,12,71,2,1,0,0,,,1445.6520389
4385965623,1,2023_5_12_1_1,2023,5,12,-3,2,1,0,0,,,1787.374961
4385965624,1,2023_5_12_1_1,2023,5,12,77,1,1,0,0,,,1895.4366447
4385965626,1,2023_5_12_1_1,2023,5,12,73,1,1,0,0,,,1104.4998628
4385965627,1,2023_5_12_1_1,2023,5,12,78,1,1,3.9998307366,0,,,2669.1644148
4385965634,1,2023_5_12_1_1,2023,5,12,63,1,1,0,0,,,7556.4269581
4385965637,1,2023_5_12_1_1,2023,5,12,89,1,1,0,0,,,2669.1644148
4385965640,1,2023_5_12_1_1,2023,5,12,53,2,1,0,0,,,6478.1197489
4385965641,1,2023_5_12_1_1,2023,5,12,67,1,3,0,0,,,5139.8390832
4385965646,1,2023_5_12_1_1,2023,5,12,62,2,1,1.9999153683,5.0002115792,,,12412.05378
4385965647,1,2023_5_12_1_1,2023,5,12,40,1,1,5.9997461049,6.0002538951,,,2997.4348099
4385965651,1,2023_5_12_1_1,2023,5,12,-3,1,-3,0,0,1,,1787.1938259
4385965652,1,2023_5_12_1_1,2023,5,12,31,2,1,0.9999576842,0,,,3126.8484219
4385965659,1,2023_5_12_1_1,2023,5,12,-3,-3,-3,0.9999576842,0,,,1747.0761992
4385965665,1,2023_5_12_1_1,2023,5,12,52,1,1,6.2498016424,37.501983576,,,7585.5472899
4385965676,1,2023_5_12_1_1,2023,5,12,53,2,1,0,0,,,1825.0156831
4385965680,1,2023_5_12_1_1,2023,5,12,42,2,1,0,0,,,6478.1197489
4385965683,1,2023_5_12_1_1,2023,5,12,66,1,1,0.9999576842,0,,,843.76896074
4385965685,1,2023_5_12_1_1,2023,5,12,58,1,1,0,0,,,3126.8484219
4385965686,1,2023_5_12_1_1,2023,5,12,48,2,3,0,0,,,2997.738605
4385965687,1,2023_5_12_1_1,2023,5,12,33,1,3,0,0,,,2388.9591409
4385965691,1,2023_5_12_1_1,2023,5,12,59,1,1,0,0,,,2388.9591409
4385965696,1,2023_5_12_1_1,2023,5,12,63,1,1,0,0,,,1825.0156831
4385965700,1,2023_5_12_1_1,2023,5,12,72,1,1,1.9999153683,2.0000846317,,,1852.7014875
4385965701,1,2023_5_12_1_1,2023,5,12,70,1,1,0,0,,,1104.4998628
4385965702,1,2023_5_12_1_1,2023,5,12,84,1,1,0,0,,,2669.1644148
4385965704,1,2023_5_12_1_1,2023,5,12,50,2,1,0.9999576842,2.0000846317,,,2388.9591409
4385965705,1,2023_5_12_1_1,2023,5,12,53,1,1,3.9998307366,4.0001692634,,,1825.0156831
4385965710,1,2023_5_12_1_1,2023,5,12,64,2,1,0,0,,,843.76896074
4385965711,1,2023_5_12_1_1,2023,5,12,43,1,1,0,3.0001269475,,,3923.6645223
4385965713,1,2023_5_12_1_1,2023,5,12,62,1,1,9.9995768415,0,,,843.76896074
4385965715,1,2023_5_12_1_1,2023,5,12,74,1,1,3.9998307366,3.0001269475,,,3493.9561267
4385965718,1,2023_5_12_1_1,2023,5,12,70,1,1,0,0,,,1447.9952979
4385965720,1,2023_5_12_1_1,2023,5,12,64,1,1,0,0,,,2388.9591409
4385965722,1,2023_5_12_1_1,2023,5,12,62,2,3,2.9998730525,3.0001269475,,,2388.9591409
4385965723,1,2023_5_12_1_1,2023,5,12,63,1,1,5.9997461049,2.0000846317,,,1104.4998628
4385965725,1,2023_5_12_1_1,2023,5,12,57,2,3,0,0,,,6478.1197489
4385965726,1,2023_5_12_1_1,2023,5,12,68,2,5,0,0,,,1445.6520389
4385965728,1,2023_5_12_1_1,2023,5,12,53,2,1,0,0,,,2388.9591409
4385965732,1,2023_5_12_1_1,2023,5,12,75,2,1,0,0,,,1445.6520389
4385965733,1,2023_5_12_1_1,2023,5,12,47,2,1,0,0,,,3923.6645223
4385965735,1,2023_5_12_1_1,2023,5,12,61,2,1,0,0,,,4099.7023639
4385965740,1,2023_5_12_1_1,2023,5,12,45,2,1,0,0,,,3923.6645223
4385965742,1,2023_5_12_1_1,2023,5,12,57,1,1,0,1.0000423158,,,2388.9591409
4385965744,1,2023_5_12_1_1,2023,5,12,81,1,1,5.9997461049,0,,,1447.9952979
4385965745,1,2023_5_12_1_1,2023,5,12,56,1,1,0.9999576842,0,,,3126.8484219
4385965747,1,2023_5_12_1_1,2023,5,12,64,1,1,4.9997884208,5.0002115792,,,7556.4269581
4385965748,1,2023_5_12_1_1,2023,5,12,31,2,1,0,0,,,2997.4348099
4385965752,1,2023_5_12_1_1,2023,5,12,64,1,1,0,0,,,2388.9591409
4385965754,1,2023_5_12_1_1,2023,5,12,62,1,1,0,0,,,1825.0156831
4385965759,1,2023_5_12_1_1,2023,5,12,66,2,1,0,0,,,843.76896074
4385965763,1,2023_5_12_1_1,2023,5,12,59,1,1,0,0,,,3126.8484219
4385965771,1,2023_5_12_1_1,2023,5,12,62,1,1,0,0,,,843.76896074
4385965773,1,2023_5_12_1_1,2023,5,12,62,2,1,0,0,,,1104.3879312
4385965785,1,2023_5_12_1_1,2023,5,12,65,1,1,4.9997884208,0,,,843.76896074
4385965787,1,2023_5_12_1_1,2023,5,12,46,1,1,2.9998730525,4.0001692634,,,2997.4348099
4385965795,1,2023_5_12_1_0,2023,5,12,71,1,1,0,35.001481055,,,8699.2953473
4385965796,1,2023_5_12_1_0,2023,5,12,69,2,1,0,0,,,8699.2953473
4385965800,1,2023_5_12_1_0,2023,5,12,-3,2,1,0,0,,,44533.400678
4385965802,1,2023_5_12_1_0,2023,5,12,30,2,1,0,2.0000846317,,,30903.685617
4385965805,1,2023_5_12_1_0,2023,5,12,85,1,1,0,0,,,11386.288473
4385965813,1,2023_5_12_1_0,2023,5,12,69,1,1,0,5.0002115792,,,11386.288473
4385965814,1,2023_5_12_1_0,2023,5,12,84,1,1,0,0,,,8699.2953473
4385965817,1,2023_5_12_1_0,2023,5,12,76,1,1,0,0,,,23589.80362
4385965819,1,2023_5_12_1_0,2023,5,12,78,2,1,0,0,,,14928.895639
4385965824,1,2023_5_12_1_0,2023,5,12,49,2,1,0,0,,,102146.2715
4385965831,1,2023_5_12_1_0,2023,5,12,43,2,-3,9.9995768415,1.0000423158,,,18815.992505
4385965836,1,2023_5_12_1_0,2023,5,12,30,1,2,0,0,,,87561.055392
4385965838,1,2023_5_12_1_0,2023,5,12,76,2,1,0,0,,,8699.2953473
4385965839,1,2023_5_12_1_0,2023,5,12,60,2,1,0,0,,,30903.685617
4385965843,1,2023_5_12_1_0,2023,5,12,78,2,1,0,0,,,14928.895639
4385965844,1,2023_5_12_1_0,2023,5,12,60,1,1,0,0,,,14287.86116
4385965855,1,2023_5_12_1_0,2023,5,12,75,2,1,0,0,,,27519.203307
4385965860,1,2023_5_12_1_0,2023,5,12,68,1,1,0,0,,,8699.2953473
4385965863,1,2023_5_12_1_0,2023,5,12,72,1,1,0,0,,,8699.2953473
4385965869,1,2023_5_12_1_0,2023,5,12,65,1,1,1.9999153683,2.0000846317,,,9994.3874512
4385965873,1,2023_5_12_1_0,2023,5,12,66,2,1,0,0,,,14928.895639
4385965877,1,2023_5_12_1_0,2023,5,12,63,2,1,0,0,,,8699.2953473
4385965886,1,2023_5_12_1_0,2023,5,12,31,1,1,0,0,,,18815.992505
4385965895,1,2023_5_12_1_0,2023,5,12,75,1,1,0,0,,,27519.203307
4385965898,1,2023_5_12_1_0,2023,5,12,52,1,1,0,0,,,87561.055392
4385965902,1,2023_5_12_1_0,2023,5,12,69,2,1,0,0,,1,14928.895639
4385965922,1,2023_5_12_1_0,2023,5,12,59,2,1,0,0,,,77907.096536
4385965923,1,2023_5_12_1_0,2023,5,12,69,2,1,0,0,,,27519.203307
4385965926,1,2023_5_12_1_0,2023,5,12,65,2,1,0,0,,,11386.288473
4385965936,1,2023_5_12_1_0,2023,5,12,78,1,1,0,0,,,8699.2953473
4385965939,1,2023_5_12_1_0,2023,5,12,28,2,1,0,0,,,18815.992505
4385965944,1,2023_5_12_1_0,2023,5,12,73,2,1,0,0,,,14928.895639
4385965945,1,2023_5_12_1_0,2023,5,12,65,1,1,0,0,,1,9994.3874512
4385965951,1,2023_5_12_1_0,2023,5,12,58,1,1,0,4.0001692634,,,12596.666487
4385965953,1,2023_5_12_1_0,2023,5,12,70,2,1,0,0,,,47225.815176
4385965954,1,2023_5_12_1_0,2023,5,12,62,1,1,0,2.0000846317,,,18815.992505
4385965960,1,2023_5_12_1_0,2023,5,12,71,1,1,0,0,,,8699.2953473
4385965963,1,2023_5_12_1_0,2023,5,12,60,2,1,0,0,,,8699.2953473
4385965964,1,2023_5_12_1_0,2023,5,12,72,2,1,0,0,,,27519.203307
4385965965,1,2023_5_12_1_0,2023,5,12,43,2,1,0,1.0000423158,,,30903.685617
4385965975,1,2023_5_12_1_0,2023,5,12,79,1,1,0,0,,,27519.203307
4385965979,1,2023_5_12_1_0,2023,5,12,70,1,4,0,0,,,27519.203307
4385965980,1,2023_5_12_1_0,2023,5,12,57,1,1,0,0,,,32290.200209
4385965982,1,2023_5_12_1_0,2023,5,12,69,2,3,0,0,,1,11130.697354
4385965985,1,2023_5_12_1_0,2023,5,12,73,2,4,0,0,,,40482.556612
4385965997,1,2023_5_12_1_0,2023,5,12,66,1,1,0,0,,,11386.288473
4385965998,1,2023_5_12_1_0,2023,5,12,81,1,1,0,0,,,27519.203307
4385965999,1,2023_5_12_1_0,2023,5,12,40,1,1,0,0,,,18815.992505
4385966000,1,2023_5_12_1_0,2023,5,12,30,1,1,0,0,,,87561.055392
4385966007,1,2023_5_12_1_0,2023,5,12,43,1,5,0,0,,,30903.685617
4385966008,1,2023_5_12_1_0,2023,5,12,20,1,1,0,0,,,66782.932899
4385966010,1,2023_5_12_1_0,2023,5,12,36,1,2,0,0,,,66782.932899
4385966024,1,2023_5_12_1_0,2023,5,12,89,2,1,0,0,,,47225.815176
4385966034,1,2023_5_12_1_0,2023,5,12,72,2,1,0,0,,,27519.203307
4385966043,1,2023_5_12_1_0,2023,5,12,67,1,1,0,0,,,8699.2953473
4385966048,1,2023_5_12_1_0,2023,5,12,79,1,1,0,0,,,18423.169862
4385966052,1,2023_5_12_1_0,2023,5,12,61,2,1,0,0,,,77907.096536
4385966055,1,2023_5_12_1_0,2023,5,12,76,1,1,0,0,,,27519.203307
4385966056,1,2023_5_12_1_0,2023,5,12,58,2,1,0,0,,,18815.992505
4385966057,1,2023_5_12_1_0,2023,5,12,64,2,1,0,0,1,,21617.189883
4385966058,1,2023_5_12_1_0,2023,5,12,66,1,1,0,0,,,8699.2953473
4385966061,1,2023_5_12_1_0,2023,5,12,64,2,1,0,0,,,32290.200209
4385966067,1,2023_5_12_1_0,2023,5,12,88,1,1,0,0,,,27519.203307
4385966083,1,2023_5_12_1_0,2023,5,12,73,2,1,0,0,,,27519.203307
4385966084,1,2023_5_12_1_0,2023,5,12,60,1,3,0,0,,,59522.191452
4385966093,1,2023_5_12_1_0,2023,5,12,64,2,2,0,0,,,51023.163415
4385966097,1,2023_5_12_1_0,2023,5,12,47,1,3,0,0,,,18815.992505
4385966099,1,2023_5_12_1_0,2023,5,12,60,2,2,0,0,,,30903.685617
4385966101,1,2023_5_12_1_0,2023,5,12,44,1,1,0,0,,,30903.685617
4385966104,1,2023_5_12_1_0,2023,5,12,75,1,3,0,0,,,8699.2953473
4385966107,1,2023_5_12_1_0,2023,5,12,51,2,1,0,0,,,32290.200209
4385966117,1,2023_5_12_1_0,2023,5,12,64,2,1,0,0,,,11386.288473
4385966128,1,2023_5_12_1_0,2023,5,12,37,2,1,0,0,,,18815.992505
4385966133,1,2023_5_12_1_0,2023,5,12,66,2,1,0,0,,,27519.203307
4385966135,1,2023_5_12_1_0,2023,5,12,-3,-3,-3,0,0,1,1,16487.45935
4385966141,1,2023_5_12_1_0,2023,5,12,35,2,1,0,0,,,30903.685617
4385966143,1,2023_5_12_1_0,2023,5,12,59,1,1,2.9998730525,0,,,8699.2953473
4385966147,1,2023_5_12_1_0,2023,5,12,38,2,2,0,1.0000423158,,,83801.255818
4385966148,1,2023_5_12_1_0,2023,5,12,72,1,3,0,0,,,8699.2953473
4385966152,1,2023_5_12_1_0,2023,5,12,35,1,1,0,0,,,51023.163415
4385966159,1,2023_5_12_1_0,2023,5,12,49,1,1,1.9999153683,0,,,32290.200209
4385966162,1,2023_5_12_1_0,2023,5,12,57,2,3,0,0,,,30903.685617
4385966167,1,2023_5_12_1_0,2023,5,12,76,1,1,0,0,,,8699.2953473
4385966171,1,2023_5_12_1_0,2023,5,12,32,1,1,0,0,,,87561.055392
4385966178,1,2023_5_12_1_0,2023,5,12,64,1,1,0,0,,,5823.8821114
4385966179,1,2023_5_12_1_0,2023,5,12,65,2,1,0,0,,,14928.895639
4385966182,1,2023_5_12_1_0,2023,5,12,61,1,3,0,0,,,32290.200209
4385966215,1,2023_5_12_1_0,2023,5,12,52,1,1,0,0,,,83801.255818
4385966217,1,2023_5_12_1_0,2023,5,12,86,1,1,0,0,,,14928.895639
4385966226,1,2023_5_12_1_0,2023,5,12,52,2,3,0,1.0000423158,,,30903.685617
4385966241,1,2023_5_12_1_0,2023,5,12,89,2,1,0,0,,,27519.203307
4385966243,1,2023_5_12_1_0,2023,5,12,64,2,2,0,0,,,87561.055392
4385966245,1,2023_5_12_1_0,2023,5,12,57,1,1,0,0,,,18815.992505
4385966246,1,2023_5_12_1_0,2023,5,12,60,2,1,0,0,,,51023.163415
4385966251,1,2023_5_12_1_0,2023,5,12,39,2,4,0,0,,,83801.255818
4385966252,1,2023_5_12_1_0,2023,5,12,46,1,3,0,1.0000423158,,,64025.417639
4385966268,1,2023_5_12_1_0,2023,5,12,51,2,3,0,0,,,66782.932899
4385966282,1,2023_5_12_1_0,2023,5,12,46,2,1,0,0,,,30903.685617
4385966283,1,2023_5_12_1_0,2023,5,12,-3,-3,-3,0,0,,,44533.400678
4385966288,1,2023_5_12_1_0,2023,5,12,50,2,3,0,0,,,38744.268985
4385966292,1,2023_5_12_1_0,2023,5,12,66,2,1,0,0,,,47225.815176
4385966298,1,2023_5_12_1_0,2023,5,12,61,1,3,0,5.0002115792,,,30903.685617
4385966302,1,2023_5_12_1_0,2023,5,12,69,1,1,0,0,,,40482.556612
4385966303,1,2023_5_12_1_0,2023,5,12,-3,1,2,0,0,,,58288.645983
4385966309,1,2023_5_12_1_0,2023,5,12,54,1,1,0.9999576842,0,,,24627.778459
4385966316,1,2023_5_12_1_0,2023,5,12,60,1,1,0,10.000423158,,,8699.2953473
4385966319,1,2023_5_12_1_0,2023,5,12,33,2,3,0,0,,,23610.8798
4385966322,1,2023_5_12_1_0,2023,5,12,32,2,3,0,0,,,87561.055392
4385966324,1,2023_5_12_1_0,2023,5,12,67,1,1,0,0,,,27519.203307
4385966340,1,2023_5_12_1_0,2023,5,12,61,2,3,0,0,,,11386.288473
4385966341,1,2023_5_12_1_0,2023,5,12,67,1,1,0,0,,1,8699.2953473
4385966343,1,2023_5_12_1_0,2023,5,12,55,1,3,5.9997461049,0,,,12596.666487
4385966354,1,2023_5_12_1_0,2023,5,12,84,2,1,0,0,,,47225.815176
4385966355,1,2023_5_12_1_0,2023,5,12,75,1,2,0,0,1,1,11976.721555
4385966356,1,2023_5_12_1_0,2023,5,12,81,1,1,0,0,,,30876.099536
4385966357,1,2023_5_12_1_0,2023,5,12,51,1,3,0,0,,,30903.685617
4385966361,1,2023_5_12_1_0,2023,5,12,52,1,3,0,0,,,24627.778459
4385966363,1,2023_5_12_1_0,2023,5,12,95,1,3,0,0,,,14287.86116
4385966369,1,2023_5_12_1_0,2023,5,12,45,1,3,0,1.0000423158,,,56102.088179
4385966378,1,2023_5_12_1_0,2023,5,12,81,2,1,0,0,,,47225.815176
4385966379,1,2023_5_12_1_0,2023,5,12,52,1,1,0,0,,,30903.685617
4385966388,1,2023_5_12_1_0,2023,5,12,51,1,4,0,1.0000423158,,,32290.200209
4385966398,1,2023_5_12_1_0,2023,5,12,50,2,2,0,0,,,70245.944837
4385966402,1,2023_5_12_1_0,2023,5,12,66,2,3,0,0,,,14928.895639
4385966403,1,2023_5_12_1_0,2023,5,12,74,1,1,0,0,,,11386.288473
4385966430,1,2023_5_12_1_0,2023,5,12,86,1,1,0,0,,,47225.815176
4385966431,1,2023_5_12_1_0,2023,5,12,43,2,2,0,0,,,87561.055392
4385966432,1,2023_5_12_1_0,2023,5,12,41,2,1,0,0,,,30903.685617
4385966433,1,2023_5_12_1_0,2023,5,12,73,1,1,0,0,,,8699.2953473
4385966435,1,2023_5_12_1_0,2023,5,12,50,2,3,0,0,,,59522.191452
4385966437,1,2023_5_12_1_0,2023,5,12,76,1,1,0,0,,,40482.556612
4385966438,1,2023_5_12_1_0,2023,5,12,44,2,1,0,0,,,24627.778459
4385966441,1,2023_5_12_1_0,2023,5,12,84,2,1,0,0,,,47225.815176
4385966450,1,2023_5_12_1_0,2023,5,12,53,1,3,0,0,,,11386.288473
4385966465,1,2023_5_12_1_0,2023,5,12,60,1,2,0,0,,,18815.992505
4385966470,1,2023_5_12_1_0,2023,5,12,68,1,1,0,0,,,14928.895639
4385966472,1,2023_5_12_1_0,2023,5,12,-3,-3,-3,0,0,,,8699.2953473
4385966483,1,2023_5_12_1_0,2023,5,12,64,2,1,0,0,,,32290.200209
4385966487,1,2023_5_12_1_0,2023,5,12,76,1,1,0,0,,,23589.80362
4385966494,1,2023_5_12_1_0,2023,5,12,43,1,1,0,0,,,18423.169862
4385966498,1,2023_5_12_1_0,2023,5,12,49,1,4,0,0,,,97760.19476
4385966500,1,2023_5_12_1_0,2023,5,12,52,2,1,0,0,,,30903.685617
4385966513,1,2023_5_12_1_0,2023,5,12,52,1,3,0,3.0001269475,,,30903.685617
4385966515,1,2023_5_12_1_0,2023,5,12,69,2,1,0,0,,,5823.8821114
4385966520,1,2023_5_12_1_0,2023,5,12,-3,1,-3,9.9995768415,0,,,9424.5924446
4385966531,1,2023_5_12_1_0,2023,5,12,62,2,1,0,0,,,97760.19476
4385966533,1,2023_5_12_1_0,2023,5,12,44,1,2,0,0,,,30903.685617
4385966535,1,2023_5_12_1_0,2023,5,12,54,2,1,0,0,,,18815.992505
4385966540,1,2023_5_12_1_0,2023,5,12,45,1,4,0,0,,,14287.86116
4385966552,1,2023_5_12_1_0,2023,5,12,81,2,1,0,0,,,27519.203307
4385966584,1,2023_5_12_1_0,2023,5,12,45,1,4,0,0,,,18815.992505
4385966587,1,2023_5_12_1_0,2023,5,12,65,2,2,0,0,,,128061.83275
4385966589,1,2023_5_12_1_0,2023,5,12,57,2,1,0,0,,,18815.992505
4385966590,1,2023_5_12_1_0,2023,5,12,63,1,1,1.9999153683,0,,,18815.992505
4385966591,1,2023_5_12_1_0,2023,5,12,59,1,3,0,0,,,32290.200209
4385966593,1,2023_5_12_1_0,2023,5,12,51,2,1,0,0,,,77907.096536
4385966596,1,2023_5_12_1_0,2023,5,12,66,2,3,0,0,,,47225.815176
4385966598,1,2023_5_12_1_0,2023,5,12,40,2,2,0,0,,,74690.25657
4385966601,1,2023_5_12_1_0,2023,5,12,64,1,1,0,0,,,24627.778459
4385966604,1,2023_5_12_1_0,2023,5,12,57,1,1,0,0,,,24627.778459
4385966606,1,2023_5_12_1_0,2023,5,12,70,2,1,0,0,,,5823.8821114
4385966616,1,2023_5_12_1_0,2023,5,12,-3,2,1,0,0,1,1,76423.947528
4385966621,1,2023_5_12_1_0,2023,5,12,71,2,1,0,0,1,1,47225.815176
4385966628,1,2023_5_12_1_0,2023,5,12,61,2,1,0,0,,,59522.191452
4385966632,1,2023_5_12_1_0,2023,5,12,34,2,1,0,0,,,30903.685617
4385966634,1,2023_5_12_1_0,2023,5,12,79,2,1,0,0,1,,14928.895639
4385966641,1,2023_5_12_1_0,2023,5,12,37,2,1,0,0,,,51023.163415
4385966644,1,2023_5_12_1_0,2023,5,12,29,2,1,0,0,,,64025.417639
4385966649,1,2023_5_12_1_0,2023,5,12,73,1,2,0,0,,,14287.86116
4385966653,1,2023_5_12_1_0,2023,5,12,59,2,1,0,0,,,32290.200209
4385966654,1,2023_5_12_1_0,2023,5,12,37,1,4,0,0,,,83801.255818
4385966656,1,2023_5_12_1_0,2023,5,12,93,2,2,0,0,,,27519.203307
4385966662,1,2023_5_12_1_0,2023,5,12,76,2,1,0,0,,,11386.288473
4385966669,1,2023_5_12_1_0,2023,5,12,42,2,2,0,0,,,30903.685617
4385966673,1,2023_5_12_1_0,2023,5,12,63,2,1,0,0,,,12596.666487
4385966677,1,2023_5_12_1_0,2023,5,12,57,2,1,0,0,,,18815.992505
4385966680,1,2023_5_12_1_0,2023,5,12,65,2,1,0,0,,,11386.288473
4385966681,1,2023_5_12_1_0,2023,5,12,45,2,1,0.9999576842,2.0000846317,,,18815.992505
4385966683,1,2023_5_12_1_0,2023,5,12,71,1,1,0,0,,,8699.2953473
4385966685,1,2023_5_12_1_0,2023,5,12,59,1,1,0,0,,,18815.992505
4385966691,1,2023_5_12_1_0,2023,5,12,36,2,1,0,0,,,30903.685617
4385966698,1,2023_5_12_1_0,2023,5,12,80,2,1,0,0,,,40482.556612
4385966699,1,2023_5_12_1_0,2023,5,12,75,2,1,0,0,,,14928.895639
4385966701,1,2023_5_12_1_0,2023,5,12,-3,2,3,0,0,,,23589.80362
4385966702,1,2023_5_12_1_0,2023,5,12,68,2,1,0,0,,,8699.2953473
4385966706,1,2023_5_12_1_0,2023,5,12,32,2,3,0,0,,,30903.685617
4385966707,1,2023_5_12_1_0,2023,5,12,71,2,1,0,0,,,40482.556612
4385966711,1,2023_5_12_1_0,2023,5,12,74,2,1,0,0,,,47225.815176
4385966715,1,2023_5_12_1_0,2023,5,12,65,2,1,7.9996614732,0,,,5823.8821114
4385966716,1,2023_5_12_1_0,2023,5,12,80,2,2,0,0,,,14928.895639
4385966720,1,2023_5_12_1_0,2023,5,12,58,2,1,0.9999576842,1.0000423158,,,51023.163415
4385966721,1,2023_5_12_1_0,2023,5,12,77,1,1,0,0,,,14287.86116
4385966723,1,2023_5_12_1_0,2023,5,12,72,1,1,3.9998307366,2.0000846317,,,8699.2953473
4385966730,1,2023_5_12_1_0,2023,5,12,62,1,-3,0,0,,,12596.666487
4385966746,1,2023_5_12_1_0,2023,5,12,72,1,1,0,0,1,,11386.288473
4385966758,1,2023_5_12_1_0,2023,5,12,78,2,1,0,0,,,14928.895639
4385966759,1,2023_5_12_1_0,2023,5,12,75,2,1,0,0,,,14928.895639
4385966762,1,2023_5_12_1_0,2023,5,12,62,2,1,0,0,,,8699.2953473
4385966767,1,2023_5_12_1_0,2023,5,12,83,1,1,0,0,,,14928.895639
4385966771,1,2023_5_12_1_0,2023,5,12,56,2,1,0,0,,,59522.191452
4385966773,1,2023_5_12_1_0,2023,5,12,86,1,1,0,0,,,27519.203307
4385966775,1,2023_5_12_1_0,2023,5,12,84,2,1,0,0,,,14928.895639
4385966776,1,2023_5_12_1_0,2023,5,12,71,2,1,0,0,,1,14928.895639
4385966778,1,2023_5_12_1_0,2023,5,12,82,1,1,0,0,,,8699.2953473
4385966780,1,2023_5_12_1_0,2023,5,12,24,2,3,0,0,,,51023.163415
4385966783,1,2023_5_12_1_0,2023,5,12,67,2,2,0,0,,,27519.203307
4385966784,1,2023_5_12_1_0,2023,5,12,62,1,1,0,0,,,16487.45935
4385966785,1,2023_5_12_1_0,2023,5,12,65,2,1,0,0,,,27519.203307
4385966790,1,2023_5_12_1_0,2023,5,12,63,1,1,0,0,,,36019.191772
4385966795,1,2023_5_12_1_0,2023,5,12,87,2,1,0,0,,,23589.80362
4385966801,1,2023_5_12_1_0,2023,5,12,63,1,3,0,0,,,24627.778459
4385966804,1,2023_5_12_1_0,2023,5,12,73,1,1,0.9999576842,0,,,8699.2953473
4385966809,1,2023_5_12_1_0,2023,5,12,74,2,1,0,0,,,8699.2953473
4385966818,1,2023_5_12_1_0,2023,5,12,70,1,1,0,0,,,8699.2953473
4385966820,1,2023_5_12_1_0,2023,5,12,76,1,1,0,0,,,74623.584541
4385966825,1,2023_5_12_1_0,2023,5,12,53,1,1,0,0,,,83801.255818
4385966826,1,2023_5_12_1_0,2023,5,12,77,1,1,0,0,,,23589.80362
4385966827,1,2023_5_12_1_0,2023,5,12,82,1,1,0,0,,,8699.2953473
4385966828,1,2023_5_12_1_0,2023,5,12,70,2,1,0,0,,,23589.80362
4385966835,1,2023_5_12_1_0,2023,5,12,81,2,1,0,0,,1,20553.2999
4385966838,1,2023_5_12_1_0,2023,5,12,85,1,4,0,0,,,27519.203307
4385966839,1,2023_5_12_1_0,2023,5,12,66,1,1,0,1.0000423158,,,40482.556612
4385966846,1,2023_5_12_1_0,2023,5,12,-3,1,1,0,0,,,76423.947528
4385966854,1,2023_5_12_1_0,2023,5,12,64,1,1,0,0,,,18815.992505
4385966855,1,2023_5_12_1_0,2023,5,12,71,2,1,0,0,,,11130.697354
4385966858,1,2023_5_12_1_0,2023,5,12,26,2,1,0,0,,,18815.992505
4385966860,1,2023_5_12_1_0,2023,5,12,68,1,1,0,0,,,27519.203307
4385966865,1,2023_5_12_1_0,2023,5,12,81,2,1,0,0,,,47225.815176
4385966868,1,2023_5_12_1_0,2023,5,12,56,2,1,0,0,,,7622.7325439
4385966877,1,2023_5_12_1_0,2023,5,12,85,1,1,0,0,,,27519.203307
4385966879,1,2023_5_12_1_0,2023,5,12,71,2,1,0,0,,,8699.2953473
4385966880,1,2023_5_12_1_0,2023,5,12,61,1,3,0,0,,,18815.992505
4385966882,1,2023_5_12_1_0,2023,5,12,70,1,3,0,2.0000846317,,,11386.288473
4385966889,1,2023_5_12_1_0,2023,5,12,70,2,1,0,0,,,14928.895639
4385966893,1,2023_5_12_1_0,2023,5,12,68,1,1,0,0,,,5823.8821114
4385966895,1,2023_5_12_1_0,2023,5,12,60,1,1,3.9998307366,0,,,12596.666487
4385966902,1,2023_5_12_1_0,2023,5,12,50,2,1,0,0,,,14287.86116
4385966903,1,2023_5_12_1_0,2023,5,12,62,1,3,0,0,,,18815.992505
4385966908,1,2023_5_12_1_0,2023,5,12,75,2,1,0,0,,,11386.288473
4385966924,1,2023_5_12_1_0,2023,5,12,79,1,1,0,0,,,14928.895639
4385966927,1,2023_5_12_1_0,2023,5,12,74,1,1,0,0,,,27519.203307
4385966929,1,2023_5_12_1_0,2023,5,12,62,2,1,0,0,,,12596.666487
4385966930,1,2023_5_12_1_0,2023,5,12,50,1,3,0,2.0000846317,,,36019.191772
4385966932,1,2023_5_12_1_0,2023,5,12,24,2,3,0,0,,,8699.2953473
4385966934,1,2023_5_12_1_0,2023,5,12,63,1,3,0,0,,,18815.992505
4385966935,1,2023_5_12_1_0,2023,5,12,69,2,3,0,0,,,8699.2953473
4385966937,1,2023_5_12_1_0,2023,5,12,31,2,2,0,0,,,64025.417639
4385966945,1,2023_5_12_1_0,2023,5,12,64,2,1,0,0,,,5823.8821114
4385966950,1,2023_5_12_1_0,2023,5,12,43,1,1,0,0,,,83801.255818
4385966951,1,2023_5_12_1_0,2023,5,12,68,2,1,0,0,,,45197.977583
4385966953,1,2023_5_12_1_0,2023,5,12,29,1,1,0,0,,,18815.992505
4385966956,1,2023_5_12_1_0,2023,5,12,70,2,2,0,0,,,20057.387191
4385966957,1,2023_5_12_1_0,2023,5,12,58,2,1,0,0,,,18815.992505
4385966963,1,2023_5_12_1_0,2023,5,12,58,2,2,0,0,,,24627.778459
4385966965,1,2023_5_12_1_0,2023,5,12,71,2,1,0,0,,,14928.895639
4385966968,1,2023_5_12_1_0,2023,5,12,70,1,1,0,0,,,8699.2953473
4385966969,1,2023_5_12_1_0,2023,5,12,72,2,1,0,0,,,27519.203307
4385966973,1,2023_5_12_1_0,2023,5,12,75,1,1,0,0,,,14928.895639
4385966974,1,2023_5_13_1_1,2023,5,13,53,2,1,0,0,,,109.97723353
4385966975,1,2023_5_13_1_1,2023,5,13,36,2,1,0,0,,,209.53876726
4385966978,1,2023_5_13_1_1,2023,5,13,67,1,1,0,0,,,40.253255799
4385966989,1,2023_5_13_1_1,2023,5,13,47,1,1,0,0,,,100.61616254
4385966991,1,2023_5_13_1_1,2023,5,13,68,2,1,0,0,,,40.253255799
4385966995,1,2023_5_13_1_1,2023,5,13,61,1,1,9.9980991971,0,,,114.81866057
4385966998,1,2023_5_13_1_1,2023,5,13,79,1,1,0,0,,,137.01219264
4385967001,1,2023_5_13_1_1,2023,5,13,70,1,1,0.9998099197,0,1,,40.253255799
4385967002,1,2023_5_13_1_1,2023,5,13,43,2,1,0,0,,,209.53876726
4385967004,1,2023_5_13_1_1,2023,5,13,88,1,1,0,0,,,137.01219264
4385967014,1,2023_5_13_1_1,2023,5,13,47,2,1,0,0,,,96.373595979
4385967017,1,2023_5_13_1_1,2023,5,13,41,2,1,0,0,,,713.21848071
4385967029,1,2023_5_13_1_1,2023,5,13,50,1,1,0,0,,,209.53876726
4385967035,1,2023_5_13_1_1,2023,5,13,52,2,1,0,0,,,96.373595979
4385967037,1,2023_5_13_1_1,2023,5,13,37,2,4,0,0,,,129.25438182
4385967044,1,2023_5_13_1_1,2023,5,13,64,1,1,7.9984793577,2.0003801606,,,174.14494169
4385967051,1,2023_5_13_1_1,2023,5,13,69,1,1,2.9994297591,0,,,40.253255799
4385967053,1,2023_5_13_1_1,2023,5,13,65,2,1,0,4.0007603212,,,40.253255799
4385967057,1,2023_5_13_1_1,2023,5,13,52,1,1,0,0,,,100.61616254
4385967059,1,2023_5_13_1_1,2023,5,13,69,1,1,0,0,1,1,285.3355288
4385967064,1,2023_5_13_1_1,2023,5,13,33,2,3,0,0,,,209.53876726
4385967066,1,2023_5_13_1_1,2023,5,13,57,1,1,0,0,,,328.03204201
4385967067,1,2023_5_13_1_1,2023,5,13,48,1,1,0,0,,,239.11626112
4385967068,1,2023_5_13_1_1,2023,5,13,59,1,1,0,0,,,152.60407734
4385967070,1,2023_5_13_1_1,2023,5,13,49,1,1,0,0,,,685.73284948
4385967072,1,2023_5_13_1_1,2023,5,13,58,1,1,0.9998099197,0,,,152.60407734
4385967082,1,2023_5_13_1_1,2023,5,13,48,1,2,0,0,,,209.53876726
4385967090,1,2023_5_13_1_1,2023,5,13,82,1,1,5.9988595183,6.0011404817,,,137.01219264
4385967091,1,2023_5_13_1_1,2023,5,13,43,1,1,0,0,,,209.53876726
4385967097,1,2023_5_13_1_1,2023,5,13,39,1,3,0,0,,,209.53876726
4385967110,1,2023_5_13_1_1,2023,5,13,49,1,1,0,0,,,109.97723353
4385967111,1,2023_5_13_1_1,2023,5,13,51,2,1,0,0,,,100.61616254
4385967114,1,2023_5_13_1_1,2023,5,13,62,2,1,0,0,,,114.81866057
4385967117,1,2023_5_13_1_1,2023,5,13,34,1,1,0,0,,,152.60407734
4385967118,1,2023_5_13_1_1,2023,5,13,58,1,1,0,5.0009504015,,,152.60407734
4385967119,1,2023_5_13_1_1,2023,5,13,52,1,1,0,0,,,96.373595979
4385967120,1,2023_5_13_1_1,2023,5,13,47,1,1,0,1.0001900803,,,685.73284948
4385967123,1,2023_5_13_1_1,2023,5,13,26,2,1,0,0,,,499.40939411
4385967130,1,2023_5_13_1_1,2023,5,13,59,2,1,0,0,,,100.61616254
4385967139,1,2023_5_13_1_1,2023,5,13,41,2,1,0,2.0003801606,,,281.02929599
4385967141,1,2023_5_13_1_1,2023,5,13,57,2,1,3.9992396788,10.001900803,,,114.81866057
4385967143,1,2023_5_13_1_1,2023,5,13,-3,-3,-3,0,0,,,96.373595979
4385967149,1,2023_5_13_1_1,2023,5,13,48,1,1,0,0,,,218.76310052
4385967160,1,2023_5_13_1_1,2023,5,13,65,1,1,0,0,,,40.253255799
4385967162,1,2023_5_13_1_1,2023,5,13,58,1,5,0,1.0001900803,,,713.21848071
4385967164,1,2023_5_13_1_1,2023,5,13,64,2,1,0,0,,,137.01219264
4385967174,1,2023_5_13_1_1,2023,5,13,56,1,1,9.9980991971,0,,,114.81866057
4385967179,1,2023_5_13_1_1,2023,5,13,77,1,1,0.9998099197,1.0001900803,,,137.01219264
4385967189,1,2023_5_13_1_1,2023,5,13,58,2,1,0,0,,,96.373595979
4385967194,1,2023_5_13_1_1,2023,5,13,51,2,2,0,0,1,1,713.21848071
4385967197,1,2023_5_13_1_1,2023,5,13,45,2,1,0,0,,,209.53876726
4385967199,1,2023_5_13_1_1,2023,5,13,47,1,5,2.9994297591,3.0005702409,,,218.76310052
4385967203,1,2023_5_13_1_1,2023,5,13,47,2,1,0,8.0015206423,,,209.53876726
4385967208,1,2023_5_13_1_1,2023,5,13,63,1,1,0,0,,,685.73284948
4385967212,1,2023_5_13_1_1,2023,5,13,96,2,1,11.997719037,12.002280963,,,95.662642874
4385967213,1,2023_5_13_1_1,2023,5,13,69,2,1,0,0,,,83.829649086
4385967214,1,2023_5_13_1_1,2023,5,13,52,1,1,0,0,,,209.53876726
4385967219,1,2023_5_13_1_1,2023,5,13,66,1,2,0,0,,,137.01219264
4385967220,1,2023_5_13_1_1,2023,5,13,68,2,1,0,0,,,61.051930486
4385967224,1,2023_5_13_1_1,2023,5,13,39,2,1,0,0,,,713.21848071
4385967226,1,2023_5_13_1_1,2023,5,13,41,2,-3,0,1.0001900803,,,209.53876726
4385967227,1,2023_5_13_1_1,2023,5,13,53,1,1,1.9996198394,0,,,329.27466715
4385967228,1,2023_5_13_1_1,2023,5,13,47,1,1,0,0,,,209.53876726
4385967232,1,2023_5_13_1_1,2023,5,13,76,1,1,0,0,,,40.253255799
4385967235,1,2023_5_13_1_1,2023,5,13,61,1,1,0,0,,,328.03204201
4385967236,1,2023_5_13_1_1,2023,5,13,64,2,1,0,0,,,40.253255799
4385967242,1,2023_5_13_1_1,2023,5,13,70,1,1,3.9992396788,2.0003801606,,,137.01219264
4385967243,1,2023_5_13_1_1,2023,5,13,57,2,1,0,0,,,152.60407734
4385967244,1,2023_5_13_1_1,2023,5,13,56,2,1,0.9998099197,0,,,100.61616254
4385967246,1,2023_5_13_1_1,2023,5,13,67,2,1,9.9980991971,30.005702409,,,40.253255799
4385967247,1,2023_5_13_1_1,2023,5,13,25,1,1,0.9998099197,1.0001900803,,,131.23495633
4385967248,1,2023_5_13_1_1,2023,5,13,69,1,1,0,1.0001900803,,,61.051930486
4385967250,1,2023_5_13_1_1,2023,5,13,50,2,1,0,0,,,813.89300271
4385967251,1,2023_5_13_1_1,2023,5,13,52,1,-3,1.9996198394,0,,,134.94442911
4385967253,1,2023_5_13_1_1,2023,5,13,55,2,1,0,0,,,100.61616254
4385967254,1,2023_5_13_1_1,2023,5,13,63,1,1,0,0,,,96.373595979
4385967261,1,2023_5_13_1_1,2023,5,13,66,2,1,0,0,,,207.8057711
4385967270,1,2023_5_13_1_1,2023,5,13,-3,-3,-3,0,0,,,134.89555439
4385967271,1,2023_5_13_1_1,2023,5,13,-3,2,1,2.9994297591,0,,,88.940435029
4385967272,1,2023_5_13_1_1,2023,5,13,37,1,1,0.9998099197,0,,,114.81866057
4385967278,1,2023_5_13_1_1,2023,5,13,77,1,1,0,0,,,61.051930486
4385967280,1,2023_5_13_1_1,2023,5,13,71,1,2,0,4.0007603212,,,40.253255799
4385967286,1,2023_5_13_1_1,2023,5,13,53,1,1,0,0,,,100.61616254
4385967287,1,2023_5_13_1_1,2023,5,13,79,2,1,0,0,,,38.555942835
4385967288,1,2023_5_13_1_1,2023,5,13,46,1,1,0,0,,,209.53876726
4385967295,1,2023_5_13_1_1,2023,5,13,64,1,1,0,0,,,96.373595979
4385967297,1,2023_5_13_1_1,2023,5,13,37,2,1,2.9994297591,3.0005702409,,,239.11626112
4385967298,1,2023_5_13_1_1,2023,5,13,67,1,1,0,2.0003801606,,,274.33942125
4385967299,1,2023_5_13_1_1,2023,5,13,62,1,1,0,0,,,100.61616254
4385967303,1,2023_5_13_1_1,2023,5,13,73,1,1,0,0,,,61.051930486
4385967306,1,2023_5_13_1_1,2023,5,13,71,1,4,3.9992396788,4.0007603212,,,149.75945739
4385967309,1,2023_5_13_1_1,2023,5,13,47,1,3,0,0,,,100.61616254
4385967316,1,2023_5_13_1_1,2023,5,13,68,1,1,0,6.0011404817,,,199.79746377
4385967317,1,2023_5_13_1_1,2023,5,13,40,2,1,0,0,,,715.92023875
4385967320,1,2023_5_13_1_1,2023,5,13,35,1,1,0,0,,,100.61616254
4385967327,1,2023_5_13_1_1,2023,5,13,61,1,1,3.9992396788,0,,,109.97723353
4385967328,1,2023_5_13_1_1,2023,5,13,71,1,1,0,0,,,40.253255799
4385967330,1,2023_5_13_1_1,2023,5,13,59,1,1,0,0,,,152.60407734
4385967332,1,2023_5_13_1_1,2023,5,13,35,1,1,11.997719037,2.0003801606,,,100.61616254
4385967338,1,2023_5_13_1_1,2023,5,13,-3,1,1,0,1.0001900803,,,134.89555439
4385967340,1,2023_5_13_1_1,2023,5,13,61,1,1,4.9990495985,0,,,96.373595979
4385967349,1,2023_5_13_1_1,2023,5,13,32,2,1,0,0,,,114.81866057
4385967350,1,2023_5_13_1_1,2023,5,13,32,2,1,0,0,,,100.61616254
4385967352,1,2023_5_13_1_1,2023,5,13,56,1,1,4.9990495985,0,,,96.373595979
4385967355,1,2023_5_13_1_1,2023,5,13,53,2,1,0,0,,,209.53876726
4385967361,1,2023_5_13_1_1,2023,5,13,67,1,1,0,0,,,137.01219264
4385967363,1,2023_5_13_1_1,2023,5,13,70,1,4,0,0,,,51.710476362
4385967366,1,2023_5_13_1_1,2023,5,13,8,2,3,0,0,,,83.829649086
4385967371,1,2023_5_13_1_1,2023,5,13,66,2,1,0,0,,,40.253255799
4385967372,1,2023_5_13_1_1,2023,5,13,62,1,1,0,0,,,131.23495633
4385967376,1,2023_5_13_1_1,2023,5,13,72,1,1,0,4.0007603212,,,40.253255799
4385967383,1,2023_5_13_1_1,2023,5,13,31,1,1,4.9990495985,10.001900803,,,685.73284948
4385967384,1,2023_5_13_1_1,2023,5,13,27,1,1,9.9980991971,7.001330562,,,114.81866057
4385967388,1,2023_5_13_1_1,2023,5,13,43,2,1,0,0,,,209.53876726
4385967397,1,2023_5_13_1_1,2023,5,13,65,2,2,0,0,,,61.051930486
4385967399,1,2023_5_13_1_1,2023,5,13,51,1,1,0,2.0003801606,,,114.81866057
4385967400,1,2023_5_13_1_1,2023,5,13,67,2,1,0,0,,,40.253255799
4385967401,1,2023_5_13_1_1,2023,5,13,56,1,1,0,0,,,100.61616254
4385967402,1,2023_5_13_1_1,2023,5,13,57,2,1,0,0,,,96.373595979
4385967404,1,2023_5_13_1_1,2023,5,13,22,2,1,0,0,,,218.76310052
4385967416,1,2023_5_13_1_1,2023,5,13,47,1,1,4.9990495985,0,,,209.53876726
4385967424,1,2023_5_13_1_1,2023,5,13,90,1,1,0,0,,,156.35218084
4385967426,1,2023_5_13_1_1,2023,5,13,54,2,1,0,0,,,100.61616254
4385967431,1,2023_5_13_1_1,2023,5,13,68,1,1,0,0,,,183.75807275
4385967437,1,2023_5_13_1_1,2023,5,13,72,1,-3,0,0,,,61.051930486
4385967439,1,2023_5_13_1_1,2023,5,13,27,1,1,0,0,,,239.11626112
4385967441,1,2023_5_13_1_1,2023,5,13,75,2,1,0,0,,,40.253255799
4385967442,1,2023_5_13_1_1,2023,5,13,58,1,1,0,0,,,100.61616254
4385967449,1,2023_5_13_1_1,2023,5,13,48,1,1,0,0,,,209.53876726
4385967450,1,2023_5_13_1_1,2023,5,13,46,1,1,0,0,,,209.53876726
4385967456,1,2023_5_13_1_1,2023,5,13,49,1,1,0,0,,,96.373595979
4385967472,1,2023_5_13_1_1,2023,5,13,16,2,1,0,0,,,209.53876726
4385967473,1,2023_5_13_1_1,2023,5,13,68,1,1,0,0,,,61.051930486
4385967476,1,2023_5_13_1_1,2023,5,13,40,2,1,0,0,,,209.53876726
4385967477,1,2023_5_13_1_1,2023,5,13,55,2,1,3.9992396788,0,,,100.61616254
4385967479,1,2023_5_13_1_1,2023,5,13,65,1,1,3.9992396788,6.0011404817,,,61.051930486
4385967482,1,2023_5_13_1_1,2023,5,13,50,2,1,0,0,,,100.61616254
4385967485,1,2023_5_13_1_1,2023,5,13,38,2,1,0,0,,,152.60407734
4385967494,1,2023_5_13_1_1,2023,5,13,63,1,1,0,2.0003801606,,,100.61616254
4385967497,1,2023_5_13_1_1,2023,5,13,39,1,1,9.9980991971,0,,,209.53876726
4385967501,1,2023_5_13_1_1,2023,5,13,59,1,1,3.9992396788,0,,,114.81866057
4385967512,1,2023_5_13_1_1,2023,5,13,79,1,1,0,5.0009504015,,,113.47622882
4385967519,1,2023_5_13_1_1,2023,5,13,55,1,4,0,3.0005702409,,,204.66960354
4385967523,1,2023_5_13_1_1,2023,5,13,53,2,1,0,0,,,328.03204201
4385967528,1,2023_5_13_1_1,2023,5,13,31,2,1,2.9994297591,3.0005702409,,,209.53876726
4385967529,1,2023_5_13_1_1,2023,5,13,86,2,2,0,0,,,207.8057711
4385967531,1,2023_5_13_1_1,2023,5,13,55,2,1,0,0,,,499.40939411
4385967540,1,2023_5_13_1_1,2023,5,13,37,2,1,0,0,,,239.11626112
4385967550,1,2023_5_13_1_1,2023,5,13,42,2,1,0,0,,,100.61616254
4385967552,1,2023_5_13_1_1,2023,5,13,56,1,1,2.9994297591,0,,,114.81866057
4385967558,1,2023_5_13_1_1,2023,5,13,62,2,1,0,0,,,100.61616254
4385967559,1,2023_5_13_1_1,2023,5,13,61,1,1,0,0,,,713.21848071
4385967574,1,2023_5_13_1_1,2023,5,13,59,1,1,0,0,,,374.33548188
4385967578,1,2023_5_13_1_1,2023,5,13,67,2,1,0,0,,,95.662642874
4385967580,1,2023_5_13_1_1,2023,5,13,63,2,1,0,0,,,40.253255799
4385967581,1,2023_5_13_1_1,2023,5,13,66,2,1,0,0,,,40.253255799
4385967582,1,2023_5_13_1_1,2023,5,13,51,1,1,1.9996198394,0,,,114.81866057
4385967585,1,2023_5_13_1_1,2023,5,13,67,2,1,0,0,,,207.8057711
4385967591,1,2023_5_13_1_1,2023,5,13,57,2,1,0,0,,,329.27466715
4385967600,1,2023_5_13_1_1,2023,5,13,60,1,1,0,0,,,100.61616254
4385967605,1,2023_5_13_1_1,2023,5,13,62,2,1,0,0,,,100.61616254
4385967607,1,2023_5_13_1_1,2023,5,13,45,2,5,0,0,,,96.373595979
4385967608,1,2023_5_13_1_1,2023,5,13,25,1,1,0,2.0003801606,,,329.27466715
4385967609,1,2023_5_13_1_1,2023,5,13,33,2,2,0,0,,,209.53876726
4385967617,1,2023_5_13_1_1,2023,5,13,43,2,1,0,0,,,209.53876726
4385967619,1,2023_5_13_1_1,2023,5,13,64,2,1,0,0,,,285.3355288
4385967622,1,2023_5_13_1_1,2023,5,13,68,1,1,0,0,,,137.01219264
4385967624,1,2023_5_13_1_1,2023,5,13,55,2,1,0,0,,,100.61616254
4385967632,1,2023_5_13_1_1,2023,5,13,65,1,1,0,0,,,137.01219264
4385967634,1,2023_5_13_1_1,2023,5,13,53,1,1,1.9996198394,2.0003801606,,,100.61616254
4385967642,1,2023_5_13_1_0,2023,5,13,70,1,1,0,0,,,246.13280341
4385967645,1,2023_5_13_1_0,2023,5,13,73,1,1,0,0,,,837.77558873
4385967648,1,2023_5_13_1_0,2023,5,13,79,1,1,4.9990495985,0,,,162.28228358
4385967654,1,2023_5_13_1_0,2023,5,13,60,2,1,0,1.0001900803,,,2013.384888
4385967656,1,2023_5_13_1_0,2023,5,13,66,-5,2,0,0,,,1106.0081197
4385967658,1,2023_5_13_1_0,2023,5,13,80,2,1,0,0,,,224.89996754
4385967662,1,2023_5_13_1_0,2023,5,13,40,2,1,0,0,,,844.76221795
4385967668,1,2023_5_13_1_0,2023,5,13,75,1,2,0,0,,,1106.0081197
4385967673,1,2023_5_13_1_0,2023,5,13,51,2,4,0,0,,,552.36902104
4385967674,1,2023_5_13_1_0,2023,5,13,76,1,1,0,0,,,246.13280341
4385967680,1,2023_5_13_1_0,2023,5,13,37,1,1,0,16.003041285,,,844.76221795
4385967695,1,2023_5_13_1_0,2023,5,13,60,1,2,0,0,,1,615.22820112
4385967708,1,2023_5_13_1_0,2023,5,13,68,1,1,0,0,,,529.07790877
4385967713,1,2023_5_13_1_0,2023,5,13,64,2,1,0,0,,,370.29117764
4385967714,1,2023_5_13_1_0,2023,5,13,85,1,1,0,0,,,837.77558873
4385967715,1,2023_5_13_1_0,2023,5,13,64,1,1,0,0,,,615.22820112
4385967722,1,2023_5_13_1_0,2023,5,13,45,1,1,0,0,,,844.76221795
4385967723,1,2023_5_13_1_0,2023,5,13,40,2,1,0,0,,,844.76221795
4385967730,1,2023_5_13_1_0,2023,5,13,32,2,1,0,0,,,844.76221795
4385967732,1,2023_5_13_1_0,2023,5,13,60,2,2,0,0,,,162.28228358
4385967735,1,2023_5_13_1_0,2023,5,13,37,1,2,0,0,,,2764.5538362
4385967736,1,2023_5_13_1_0,2023,5,13,69,1,1,0,0,,,162.28228358
4385967737,1,2023_5_13_1_0,2023,5,13,63,1,2,0,0,,,2013.384888
4385967738,1,2023_5_13_1_0,2023,5,13,85,2,2,0,0,,,837.77558873
4385967746,1,2023_5_13_1_0,2023,5,13,20,1,1,0,0,,,1271.5069291
4385967747,1,2023_5_13_1_0,2023,5,13,55,2,1,0,0,,,1380.6895889
4385967761,1,2023_5_13_1_0,2023,5,13,72,2,2,0,0,,,2741.6895175
4385967763,1,2023_5_13_1_0,2023,5,13,56,2,1,0,0,,,162.28228358
4385967765,1,2023_5_13_1_0,2023,5,13,57,2,1,0,0,,,388.5332235
4385967766,1,2023_5_13_1_0,2023,5,13,53,2,2,0,0,,,388.5332235
4385967783,1,2023_5_13_1_0,2023,5,13,57,2,1,0,0,,,405.6372658
4385967785,1,2023_5_13_1_0,2023,5,13,35,2,1,0,0,,,405.6372658
4385967789,1,2023_5_13_1_0,2023,5,13,40,1,1,0,0,,,405.6372658
4385967798,1,2023_5_13_1_0,2023,5,13,91,1,1,0,0,,,552.36902104
4385967800,1,2023_5_13_1_0,2023,5,13,84,1,1,0,0,,,162.28228358
4385967802,1,2023_5_13_1_0,2023,5,13,62,2,1,0,0,,,2013.384888
4385967813,1,2023_5_13_1_0,2023,5,13,51,2,1,0,1.0001900803,,,1327.4813142
4385967814,1,2023_5_13_1_0,2023,5,13,57,2,2,0,0,,,1327.4813142
4385967818,1,2023_5_13_1_0,2023,5,13,69,1,2,0,0,,,246.13280341
4385967820,1,2023_5_13_1_0,2023,5,13,41,2,1,0,0,,,844.76221795
4385967828,1,2023_5_13_1_0,2023,5,13,50,2,1,0,0,,,155.43951227
4385967829,1,2023_5_13_1_0,2023,5,13,48,1,1,0,0,,,615.22820112
4385967834,1,2023_5_13_1_0,2023,5,13,54,1,1,0,0,,,405.6372658
4385967838,1,2023_5_13_1_0,2023,5,13,37,1,1,0,0,,,1327.4813142
4385967840,1,2023_5_13_1_0,2023,5,13,35,2,1,0,0,,,9409.862016
4385967844,1,2023_5_13_1_0,2023,5,13,44,2,1,0,0,,,844.76221795
4385967848,1,2023_5_13_1_0,2023,5,13,30,1,1,0,0,,,566.30257056
4385967850,1,2023_5_13_1_0,2023,5,13,40,1,1,0,0,,,1380.6895889
4385967854,1,2023_5_13_1_0,2023,5,13,68,1,2,0,0,,,529.07790877
4385967859,1,2023_5_13_1_0,2023,5,13,68,2,1,3.9992396788,0,,,552.36902104
4385967860,1,2023_5_13_1_0,2023,5,13,82,1,1,0,0,,,837.77558873
4385967869,1,2023_5_13_1_0,2023,5,13,28,1,1,0,0,1,1,1380.6895889
4385967870,1,2023_5_13_1_0,2023,5,13,53,2,2,0,0,,,1322.4716314
4385967876,1,2023_5_13_1_0,2023,5,13,65,1,2,0,0,,,162.28228358
4385967881,1,2023_5_13_1_0,2023,5,13,56,1,1,0,0,,,615.22820112
4385967884,1,2023_5_13_1_0,2023,5,13,76,1,1,0,0,,,552.36902104
4385967885,1,2023_5_13_1_0,2023,5,13,42,1,1,0,0,,,1271.5069291
4385967888,1,2023_5_13_1_0,2023,5,13,47,2,1,0,0,,,155.43951227
4385967890,1,2023_5_13_1_0,2023,5,13,39,2,1,0,0,,,2875.3630344
4385967891,1,2023_5_13_1_0,2023,5,13,39,1,1,0,0,,,405.6372658
4385967893,1,2023_5_13_1_0,2023,5,13,66,2,1,0,0,,,246.13280341
4385967898,1,2023_5_13_1_0,2023,5,13,59,1,2,0,0,,,2790.2626582
4385967906,1,2023_5_13_1_0,2023,5,13,84,2,1,0,0,,,246.13280341
4385967908,1,2023_5_13_1_0,2023,5,13,80,1,1,9.9980991971,2.0003801606,,,162.28228358
4385967910,1,2023_5_13_1_0,2023,5,13,73,1,1,2.9994297591,0,,,162.28228358
4385967920,1,2023_5_13_1_0,2023,5,13,44,2,2,0,0,,,2764.5538362
4385967931,1,2023_5_13_1_0,2023,5,13,71,2,-3,0,0,,,246.13280341
4385967932,1,2023_5_13_1_0,2023,5,13,64,2,1,0,0,,,405.6372658
4385967934,1,2023_5_13_1_0,2023,5,13,41,1,1,0,0,,,844.76221795
4385967956,1,2023_5_13_1_0,2023,5,13,43,2,3,0,0,,,844.76221795
4385967965,1,2023_5_13_1_0,2023,5,13,72,1,1,0,0,,,246.13280341
4385967968,1,2023_5_13_1_0,2023,5,13,70,2,1,0,0,,,552.36902104
4385967973,1,2023_5_13_1_0,2023,5,13,39,1,1,0,0,,,844.76221795
4385968006,1,2023_5_13_1_0,2023,5,13,50,1,3,0,0,,,844.76221795
4385968032,1,2023_5_13_1_0,2023,5,13,60,1,2,0,0,,,1380.6895889
4385968033,1,2023_5_13_1_0,2023,5,13,84,2,1,0,0,,,837.77558873
4385968034,1,2023_5_13_1_0,2023,5,13,72,2,1,0,0,,,805.48984249
4385968039,1,2023_5_13_1_0,2023,5,13,72,1,2,0,0,,,552.36902104
4385968045,1,2023_5_13_1_0,2023,5,13,7,2,2,0,0,,,4553.0325857
4385968050,1,2023_5_13_1_0,2023,5,13,65,2,4,0,0,,,552.36902104
4385968052,1,2023_5_13_1_0,2023,5,13,66,1,2,0,0,,,1123.6082324
4385968053,1,2023_5_13_1_0,2023,5,13,46,2,5,0,0,,,1327.4813142
4385968054,1,2023_5_13_1_0,2023,5,13,64,2,2,0,0,,,531.08212001
4385968062,1,2023_5_13_1_0,2023,5,13,33,2,2,0,0,,,2013.384888
4385968070,1,2023_5_13_1_0,2023,5,13,47,1,1,0,0,,,2764.5538362
4385968082,1,2023_5_13_1_0,2023,5,13,43,2,1,0,0,,,844.76221795
4385968085,1,2023_5_13_1_0,2023,5,13,30,2,1,0,0,,,1327.4813142
4385968089,1,2023_5_13_1_0,2023,5,13,73,1,1,4.9990495985,6.0011404817,,,370.29117764
4385968097,1,2023_5_13_1_0,2023,5,13,75,2,1,0,0,,,246.13280341
4385968099,1,2023_5_13_1_0,2023,5,13,36,2,1,0,2.0003801606,,,844.76221795
4385968119,1,2023_5_13_1_0,2023,5,13,61,2,2,0,0,,,405.6372658
4385968127,1,2023_5_13_1_0,2023,5,13,65,2,2,0,0,,,805.48984249
4385968133,1,2023_5_13_1_0,2023,5,13,68,2,1,0,0,,,508.68858813
4385968134,1,2023_5_13_1_0,2023,5,13,70,2,1,0,0,,,552.36902104
4385968138,1,2023_5_13_1_0,2023,5,13,58,2,1,0,0,,,388.5332235
4385968143,1,2023_5_13_1_0,2023,5,13,31,1,1,0,0,,,405.6372658
4385968146,1,2023_5_13_1_0,2023,5,13,64,2,1,0,0,,,162.28228358
4385968148,1,2023_5_13_1_0,2023,5,13,39,2,2,0,0,,,2764.5538362
4385968151,1,2023_5_13_1_0,2023,5,13,50,2,2,0,0,,,844.76221795
4385968154,1,2023_5_13_1_0,2023,5,13,71,1,1,0,0,,,2741.6895175
4385968157,1,2023_5_13_1_0,2023,5,13,51,2,1,0,0,,,104.20186118
4385968158,1,2023_5_13_1_0,2023,5,13,38,2,1,0,0,,,2013.384888
4385968159,1,2023_5_13_1_0,2023,5,13,35,1,1,0,0,,,615.22820112
4385968160,1,2023_5_13_1_0,2023,5,13,53,2,1,0,0,,,162.28228358
4385968161,1,2023_5_13_1_0,2023,5,13,74,2,1,0,0,,,162.28228358
4385968167,1,2023_5_13_1_0,2023,5,13,26,2,1,0,0,,,508.68858813
4385968179,1,2023_5_13_1_0,2023,5,13,79,1,1,0,0,,,162.28228358
4385968180,1,2023_5_13_1_0,2023,5,13,17,1,1,0,0,,,844.76221795
4385968189,1,2023_5_13_1_0,2023,5,13,40,2,2,0,0,,,844.76221795
4385968192,1,2023_5_13_1_0,2023,5,13,39,2,1,0,0,,,615.22820112
4385968194,1,2023_5_13_1_0,2023,5,13,48,2,5,0,0,,,538.45131722
4385968204,1,2023_5_13_1_0,2023,5,13,37,1,1,0,0,,,1327.4813142
4385968206,1,2023_5_13_1_0,2023,5,13,38,2,3,0,0,,,844.76221795
4385968210,1,2023_5_13_1_0,2023,5,13,40,2,1,0.9998099197,2.0003801606,,,844.76221795
4385968211,1,2023_5_13_1_0,2023,5,13,65,2,1,0,0,,,162.28228358
4385968213,1,2023_5_13_1_0,2023,5,13,47,2,1,0,0,,,889.90258397
4385968217,1,2023_5_13_1_0,2023,5,13,42,1,1,0,0,,,844.76221795
4385968218,1,2023_5_13_1_0,2023,5,13,49,2,2,0,0,,,844.76221795
4385968231,1,2023_5_13_1_0,2023,5,13,65,2,1,0,0,,,155.43951227
4385968243,1,2023_5_13_1_0,2023,5,13,49,1,1,0,0,,,844.76221795
4385968252,1,2023_5_13_1_0,2023,5,13,34,2,3,0,0,,,2886.2552581
4385968270,1,2023_5_13_1_0,2023,5,13,60,1,2,0,0,,,405.6372658
4385968271,1,2023_5_13_1_0,2023,5,13,71,1,1,0,0,,,162.28228358
4385968274,1,2023_5_13_1_0,2023,5,13,67,1,1,0,0,,,162.28228358
4385968276,1,2023_5_13_1_0,2023,5,13,71,2,1,0,0,,,155.43951227
4385968281,1,2023_5_13_1_0,2023,5,13,63,1,1,0.9998099197,0,,,615.22820112
4385968284,1,2023_5_13_1_0,2023,5,13,24,1,1,0,0,,,155.43951227
4385968293,1,2023_5_13_1_0,2023,5,13,57,1,1,0,0,,,405.6372658
4385968297,1,2023_5_13_1_0,2023,5,13,65,1,4,0,0,,,552.36902104
4385968299,1,2023_5_13_1_0,2023,5,13,72,1,1,0,0,,,552.36902104
4385968300,1,2023_5_13_1_0,2023,5,13,43,2,1,0,0,,,844.76221795
4385968318,1,2023_5_13_1_0,2023,5,13,80,1,1,0,0,,,552.36902104
4385968321,1,2023_5_13_1_0,2023,5,13,79,1,1,1.9996198394,5.0009504015,,,108.78904429
4385968330,1,2023_5_13_1_0,2023,5,13,39,2,1,0,0,,,2764.5538362
4385968333,1,2023_5_13_1_0,2023,5,13,78,2,1,0,0,,,529.07790877
4385968334,1,2023_5_13_1_0,2023,5,13,88,2,1,0,0,,,330.10850148
4385968342,1,2023_5_13_1_0,2023,5,13,79,2,1,0,0,,,837.77558873
4385968346,1,2023_5_13_1_0,2023,5,13,80,1,1,13.997338876,0,,,164.99985003
4385968374,1,2023_5_13_1_0,2023,5,13,40,1,-3,0,0,,,2013.384888
4385968380,1,2023_5_13_1_0,2023,5,13,45,2,1,0,1.0001900803,,,615.22820112
4385968392,1,2023_5_13_1_0,2023,5,13,70,1,1,0,0,,,805.48984249
4385968404,1,2023_5_13_1_0,2023,5,13,41,2,1,0,0,,,844.76221795
4385968410,1,2023_5_13_1_0,2023,5,13,61,2,1,0,0,,,405.6372658
4385968421,1,2023_5_13_1_0,2023,5,13,62,1,1,0,0,,,615.22820112
4385968423,1,2023_5_13_1_0,2023,5,13,-3,-3,-3,0,0,1,1,552.36902104
4385968429,1,2023_5_13_1_0,2023,5,13,68,2,1,0,0,,,162.28228358
4385968436,1,2023_5_13_1_0,2023,5,13,66,1,2,0,4.0007603212,,,162.28228358
4385968446,1,2023_5_13_1_0,2023,5,13,57,2,2,0,0,,,2764.5538362
4385968451,1,2023_5_13_1_0,2023,5,13,27,2,1,0,0,,,844.76221795
4385968456,1,2023_5_13_1_0,2023,5,13,73,2,1,0,0,,,162.28228358
4385968459,1,2023_5_13_1_0,2023,5,13,50,-3,-3,0,0,,,1170.7192628
4385968470,1,2023_5_13_1_0,2023,5,13,65,1,2,0,0,,,162.28228358
4385968471,1,2023_5_13_1_0,2023,5,13,80,2,2,0,0,,,552.36902104
4385968472,1,2023_5_13_1_0,2023,5,13,27,1,1,0,0,,,1327.4813142
4385968473,1,2023_5_13_1_0,2023,5,13,77,2,2,0,0,,,837.77558873
4385968477,1,2023_5_13_1_0,2023,5,13,90,2,1,1.9996198394,0,,,837.77558873
4385968482,1,2023_5_13_1_0,2023,5,13,56,1,1,3.9992396788,0,,,566.30257056
4385968483,1,2023_5_13_1_0,2023,5,13,49,2,1,0,0,,,155.43951227
4385968484,1,2023_5_13_1_0,2023,5,13,28,1,1,0.9998099197,1.0001900803,,,615.22820112
4385968491,1,2023_5_13_1_0,2023,5,13,-3,2,2,0,0,,,543.83572647
4385968501,1,2023_5_13_1_0,2023,5,13,33,1,1,0,0,,,844.76221795
4385968502,1,2023_5_13_1_0,2023,5,13,76,1,1,0,0,,,370.29117764
4385968505,1,2023_5_13_1_0,2023,5,13,66,1,1,0,0,,,529.07790877
4385968513,1,2023_5_13_1_0,2023,5,13,52,2,1,0,0,,,405.6372658
4385968529,1,2023_5_13_1_0,2023,5,13,58,1,1,0,0,,,405.6372658
4385968530,1,2023_5_13_1_0,2023,5,13,42,2,1,0,0,,,405.6372658
4385968535,1,2023_5_13_1_0,2023,5,13,75,2,4,0,0,,,162.28228358
4385968541,1,2023_5_13_1_0,2023,5,13,39,2,1,0,0,,,615.22820112
4385968550,1,2023_5_13_1_0,2023,5,13,75,2,2,0,0,,,246.13280341
4385968556,1,2023_5_13_1_0,2023,5,13,74,2,1,0,0,,,2741.6895175
4385968560,1,2023_5_13_1_0,2023,5,13,63,2,2,0,0,,,2013.384888
4385968571,1,2023_5_13_1_0,2023,5,13,79,2,2,0,0,,,837.77558873
4385968575,1,2023_5_13_1_0,2023,5,13,74,1,1,0,0,,,529.07790877
4385968582,1,2023_5_13_1_0,2023,5,13,28,1,1,0,0,,,2764.5538362
4385968585,1,2023_5_13_1_0,2023,5,13,67,2,2,0,0,,,552.36902104
4385968586,1,2023_5_13_1_0,2023,5,13,39,2,1,0,0,,,2013.384888
4385968588,1,2023_5_13_1_0,2023,5,13,67,2,1,0,0,,,162.28228358
4385968596,1,2023_5_13_1_0,2023,5,13,27,2,3,0,0,,,1327.4813142
4385968600,1,2023_5_13_1_0,2023,5,13,43,2,1,0,0,,,844.76221795
4385968605,1,2023_5_13_1_0,2023,5,13,42,2,1,0,0,,,405.6372658
4385968606,1,2023_5_13_1_0,2023,5,13,31,2,1,0,0,,,615.22820112
4385968607,1,2023_5_13_1_0,2023,5,13,63,1,1,0.9998099197,0,,,405.6372658
4385968608,1,2023_5_13_1_0,2023,5,13,81,2,1,0,0,,,531.08212001
4385968619,1,2023_5_13_1_0,2023,5,13,85,1,1,0,0,,,552.36902104
4385968620,1,2023_5_13_1_0,2023,5,13,75,1,1,0,0,,,108.78904429
4385968625,1,2023_5_13_1_0,2023,5,13,63,1,1,9.9980991971,10.001900803,,,405.6372658
4385968627,1,2023_5_13_1_0,2023,5,13,63,2,1,0,0,,,1380.6895889
4385968628,1,2023_5_13_1_0,2023,5,13,61,1,4,0,0,,,388.5332235
4385968630,1,2023_5_13_1_0,2023,5,13,67,1,1,0,0,,,162.28228358
4385968631,1,2023_5_13_1_0,2023,5,13,67,2,-3,0,0,,,337.96190185
4385968643,1,2023_5_13_1_0,2023,5,13,79,2,1,0,0,,,805.48984249
4385968645,1,2023_5_13_1_0,2023,5,13,82,2,1,0,0,,,155.43951227
4385968652,1,2023_5_13_1_0,2023,5,13,50,2,1,0,0,,,162.28228358
4385968670,1,2023_5_13_1_0,2023,5,13,69,2,2,0,0,,,805.48984249
4385968687,1,2023_5_13_1_0,2023,5,13,41,1,1,0,0,,,844.76221795
4385968689,1,2023_5_13_1_0,2023,5,13,78,2,1,0,0,,,162.28228358
4385968697,1,2023_5_13_1_0,2023,5,13,52,1,1,0,0,,,1380.6895889
4385968707,1,2023_5_13_1_0,2023,5,13,48,2,1,0,0,,,1327.4813142
4385968712,1,2023_5_13_1_0,2023,5,13,36,1,2,0,0,,,1327.4813142
4385968716,1,2023_5_13_1_0,2023,5,13,71,2,1,0,0,,,531.08212001
4385968719,1,2023_5_13_1_0,2023,5,13,72,2,2,0,0,,,837.77558873
4385968722,1,2023_5_13_1_0,2023,5,13,55,2,1,0,0,,,881.95041147
4385968724,1,2023_5_13_1_0,2023,5,13,42,1,3,0,0,,,1132.9785629
4385968726,1,2023_5_13_1_0,2023,5,13,62,2,1,0,0,,,615.22820112
4385968727,1,2023_5_13_1_0,2023,5,13,70,2,2,0,0,,,468.36671927
4385968731,1,2023_5_13_1_0,2023,5,13,85,2,2,0,0,1,1,837.77558873
4385968732,1,2023_5_13_1_0,2023,5,13,57,1,1,0,0,,,1327.4813142
4385968734,1,2023_5_13_1_0,2023,5,13,58,2,2,0,0,,,1327.4813142
4385968742,1,2023_5_13_1_0,2023,5,13,59,1,1,9.9980991971,0,,,405.6372658
4385968743,1,2023_5_13_1_0,2023,5,13,75,1,1,0,0,,,552.36902104
4385968746,1,2023_5_13_1_0,2023,5,13,63,1,1,0,0,,,162.28228358
4385968748,1,2023_5_13_1_0,2023,5,13,66,1,1,0,0,,,108.78904429
4385968751,1,2023_5_13_1_0,2023,5,13,61,2,1,0,0,,,162.28228358
4385968752,1,2023_5_13_1_0,2023,5,13,52,2,1,0,0,,,2094.0856369
4385968755,1,2023_5_13_1_0,2023,5,13,11,1,1,0,0,,,844.76221795
4385968757,1,2023_5_13_1_0,2023,5,13,74,2,1,0,0,,,246.13280341
4385968758,1,2023_5_13_1_0,2023,5,13,51,1,1,0,0,,1,2013.384888
4385968765,1,2023_5_13_1_0,2023,5,13,74,1,1,0,1.0001900803,,,162.28228358
4385968768,1,2023_5_13_1_0,2023,5,13,66,1,1,0.9998099197,0,,,162.28228358
4385968779,1,2023_5_13_1_0,2023,5,13,71,1,1,6.998669438,0,,,226.5592491
4385968784,1,2023_5_13_1_0,2023,5,13,66,2,1,0,0,,,246.13280341
4385968785,1,2023_5_13_1_0,2023,5,13,72,1,1,0,0,,,162.28228358
4385968788,1,2023_5_13_1_0,2023,5,13,51,2,1,0,0,,,615.22820112
4385968789,1,2023_5_13_1_0,2023,5,13,54,1,1,0,0,,,529.07790877
4385968791,1,2023_5_13_1_0,2023,5,13,78,1,1,0,0,,,246.13280341
4385968792,1,2023_5_13_1_0,2023,5,13,73,1,1,0,0,,,552.36902104
4385968795,1,2023_5_13_1_0,2023,5,13,83,1,1,0,0,,,370.29117764
4385968801,1,2023_5_13_1_0,2023,5,13,68,2,1,0,0,,,552.36902104
4385968803,1,2023_5_13_1_0,2023,5,13,84,1,1,0,0,,,224.89996754
4385968806,1,2023_5_13_1_0,2023,5,13,81,2,1,0,0,,,552.36902104
4385968808,1,2023_5_13_1_0,2023,5,13,82,2,1,0,0,,,837.77558873
4385968813,1,2023_5_13_1_0,2023,5,13,91,1,1,0,0,,,552.36902104
4385968814,1,2023_5_13_1_0,2023,5,13,87,2,1,0,0,,,2741.6895175
4385968822,1,2023_5_13_1_0,2023,5,13,81,1,2,0,0,,,552.36902104
4385968836,1,2023_5_13_1_0,2023,5,13,71,2,2,0,0,,,531.08212001
4385968843,1,2023_5_13_1_0,2023,5,13,83,2,1,0,0,,,529.07790877
4385968874,1,2023_5_13_1_0,2023,5,13,73,2,3,0,0,,,246.13280341
4385968878,1,2023_5_13_1_0,2023,5,13,75,2,3,0,0,,,155.43951227
4385968891,1,2023_5_13_1_0,2023,5,13,55,2,1,0,0,,,405.6372658
4385968898,1,2023_5_13_1_0,2023,5,13,54,2,1,0,0,,,155.43951227
4385968899,1,2023_5_13_1_0,2023,5,13,46,2,2,0,0,,,337.96190185
4385968900,1,2023_5_13_1_0,2023,5,13,65,2,5,0,0,,,162.28228358
4385968907,1,2023_5_13_1_0,2023,5,13,67,2,1,0,0,,,837.77558873
4385968910,1,2023_5_13_1_0,2023,5,13,78,1,1,0,0,,,529.07790877
4385968915,1,2023_5_13_1_0,2023,5,13,77,2,1,0,0,,,246.13280341
4385968920,1,2023_5_13_1_0,2023,5,13,67,1,1,0,0,,,1150.3392777
4385968921,1,2023_5_13_1_0,2023,5,13,84,2,1,0,0,,,162.28228358
4385968924,1,2023_5_13_1_0,2023,5,13,22,2,1,0,0,,,1327.4813142
4385968935,1,2023_5_13_1_0,2023,5,13,69,2,1,0,0,,,162.28228358
4385968936,1,2023_5_13_1_0,2023,5,13,58,2,1,0,0,,,615.22820112
4385968937,1,2023_5_13_1_0,2023,5,13,82,1,2,0,0,,,552.36902104
4385968950,1,2023_5_13_1_0,2023,5,13,60,1,1,0,0,,,405.6372658
4385968956,1,2023_5_13_1_0,2023,5,13,70,2,1,0,0,,,246.13280341
4385968961,1,2023_5_13_1_0,2023,5,13,41,2,2,0,0,,,1322.4716314
4385968972,1,2023_5_13_1_0,2023,5,13,76,1,2,0,0,,,805.48984249
4385968976,1,2023_5_13_1_0,2023,5,13,76,2,3,0,0,,,246.13280341
4385968979,1,2023_5_13_1_0,2023,5,13,32,2,1,0,0,,,844.76221795
4385968988,1,2023_5_13_1_0,2023,5,13,74,1,1,0,0,,,246.13280341
4385968995,1,2023_5_13_1_0,2023,5,13,59,2,2,0,0,,,2013.384888
4385968999,1,2023_5_13_1_0,2023,5,13,68,2,2,0,0,,,246.13280341
4385969001,1,2023_5_13_1_0,2023,5,13,69,1,2,0,0,,,805.48984249
4385969010,1,2023_5_13_1_0,2023,5,13,36,2,1,0,0,,,2764.5538362
4385969027,1,2023_5_13_1_0,2023,5,13,73,1,1,0,0,,,162.28228358
4385969029,1,2023_5_13_1_0,2023,5,13,40,1,1,1.9996198394,0,,,844.76221795
4385969030,1,2023_5_13_1_0,2023,5,13,85,1,1,0,0,,,552.36902104
4385969031,1,2023_5_13_1_0,2023,5,13,78,2,1,0,0,,,529.07790877
4385969045,1,2023_5_13_1_0,2023,5,13,72,1,1,0.9998099197,0,,,370.29117764
4385969057,1,2023_5_13_1_0,2023,5,13,64,1,1,0,0,,,2013.384888
4385969060,1,2023_5_13_1_0,2023,5,13,25,1,1,0,0,,,825.13202925
4385969063,1,2023_5_13_1_0,2023,5,13,33,2,1,0,0,,,1271.5069291
4385969065,1,2023_5_13_1_0,2023,5,13,66,1,1,0,0,,,805.48984249
4385969066,1,2023_5_13_1_0,2023,5,13,81,2,1,0,0,,,1150.3392777
4385969068,1,2023_5_13_1_0,2023,5,13,77,1,1,0,0,,,552.36902104
4385969069,1,2023_5_13_1_0,2023,5,13,98,2,2,0,0,,1,552.36902104
4385969072,1,2023_5_13_1_0,2023,5,13,89,2,1,0,0,,,552.36902104
4385969073,1,2023_5_13_1_0,2023,5,13,70,1,1,0,0,,,552.36902104
4385969075,1,2023_5_13_1_0,2023,5,13,36,1,4,0,0,,,9409.862016
4385969080,1,2023_5_13_1_0,2023,5,13,80,2,1,0,0,,,246.13280341
4385969086,1,2023_5_13_1_0,2023,5,13,53,2,1,0,0,,,881.95041147
4385969091,1,2023_5_13_1_0,2023,5,13,75,1,1,0,0,,,162.28228358
4385969093,1,2023_5_13_1_0,2023,5,13,79,1,1,0,0,,,162.28228358
4385969097,1,2023_5_13_1_0,2023,5,13,80,1,1,0,0,,,162.28228358
4385969103,1,2023_5_13_1_0,2023,5,13,74,1,1,0,0,,,155.43951227
4385969104,1,2023_5_13_1_0,2023,5,13,35,1,3,1.9996198394,0,,,388.5332235
4385969109,1,2023_5_13_1_0,2023,5,13,82,1,1,0,0,,,552.36902104
4385969144,1,2023_5_13_1_0,2023,5,13,-3,-3,-3,0,0,,,1851.0831941
4385969145,1,2023_5_13_1_0,2023,5,13,50,2,1,0,0,,,844.76221795
4385969147,1,2023_5_13_1_0,2023,5,13,50,2,1,0,0,,,405.6372658
4385969148,1,2023_5_13_1_0,2023,5,13,59,2,2,0,2.0003801606,,,1132.9785629
4385969149,1,2023_5_13_1_0,2023,5,13,47,1,1,0,0,,,155.43951227
4385969151,1,2023_5_13_1_0,2023,5,13,71,2,1,0,0,,,837.77558873
4385969152,1,2023_5_13_1_0,2023,5,13,32,2,2,0,0,,,1132.9785629
4385969161,1,2023_5_13_1_0,2023,5,13,72,1,1,0.9998099197,0,,,162.28228358
4385969168,1,2023_5_13_1_0,2023,5,13,80,1,1,0,2.0003801606,,,162.28228358
4385969169,1,2023_5_13_1_0,2023,5,13,36,1,1,0,1.0001900803,,,2886.2552581
4385969172,1,2023_5_13_1_0,2023,5,13,76,1,1,0,0,,,162.28228358
4385969175,1,2023_5_13_1_0,2023,5,13,66,1,1,1.9996198394,10.001900803,,,108.78904429
4385969176,1,2023_5_13_1_0,2023,5,13,80,1,1,0,0,,,246.13280341
4385969185,1,2023_5_13_1_0,2023,5,13,69,1,1,0.9998099197,0,,,162.28228358
4385969186,1,2023_5_13_1_0,2023,5,13,58,2,4,0.9998099197,0,,,405.6372658
4385969192,1,2023_5_13_1_0,2023,5,13,58,2,1,0,0,,,1271.5069291
4385969204,1,2023_5_13_1_0,2023,5,13,61,1,1,0,0,,,388.5332235
4385969206,1,2023_5_13_1_0,2023,5,13,48,1,1,0,0,,,844.76221795
4385969208,1,2023_5_13_1_0,2023,5,13,42,2,1,0,0,,,844.76221795
4385969210,1,2023_5_13_1_0,2023,5,13,56,1,1,14.997148796,15.002851204,,,271.92672856
4385969212,1,2023_5_13_1_0,2023,5,13,64,2,1,0,0,1,1,405.6372658
4385969214,1,2023_5_13_1_0,2023,5,13,44,2,2,0,0,,,1327.4813142
4385969221,1,2023_5_13_1_0,2023,5,13,59,1,1,0,0,,,405.6372658
4385969225,1,2023_5_13_1_0,2023,5,13,67,1,1,0,0,,,837.77558873
4385969227,1,2023_5_13_1_0,2023,5,13,66,2,1,0,0,,,162.28228358
4385969231,1,2023_5_13_1_0,2023,5,13,35,1,1,0,1.0001900803,,,615.22820112
4385969232,1,2023_5_13_1_0,2023,5,13,70,1,1,0,0,,,162.28228358
4385969234,1,2023_5_13_1_0,2023,5,13,76,1,1,0,0,,,552.36902104
4385969244,1,2023_5_13_1_0,2023,5,13,79,1,1,0,0,,,162.28228358
4385969245,1,2023_5_13_1_0,2023,5,13,77,1,1,0,0,,,805.48984249
4385969246,1,2023_5_13_1_0,2023,5,13,35,2,1,0,0,,,844.76221795
4385969251,1,2023_5_13_1_0,2023,5,13,63,1,4,0,0,,,388.5332235
4385969258,1,2023_5_13_1_0,2023,5,13,35,2,1,0,0,,,844.76221795
4385969263,1,2023_5_13_1_0,2023,5,13,71,1,1,0,0,,,162.28228358
4385969265,1,2023_5_13_1_0,2023,5,13,42,2,4,0,0,,,405.6372658
4385969268,1,2023_5_13_1_0,2023,5,13,42,2,1,0,0,,,4518.4202354
4385969269,1,2023_5_13_1_0,2023,5,13,39,2,1,0,0,,,405.6372658
4385969270,1,2023_5_13_1_0,2023,5,13,83,2,1,0,0,,,246.13280341
4385969275,1,2023_5_13_1_0,2023,5,13,29,2,1,0,0,,,1327.4813142
4385969278,1,2023_5_13_1_0,2023,5,13,70,2,1,0,0,,,246.13280341
4385969282,1,2023_5_13_1_0,2023,5,13,37,2,1,0,0,,,844.76221795
4385969289,1,2023_5_13_1_0,2023,5,13,89,2,1,0,0,,,246.13280341
4385969293,1,2023_5_13_1_0,2023,5,13,65,2,2,0,0,,,552.36902104
4385969294,1,2023_5_13_1_0,2023,5,13,22,2,1,0,0,,,2013.384888
4385969296,1,2023_5_13_1_0,2023,5,13,69,1,1,0,0,,,246.13280341
4385969297,1,2023_5_13_1_0,2023,5,13,50,1,1,0,0,,,1271.5069291
4385969300,1,2023_5_13_1_0,2023,5,13,74,2,1,0,0,,,837.77558873
4385969305,1,2023_5_13_1_0,2023,5,13,61,1,1,0,0,,,615.22820112
4385969311,1,2023_5_13_1_0,2023,5,13,55,1,1,0,0,,,405.6372658
4385969314,1,2023_5_13_1_0,2023,5,13,77,2,2,0,0,,,837.77558873
4385969320,1,2023_5_13_1_0,2023,5,13,55,2,1,0,0,,,552.36902104
4385969327,1,2023_5_13_1_0,2023,5,13,32,2,1,0.9998099197,1.0001900803,,,844.76221795
4385969328,1,2023_5_13_1_0,2023,5,13,64,2,1,0,0,,,2875.3630344
4385969329,1,2023_5_13_1_0,2023,5,13,57,2,1,0,0,,,552.36902104
4385969352,1,2023_5_13_1_0,2023,5,13,64,1,1,0,0,,,405.6372658
4385969362,1,2023_5_13_1_0,2023,5,13,69,1,1,0,0,,,162.28228358
4385969371,1,2023_5_13_1_0,2023,5,13,35,2,1,0,0,,,844.76221795
4385969373,1,2023_5_13_1_0,2023,5,13,59,2,1,0,0,,,615.22820112
4385969374,1,2023_5_13_1_0,2023,5,13,78,2,1,0,0,,,837.77558873
4385969375,1,2023_5_13_1_0,2023,5,13,60,1,1,0,0,,,2013.384888
4385969386,1,2023_5_13_1_0,2023,5,13,48,1,1,0,0,,,405.6372658
4385969391,1,2023_5_13_1_0,2023,5,13,79,1,1,0,0,,,531.08212001
4385969393,1,2023_5_13_1_0,2023,5,13,50,2,1,0,0,,,2764.5538362
4385969397,1,2023_5_13_1_0,2023,5,13,62,2,1,0,0,,,2013.384888
4385969399,1,2023_5_13_1_0,2023,5,13,61,2,1,0,0,,,405.6372658
4385969405,1,2023_5_13_1_0,2023,5,13,79,2,1,0,0,,,246.13280341
4385969406,1,2023_5_13_1_0,2023,5,13,83,2,1,0,0,,,337.96190185
4385969408,1,2023_5_13_1_0,2023,5,13,63,2,1,0,0,,,405.6372658
4385969412,1,2023_5_13_1_0,2023,5,13,78,2,1,0,0,,,837.77558873
4385969416,1,2023_5_13_1_0,2023,5,13,49,1,1,0,0,,,844.76221795
4385969419,1,2023_5_13_1_0,2023,5,13,61,2,1,0,0,,,162.28228358
4385969421,1,2023_5_13_1_0,2023,5,13,32,2,1,0,0,,,405.6372658
4385969431,1,2023_5_13_1_0,2023,5,13,66,2,1,0,0,,,162.28228358
4385969435,1,2023_5_13_1_0,2023,5,13,48,1,5,0.9998099197,1.0001900803,,,388.5332235
4385969436,1,2023_5_13_1_0,2023,5,13,67,1,1,0,0,,,155.43951227
4385969437,1,2023_5_13_1_0,2023,5,13,84,1,1,0,0,,,837.77558873
4385969440,1,2023_5_13_1_0,2023,5,13,82,2,1,0,0,,,837.77558873
4385969446,1,2023_5_13_1_0,2023,5,13,60,2,1,0,0,,,162.28228358
4385969456,1,2023_5_13_1_0,2023,5,13,71,1,2,0,7.001330562,,,837.77558873
4385969458,1,2023_5_13_1_0,2023,5,13,71,2,1,0,0,,,162.28228358
4385969468,1,2023_5_13_1_0,2023,5,13,63,2,5,0,0,,,1380.6895889
4385969470,1,2023_5_13_1_0,2023,5,13,73,1,1,0,0,,,162.28228358
4385969474,1,2023_5_13_1_0,2023,5,13,60,1,1,0,0,,,1403.810509
4385969478,1,2023_5_13_1_0,2023,5,13,50,2,1,0,0,,,2764.5538362
4385969482,1,2023_5_13_1_0,2023,5,13,53,1,1,0,0,,,2094.0856369
4385969491,1,2023_5_13_1_0,2023,5,13,81,2,1,0,0,,,552.36902104
4385969502,1,2023_5_13_1_0,2023,5,13,49,2,1,0,0,,,388.5332235
4385969515,1,2023_5_13_1_0,2023,5,13,49,1,1,0,0,,,155.43951227
4385969517,1,2023_5_13_1_0,2023,5,13,80,2,1,0,0,,,337.96190185
4385969519,1,2023_5_13_1_0,2023,5,13,74,2,1,0,0,,,246.13280341
4385969520,1,2023_5_13_1_0,2023,5,13,56,1,1,0,0,,,1380.6895889
4385969521,1,2023_5_13_1_0,2023,5,13,58,1,1,0,0,,,271.92672856
4385969526,1,2023_5_13_1_0,2023,5,13,71,2,1,0,0,,,529.07790877
4385969528,1,2023_5_13_1_0,2023,5,13,65,2,1,0,0,,,155.43951227
4385969529,1,2023_5_13_1_0,2023,5,13,44,1,1,0,0,,,566.30257056
4385969530,1,2023_5_13_1_0,2023,5,13,70,1,2,0,0,,,1150.3392777
4385969532,1,2023_5_13_1_0,2023,5,13,63,1,1,0,1.0001900803,,,405.6372658
4385969537,1,2023_5_13_2_1,2023,5,13,53,2,1,0,0,,,737.26498384
4385969538,1,2023_5_13_2_1,2023,5,13,60,2,1,0,0,,,1154.1851721
4385969541,1,2023_5_13_2_1,2023,5,13,62,1,1,0,0,,,1154.1851721
4385969556,1,2023_5_13_2_1,2023,5,13,61,2,1,0,0,,,250.78664348
4385969559,1,2023_5_13_2_1,2023,5,13,67,2,1,0,0,,,141.63162442
4385969581,1,2023_5_13_2_1,2023,5,13,-3,1,-3,0,0,,,231.44381969
4385969587,1,2023_5_13_2_1,2023,5,13,45,1,1,0,0,,,218.14435899
4385969588,1,2023_5_13_2_1,2023,5,13,62,1,1,0,0,,,658.00995781
4385969595,1,2023_5_13_2_1,2023,5,13,65,1,1,0,0,,,141.63162442
4385969603,1,2023_5_13_2_1,2023,5,13,58,2,2,0,0,,,261.82679422
4385969607,1,2023_5_13_2_1,2023,5,13,53,1,1,0.9998099197,0,,,1855.9613453
4385969618,1,2023_5_13_2_1,2023,5,13,42,1,1,0,0,,,737.26498384
4385969619,1,2023_5_13_2_1,2023,5,13,66,1,1,0,0,,,141.63162442
4385969622,1,2023_5_13_2_1,2023,5,13,51,1,3,0,0,,,737.26498384
4385969625,1,2023_5_13_2_1,2023,5,13,58,1,1,0,0,,,354.0193274
4385969627,1,2023_5_13_2_1,2023,5,13,63,2,1,0,0,,,482.07925108
4385969629,1,2023_5_13_2_1,2023,5,13,63,1,1,0,0,,,1204.994809
4385969631,1,2023_5_13_2_1,2023,5,13,45,2,3,0,0,,,737.26498384
4385969633,1,2023_5_13_2_1,2023,5,13,63,1,2,0,0,,,339.09179963
4385969635,1,2023_5_13_2_1,2023,5,13,46,1,1,0,2.0003801606,,,737.26498384
4385969641,1,2023_5_13_2_1,2023,5,13,65,2,1,0,0,,,141.63162442
4385969645,1,2023_5_13_2_1,2023,5,13,10,2,2,0,0,,,2509.4688612
4385969652,1,2023_5_13_2_1,2023,5,13,33,2,3,0,0,,,737.26498384
4385969654,1,2023_5_13_2_1,2023,5,13,68,1,1,0,0,,,214.81204234
4385969655,1,2023_5_13_2_1,2023,5,13,50,2,1,0,0,,,135.65960583
4385969656,1,2023_5_13_2_1,2023,5,13,55,2,1,0,0,,,1154.1851721
4385969660,1,2023_5_13_2_1,2023,5,13,66,1,-3,0,0,,,141.63162442
4385969664,1,2023_5_13_2_1,2023,5,13,72,2,1,0,0,,,294.955753
4385969665,1,2023_5_13_2_1,2023,5,13,60,1,1,0,0,,,1204.994809
4385969670,1,2023_5_13_2_1,2023,5,13,70,2,1,0,0,,,214.81204234
4385969672,1,2023_5_13_2_1,2023,5,13,26,2,1,0,0,,,737.26498384
4385969680,1,2023_5_13_2_1,2023,5,13,51,1,1,0,0,,,545.2688943
4385969681,1,2023_5_13_2_1,2023,5,13,57,1,1,0,0,,,1204.994809
4385969704,1,2023_5_13_2_1,2023,5,13,69,1,1,0,0,,,461.75196708
4385969705,1,2023_5_13_2_1,2023,5,13,46,2,2,0,0,,,354.0193274
4385969713,1,2023_5_13_2_1,2023,5,13,57,2,2,0,0,,,250.78664348
4385969722,1,2023_5_13_2_1,2023,5,13,61,1,1,0,0,,,2412.7602964
4385969724,1,2023_5_13_2_1,2023,5,13,64,2,1,0,0,,,141.63162442
4385969725,1,2023_5_13_2_1,2023,5,13,58,2,1,0,0,,,461.75196708
4385969729,1,2023_5_13_2_1,2023,5,13,39,1,1,0,0,,,737.26498384
4385969739,1,2023_5_13_2_1,2023,5,13,73,1,1,0,0,,,1003.9569135
4385969751,1,2023_5_13_2_1,2023,5,13,43,2,1,0,0,,,250.78664348
4385969754,1,2023_5_13_2_1,2023,5,13,56,1,1,0,0,,,141.63162442
4385969762,1,2023_5_13_2_1,2023,5,13,74,2,5,0,0,,,141.63162442
4385969767,1,2023_5_13_2_1,2023,5,13,26,2,1,0,0,,,737.26498384
4385969770,1,2023_5_13_2_1,2023,5,13,66,1,1,0,0,,,214.81204234
4385969772,1,2023_5_13_2_1,2023,5,13,37,1,1,0,0,,,737.26498384
4385969775,1,2023_5_13_2_1,2023,5,13,45,1,1,0,0,,,2509.4688612
4385969776,1,2023_5_13_2_1,2023,5,13,50,2,1,0,0,,,354.0193274
4385969781,1,2023_5_13_2_1,2023,5,13,63,2,1,0,0,,,141.63162442
4385969783,1,2023_5_13_2_1,2023,5,13,62,1,1,0,0,,,354.0193274
4385969784,1,2023_5_13_2_1,2023,5,13,64,2,2,0,0,,,141.63162442
4385969787,1,2023_5_13_2_1,2023,5,13,70,1,1,0,0,,,461.75196708
4385969794,1,2023_5_13_2_1,2023,5,13,37,2,1,0,0,,,737.26498384
4385969797,1,2023_5_13_2_1,2023,5,13,34,1,1,0,0,,,737.26498384
4385969800,1,2023_5_13_2_1,2023,5,13,42,1,1,0,0,,,737.26498384
4385969802,1,2023_5_13_2_1,2023,5,13,-3,1,-3,0,0,,,1020.2509092
4385969803,1,2023_5_13_2_1,2023,5,13,66,1,1,0,0,,,104.7483889
4385969804,1,2023_5_13_2_1,2023,5,13,70,2,1,0,0,,,214.81204234
4385969808,1,2023_5_13_2_1,2023,5,13,65,1,1,0,0,,,218.14435899
4385969810,1,2023_5_13_2_1,2023,5,13,55,1,2,0,0,,,536.93950808
4385969817,1,2023_5_13_2_1,2023,5,13,58,1,1,0,0,,,1204.994809
4385969823,1,2023_5_13_2_1,2023,5,13,60,1,1,0,0,,,135.65960583
4385969824,1,2023_5_13_2_1,2023,5,13,69,2,1,0,0,,,141.63162442
4385969828,1,2023_5_13_2_1,2023,5,13,64,1,2,0,0,,,354.0193274
4385969832,1,2023_5_13_2_1,2023,5,13,63,2,1,0,0,,,354.0193274
4385969836,1,2023_5_13_2_1,2023,5,13,43,1,1,0,0,,,536.93950808
4385969839,1,2023_5_13_2_1,2023,5,13,60,2,1,0,0,,,354.0193274
4385969843,1,2023_5_13_2_1,2023,5,13,-3,1,-3,0,0,,,312.9381224
4385969844,1,2023_5_13_2_1,2023,5,13,63,2,1,0,0,,,261.82679422
4385969845,1,2023_5_13_2_1,2023,5,13,60,1,5,0,0,,,250.78664348
4385969855,1,2023_5_13_2_1,2023,5,13,80,1,1,0,0,,,482.07925108
4385969865,1,2023_5_13_2_1,2023,5,13,70,1,2,0,0,,,135.65960583
4385969866,1,2023_5_13_2_1,2023,5,13,59,2,1,0,0,,,261.82679422
4385969872,1,2023_5_13_2_1,2023,5,13,35,2,1,0,0,,,737.26498384
4385969874,1,2023_5_13_2_1,2023,5,13,50,2,1,0,0,,,545.2688943
4385969876,1,2023_5_13_2_1,2023,5,13,62,1,2,0,0,,,1757.1787011
4385969895,1,2023_5_13_2_1,2023,5,13,53,1,1,0,0,,,545.2688943
4385969899,1,2023_5_13_2_1,2023,5,13,67,1,1,0,0,,,356.53777944
4385969900,1,2023_5_13_2_1,2023,5,13,25,2,1,0,0,,,545.2688943
4385969913,1,2023_5_13_2_1,2023,5,13,49,2,-3,0,0,,,354.0193274
4385969919,1,2023_5_13_2_1,2023,5,13,65,2,3,0,0,1,1,288.10170938
4385969924,1,2023_5_13_2_1,2023,5,13,52,2,3,0,0,,,250.78664348
4385969927,1,2023_5_13_2_1,2023,5,13,64,2,1,0,0,,,536.93950808
4385969932,1,2023_5_13_2_1,2023,5,13,63,1,1,0,0,,,1158.5573655
4385969934,1,2023_5_13_2_1,2023,5,13,53,2,1,0,0,,,737.26498384
4385969938,1,2023_5_13_2_1,2023,5,13,66,1,1,0,0,,,104.7483889
4385969939,1,2023_5_13_2_1,2023,5,13,62,1,1,0,0,,,397.11151119
4385969941,1,2023_5_13_2_1,2023,5,13,60,2,1,0,0,,,354.0193274
4385969942,1,2023_5_13_2_1,2023,5,13,57,1,1,0,0,,,853.61611689
4385969943,1,2023_5_13_2_1,2023,5,13,70,1,1,0,0,,,196.28111605
4385969947,1,2023_5_13_2_1,2023,5,13,60,1,1,0.9998099197,0,,,1154.1851721
4385969948,1,2023_5_13_2_1,2023,5,13,59,1,1,0,0,,,354.0193274
4385969950,1,2023_5_13_2_1,2023,5,13,62,1,1,0,0,,,3777.1659024
4385969953,1,2023_5_13_2_1,2023,5,13,45,1,1,0,0,,,737.26498384
4385969958,1,2023_5_13_2_1,2023,5,13,28,2,1,0,0,,,474.80379716
4385969962,1,2023_5_13_2_1,2023,5,13,45,1,1,0,0,,,536.93950808
4385969970,1,2023_5_13_2_1,2023,5,13,57,2,1,0,0,,,141.63162442
4385969971,1,2023_5_13_2_1,2023,5,13,59,1,1,0,0,,,354.0193274
4385969974,1,2023_5_13_2_1,2023,5,13,51,1,1,0,0,,,2509.4688612
4385969976,1,2023_5_13_2_1,2023,5,13,64,2,1,0,0,,,339.09179963
4385969978,1,2023_5_13_2_1,2023,5,13,54,1,1,0,0,,,1154.1851721
4385969980,1,2023_5_13_2_1,2023,5,13,53,2,1,0,0,,,354.0193274
4385969981,1,2023_5_13_2_1,2023,5,13,42,2,5,0,0,,,737.26498384
4385969984,1,2023_5_13_2_1,2023,5,13,40,2,1,0,0,,,135.65960583
4385969985,1,2023_5_13_2_1,2023,5,13,33,2,1,0,0,,,737.26498384
4385969988,1,2023_5_13_2_1,2023,5,13,57,2,1,0,0,,,354.0193274
4385969992,1,2023_5_13_2_1,2023,5,13,55,2,1,0,0,,,1204.994809
4385969999,1,2023_5_13_2_1,2023,5,13,51,2,1,0,0,,,339.09179963
4385970013,1,2023_5_13_2_1,2023,5,13,74,1,1,0,0,,,100.33158348
4385970025,1,2023_5_13_2_1,2023,5,13,59,2,1,0,0,,,1204.994809
4385970030,1,2023_5_13_2_1,2023,5,13,56,1,3,0,0,1,1,354.0193274
4385970036,1,2023_5_13_2_1,2023,5,13,68,1,1,0,0,,,482.07925108
4385970037,1,2023_5_13_2_1,2023,5,13,68,1,1,0,1.0001900803,,,141.63162442
4385970041,1,2023_5_13_2_1,2023,5,13,80,2,1,0,0,,,731.16741346
4385970042,1,2023_5_13_2_1,2023,5,13,58,2,1,0,2.0003801606,,,1204.994809
4385970045,1,2023_5_13_2_1,2023,5,13,62,1,1,0,0,,,482.07925108
4385970047,1,2023_5_13_2_1,2023,5,13,49,2,2,0,0,,,1158.5573655
4385970054,1,2023_5_13_2_1,2023,5,13,44,2,1,0,0,,,545.2688943
4385970058,1,2023_5_13_2_1,2023,5,13,-3,-3,-3,0,0,,,652.45335616
4385970059,1,2023_5_13_2_1,2023,5,13,46,1,1,0,0,,,2509.4688612
4385970060,1,2023_5_13_2_1,2023,5,13,68,1,1,0,0,,,104.7483889
4385970071,1,2023_5_13_2_1,2023,5,13,-3,2,-3,0,0,,,1020.2509092
4385970074,1,2023_5_13_2_1,2023,5,13,47,1,1,0,0,,,737.26498384
4385970075,1,2023_5_13_2_1,2023,5,13,53,2,1,0,0,,,2412.7602964
4385970082,1,2023_5_13_2_1,2023,5,13,34,2,1,0,0,,,545.2688943
4385970089,1,2023_5_13_2_1,2023,5,13,67,1,1,0,0,,,141.63162442
4385970099,1,2023_5_13_2_1,2023,5,13,42,2,5,0,0,,,354.0193274
4385970100,1,2023_5_13_2_1,2023,5,13,55,2,1,0,0,,,250.78664348
4385970110,1,2023_5_13_2_1,2023,5,13,40,2,1,0,0,,,8212.4432412
4385970112,1,2023_5_13_2_1,2023,5,13,56,1,1,0,0,,,454.78328891
4385970114,1,2023_5_13_2_1,2023,5,13,60,1,1,0,0,,,1827.6101611
4385970117,1,2023_5_13_2_1,2023,5,13,40,1,3,0,0,,,737.26498384
4385970122,1,2023_5_13_2_1,2023,5,13,59,1,1,0,0,,,482.07925108
4385970128,1,2023_5_13_2_1,2023,5,13,47,2,1,0,0,,,250.78664348
4385970129,1,2023_5_13_2_1,2023,5,13,70,1,1,0,0,,,294.955753
4385970130,1,2023_5_13_2_1,2023,5,13,63,2,1,0,0,,,141.63162442
4385970131,1,2023_5_13_2_1,2023,5,13,43,2,1,0,0,,,737.26498384
4385970137,1,2023_5_13_2_1,2023,5,13,59,2,1,0,0,,,482.07925108
4385970138,1,2023_5_13_2_1,2023,5,13,64,1,1,0,0,,,1158.5573655
4385970142,1,2023_5_13_2_1,2023,5,13,45,2,1,0,0,,,2509.4688612
4385970144,1,2023_5_13_2_1,2023,5,13,51,2,1,0,0,,,737.26498384
4385970146,1,2023_5_13_2_1,2023,5,13,65,1,1,0,0,,,294.955753
4385970148,1,2023_5_13_2_1,2023,5,13,39,1,1,0,0,,,545.2688943
4385970158,1,2023_5_13_2_1,2023,5,13,38,2,1,0,0,,,737.26498384
4385970161,1,2023_5_13_2_1,2023,5,13,77,1,1,0,0,,,141.63162442
4385970163,1,2023_5_13_2_1,2023,5,13,73,1,1,0,0,,,104.7483889
4385970165,1,2023_5_13_2_1,2023,5,13,43,1,1,0,0,,,1066.7227947
4385970166,1,2023_5_13_2_1,2023,5,13,90,2,1,0,0,,,141.63162442
4385970168,1,2023_5_13_2_1,2023,5,13,56,1,1,0,0,,,354.0193274
4385970170,1,2023_5_13_2_1,2023,5,13,66,2,1,0,0,,,294.955753
4385970175,1,2023_5_13_2_1,2023,5,13,41,2,1,0,0,,,339.09179963
4385970186,1,2023_5_13_2_1,2023,5,13,60,1,1,0,0,,,339.09179963
4385970192,1,2023_5_13_2_1,2023,5,13,79,1,1,0,0,,,141.63162442
4385970193,1,2023_5_13_2_1,2023,5,13,39,1,1,0,0,,,545.2688943
4385970200,1,2023_5_13_2_1,2023,5,13,56,1,1,0,0,,,737.26498384
4385970202,1,2023_5_13_2_1,2023,5,13,41,2,1,0,0,,,1109.7058031
4385970204,1,2023_5_13_2_1,2023,5,13,51,1,1,0,0,,,737.26498384
4385970211,1,2023_5_13_2_1,2023,5,13,51,2,1,0,0,,,354.0193274
4385970215,1,2023_5_13_2_1,2023,5,13,53,1,1,0,0,,,536.93950808
4385970217,1,2023_5_13_2_1,2023,5,13,58,1,2,0,0,,,354.0193274
4385970219,1,2023_5_13_2_1,2023,5,13,58,1,1,0,0,,,339.09179963
4385970221,1,2023_5_13_2_1,2023,5,13,47,2,1,0,0,,,261.82679422
4385970222,1,2023_5_13_2_1,2023,5,13,57,2,1,0,0,,,261.82679422
4385970226,1,2023_5_13_2_1,2023,5,13,65,1,1,0,0,,,141.63162442
4385970230,1,2023_5_13_2_1,2023,5,13,61,1,1,0.9998099197,0,,,141.63162442
4385970236,1,2023_5_13_2_1,2023,5,13,45,1,1,0,2.0003801606,,,1855.9613453
4385970242,1,2023_5_13_2_1,2023,5,13,65,2,1,0,0,,,141.63162442
4385970251,1,2023_5_13_2_1,2023,5,13,61,1,1,0,0,,,354.0193274
4385970271,1,2023_5_13_2_1,2023,5,13,50,2,1,0,0,,,1204.994809
4385970272,1,2023_5_13_2_1,2023,5,13,67,1,1,2.9994297591,3.0005702409,,,141.63162442
4385970273,1,2023_5_13_2_1,2023,5,13,67,2,1,0,0,,,141.63162442
4385970274,1,2023_5_13_2_1,2023,5,13,60,2,1,0,0,,,1204.994809
4385970280,1,2023_5_13_2_1,2023,5,13,53,2,4,0,0,,,2509.4688612
4385970290,1,2023_5_13_2_1,2023,5,13,36,2,5,0,0,,,2412.7602964
4385970292,1,2023_5_13_2_1,2023,5,13,74,2,5,0,0,,,702.99007589
4385970293,1,2023_5_13_2_1,2023,5,13,48,1,2,0,0,1,1,1109.7058031
4385970295,1,2023_5_13_2_1,2023,5,13,43,1,1,3.9992396788,4.0007603212,,,545.2688943
4385970296,1,2023_5_13_2_1,2023,5,13,55,1,1,0,0,,,891.1940775
4385970299,1,2023_5_13_2_1,2023,5,13,36,1,1,0,0,,,737.26498384
4385970306,1,2023_5_13_2_1,2023,5,13,58,2,1,0,0,,,261.82679422
4385970323,1,2023_5_13_2_1,2023,5,13,62,1,1,0,0,,,354.0193274
4385970328,1,2023_5_13_2_1,2023,5,13,51,1,1,0,0,,,354.0193274
4385970337,1,2023_5_13_2_1,2023,5,13,34,1,1,0,1.0001900803,,,1757.1787011
4385970342,1,2023_5_13_2_1,2023,5,13,65,1,2,0,0,,,463.5011395
4385970348,1,2023_5_13_2_1,2023,5,13,72,2,1,0,0,,,135.65960583
4385970358,1,2023_5_13_2_1,2023,5,13,66,2,1,0,0,,,461.75196708
4385970362,1,2023_5_13_2_1,2023,5,13,63,1,1,0,0,,,141.63162442
4385970368,1,2023_5_13_2_1,2023,5,13,40,1,1,0,3.0005702409,,,737.26498384
4385970371,1,2023_5_13_2_1,2023,5,13,67,1,2,0,0,,,463.5011395
4385970375,1,2023_5_13_2_1,2023,5,13,74,2,1,0,0,,,141.63162442
4385970377,1,2023_5_13_2_1,2023,5,13,62,2,1,0,0,,,536.93950808
4385970385,1,2023_5_13_2_1,2023,5,13,60,1,1,0,0,,,1204.994809
4385970387,1,2023_5_13_2_1,2023,5,13,52,1,2,0,0,,,1204.994809
4385970391,1,2023_5_13_2_1,2023,5,13,45,1,3,0,0,,,3343.7396885
4385970393,1,2023_5_13_2_1,2023,5,13,58,1,1,0,0,,,569.2727675
4385970407,1,2023_5_13_2_1,2023,5,13,64,1,1,0,0,,,354.0193274
4385970414,1,2023_5_13_2_1,2023,5,13,56,2,1,0,0,,,261.82679422
4385970417,1,2023_5_13_2_1,2023,5,13,76,1,1,0,0,,,141.63162442
4385970418,1,2023_5_13_2_1,2023,5,13,33,2,1,0,0,,,2509.4688612
4385970422,1,2023_5_13_2_1,2023,5,13,70,1,2,0,0,,,463.5011395
4385970438,1,2023_5_13_2_1,2023,5,13,60,1,2,0,0,,,1204.994809
4385970441,1,2023_5_13_2_1,2023,5,13,38,2,1,0,0,,,545.2688943
4385970442,1,2023_5_13_2_1,2023,5,13,57,1,1,0,0,,1,250.78664348
4385970445,1,2023_5_13_2_1,2023,5,13,66,1,1,0,0,,,141.63162442
4385970448,1,2023_5_13_2_0,2023,5,13,29,2,3,0,0,,,12345.780503
4385970464,1,2023_5_13_2_0,2023,5,13,57,1,1,0,0,,,5721.7169456
4385970473,1,2023_5_13_2_0,2023,5,13,45,1,4,0,0,,,7856.4186243
4385970474,1,2023_5_13_2_0,2023,5,13,33,2,2,0,0,,,7856.4186243
4385970475,1,2023_5_13_2_0,2023,5,13,53,1,1,0,0,,,3613.4187685
4385970476,1,2023_5_13_2_0,2023,5,13,66,2,1,0,0,,,5137.1168976
4385970482,1,2023_5_13_2_0,2023,5,13,63,1,1,0,0,,,5721.7169456
4385970489,1,2023_5_13_2_0,2023,5,13,63,1,1,0,0,,,3772.4889939
4385970490,1,2023_5_13_2_0,2023,5,13,59,1,1,0,0,,,3772.4889939
4385970493,1,2023_5_13_2_0,2023,5,13,54,1,1,0,0,,,5721.7169456
4385970495,1,2023_5_13_2_0,2023,5,13,-3,2,1,0,0,,,5057.755945
4385970504,1,2023_5_13_2_0,2023,5,13,81,1,1,0,0,,,3572.9691546
4385970512,1,2023_5_13_2_0,2023,5,13,46,2,2,0,0,,,3613.4187685
4385970515,1,2023_5_13_2_0,2023,5,13,49,2,2,0,0,,,7856.4186243
4385970517,1,2023_5_13_2_0,2023,5,13,61,1,2,0,0,,,18724.78929
4385970518,1,2023_5_13_2_0,2023,5,13,60,2,4,0,0,,,3613.4187685
4385970525,1,2023_5_13_2_0,2023,5,13,63,2,2,0,0,,,7856.4186243
4385970527,1,2023_5_13_2_0,2023,5,13,69,1,2,0,0,,,1509.2502103
4385970543,1,2023_5_13_2_0,2023,5,13,53,1,1,0,0,,,25710.776104
4385970544,1,2023_5_13_2_0,2023,5,13,62,2,2,0,0,,,3613.4187685
4385970547,1,2023_5_13_2_0,2023,5,13,45,2,1,0,0,,,7856.4186243
4385970548,1,2023_5_13_2_0,2023,5,13,88,1,2,0,0,,,2289.0729482
4385970558,1,2023_5_13_2_0,2023,5,13,70,2,3,0,0,,,1445.6113841
4385970559,1,2023_5_13_2_0,2023,5,13,73,1,1,0,0,,,1509.2502103
4385970560,1,2023_5_13_2_0,2023,5,13,69,1,1,0,0,,,1445.6113841
4385970561,1,2023_5_13_2_0,2023,5,13,51,1,1,0,0,,,3772.4889939
4385970564,1,2023_5_13_2_0,2023,5,13,43,2,2,1.7544541548,2.2455458452,,,10534.149523
4385970596,1,2023_5_13_2_0,2023,5,13,50,1,4,3.9992396788,4.0007603212,,,2623.8427273
4385970597,1,2023_5_13_2_0,2023,5,13,83,2,1,0,0,,,3172.3267654
4385970598,1,2023_5_13_2_0,2023,5,13,34,2,3,0,0,,,4730.8821498
4385970604,1,2023_5_13_2_0,2023,5,13,55,2,1,0,0,,,3613.4187685
4385970620,1,2023_5_13_2_0,2023,5,13,33,1,3,0,0,,,3772.4889939
4385970624,1,2023_5_13_2_0,2023,5,13,50,1,1,0,0,,,2186.0882937
4385970625,1,2023_5_13_2_0,2023,5,13,32,2,1,0,0,,,3772.4889939
4385970629,1,2023_5_13_2_0,2023,5,13,28,2,1,0,0,,,12345.780503
4385970630,1,2023_5_13_2_0,2023,5,13,48,2,1,0,0,,,1445.6113841
4385970631,1,2023_5_13_2_0,2023,5,13,31,2,1,0,0,,,3772.4889939
4385970637,1,2023_5_13_2_0,2023,5,13,59,1,2,0,0,,,5137.1168976
4385970638,1,2023_5_13_2_0,2023,5,13,65,1,2,0,0,,,7791.4418973
4385970640,1,2023_5_13_2_0,2023,5,13,77,2,1,0,0,,,1445.6113841
4385970646,1,2023_5_13_2_0,2023,5,13,30,2,1,0,0,,,5721.7169456
4385970656,1,2023_5_13_2_0,2023,5,13,-3,1,1,0,0,,,15223.162929
4385970663,1,2023_5_13_2_0,2023,5,13,57,2,2,0,0,,,18724.78929
4385970679,1,2023_5_13_2_0,2023,5,13,69,2,3,0,0,,,7791.4418973
4385970686,1,2023_5_13_2_0,2023,5,13,66,1,5,0,0,,,1445.6113841
4385970695,1,2023_5_13_2_0,2023,5,13,70,1,1,0,0,,,7791.4418973
4385970720,1,2023_5_13_2_0,2023,5,13,48,2,1,0,0,,,12840.625646
4385970732,1,2023_5_13_2_0,2023,5,13,46,2,1,0,0,,,7856.4186243
4385970736,1,2023_5_13_2_0,2023,5,13,42,1,4,0,0,,,7856.4186243
4385970738,1,2023_5_13_2_0,2023,5,13,50,1,3,0,0,,,7856.4186243
4385970741,1,2023_5_13_2_0,2023,5,13,60,2,1,0,0,,,2623.8427273
4385970747,1,2023_5_13_2_0,2023,5,13,65,1,1,0,0,,,1509.2502103
4385970751,1,2023_5_13_2_0,2023,5,13,38,2,1,0,0,,,3772.4889939
4385970752,1,2023_5_13_2_0,2023,5,13,60,2,1,0,0,,,3772.4889939
4385970755,1,2023_5_13_2_0,2023,5,13,49,1,4,0,0,,,3772.4889939
4385970759,1,2023_5_13_2_0,2023,5,13,82,1,1,0,0,,,2289.0729482
4385970774,1,2023_5_13_2_0,2023,5,13,51,2,4,0,0,,,3613.4187685
4385970775,1,2023_5_13_2_0,2023,5,13,70,2,2,0,0,,,16811.637553
4385970795,1,2023_5_13_2_0,2023,5,13,56,1,1,0,0,,,3772.4889939
4385970796,1,2023_5_13_2_0,2023,5,13,46,2,2,0,0,,,25710.776104
4385970798,1,2023_5_13_2_0,2023,5,13,80,2,1,0,0,,,7791.4418973
4385970806,1,2023_5_13_2_0,2023,5,13,65,1,1,0,0,,,1445.6113841
4385970814,1,2023_5_13_2_0,2023,5,13,63,2,1,0,0,,,19475.318674
4385970816,1,2023_5_13_2_0,2023,5,13,89,2,2,0,0,,,7491.179489
4385970828,1,2023_5_13_2_0,2023,5,13,32,2,1,0,0,,,7856.4186243
4385970832,1,2023_5_13_2_0,2023,5,13,59,2,1,0,0,,,12840.625646
4385970840,1,2023_5_13_2_0,2023,5,13,69,1,1,0,0,,,3143.0976949
4385970844,1,2023_5_13_2_0,2023,5,13,61,1,1,0,0,,,12840.625646
4385970846,1,2023_5_13_2_0,2023,5,13,66,1,1,0,0,,,2024.1768605
4385970847,1,2023_5_13_2_0,2023,5,13,48,2,1,0,0,,,7929.4789731
4385970884,1,2023_5_13_2_0,2023,5,13,75,1,4,0,0,,,5137.1168976
4385970885,1,2023_5_13_2_0,2023,5,13,38,2,3,0,0,,,7856.4186243
4385970886,1,2023_5_13_2_0,2023,5,13,65,1,1,0,0,,,1509.2502103
4385970887,1,2023_5_13_2_0,2023,5,13,75,1,1,0,0,,,5137.1168976
4385970888,1,2023_5_13_2_0,2023,5,13,58,2,1,0,0,,,3613.4187685
4385970889,1,2023_5_13_2_0,2023,5,13,81,2,1,0,0,,,2289.0729482
4385970890,1,2023_5_13_2_0,2023,5,13,53,2,1,0,0,,,7856.4186243
4385970892,1,2023_5_13_2_0,2023,5,13,-3,2,2,0,0,,,12299.189682
4385970905,1,2023_5_13_2_0,2023,5,13,68,1,1,0,0,,,1509.2502103
4385970908,1,2023_5_13_2_0,2023,5,13,37,1,3,0,0,,,12345.780503
4385970911,1,2023_5_13_2_0,2023,5,13,32,2,1,0,0,,,7856.4186243
4385970912,1,2023_5_13_2_0,2023,5,13,41,1,1,0,0,,,7856.4186243
4385970915,1,2023_5_13_2_0,2023,5,13,78,2,1,0,0,,,1509.2502103
4385970937,1,2023_5_13_2_0,2023,5,13,36,2,1,0,0,,,7856.4186243
4385970938,1,2023_5_13_2_0,2023,5,13,40,2,1,0,0,,,7856.4186243
4385970943,1,2023_5_13_2_0,2023,5,13,64,1,1,0,0,,,5721.7169456
4385970947,1,2023_5_13_2_0,2023,5,13,76,2,1,0,0,,,1509.2502103
4385970951,1,2023_5_13_2_0,2023,5,13,44,1,1,0,0,,,7856.4186243
4385970956,1,2023_5_13_2_0,2023,5,13,47,2,1,0,0,,,3143.0976949
4385970960,1,2023_5_13_2_0,2023,5,13,54,1,1,0,0,,,12840.625646
4385970964,1,2023_5_13_2_0,2023,5,13,69,2,1,0,0,,,2289.0729482
4385970973,1,2023_5_13_2_0,2023,5,13,40,2,5,0,0,,,18724.78929
4385970977,1,2023_5_13_2_0,2023,5,13,69,1,1,0,0,,,7491.179489
4385970983,1,2023_5_13_2_0,2023,5,13,32,2,1,0,0,,,7856.4186243
4385970986,1,2023_5_13_2_0,2023,5,13,57,2,1,0,0,,,4920.5059693
4385971000,1,2023_5_13_2_0,2023,5,13,62,1,5,0,0,,,3613.4187685
4385971002,1,2023_5_13_2_0,2023,5,13,29,1,1,0,0,,,5721.7169456
4385971011,1,2023_5_13_2_0,2023,5,13,38,1,1,0,0,,,7856.4186243
4385971014,1,2023_5_13_2_0,2023,5,13,77,2,1,0,0,,,2289.0729482
4385971020,1,2023_5_13_2_0,2023,5,13,32,2,1,0,0,,,3772.4889939
4385971021,1,2023_5_13_2_0,2023,5,13,74,1,1,0,0,,,1445.6113841
4385971022,1,2023_5_13_2_0,2023,5,13,62,2,1,0,0,,,3772.4889939
4385971024,1,2023_5_13_2_0,2023,5,13,76,2,1,0,0,,,2289.0729482
4385971028,1,2023_5_13_2_0,2023,5,13,66,2,2,0,0,1,1,7491.179489
4385971033,1,2023_5_13_2_0,2023,5,13,70,1,1,0,0,,,7791.4418973
4385971041,1,2023_5_13_2_0,2023,5,13,63,1,1,0,0,,,26741.318699
4385971045,1,2023_5_13_2_0,2023,5,13,91,2,1,0,0,,,7791.4418973
4385971054,1,2023_5_13_2_0,2023,5,13,67,2,1,0,0,,,2289.0729482
4385971060,1,2023_5_13_2_0,2023,5,13,54,2,2,0,0,,,7856.4186243
4385971062,1,2023_5_13_2_0,2023,5,13,58,2,2,0,0,,,26741.318699
4385971067,1,2023_5_13_2_0,2023,5,13,65,2,2,0,0,,,1509.2502103
4385971068,1,2023_5_13_2_0,2023,5,13,62,1,2,0,0,,,4939.1454423
4385971078,1,2023_5_13_2_0,2023,5,13,28,1,1,0,1.0001900803,,,3772.4889939
4385971079,1,2023_5_13_2_0,2023,5,13,70,2,1,0,0,,1,2289.0729482
4385971118,1,2023_5_13_2_0,2023,5,13,63,2,1,0,0,,,3772.4889939
4385971126,1,2023_5_13_2_0,2023,5,13,54,2,1,0,0,,,3772.4889939
4385971132,1,2023_5_13_2_0,2023,5,13,52,1,1,0,0,,,26741.318699
4385971138,1,2023_5_13_2_0,2023,5,13,51,2,1,0,0,,,3772.4889939
4385971140,1,2023_5_13_2_0,2023,5,13,62,2,1,0,0,,,12840.625646
4385971143,1,2023_5_13_2_0,2023,5,13,48,2,1,0,0,,,3613.4187685
4385971145,1,2023_5_13_2_0,2023,5,13,48,1,-3,0,1.0001900803,,,7856.4186243
4385971149,1,2023_5_13_2_0,2023,5,13,66,2,1,0,0,,,7491.179489
4385971151,1,2023_5_13_2_0,2023,5,13,39,2,2,0,0,,,7856.4186243
4385971156,1,2023_5_13_2_0,2023,5,13,26,2,3,0,0,,,3772.4889939
4385971157,1,2023_5_13_2_0,2023,5,13,73,1,4,0,0,,,1509.2502103
4385971167,1,2023_5_13_2_0,2023,5,13,78,1,1,0,0,,,2289.0729482
4385971171,1,2023_5_13_2_0,2023,5,13,44,2,1,0,0,,,10536.874984
4385971178,1,2023_5_13_2_0,2023,5,13,69,2,1,0,0,,,5137.1168976
4385971180,1,2023_5_13_2_0,2023,5,13,73,1,1,0,0,,,1509.2502103
4385971184,1,2023_5_13_2_0,2023,5,13,62,2,1,0,0,,,5721.7169456
4385971188,1,2023_5_13_2_0,2023,5,13,69,2,1,0,0,1,1,1509.2502103
4385971190,1,2023_5_13_2_0,2023,5,13,35,1,1,0,0,,,7856.4186243
4385971191,1,2023_5_13_2_0,2023,5,13,67,2,1,0,0,,,2289.0729482
4385971194,1,2023_5_13_2_0,2023,5,13,64,1,1,0,0,,,3772.4889939
4385971200,1,2023_5_13_2_0,2023,5,13,79,1,1,0,0,,,1509.2502103
4385971201,1,2023_5_13_2_0,2023,5,13,55,2,1,0,0,,,8930.9159737
4385971204,1,2023_5_13_2_0,2023,5,13,36,1,1,0,0,,,7856.4186243
4385971207,1,2023_5_13_2_0,2023,5,13,73,1,1,0,0,,,1509.2502103
4385971212,1,2023_5_13_2_0,2023,5,13,67,2,1,0,0,,,7491.179489
4385971216,1,2023_5_13_2_0,2023,5,13,54,1,2,0,0,,,3613.4187685
4385971218,1,2023_5_13_2_0,2023,5,13,78,2,1,0,0,,,2289.0729482
4385971219,1,2023_5_13_2_0,2023,5,13,62,2,1,0,0,,,5721.7169456
4385971222,1,2023_5_13_2_0,2023,5,13,79,2,1,0,0,,,3070.059863
4385971225,1,2023_5_13_2_0,2023,5,13,61,1,4,0,0,,,3613.4187685
4385971232,1,2023_5_13_2_0,2023,5,13,58,2,2,0,0,,,8202.2745468
4385971234,1,2023_5_13_2_0,2023,5,13,36,2,2,0,0,,,18724.78929
4385971237,1,2023_5_13_2_0,2023,5,13,72,2,1,0,0,,,7791.4418973
4385971269,1,2023_5_13_2_0,2023,5,13,93,1,1,0,0,,,2003.4100224
4385971270,1,2023_5_13_2_0,2023,5,13,76,1,1,0,0,,,5137.1168976
4385971280,1,2023_5_13_2_0,2023,5,13,36,1,1,0,0,,,3772.4889939
4385971294,1,2023_5_13_2_0,2023,5,13,92,1,2,0,0,,,7491.179489
4385971296,1,2023_5_13_2_0,2023,5,13,53,2,1,0,0,,,19475.318674
4385971313,1,2023_5_13_2_0,2023,5,13,49,1,2,0,0,,,5721.7169456
4385971315,1,2023_5_13_2_0,2023,5,13,69,2,2,0,0,,,3143.0976949
4385971319,1,2023_5_13_2_0,2023,5,13,20,2,1,0,0,,,3613.4187685
4385971337,1,2023_5_13_2_0,2023,5,13,58,2,1,0,0,,,3613.4187685
4385971338,1,2023_5_13_2_0,2023,5,13,16,2,1,0,0,,,7856.4186243
4385971341,1,2023_5_13_2_0,2023,5,13,79,1,1,0,0,,,5137.1168976
4385971343,1,2023_5_13_2_0,2023,5,13,60,1,1,0,0,,,3772.4889939
4385971353,1,2023_5_13_2_0,2023,5,13,70,2,3,0,0,,1,4939.1454423
4385971356,1,2023_5_13_2_0,2023,5,13,70,2,1,0,0,,,1509.2502103
4385971362,1,2023_5_13_2_0,2023,5,13,79,1,1,0,0,,,1049.7141792
4385971364,1,2023_5_13_2_0,2023,5,13,64,2,1,0,0,,,3772.4889939
4385971369,1,2023_5_13_2_0,2023,5,13,63,2,1,0,0,,,5137.1168976
4385971370,1,2023_5_13_2_0,2023,5,13,76,2,1,0,0,,,7791.4418973
4385971371,1,2023_5_13_2_0,2023,5,13,62,1,2,0,0,,,12299.189682
4385971373,1,2023_5_13_2_0,2023,5,13,-3,2,1,0,0,,,15223.162929
4385971384,1,2023_5_13_2_0,2023,5,13,56,2,1,0,0,,,7856.4186243
4385971390,1,2023_5_13_2_0,2023,5,13,60,1,1,0,0,,,3772.4889939
4385971392,1,2023_5_13_2_0,2023,5,13,79,2,1,0,0,,,7791.4418973
4385971395,1,2023_5_13_2_0,2023,5,13,52,1,3,0,0,,,1509.2502103
4385971403,1,2023_5_13_2_0,2023,5,13,-3,2,5,0,0,,,5057.755945
4385971409,1,2023_5_13_2_0,2023,5,13,28,2,1,0,0,,,12345.780503
4385971418,1,2023_5_13_2_0,2023,5,13,60,2,1,0,0,,,5721.7169456
4385971421,1,2023_5_13_2_0,2023,5,13,70,2,2,0,0,,,1445.6113841
4385971425,1,2023_5_13_2_0,2023,5,13,80,2,1,0,0,,,2289.0729482
4385971431,1,2023_5_13_2_0,2023,5,13,55,2,1,0,0,,,3613.4187685
4385971432,1,2023_5_13_2_0,2023,5,13,49,1,1,0,0,,,2623.8427273
4385971433,1,2023_5_13_2_0,2023,5,13,71,1,1,0,0,,,1509.2502103
4385971434,1,2023_5_13_2_0,2023,5,13,32,2,1,0,0,,,3772.4889939
4385971463,1,2023_5_13_2_0,2023,5,13,65,2,1,0,0,,,2289.0729482
4385971471,1,2023_5_13_2_0,2023,5,13,98,2,1,0,0,,,4920.5059693
4385971473,1,2023_5_13_2_0,2023,5,13,60,2,1,0,0,,,5721.7169456
4385971486,1,2023_5_13_2_0,2023,5,13,64,2,1,0,0,,,12299.189682
4385971494,1,2023_5_13_2_0,2023,5,13,69,1,1,1.9996198394,2.0003801606,,,2289.0729482
4385971496,1,2023_5_13_2_0,2023,5,13,37,2,1,0,0,,,26741.318699
4385971497,1,2023_5_13_2_0,2023,5,13,33,2,1,0,0,,,3772.4889939
4385971498,1,2023_5_13_2_0,2023,5,13,52,2,1,0,0,,,7856.4186243
4385971503,1,2023_5_13_2_0,2023,5,13,72,2,1,0,0,,,2289.0729482
4385971508,1,2023_5_13_2_0,2023,5,13,49,1,1,0,0,,,25710.776104
4385971516,1,2023_5_13_2_0,2023,5,13,67,1,2,0,0,,,5137.1168976
4385971519,1,2023_5_13_2_0,2023,5,13,76,2,2,0,0,,,2289.0729482
4385971528,1,2023_5_13_2_0,2023,5,13,79,1,1,0,0,,,2289.0729482
4385971529,1,2023_5_13_2_0,2023,5,13,64,2,2,0,0,,,3613.4187685
4385971536,1,2023_5_13_2_0,2023,5,13,75,1,1,0,0,,,5137.1168976
4385971537,1,2023_5_13_2_0,2023,5,13,79,1,1,0,0,,,4920.5059693
4385971542,1,2023_5_13_2_0,2023,5,13,81,1,1,0,0,,,2289.0729482
4385971543,1,2023_5_13_2_0,2023,5,13,35,2,1,0,0,,,5464.2987437
4385971547,1,2023_5_13_2_0,2023,5,13,72,2,1,0,0,,,4920.5059693
4385971550,1,2023_5_13_2_0,2023,5,13,66,2,1,0.9998099197,2.0003801606,,,7791.4418973
4385971552,1,2023_5_13_2_0,2023,5,13,64,2,2,0,0,,,18724.78929
4385971553,1,2023_5_13_2_0,2023,5,13,26,1,1,0,0,,,12345.780503
4385971566,1,2023_5_13_2_0,2023,5,13,72,1,1,0,0,,,5137.1168976
4385971569,1,2023_5_13_2_0,2023,5,13,74,2,1,0,0,,,5137.1168976
4385971571,1,2023_5_13_2_0,2023,5,13,44,2,3,0,0,,,3143.0976949
4385971574,1,2023_5_13_2_0,2023,5,13,88,1,1,0,0,,,7791.4418973
4385971591,1,2023_5_13_2_0,2023,5,13,73,1,1,0,0,,,7491.179489
4385971595,1,2023_5_13_2_0,2023,5,13,67,2,1,0,0,1,1,1509.2502103
4385971599,1,2023_5_13_2_0,2023,5,13,23,1,2,0,0,,,7856.4186243
4385971602,1,2023_5_13_2_0,2023,5,13,59,1,2,0,0,,,12840.625646
4385971607,1,2023_5_13_2_0,2023,5,13,80,1,1,0,0,,,7491.179489
4385971609,1,2023_5_13_2_0,2023,5,13,73,1,1,0,0,,,1509.2502103
4385971622,1,2023_5_13_2_0,2023,5,13,60,1,1,0,0,,,4920.5059693
4385971626,1,2023_5_13_2_0,2023,5,13,59,1,3,0,0,,,3772.4889939
4385971628,1,2023_5_13_2_0,2023,5,13,26,1,1,0,0,,,7856.4186243
4385971645,1,2023_5_13_2_0,2023,5,13,80,1,4,0,0,,,4920.5059693
4385971649,1,2023_5_13_2_0,2023,5,13,88,2,1,0,0,,,3172.3267654
4385971655,1,2023_5_13_2_0,2023,5,13,53,2,2,0,0,,,3613.4187685
4385971659,1,2023_5_13_2_0,2023,5,13,56,1,1,0,0,,,7856.4186243
4385971660,1,2023_5_13_2_0,2023,5,13,88,2,1,0,0,,,7791.4418973
4385971665,1,2023_5_13_2_0,2023,5,13,71,2,2,0,0,,,1445.6113841
4385971666,1,2023_5_13_2_0,2023,5,13,-3,2,1,0,0,,,5057.755945
4385971673,1,2023_5_13_2_0,2023,5,13,73,1,1,0,0,,,4730.8821498
4385971687,1,2023_5_13_2_0,2023,5,13,75,1,2,0,0,,,1445.6113841
4385971691,1,2023_5_13_2_0,2023,5,13,86,2,1,0,0,,,7791.4418973
4385971702,1,2023_5_13_2_0,2023,5,13,39,-3,-3,0,0,,,26119.916462
4385971708,1,2023_5_13_2_0,2023,5,13,80,1,1,0,0,,,5137.1168976
4385971710,1,2023_5_13_2_0,2023,5,13,51,2,1,0,0,,,25710.776104
4385971714,1,2023_5_13_2_0,2023,5,13,27,2,1,0,0,,,7856.4186243
4385971715,1,2023_5_13_2_0,2023,5,13,57,2,1,0,0,,,3613.4187685
4385971716,1,2023_5_13_2_0,2023,5,13,71,2,1,0,0,,,1509.2502103
4385971724,1,2023_5_13_2_0,2023,5,13,67,2,1,0,0,,,1509.2502103
4385971725,1,2023_5_13_2_0,2023,5,13,66,2,2,0,0,,,1509.2502103
4385971728,1,2023_5_13_2_0,2023,5,13,53,2,1,0,0,,,3772.4889939
4385971729,1,2023_5_13_2_0,2023,5,13,53,1,1,0,0,,,3772.4889939
4385971730,1,2023_5_13_2_0,2023,5,13,57,1,1,0,0,,,3772.4889939
4385971739,1,2023_5_13_2_0,2023,5,13,70,2,2,0,0,,,1509.2502103
4385971743,1,2023_5_13_2_0,2023,5,13,61,2,2,0,0,,,11825.210108
4385971757,1,2023_5_13_2_0,2023,5,13,35,1,1,0,0,,,7856.4186243
4385971761,1,2023_5_13_2_0,2023,5,13,47,1,2,0,0,,,3613.4187685
4385971773,1,2023_5_13_2_0,2023,5,13,65,1,1,0,0,,,1445.6113841
4385971775,1,2023_5_13_2_0,2023,5,13,34,1,4,0,0,,,7856.4186243
4385971810,1,2023_5_13_2_0,2023,5,13,49,2,2,0,0,,,7856.4186243
4385971821,1,2023_5_13_2_0,2023,5,13,66,2,1,0,0,,,2289.0729482
4385971822,1,2023_5_13_2_0,2023,5,13,63,2,2,0,0,,,25710.776104
4385971828,1,2023_5_13_2_0,2023,5,13,60,1,1,0,0,,,5137.1168976
4385971842,1,2023_5_13_2_0,2023,5,13,61,1,1,0,0,,,3772.4889939
4385971849,1,2023_5_13_2_0,2023,5,13,85,1,1,0,0,,,7791.4418973
4385971855,1,2023_5_13_2_0,2023,5,13,67,1,1,0,0,,,1509.2502103
4385971864,1,2023_5_13_2_0,2023,5,13,60,2,2,0,0,,,18724.78929
4385971872,1,2023_5_13_2_0,2023,5,13,64,2,1,0,0,,,3772.4889939
4385971873,1,2023_5_13_2_0,2023,5,13,30,1,1,0,0,,,12345.780503
4385971887,1,2023_5_13_2_0,2023,5,13,45,2,1,0,0,,,5721.7169456
4385971891,1,2023_5_13_2_0,2023,5,13,75,2,3,0,0,,,1509.2502103
4385971908,1,2023_5_13_2_0,2023,5,13,68,1,1,0,0,,,16811.637553
4385971917,1,2023_5_13_2_0,2023,5,13,70,1,2,0,0,,,1445.6113841
4385971943,1,2023_5_13_2_0,2023,5,13,47,1,1,0,0,,,3772.4889939
4385971944,1,2023_5_13_2_0,2023,5,13,35,1,1,0,0,,,5721.7169456
4385971949,1,2023_5_13_2_0,2023,5,13,32,1,3,0,0,,,3772.4889939
4385971960,1,2023_5_13_2_0,2023,5,13,68,1,3,0,0,,,1509.2502103
4385971971,1,2023_5_13_2_0,2023,5,13,29,2,2,0,0,,,18724.78929
4385971974,1,2023_5_13_2_0,2023,5,13,46,1,1,0,0,,,7856.4186243
4385971975,1,2023_5_13_2_0,2023,5,13,55,1,1,0,0,,,26741.318699
4385971976,1,2023_5_13_2_0,2023,5,13,35,2,1,0,0,,,5721.7169456
4385971980,1,2023_5_13_2_0,2023,5,13,91,2,2,0,0,,,7791.4418973
4385971983,1,2023_5_13_2_0,2023,5,13,32,2,5,0,0,,,18724.78929
4385971991,1,2023_5_13_2_0,2023,5,13,34,1,1,0,0,,,7856.4186243
4385972002,1,2023_5_13_2_0,2023,5,13,43,2,1,0,0,,,7856.4186243
4385972012,1,2023_5_13_2_0,2023,5,13,23,2,1,0,0,,,12345.780503
4385972014,1,2023_5_13_2_0,2023,5,13,48,2,1,0,0,,,5721.7169456
4385972016,1,2023_5_13_2_0,2023,5,13,57,1,2,0,0,,,18724.78929
4385972018,1,2023_5_13_2_0,2023,5,13,51,2,1,0,0,,,12345.780503
4385972023,1,2023_5_13_2_0,2023,5,13,70,2,1,0,0,,,2289.0729482
4385972033,1,2023_5_13_2_0,2023,5,13,67,1,4,0,0,,,4939.1454423
4385972040,1,2023_5_13_2_0,2023,5,13,30,1,4,0,0,,,42022.003512
4385972044,1,2023_5_13_2_0,2023,5,13,79,1,1,0,0,,,1445.6113841
4385972066,1,2023_5_13_2_0,2023,5,13,24,2,2,0,0,,,12345.780503
4385972070,1,2023_5_13_2_0,2023,5,13,60,2,2,0,0,,,1445.6113841
4385972071,1,2023_5_13_2_0,2023,5,13,33,2,2,0,0,,,12345.780503
4385972080,1,2023_5_13_2_0,2023,5,13,54,2,1,0,0,,,5721.7169456
4385972081,1,2023_5_13_2_0,2023,5,13,25,2,2,0,0,,,18724.78929
4385972087,1,2023_5_13_2_0,2023,5,13,50,1,1,0,0,,,3772.4889939
4385972091,1,2023_5_13_2_0,2023,5,13,71,2,1,0,0,,,7491.179489
4385972092,1,2023_5_13_2_0,2023,5,13,35,2,1,0,0,,,5721.7169456
4385972097,1,2023_5_13_2_0,2023,5,13,71,1,3,0,0,,,5137.1168976
4385972103,1,2023_5_13_2_0,2023,5,13,49,1,4,0,0,,,12345.780503
4385972106,1,2023_5_13_2_0,2023,5,13,82,1,1,0,0,,,5137.1168976
4385972110,1,2023_5_13_2_0,2023,5,13,50,2,4,0,0,,,12345.780503
4385972118,1,2023_5_13_2_0,2023,5,13,76,1,1,0,0,,,3143.0976949
4385972121,1,2023_5_13_2_0,2023,5,13,68,1,1,0,0,,,1509.2502103
4385972122,1,2023_5_13_2_0,2023,5,13,95,2,1,0,0,,,7791.4418973
4385972130,1,2023_5_13_2_0,2023,5,13,46,2,1,0,0,,,7856.4186243
4385972148,1,2023_5_13_2_0,2023,5,13,66,2,1,0,7.001330562,,,4920.5059693
4385972149,1,2023_5_13_2_0,2023,5,13,49,2,1,0,0,,,26741.318699
4385972153,1,2023_5_13_2_0,2023,5,13,52,1,3,0,0,,,3772.4889939
4385972155,1,2023_5_13_2_0,2023,5,13,24,2,4,0,0,,,3613.4187685
4385972159,1,2023_5_13_2_0,2023,5,13,69,2,2,0,0,,,5137.1168976
4385972161,1,2023_5_13_2_0,2023,5,13,33,1,2,1.0756048169,4.6219759155,,,11475.80749
4385972174,1,2023_5_13_2_0,2023,5,13,72,2,2,0,0,,,3143.0976949
4385972199,1,2023_5_13_2_0,2023,5,13,69,2,2,0,0,,,2289.0729482
4385972210,1,2023_5_13_2_0,2023,5,13,61,2,2,0,0,,,1509.2502103
4385972213,1,2023_5_13_2_0,2023,5,13,82,2,1,0,0,,,5137.1168976
4385972214,1,2023_5_13_2_0,2023,5,13,78,2,1,0,0,,1,2289.0729482
4385972216,1,2023_5_13_2_0,2023,5,13,50,2,2,0,0,,,18724.78929
4385972220,1,2023_5_13_2_0,2023,5,13,83,2,1,0,0,,,2289.0729482
4385972224,1,2023_5_13_2_0,2023,5,13,63,1,1,0,0,,,1445.6113841
4385972229,1,2023_5_13_2_0,2023,5,13,56,2,1,0,0,,,7856.4186243
4385972233,1,2023_5_13_2_0,2023,5,13,77,2,1,0,0,,,1509.2502103
4385972236,1,2023_5_13_2_0,2023,5,13,59,2,2,0,0,,,12345.780503
4385972243,1,2023_5_13_2_0,2023,5,13,30,1,3,0,0,,,7856.4186243
4385972251,1,2023_5_13_2_0,2023,5,13,61,2,1,0,0,,,3772.4889939
4385972253,1,2023_5_13_2_0,2023,5,13,80,2,1,0,0,,,1509.2502103
4385972273,1,2023_5_13_2_0,2023,5,13,73,2,1,0,0,,,1509.2502103
4385972275,1,2023_5_13_2_0,2023,5,13,77,1,1,0,0,,,1509.2502103
4385972276,1,2023_5_13_2_0,2023,5,13,50,1,1,0,0,,,3772.4889939
4385972277,1,2023_5_13_2_0,2023,5,13,64,2,1,0,0,,,3772.4889939
4385972287,1,2023_5_13_2_0,2023,5,13,53,2,1,0,0,,,3613.4187685
4385972288,1,2023_5_13_2_0,2023,5,13,76,2,1,0,0,,,7791.4418973
4385972291,1,2023_5_13_2_0,2023,5,13,80,1,1,0,0,,,3172.3267654
4385972292,1,2023_5_13_2_0,2023,5,13,70,2,1,0,0,,,3143.0976949
4385972293,1,2023_5_13_2_0,2023,5,13,74,2,1,0,0,,,5137.1168976
4385972297,1,2023_5_13_2_0,2023,5,13,48,1,4,0,0,,,7856.4186243
4385972299,1,2023_5_13_2_0,2023,5,13,41,2,1,0,0,,,3613.4187685
4385972302,1,2023_5_13_2_0,2023,5,13,36,2,1,0,0,,,12345.780503
4385972305,1,2023_5_13_2_0,2023,5,13,90,2,1,0,0,,,7491.179489
4385972315,1,2023_5_13_2_0,2023,5,13,48,2,3,0,0,,,7856.4186243
4385972316,1,2023_5_13_2_0,2023,5,13,69,1,1,0,0,,,1509.2502103
4385972324,1,2023_5_13_2_0,2023,5,13,41,2,1,0,0,,,3772.4889939
4385972335,1,2023_5_13_2_0,2023,5,13,84,2,1,0,0,,,1509.2502103
4385972340,1,2023_5_13_2_0,2023,5,13,52,1,1,0,0,,,3613.4187685
4385972342,1,2023_5_13_2_0,2023,5,13,-3,-3,-3,0,0,,,3334.7208221
4385972343,1,2023_5_13_2_0,2023,5,13,48,1,5,0,0,,,7856.4186243
4385972344,1,2023_5_13_2_0,2023,5,13,71,1,1,0,0,,,2289.0729482
4385972352,1,2023_5_13_2_0,2023,5,13,68,2,1,0,0,,,1509.2502103
4385972358,1,2023_5_13_2_0,2023,5,13,60,2,1,0,0,,,3772.4889939
4385972359,1,2023_5_13_2_0,2023,5,13,43,1,1,0,0,,,12345.780503
4385972364,1,2023_5_13_2_0,2023,5,13,72,1,1,0,0,,,1445.6113841
4385972366,1,2023_5_13_2_0,2023,5,13,71,1,1,0,0,,,1509.2502103
4385972367,1,2023_5_13_2_0,2023,5,13,84,2,1,0,0,,,2289.0729482
4385972368,1,2023_5_13_2_0,2023,5,13,49,1,5,0,0,,,1509.2502103
4385972374,1,2023_5_13_2_0,2023,5,13,89,2,1,0,0,,,5137.1168976
4385972377,1,2023_5_13_2_0,2023,5,13,68,1,-3,0,0,,,2289.0729482
4385972385,1,2023_5_13_2_0,2023,5,13,67,2,1,0,0,,,1509.2502103
4385972390,1,2023_5_13_2_0,2023,5,13,79,2,1,0,0,,,5137.1168976
4385972393,1,2023_5_13_2_0,2023,5,13,58,2,1,0,0,,,12840.625646
4385972394,1,2023_5_13_2_0,2023,5,13,34,2,1,0,0,,,8202.2745468
4385972395,1,2023_5_13_2_0,2023,5,13,-3,-3,-3,0,0,,,16593.083222
4385972398,1,2023_5_13_2_0,2023,5,13,35,1,1,0,0,,,5721.7169456
4385972400,1,2023_5_13_2_0,2023,5,13,71,2,1,0,0,,,2289.0729482
4385972409,1,2023_5_13_2_0,2023,5,13,39,2,1,0,0,,,12345.780503
4385972412,1,2023_5_13_2_0,2023,5,13,64,1,1,0,0,,,12840.625646
4385972414,1,2023_5_13_2_0,2023,5,13,62,1,1,0,0,,,7856.4186243
4385972419,1,2023_5_13_2_0,2023,5,13,87,1,1,0,0,,,5137.1168976
4385972421,1,2023_5_13_2_0,2023,5,13,60,1,1,0,0,,,3979.5703631
4385972422,1,2023_5_13_2_0,2023,5,13,60,1,1,0,0,,,3772.4889939
4385972431,1,2023_5_13_2_0,2023,5,13,26,1,1,0,0,,,3772.4889939
4385972432,1,2023_5_13_2_0,2023,5,13,-3,2,1,0,0,,,11350.570348
4385972435,1,2023_5_13_2_0,2023,5,13,62,2,1,0,0,,,3772.4889939
4385972439,1,2023_5_13_2_0,2023,5,13,76,1,1,0,0,,,1509.2502103
4385972440,1,2023_5_13_2_0,2023,5,13,60,2,1,0,0,,,5721.7169456
4385972441,1,2023_5_13_2_0,2023,5,13,64,2,1,0,0,,,1445.6113841
4385972443,1,2023_5_13_2_0,2023,5,13,52,1,1,0,0,,,12840.625646
4385972454,1,2023_5_13_2_0,2023,5,13,85,1,1,0,0,,,5137.1168976
4385972456,1,2023_5_13_2_0,2023,5,13,34,2,1,0,0,,,7856.4186243
4385972459,1,2023_5_13_2_0,2023,5,13,22,2,1,0,0,,,18724.78929
4385972467,1,2023_5_13_2_0,2023,5,13,75,1,1,0,0,,,1509.2502103
4385972486,1,2023_5_13_2_0,2023,5,13,81,2,1,0,0,,,11169.29519
4385972489,1,2023_5_13_2_0,2023,5,13,55,1,1,0,0,,,11825.210108
4385972493,1,2023_5_13_2_0,2023,5,13,49,1,1,0,0,,,25710.776104
4385972501,1,2023_5_13_2_0,2023,5,13,78,1,1,0,0,,,3172.3267654
4385972503,1,2023_5_13_2_0,2023,5,13,79,2,1,0,0,1,1,2289.0729482
4385972505,1,2023_5_13_2_0,2023,5,13,47,2,1,0,0,,,7856.4186243
4385972508,1,2023_5_13_2_0,2023,5,13,89,2,1,0,0,,,5137.1168976
4385972511,1,2023_5_13_2_0,2023,5,13,83,1,1,0,0,,,1509.2502103
4385972512,1,2023_5_13_2_0,2023,5,13,68,1,1,0,0,,,1049.7141792
4385972517,1,2023_5_13_2_0,2023,5,13,84,1,1,0,0,,,1509.2502103
4385972518,1,2023_5_13_2_0,2023,5,13,62,1,1,0,0,,,1049.7141792
4385972524,1,2023_5_13_2_0,2023,5,13,28,2,1,0,0,,,12345.780503
4385972529,1,2023_5_13_2_0,2023,5,13,72,2,1,0,0,,,7491.179489
4385972531,1,2023_5_13_2_0,2023,5,13,76,1,1,0,0,,,5137.1168976
4385972532,1,2023_5_13_2_0,2023,5,13,63,2,1,0,0,,,12840.625646
4385972535,1,2023_5_13_2_0,2023,5,13,37,2,4,0,0,,,7856.4186243
4385972539,1,2023_5_13_2_0,2023,5,13,72,1,1,0,0,,,1509.2502103
4385972542,1,2023_5_13_2_0,2023,5,13,48,1,2,0,0,,,3613.4187685
4385972548,1,2023_5_13_2_0,2023,5,13,54,1,1,0,0,,,3772.4889939
4385972556,1,2023_5_13_2_0,2023,5,13,87,2,2,0,0,,,2003.4100224
4385972559,1,2023_5_13_2_0,2023,5,13,51,1,3,0,0,,,7856.4186243
4385972569,1,2023_5_13_2_0,2023,5,13,48,2,1,0,0,,,3613.4187685
4385972572,1,2023_5_13_2_0,2023,5,13,79,1,1,0,0,,,1509.2502103
4385972576,1,2023_5_13_2_0,2023,5,13,66,2,1,0,0,,,1445.6113841
4385972578,1,2023_5_13_2_0,2023,5,13,64,2,1,0,0,,,5721.7169456
4385972582,1,2023_5_13_2_0,2023,5,13,72,2,1,0,0,,,2024.1768605
4385972583,1,2023_5_13_2_0,2023,5,13,31,1,4,0,0,,,25710.776104
4385972585,1,2023_5_13_2_0,2023,5,13,26,1,3,0,0,,,3613.4187685
4385972587,1,2023_5_13_2_0,2023,5,13,76,1,1,0,0,,,2289.0729482
4385972590,1,2023_5_13_2_0,2023,5,13,62,1,1,0,0,,,3772.4889939
4385972591,1,2023_5_13_2_0,2023,5,13,59,1,1,0,0,,,3613.4187685
4385972592,1,2023_5_13_2_0,2023,5,13,64,2,-3,0,0,,,18724.78929
4385972595,1,2023_5_13_2_0,2023,5,13,69,2,2,0,0,,,7791.4418973
4385972596,1,2023_5_13_2_0,2023,5,13,38,2,1,0,0,,,7856.4186243
4385972602,1,2023_5_13_2_0,2023,5,13,74,2,1,0,0,,,1509.2502103
4385972604,1,2023_5_13_2_0,2023,5,13,68,2,1,0,0,1,1,7491.179489
4385972605,1,2023_5_13_2_0,2023,5,13,59,2,1,0,0,1,1,26741.318699
4385972606,1,2023_5_13_2_0,2023,5,13,66,1,1,0,0,,,1445.6113841
4385972625,1,2023_5_13_2_0,2023,5,13,61,1,1,0,0,,,12840.625646
4385972640,1,2023_5_13_2_0,2023,5,13,46,2,1,0,0,,,7856.4186243
4385972643,1,2023_5_13_2_0,2023,5,13,80,2,1,0,0,,,7791.4418973
4385972647,1,2023_5_13_2_0,2023,5,13,74,2,1,0,0,,,2289.0729482
4385972648,1,2023_5_13_2_0,2023,5,13,70,1,1,0,0,,,5137.1168976
4385972651,1,2023_5_13_2_0,2023,5,13,71,2,1,0,0,,,1445.6113841
4385972665,1,2023_5_13_2_0,2023,5,13,70,2,1,0,0,,,2289.0729482
4385972673,1,2023_5_13_2_0,2023,5,13,31,1,1,0,0,,,18724.78929
4385972675,1,2023_5_13_2_0,2023,5,13,39,2,1,0,0,,,7856.4186243
4385972676,1,2023_5_13_2_0,2023,5,13,70,1,1,0,0,,,2289.0729482
4385972681,1,2023_5_13_2_0,2023,5,13,65,2,1,0,0,,,5137.1168976
4385972686,1,2023_5_13_2_0,2023,5,13,28,2,1,0,0,,,12345.780503
4385972688,1,2023_5_13_2_0,2023,5,13,66,1,1,0,0,,,1509.2502103
4385972693,1,2023_5_13_2_0,2023,5,13,23,2,3,0,0,,,7856.4186243
4385972694,1,2023_5_13_2_0,2023,5,13,61,1,1,0,0,,,2623.8427273
4385972696,1,2023_5_13_2_0,2023,5,13,46,1,4,0,0,,,7856.4186243
4385972699,1,2023_5_13_2_0,2023,5,13,51,1,5,0,0,,,3613.4187685
4385972712,1,2023_5_13_2_0,2023,5,13,58,2,3,0,0,,,18724.78929
4385972715,1,2023_5_13_2_0,2023,5,13,69,1,1,0,0,,,1509.2502103
4385972719,1,2023_5_13_2_0,2023,5,13,62,1,2,0,0,,,12840.625646
4385972720,1,2023_5_13_2_0,2023,5,13,61,2,2,0,0,,,3613.4187685
4385972721,1,2023_5_13_2_0,2023,5,13,65,1,2,0,0,,,1509.2502103
4385972734,1,2023_5_13_2_0,2023,5,13,54,2,1,0,0,,,2623.8427273
4385972737,1,2023_5_13_2_0,2023,5,13,77,2,1,0,0,,,1509.2502103
4385972749,1,2023_5_13_2_0,2023,5,13,52,2,1,0,0,,,5137.1168976
4385972762,1,2023_5_13_2_0,2023,5,13,65,2,2,0,0,,,1509.2502103
4385972764,1,2023_5_13_2_0,2023,5,13,63,2,2,0.9998099197,2.0003801606,,,4939.1454423
4385972771,1,2023_5_13_2_0,2023,5,13,78,2,2,0,0,,,7791.4418973
4385972774,1,2023_5_13_2_0,2023,5,13,75,1,-3,0,0,,,1509.2502103
4385972779,1,2023_5_13_2_0,2023,5,13,67,1,2,0,3.0005702409,,,1445.6113841
4385972786,1,2023_5_13_2_0,2023,5,13,74,1,1,0,0,,,1509.2502103
4385972790,1,2023_5_13_2_0,2023,5,13,71,2,1,0,0,,,1509.2502103
4385972793,1,2023_5_13_2_0,2023,5,13,59,1,2,0,0,,,5721.7169456
4385972795,1,2023_5_13_2_0,2023,5,13,36,2,3,0,0,,,3772.4889939
4385972802,1,2023_5_13_2_0,2023,5,13,49,1,1,0,0,,,3772.4889939
4385972803,1,2023_5_13_2_0,2023,5,13,-3,1,-3,0,0,,,3194.1094661
4385972807,1,2023_5_13_2_0,2023,5,13,65,1,1,0,0,,,1509.2502103
4385972811,1,2023_5_13_2_0,2023,5,13,57,2,3,0,0,,,1509.2502103
4385972812,1,2023_5_13_2_0,2023,5,13,75,1,1,0,0,,,1509.2502103
4385972823,1,2023_5_13_2_0,2023,5,13,89,2,1,0,0,,,7791.4418973
4385972826,1,2023_5_13_2_0,2023,5,13,68,2,2,0,0,,,10286.045712
4385972844,1,2023_5_13_2_0,2023,5,13,76,2,1,0,0,,,5137.1168976
4385972850,1,2023_5_13_2_0,2023,5,13,65,1,1,0,0,,,1509.2502103
4385972853,1,2023_5_13_2_0,2023,5,13,70,1,1,0,0,,,1049.7141792
4385972862,1,2023_5_13_2_0,2023,5,13,47,1,1,0,0,,,7856.4186243
4385972864,1,2023_5_13_2_0,2023,5,13,73,1,1,0,0,,,2289.0729482
4385972872,1,2023_5_13_2_0,2023,5,13,39,2,1,0,0,,,18599.130362
4385972877,1,2023_5_13_2_0,2023,5,13,74,1,1,0,0,,,1509.2502103
4385972887,1,2023_5_13_2_0,2023,5,13,66,1,1,0,0,,,1509.2502103
4385972888,1,2023_5_13_2_0,2023,5,13,59,2,1,0,0,,,3979.5703631
4385972894,1,2023_5_13_2_0,2023,5,13,50,1,1,0,0,,,5721.7169456
4385972902,1,2023_5_13_2_0,2023,5,13,71,2,2,0,0,,,7791.4418973
4385972908,1,2023_5_13_2_0,2023,5,13,71,2,2,0,0,,,2289.0729482
4385972909,1,2023_5_13_2_0,2023,5,13,62,1,3,0,0,,,7856.4186243
4385972912,1,2023_5_13_2_0,2023,5,13,65,2,1,0,0,,,4939.1454423
4385972914,1,2023_5_13_2_0,2023,5,13,85,1,1,0,0,,,2289.0729482
4385972918,1,2023_5_13_2_0,2023,5,13,56,2,2,3.3887060597,0,,,2726.9527178
4385972919,1,2023_5_13_2_0,2023,5,13,90,1,2,0,0,,,2289.0729482
4385972923,1,2023_5_13_2_0,2023,5,13,62,2,1,0,0,,,7856.4186243
4385972926,1,2023_5_13_2_0,2023,5,13,64,2,2,0,0,,,19475.318674
4385972927,1,2023_5_13_2_0,2023,5,13,62,2,2,0,0,,,3613.4187685
4385972935,1,2023_5_13_2_0,2023,5,13,62,1,1,0,0,,,3772.4889939
4385972942,1,2023_5_13_2_0,2023,5,13,69,2,1,0,0,1,1,1509.2502103
4385972943,1,2023_5_13_2_0,2023,5,13,80,1,1,0,0,,,1509.2502103
4385972944,1,2023_5_13_2_0,2023,5,13,45,2,1,0,0,,,7856.4186243
4385972945,1,2023_5_13_2_0,2023,5,13,61,2,1,0,0,,,5137.1168976
4385972948,1,2023_5_13_2_0,2023,5,13,65,1,2,0,0,1,1,7491.179489
4385972949,1,2023_5_13_2_0,2023,5,13,84,1,1,0,0,,,5137.1168976
4385972952,1,2023_5_13_2_0,2023,5,13,79,2,1,0,0,,,7791.4418973
4385972962,1,2023_5_13_2_0,2023,5,13,69,1,1,0,0,,,1509.2502103
4385972967,1,2023_5_13_2_0,2023,5,13,-3,2,2,0,0,,,17215.358562
4385972970,1,2023_5_13_2_0,2023,5,13,77,2,2,0,0,,,6556.3240698
4385972982,1,2023_5_13_2_0,2023,5,13,87,2,1,0,0,,,10449.729469
4385972987,1,2023_5_13_2_0,2023,5,13,75,2,1,0,0,,,1509.2502103
4385972989,1,2023_5_13_2_0,2023,5,13,85,2,1,0,0,,,10698.332304
4385972995,1,2023_5_13_2_0,2023,5,13,70,2,2,0,0,,,4920.5059693
4385973002,1,2023_5_13_2_0,2023,5,13,84,1,2,0,4.0007603212,,,4730.8821498
4385973004,1,2023_5_13_2_0,2023,5,13,28,2,1,0,0,,,7856.4186243
4385973006,1,2023_5_13_2_0,2023,5,13,76,1,1,0,0,,,5137.1168976
4385973008,1,2023_5_13_2_0,2023,5,13,63,2,2,0,0,,,3772.4889939
4385973014,1,2023_5_13_2_0,2023,5,13,44,1,1,0,0,,,3772.4889939
4385973028,1,2023_5_13_2_0,2023,5,13,79,2,1,0,0,,,1509.2502103
4385973033,1,2023_5_13_2_0,2023,5,13,75,1,1,0,0,,,1445.6113841
4385973044,1,2023_5_13_2_0,2023,5,13,69,1,2,0,0,,,1509.2502103
4385973054,1,2023_5_13_2_0,2023,5,13,67,1,2,0,0,,,5137.1168976
4385973055,1,2023_5_13_2_0,2023,5,13,52,1,1,0,3.1042619957,,,5695.4928312
4385973063,1,2023_5_13_2_0,2023,5,13,59,2,1,0,0,,,7856.4186243
4385973065,1,2023_5_13_2_0,2023,5,13,51,1,1,5.7634167997,12.943202172,,,3206.7232062
4385973078,1,2023_5_13_2_0,2023,5,13,74,1,1,0,0,,,2289.0729482
4385973090,1,2023_5_13_2_0,2023,5,13,73,2,1,0,0,,,4920.5059693
4385973098,1,2023_5_13_2_0,2023,5,13,80,1,1,0,0,,,2289.0729482
4385973116,1,2023_5_13_2_0,2023,5,13,-3,2,1,0,0,,,16551.922308
4385973118,1,2023_5_13_2_0,2023,5,13,47,1,2,0,0,,,3772.4889939
4385973120,1,2023_5_13_2_0,2023,5,13,69,2,1,0,0,,,2289.0729482
4385973121,1,2023_5_13_2_0,2023,5,13,55,2,1,0,0,,,5721.7169456
4385973124,1,2023_5_13_2_0,2023,5,13,77,1,1,0,0,,,25498.134421
4385973126,1,2023_5_13_2_0,2023,5,13,72,2,1,0,0,,,7791.4418973
4385973129,1,2023_5_13_2_0,2023,5,13,81,2,1,0,0,,,7791.4418973
4385973131,1,2023_5_13_2_0,2023,5,13,43,2,2,0,0,,,25710.776104
4385973137,1,2023_5_13_2_0,2023,5,13,65,1,2,0,0,1,1,2289.0729482
4385973153,1,2023_5_13_2_0,2023,5,13,62,2,1,0,0,,,18724.78929
4385973155,1,2023_5_13_2_0,2023,5,13,36,1,2,0,0,1,1,3613.4187685
4385973162,1,2023_5_13_2_0,2023,5,13,49,2,2,0,0,,,25710.776104
4385973169,1,2023_5_13_2_0,2023,5,13,79,2,2,0,0,,,3143.0976949
4385973171,1,2023_5_13_2_0,2023,5,13,61,1,1,0,0,,,5059.5884474
4385973174,1,2023_5_13_2_0,2023,5,13,52,1,3,0,0,,,7856.4186243
4385973186,1,2023_5_13_2_0,2023,5,13,65,1,2,0,0,,,7491.179489
4385973193,1,2023_5_13_2_0,2023,5,13,75,1,2,0,0,,,7491.179489
4385973196,1,2023_5_13_2_0,2023,5,13,65,2,1,0,0,,,1509.2502103
4385973197,1,2023_5_13_2_0,2023,5,13,66,2,2,0,0,,,4730.8821498
4385973198,1,2023_5_13_2_0,2023,5,13,58,2,1,0,0,,1,12840.625646
4385973201,1,2023_5_13_2_0,2023,5,13,34,2,1,0,0,,,7856.4186243
4385973208,1,2023_5_13_2_0,2023,5,13,80,2,2,0,0,,,5137.1168976
4385973210,1,2023_5_13_2_0,2023,5,13,59,1,1,0,0,,,3772.4889939
4385973211,1,2023_5_13_2_0,2023,5,13,70,2,1,0,0,,,4920.5059693
4385973217,1,2023_5_13_2_0,2023,5,13,82,2,1,0,0,,,1509.2502103
4385973218,1,2023_5_13_2_0,2023,5,13,71,1,1,0,0,,,5137.1168976
4385973220,1,2023_5_13_2_0,2023,5,13,-3,-3,-3,0,0,1,1,1509.2502103
4385973232,1,2023_5_13_2_0,2023,5,13,59,1,4,0,0,1,1,3613.4187685
4385973260,1,2023_5_13_2_0,2023,5,13,64,2,2,0,0,1,1,18724.78929
4385973261,1,2023_5_13_2_0,2023,5,13,57,1,1,0,0,,,2623.8427273
4385973266,1,2023_5_13_2_0,2023,5,13,49,2,2,0,0,,,18724.78929
4385973270,1,2023_5_13_2_0,2023,5,13,38,2,2,0,0,,,7856.4186243
4385973272,1,2023_5_13_2_0,2023,5,13,69,2,1,0,0,,,4920.5059693
4385973292,1,2023_5_13_2_0,2023,5,13,75,1,3,0,0,,,5137.1168976
4385973293,1,2023_5_13_2_0,2023,5,13,77,1,1,0,3.0005702409,,,3172.3267654
4385973295,1,2023_5_13_2_0,2023,5,13,49,1,2,0,0,,,5721.7169456
4385973308,1,2023_5_13_2_0,2023,5,13,63,1,1,0,0,,,5721.7169456
4385973312,1,2023_5_13_2_0,2023,5,13,34,1,1,0,0,,,10536.874984
4385973316,1,2023_5_15_1_0,2023,5,15,54,1,1,0,0,,,423.45530802
4385973319,1,2023_5_15_1_0,2023,5,15,59,1,4,0,0,,,811.29463232
4385973322,1,2023_5_15_1_0,2023,5,15,68,2,1,0,0,,,127.28346358
4385973323,1,2023_5_15_1_0,2023,5,15,68,1,3,0,0,,,127.28346358
4385973324,1,2023_5_15_1_0,2023,5,15,78,2,4,0,0,,,174.24764131
4385973325,1,2023_5_15_1_0,2023,5,15,74,1,4,0,0,,,127.28346358
4385973327,1,2023_5_15_1_0,2023,5,15,62,2,3,0,0,,,446.42069239
4385973330,1,2023_5_15_1_0,2023,5,15,71,1,4,0,0,,,324.4826823
4385973331,1,2023_5_15_1_0,2023,5,15,42,1,4,1.9980201219,3.0029698172,,,559.10998631
4385973334,1,2023_5_15_1_0,2023,5,15,76,1,1,0,0,,1,174.24764131
4385973336,1,2023_5_15_1_0,2023,5,15,80,1,4,0,0,,,444.20807267
4385973337,1,2023_5_15_1_0,2023,5,15,59,1,4,0,0,,,1079.5111189
4385973339,1,2023_5_15_1_0,2023,5,15,34,1,4,0,0,,,423.45530802
4385973340,1,2023_5_15_1_0,2023,5,15,63,2,1,0,0,,,776.15873783
4385973341,1,2023_5_15_1_0,2023,5,15,56,1,1,0,0,1,1,243.55740983
4385973347,1,2023_5_15_1_0,2023,5,15,-3,1,5,0,0,,,204.34105246
4385973348,1,2023_5_15_1_0,2023,5,15,53,2,4,0,0,,,426.09565964
4385973350,1,2023_5_15_1_0,2023,5,15,75,1,4,0,0,,,127.28346358
4385973352,1,2023_5_15_1_0,2023,5,15,69,1,4,0,0,,,127.28346358
4385973354,1,2023_5_15_1_0,2023,5,15,41,2,4,0,0,,,231.85444442
4385973355,1,2023_5_15_1_0,2023,5,15,85,2,4,0,0,,,1083.3728158
4385973357,1,2023_5_15_1_0,2023,5,15,73,2,4,0,0,,,174.24764131
4385973359,1,2023_5_15_1_0,2023,5,15,62,2,4,0,1.0009899391,,,318.24314953
4385973360,1,2023_5_15_1_0,2023,5,15,69,1,4,0,0,,,324.4826823
4385973363,1,2023_5_15_1_0,2023,5,15,67,1,4,0,2.0019798781,,,324.4826823
4385973365,1,2023_5_15_1_0,2023,5,15,66,1,4,0,0,1,1,127.28346358
4385973370,1,2023_5_15_1_0,2023,5,15,77,1,1,0,0,,,127.28346358
4385973373,1,2023_5_15_1_0,2023,5,15,65,1,4,0,0,,,324.4826823
4385973374,1,2023_5_15_1_0,2023,5,15,64,1,1,0,0,,,324.4826823
4385973377,1,2023_5_15_1_0,2023,5,15,44,1,4,0,0,,,423.45530802
4385973380,1,2023_5_15_1_0,2023,5,15,77,1,1,0,0,,1,324.4826823
4385973383,1,2023_5_15_1_0,2023,5,15,67,2,4,0,0,,,324.4826823
4385973387,1,2023_5_15_1_0,2023,5,15,38,1,4,0,0,,,423.45530802
4385973388,1,2023_5_15_1_0,2023,5,15,83,2,4,0,0,,1,324.4826823
4385973390,1,2023_5_15_1_0,2023,5,15,34,1,3,0,0,,,232.4685145
4385973395,1,2023_5_15_1_0,2023,5,15,40,1,3,0,0,,,232.4685145
4385973399,1,2023_5_15_1_0,2023,5,15,60,1,4,0,0,,,620.89889304
4385973400,1,2023_5_15_1_0,2023,5,15,74,1,-3,0,0,,,324.4826823
4385973401,1,2023_5_15_1_0,2023,5,15,69,1,4,0,0,,,324.4826823
4385973405,1,2023_5_15_1_0,2023,5,15,74,2,1,0,0,,,127.28346358
4385973407,1,2023_5_15_1_0,2023,5,15,68,1,4,0,30.029698172,,,339.96071169
4385973408,1,2023_5_15_1_0,2023,5,15,68,2,4,0,0,,,324.4826823
4385973410,1,2023_5_15_1_0,2023,5,15,49,2,4,0,0,,,1304.261775
4385973411,1,2023_5_15_1_0,2023,5,15,62,1,4,0,0,,,231.85444442
4385973412,1,2023_5_15_1_0,2023,5,15,36,1,4,5.9940603656,2.0019798781,,,776.15873783
4385973415,1,2023_5_15_1_0,2023,5,15,63,1,4,5.9940603656,6.0059396344,,,447.26774906
4385973416,1,2023_5_15_1_0,2023,5,15,50,2,4,0,0,,,423.45530802
4385973418,1,2023_5_15_1_0,2023,5,15,82,1,4,0,0,,1,324.4826823
4385973420,1,2023_5_15_1_0,2023,5,15,78,1,4,0,0,,,133.35496538
4385973422,1,2023_5_15_1_0,2023,5,15,71,1,3,0,0,,,231.85444442
4385973425,1,2023_5_15_1_0,2023,5,15,46,2,4,0,0,,,592.63006377
4385973426,1,2023_5_15_1_0,2023,5,15,75,2,1,0,0,,,319.38158948
4385973428,1,2023_5_15_1_0,2023,5,15,77,1,1,0,0,,,339.96071169
4385973432,1,2023_5_15_1_0,2023,5,15,78,1,4,0,0,,,324.4826823
4385973434,1,2023_5_15_1_0,2023,5,15,74,2,1,0,0,,,444.20807267
4385973435,1,2023_5_15_1_0,2023,5,15,45,2,1,0,0,,,423.45530802
4385973436,1,2023_5_15_1_0,2023,5,15,73,1,1,0,0,,,127.28346358
4385973439,1,2023_5_15_1_0,2023,5,15,60,1,-3,0,0,,,133.35496538
4385973440,1,2023_5_15_1_0,2023,5,15,69,2,1,0,0,,,127.28346358
4385973444,1,2023_5_15_1_0,2023,5,15,68,1,4,0,3.0029698172,,,133.35496538
4385973452,1,2023_5_15_1_0,2023,5,15,67,1,4,0,0,,,233.74278897
4385973454,1,2023_5_15_1_0,2023,5,15,70,2,4,0,0,,,127.28346358
4385973459,1,2023_5_15_1_0,2023,5,15,41,2,4,0,0,,,776.15873783
4385973468,1,2023_5_15_1_0,2023,5,15,-3,-3,1,0,0,,,861.60405539
4385973469,1,2023_5_15_1_0,2023,5,15,40,2,4,0,3.0029698172,,,729.72509747
4385973473,1,2023_5_15_1_0,2023,5,15,21,2,4,0,0,,,232.4685145
4385973477,1,2023_5_15_1_0,2023,5,15,38,2,4,0,0,,,591.06461998
4385973483,1,2023_5_15_1_0,2023,5,15,39,1,4,0,0,,,1079.5111189
4385973492,1,2023_5_15_1_0,2023,5,15,57,1,4,0,0,,,592.63006377
4385973494,1,2023_5_15_1_0,2023,5,15,34,2,4,0,0,,,318.24314953
4385973495,1,2023_5_15_1_0,2023,5,15,27,1,1,0,0,,,232.4685145
4385973498,1,2023_5_15_1_0,2023,5,15,74,1,1,0,0,,,174.24764131
4385973499,1,2023_5_15_1_0,2023,5,15,58,2,4,0,0,,,133.35496538
4385973501,1,2023_5_15_1_0,2023,5,15,52,2,4,0,0,,,243.55740983
4385973502,1,2023_5_15_1_0,2023,5,15,56,2,4,0,0,,,243.55740983
4385973503,1,2023_5_15_1_0,2023,5,15,77,1,4,0,0,1,,319.38158948
4385973504,1,2023_5_15_1_0,2023,5,15,62,2,4,0,0,,,232.4685145
4385973506,1,2023_5_15_1_0,2023,5,15,56,2,4,0,0,,,232.4685145
4385973514,1,2023_5_15_1_0,2023,5,15,69,1,4,0,0,,,324.4826823
4385973518,1,2023_5_15_1_0,2023,5,15,50,1,5,0,0,,,423.45530802
4385973519,1,2023_5_15_1_0,2023,5,15,44,1,1,0,0,,,592.63006377
4385973521,1,2023_5_15_1_0,2023,5,15,56,2,4,0,2.0019798781,,,243.55740983
4385973522,1,2023_5_15_1_0,2023,5,15,43,2,4,0,0,,,423.45530802
4385973523,1,2023_5_15_1_0,2023,5,15,40,1,4,0,0,,,232.4685145
4385973525,1,2023_5_15_1_0,2023,5,15,66,2,4,0,0,,,133.35496538
4385973537,1,2023_5_15_1_0,2023,5,15,60,1,4,0,0,,,592.63006377
4385973538,1,2023_5_15_1_0,2023,5,15,71,2,4,0,0,,,127.28346358
4385973542,1,2023_5_15_1_0,2023,5,15,69,1,4,0,0,,,231.85444442
4385973545,1,2023_5_15_1_0,2023,5,15,68,1,4,0,0,,,324.4826823
4385973546,1,2023_5_15_1_0,2023,5,15,33,2,5,0,1.0009899391,,,776.15873783
4385973548,1,2023_5_15_1_0,2023,5,15,-3,1,3,0,0,1,1,954.81258488
4385973550,1,2023_5_15_1_0,2023,5,15,57,2,5,0,0,,,592.63006377
4385973553,1,2023_5_15_1_0,2023,5,15,37,2,1,0,0,,,232.4685145
4385973556,1,2023_5_15_1_0,2023,5,15,77,1,4,0,0,,,324.4826823
4385973557,1,2023_5_15_1_0,2023,5,15,55,2,4,0,0,,,232.4685145
4385973564,1,2023_5_15_1_0,2023,5,15,33,2,4,0,0,,,740.82110221
4385973565,1,2023_5_15_1_0,2023,5,15,33,1,5,0,20.019798781,,,592.63006377
4385973566,1,2023_5_15_1_0,2023,5,15,62,1,4,0,0,,,592.63006377
4385973568,1,2023_5_15_1_0,2023,5,15,78,1,4,0,0,,,127.28346358
4385973579,1,2023_5_15_1_0,2023,5,15,61,1,1,0,0,,,592.63006377
4385973583,1,2023_5_15_1_0,2023,5,15,63,1,4,0,0,,,232.4685145
4385973585,1,2023_5_15_1_0,2023,5,15,62,1,4,0,0,,,243.55740983
4385973586,1,2023_5_15_1_0,2023,5,15,52,2,4,0,0,,,339.96071169
4385973587,1,2023_5_15_1_0,2023,5,15,55,1,4,0,0,1,1,243.55740983
4385973592,1,2023_5_15_1_0,2023,5,15,23,1,3,0,0,,,232.4685145
4385973595,1,2023_5_15_1_0,2023,5,15,25,1,1,0.9990100609,0,,,426.09565964
4385973598,1,2023_5_15_1_0,2023,5,15,53,2,4,0,0,,,243.55740983
4385973599,1,2023_5_15_1_0,2023,5,15,47,2,4,0,0,,,232.4685145
4385973606,1,2023_5_15_1_0,2023,5,15,31,1,3,0,0,,,583.31350813
4385973610,1,2023_5_15_1_0,2023,5,15,53,2,4,0,0,,,1487.036308
4385973614,1,2023_5_15_1_0,2023,5,15,88,2,1,0,0,,,319.98759702
4385973616,1,2023_5_15_1_0,2023,5,15,88,1,1,0,0,,,444.20807267
4385973617,1,2023_5_15_1_0,2023,5,15,51,2,4,0,0,,,331.57226513
4385973620,1,2023_5_15_1_0,2023,5,15,54,2,4,0,0,,,620.89889304
4385973621,1,2023_5_15_1_0,2023,5,15,29,2,1,0,0,,,232.4685145
4385973627,1,2023_5_15_1_0,2023,5,15,43,1,1,0,0,,,423.45530802
4385973628,1,2023_5_15_1_0,2023,5,15,74,1,4,0,0,,,174.24764131
4385973632,1,2023_5_15_1_0,2023,5,15,81,1,4,0,0,,,127.28346358
4385973642,1,2023_5_15_1_0,2023,5,15,77,2,1,0,0,,,339.96071169
4385973652,1,2023_5_15_1_0,2023,5,15,42,2,4,0,0,,,423.45530802
4385973653,1,2023_5_15_1_0,2023,5,15,57,2,1,0,0,,,243.55740983
4385973661,1,2023_5_15_1_0,2023,5,15,57,2,4,0,0,,,232.4685145
4385973665,1,2023_5_15_1_0,2023,5,15,34,1,1,0,0,,,776.15873783
4385973671,1,2023_5_15_1_0,2023,5,15,64,1,4,0,0,,,426.09565964
4385973673,1,2023_5_15_1_0,2023,5,15,65,1,5,0,1.0009899391,,,190.205577
4385973674,1,2023_5_15_1_0,2023,5,15,32,2,3,0,0,,,776.15873783
4385973676,1,2023_5_15_1_0,2023,5,15,54,1,4,0,0,,,620.89889304
4385973677,1,2023_5_15_1_0,2023,5,15,62,2,3,0,0,,,232.4685145
4385973678,1,2023_5_15_1_0,2023,5,15,35,2,3,0,0,,,583.31350813
4385973681,1,2023_5_15_1_0,2023,5,15,46,2,5,0,0,,,167.4599043
4385973685,1,2023_5_15_1_0,2023,5,15,42,1,4,0,0,,,133.35496538
4385973686,1,2023_5_15_1_0,2023,5,15,49,1,1,0,0,,,583.31350813
4385973690,1,2023_5_15_1_0,2023,5,15,65,2,4,0,0,,,339.96071169
4385973691,1,2023_5_15_1_0,2023,5,15,66,1,4,0,0,,,133.35496538
4385973692,1,2023_5_15_1_0,2023,5,15,73,2,5,0,0,,,127.28346358
4385973697,1,2023_5_15_1_0,2023,5,15,69,2,4,0,0,,,231.85444442
4385973698,1,2023_5_15_1_0,2023,5,15,60,1,5,0,0,,,592.63006377
4385973699,1,2023_5_15_1_0,2023,5,15,69,1,1,0,0,,,174.24764131
4385973700,1,2023_5_15_1_0,2023,5,15,61,2,4,0,0,,,232.4685145
4385973705,1,2023_5_15_1_0,2023,5,15,55,2,4,0,0,,,243.55740983
4385973712,1,2023_5_15_1_0,2023,5,15,45,1,4,0,0,,,423.45530802
4385973725,1,2023_5_15_1_0,2023,5,15,64,1,1,0,0,,,243.55740983
4385973727,1,2023_5_15_1_0,2023,5,15,54,2,4,0,1.0009899391,,,426.09565964
4385973728,1,2023_5_15_1_0,2023,5,15,-3,2,4,0,0,,,204.34105246
4385973729,1,2023_5_15_1_0,2023,5,15,33,2,4,0,0,,,423.45530802
4385973731,1,2023_5_15_1_0,2023,5,15,83,2,1,0,0,,,444.20807267
4385973732,1,2023_5_15_1_0,2023,5,15,40,1,3,0,1.0009899391,,,423.45530802
4385973733,1,2023_5_15_1_0,2023,5,15,62,1,4,11.988120731,12.011879269,,,776.15873783
4385973736,1,2023_5_15_1_0,2023,5,15,46,1,4,0,0,,,423.45530802
4385973739,1,2023_5_15_1_0,2023,5,15,75,2,3,0,0,,,444.20807267
4385973743,1,2023_5_15_1_0,2023,5,15,50,2,3,0,1.0009899391,,,243.55740983
4385973746,1,2023_5_15_1_0,2023,5,15,76,1,5,0,0,,,324.4826823
4385973751,1,2023_5_15_1_0,2023,5,15,65,2,4,0,0,,,324.4826823
4385973752,1,2023_5_15_1_0,2023,5,15,83,1,1,0,0,,,133.35496538
4385973754,1,2023_5_15_1_0,2023,5,15,69,2,1,0,0,,,444.20807267
4385973755,1,2023_5_15_1_0,2023,5,15,68,1,4,0,0,,,127.28346358
4385973763,1,2023_5_15_1_0,2023,5,15,78,1,2,0,0,,,339.96071169
4385973764,1,2023_5_15_1_0,2023,5,15,42,1,4,0,0,,,423.45530802
4385973765,1,2023_5_15_1_0,2023,5,15,64,2,4,0,0,,,318.24314953
4385973773,1,2023_5_15_1_0,2023,5,15,74,2,1,0,0,,,324.4826823
4385973775,1,2023_5_15_1_0,2023,5,15,47,2,4,0,1.0009899391,,,423.45530802
4385973776,1,2023_5_15_1_0,2023,5,15,74,2,4,0,0,,1,174.24764131
4385973777,1,2023_5_15_1_0,2023,5,15,74,2,4,0,0,,,444.20807267
4385973778,1,2023_5_15_1_0,2023,5,15,55,2,1,0,0,,,446.42069239
4385973779,1,2023_5_15_1_0,2023,5,15,63,1,1,0,0,,,243.55740983
4385973780,1,2023_5_15_1_0,2023,5,15,72,2,4,0,0,,,127.28346358
4385973782,1,2023_5_15_1_0,2023,5,15,68,1,1,0,0,,,324.4826823
4385973784,1,2023_5_15_1_0,2023,5,15,57,1,1,0,0,,,583.31350813
4385973790,1,2023_5_15_1_0,2023,5,15,72,1,1,0,0,,,137.01557732
4385973800,1,2023_5_15_1_0,2023,5,15,53,1,1,7.9920804875,2.0019798781,,,305.03823501
4385973801,1,2023_5_15_1_0,2023,5,15,76,2,1,0,0,,,444.20807267
4385973802,1,2023_5_15_1_0,2023,5,15,76,2,1,0,0,,,444.20807267
4385973804,1,2023_5_15_1_0,2023,5,15,34,1,1,1.9980201219,28.027718294,,,446.42069239
4385973812,1,2023_5_15_1_0,2023,5,15,80,1,1,0,0,,,444.20807267
4385973813,1,2023_5_15_1_0,2023,5,15,59,1,1,0,0,,,776.15873783
4385973823,1,2023_5_15_1_0,2023,5,15,46,1,5,0.9990100609,1.0009899391,,,1086.2421455
4385973833,1,2023_5_15_1_0,2023,5,15,73,1,4,0,2.0019798781,,,339.96071169
4385973834,1,2023_5_15_1_0,2023,5,15,70,1,1,0,0,,,231.85444442
4385973837,1,2023_5_15_1_0,2023,5,15,76,1,4,0,0,,,324.4826823
4385973839,1,2023_5_15_1_0,2023,5,15,58,2,4,0,0,,,339.96071169
4385973840,1,2023_5_15_1_0,2023,5,15,60,2,5,0,0,,,1079.5111189
4385973841,1,2023_5_15_1_0,2023,5,15,71,1,4,0,0,,,133.35496538
4385973844,1,2023_5_15_1_0,2023,5,15,42,2,4,0,0,,,232.4685145
4385973845,1,2023_5_15_1_0,2023,5,15,80,2,1,0,0,,,174.24764131
4385973847,1,2023_5_15_1_0,2023,5,15,45,2,5,0,0,,,404.17586344
4385973848,1,2023_5_15_1_0,2023,5,15,62,1,1,0,0,,,1079.5111189
4385973852,1,2023_5_15_1_0,2023,5,15,68,2,4,0,0,,,174.24764131
4385973855,1,2023_5_15_1_0,2023,5,15,79,1,4,0,4.0039597563,,,319.98759702
4385973859,1,2023_5_15_1_0,2023,5,15,26,2,1,0,0,,,426.09565964
4385973865,1,2023_5_15_1_0,2023,5,15,47,1,3,0,2.0019798781,,,1079.5111189
4385973866,1,2023_5_15_1_0,2023,5,15,79,1,4,0,0,,,324.4826823
4385973867,1,2023_5_15_1_0,2023,5,15,56,2,4,0,0,,,592.63006377
4385973869,1,2023_5_15_1_0,2023,5,15,78,2,5,0,0,,,564.15411166
4385973871,1,2023_5_15_1_0,2023,5,15,67,2,5,0,0,,,133.35496538
4385973872,1,2023_5_15_1_0,2023,5,15,30,2,3,0,2.0019798781,,,426.09565964
4385973877,1,2023_5_15_1_0,2023,5,15,76,1,1,0,0,,,190.205577
4385973878,1,2023_5_15_1_0,2023,5,15,79,1,1,0,0,,,444.20807267
4385973879,1,2023_5_15_1_0,2023,5,15,75,2,1,0,0,,,174.24764131
4385973880,1,2023_5_15_1_0,2023,5,15,69,2,4,0,0,,,319.38158948
4385973881,1,2023_5_15_1_0,2023,5,15,65,2,1,0,0,,,319.38158948
4385973882,1,2023_5_15_1_0,2023,5,15,76,2,1,0,0,,,319.38158948
4385973883,1,2023_5_15_1_0,2023,5,15,73,2,4,0,0,,,324.4826823
4385973884,1,2023_5_15_1_0,2023,5,15,77,1,4,0,0,,,174.24764131
4385973885,1,2023_5_15_1_0,2023,5,15,59,2,4,0,3.0029698172,,,339.96071169
4385973891,1,2023_5_15_1_0,2023,5,15,75,2,4,0,0,,,324.4826823
4385973892,1,2023_5_15_1_0,2023,5,15,72,1,4,0,0,1,1,399.54631303
4385973896,1,2023_5_15_1_0,2023,5,15,62,2,4,0,0,,,592.63006377
4385973901,1,2023_5_15_1_0,2023,5,15,52,2,4,0,0,,,583.31350813
4385973911,1,2023_5_15_1_0,2023,5,15,71,2,4,0,0,,,324.4826823
4385973914,1,2023_5_15_1_0,2023,5,15,78,2,5,0,0,,,591.06461998
4385973915,1,2023_5_15_1_0,2023,5,15,42,2,4,0,5.0049496953,,,776.15873783
4385973916,1,2023_5_15_1_0,2023,5,15,63,2,4,0,0,,,244.42867913
4385973918,1,2023_5_15_1_0,2023,5,15,71,2,4,0,0,,,127.28346358
4385973919,1,2023_5_15_1_0,2023,5,15,73,1,4,0,0,,,127.28346358
4385973920,1,2023_5_15_1_0,2023,5,15,57,2,1,0,0,,,776.15873783
4385973922,1,2023_5_15_1_0,2023,5,15,75,2,4,0,0,,,231.85444442
4385973924,1,2023_5_15_1_0,2023,5,15,38,2,3,0,1.0009899391,,,423.45530802
4385973926,1,2023_5_15_1_0,2023,5,15,53,1,1,0,0,,,231.85444442
4385973931,1,2023_5_15_1_0,2023,5,15,40,1,5,0,0,,,423.45530802
4385973932,1,2023_5_15_1_0,2023,5,15,72,2,2,0,0,,,319.38158948
4385973933,1,2023_5_15_1_0,2023,5,15,68,2,1,0,0,,,127.28346358
4385973935,1,2023_5_15_1_0,2023,5,15,64,2,4,0,3.0029698172,,,339.96071169
4385973937,1,2023_5_15_1_0,2023,5,15,54,2,4,1.9980201219,2.0019798781,,,305.03823501
4385973938,1,2023_5_15_1_0,2023,5,15,57,1,1,0,0,,,1079.5111189
4385973940,1,2023_5_15_1_0,2023,5,15,55,1,4,0,0,,,446.42069239
4385973948,1,2023_5_15_1_0,2023,5,15,51,2,4,0,0,,,1086.2421455
4385973949,1,2023_5_15_1_0,2023,5,15,82,1,4,0,0,,,319.38158948
4385973951,1,2023_5_15_1_0,2023,5,15,34,2,1,0,0,,,423.45530802
4385973954,1,2023_5_15_1_0,2023,5,15,34,2,4,0,0,,,423.45530802
4385973955,1,2023_5_15_1_0,2023,5,15,69,1,4,0,24.023758538,,,814.19684789
4385973963,1,2023_5_15_1_0,2023,5,15,81,2,5,0,0,,,174.24764131
4385973964,1,2023_5_15_1_0,2023,5,15,57,2,3,0,0,,,243.55740983
4385973975,1,2023_5_15_1_0,2023,5,15,65,1,4,0,0,,,133.35496538
4385973976,1,2023_5_15_1_0,2023,5,15,84,2,4,0,0,,,444.20807267
4385973978,1,2023_5_15_1_0,2023,5,15,55,2,4,0,0,,,583.31350813
4385973980,1,2023_5_15_1_0,2023,5,15,43,2,3,0,0,,,426.09565964
4385973982,1,2023_5_15_1_0,2023,5,15,60,2,5,0,0,,,324.4826823
4385973987,1,2023_5_15_1_0,2023,5,15,30,1,1,0,0,,,426.09565964
4385973990,1,2023_5_15_1_0,2023,5,15,69,1,4,0,0,,,319.38158948
4385973995,1,2023_5_15_1_0,2023,5,15,71,1,4,0,0,,,339.96071169
4385973997,1,2023_5_15_1_0,2023,5,15,80,2,5,0,0,,,181.5457307
4385974000,1,2023_5_15_1_0,2023,5,15,72,1,1,0,0,,,319.38158948
4385974003,1,2023_5_15_1_0,2023,5,15,72,1,1,0,0,,,594.75005832
4385974006,1,2023_5_15_1_0,2023,5,15,76,1,1,0,0,,,127.28346358
4385974008,1,2023_5_15_1_0,2023,5,15,87,2,1,0,0,,,174.24764131
4385974016,1,2023_5_15_1_0,2023,5,15,71,1,1,0,0,,,324.4826823
4385974017,1,2023_5_15_1_0,2023,5,15,44,1,4,0,2.0019798781,,,776.15873783
4385974020,1,2023_5_15_1_0,2023,5,15,53,1,1,0,0,,,243.55740983
4385974021,1,2023_5_15_1_0,2023,5,15,67,1,1,0,0,,,324.4826823
4385974025,1,2023_5_15_1_0,2023,5,15,75,1,1,0,0,,,324.4826823
4385974029,1,2023_5_15_1_0,2023,5,15,56,2,4,1.9980201219,0,,,133.35496538
4385974036,1,2023_5_15_1_0,2023,5,15,66,2,4,0,2.0019798781,,,339.96071169
4385974041,1,2023_5_15_1_0,2023,5,15,69,2,4,0,0,,,174.24764131
4385974047,1,2023_5_15_1_0,2023,5,15,43,1,5,0,0,,,446.42069239
4385974048,1,2023_5_15_1_0,2023,5,15,43,1,5,0,0,,,161.11902953
4385974052,1,2023_5_15_1_0,2023,5,15,73,1,4,0,0,,,324.4826823
4385974060,1,2023_5_15_1_0,2023,5,15,77,1,1,1.9980201219,2.0019798781,,,324.4826823
4385974062,1,2023_5_15_1_0,2023,5,15,74,2,1,0,0,,,233.30011589
4385974064,1,2023_5_15_1_0,2023,5,15,-3,1,4,0,0,,,204.34105246
4385974065,1,2023_5_15_1_0,2023,5,15,72,1,1,0,0,,,127.28346358
4385974066,1,2023_5_15_1_0,2023,5,15,79,1,4,0,0,,,324.4826823
4385974067,1,2023_5_15_1_0,2023,5,15,65,1,4,0,0,,,133.35496538
4385974068,1,2023_5_15_1_0,2023,5,15,75,1,4,0,0,,,324.4826823
4385974071,1,2023_5_15_1_0,2023,5,15,80,2,4,0,0,,,324.4826823
4385974078,1,2023_5_15_1_0,2023,5,15,83,2,4,0,0,,,324.4826823
4385974082,1,2023_5_15_1_0,2023,5,15,80,2,4,0,0,,,324.4826823
4385974088,1,2023_5_15_1_0,2023,5,15,-3,-3,-3,0,0,,,482.06128199
4385974091,1,2023_5_15_1_0,2023,5,15,59,2,4,0,16.015839025,,,776.15873783
4385974102,1,2023_5_15_1_0,2023,5,15,44,1,3,0,0,,,426.09565964
4385974103,1,2023_5_15_1_0,2023,5,15,32,2,1,0,0,,,426.09565964
4385974104,1,2023_5_15_1_0,2023,5,15,40,2,5,0,0,,,446.42069239
4385974105,1,2023_5_15_1_0,2023,5,15,72,2,1,0,0,,,133.35496538
4385974106,1,2023_5_15_1_0,2023,5,15,69,1,1,0,0,,1,133.35496538
4385974107,1,2023_5_15_1_0,2023,5,15,59,2,4,0,0,,,243.55740983
4385974115,1,2023_5_15_1_0,2023,5,15,67,2,1,0,0,,,324.4826823
4385974122,1,2023_5_15_1_0,2023,5,15,75,2,4,0,0,,,181.5457307
4385974126,1,2023_5_15_1_0,2023,5,15,81,1,4,0,0,,,324.4826823
4385974128,1,2023_5_15_1_0,2023,5,15,33,2,4,0,0,,,232.4685145
4385974132,1,2023_5_15_1_0,2023,5,15,78,1,4,0,0,,,133.35496538
4385974133,1,2023_5_15_1_0,2023,5,15,37,2,4,0,0,,,423.45530802
4385974136,1,2023_5_15_1_0,2023,5,15,33,2,1,0,0,,,776.15873783
4385974137,1,2023_5_15_1_0,2023,5,15,55,2,3,0,0,,,620.89889304
4385974138,1,2023_5_15_1_0,2023,5,15,60,1,4,0.9990100609,2.0019798781,,,243.55740983
4385974141,1,2023_5_15_1_0,2023,5,15,31,2,1,0,0,,,776.15873783
4385974143,1,2023_5_15_1_0,2023,5,15,62,2,5,0,0,,,133.35496538
4385974147,1,2023_5_15_1_0,2023,5,15,67,1,1,0,0,,,174.24764131
4385974152,1,2023_5_15_1_0,2023,5,15,42,2,1,0,0,,,776.15873783
4385974155,1,2023_5_15_1_0,2023,5,15,60,2,4,0,0,,,232.4685145
4385974156,1,2023_5_15_1_0,2023,5,15,58,2,4,0,0,,,583.31350813
4385974157,1,2023_5_15_1_0,2023,5,15,40,2,1,0,0,,,776.15873783
4385974159,1,2023_5_15_1_0,2023,5,15,52,2,-3,0,0,,,592.63006377
4385974163,1,2023_5_15_1_0,2023,5,15,49,2,5,0,0,,,423.45530802
4385974164,1,2023_5_15_1_0,2023,5,15,94,1,1,0,0,,,133.35496538
4385974166,1,2023_5_15_1_0,2023,5,15,69,1,4,0,0,,,324.4826823
4385974167,1,2023_5_15_1_0,2023,5,15,49,1,1,0,0,,,423.45530802
4385974168,1,2023_5_15_1_0,2023,5,15,50,1,1,2.9970301828,0,,,776.15873783
4385974169,1,2023_5_15_1_0,2023,5,15,44,2,1,0,1.0009899391,,,423.45530802
4385974171,1,2023_5_15_1_0,2023,5,15,6,1,4,0,0,,,668.50235962
4385974173,1,2023_5_15_1_0,2023,5,15,40,2,1,0,0,,,232.4685145
4385974176,1,2023_5_15_1_0,2023,5,15,87,1,1,0,0,,,444.20807267
4385974179,1,2023_5_15_1_0,2023,5,15,39,2,1,0,0,,,559.10998631
4385974180,1,2023_5_15_1_0,2023,5,15,49,2,5,0,0,,,232.4685145
4385974185,1,2023_5_15_1_0,2023,5,15,71,1,4,0,0,,,814.19684789
4385974192,1,2023_5_15_1_0,2023,5,15,65,1,4,0,0,,,248.53122689
4385974195,1,2023_5_15_1_0,2023,5,15,70,2,4,0,0,,,133.35496538
4385974196,1,2023_5_15_1_0,2023,5,15,57,2,5,0,0,,,1079.5111189
4385974197,1,2023_5_15_1_0,2023,5,15,66,1,4,0,1.0009899391,,,231.85444442
4385974200,1,2023_5_15_1_0,2023,5,15,55,2,1,0,0,,,232.4685145
4385974205,1,2023_5_15_1_0,2023,5,15,75,2,3,0,0,,,339.96071169
4385974207,1,2023_5_15_1_0,2023,5,15,38,2,5,0,0,,,426.09565964
4385974208,1,2023_5_15_1_0,2023,5,15,40,1,1,0,0,,,232.4685145
4385974212,1,2023_5_15_1_0,2023,5,15,72,2,1,0,2.0019798781,,,233.74278897
4385974213,1,2023_5_15_1_0,2023,5,15,81,2,1,0,0,,,231.85444442
4385974214,1,2023_5_15_1_0,2023,5,15,61,1,4,0,0,,,243.55740983
4385974216,1,2023_5_15_1_0,2023,5,15,75,2,4,0,0,,,324.4826823
4385974217,1,2023_5_15_1_0,2023,5,15,70,2,1,0,0,,,127.28346358
4385974220,1,2023_5_15_1_0,2023,5,15,69,2,1,0,0,,,174.24764131
4385974223,1,2023_5_15_1_0,2023,5,15,51,2,1,0,0,,,423.45530802
4385974224,1,2023_5_15_1_0,2023,5,15,61,2,1,0.9990100609,0,,,306.94022604
4385974229,1,2023_5_15_1_0,2023,5,15,67,1,1,0,0,,,127.28346358
4385974230,1,2023_5_15_1_0,2023,5,15,71,1,1,0,0,,,324.4826823
4385974232,1,2023_5_15_1_0,2023,5,15,80,1,1,0,0,,,127.28346358
4385974234,1,2023_5_15_1_0,2023,5,15,71,2,1,0,0,,,127.28346358
4385974236,1,2023_5_15_1_0,2023,5,15,71,1,4,3.9960402437,4.0039597563,,,324.4826823
4385974237,1,2023_5_15_1_0,2023,5,15,61,2,1,0,0,,,318.24314953
4385974243,1,2023_5_15_1_0,2023,5,15,94,1,1,1.9980201219,0,,,324.4826823
4385974246,1,2023_5_15_1_0,2023,5,15,79,1,1,0.9990100609,0,,,127.28346358
4385974247,1,2023_5_15_1_0,2023,5,15,65,2,1,0,0,,,133.35496538
4385974248,1,2023_5_15_1_0,2023,5,15,64,2,4,0,0,,,583.31350813
4385974249,1,2023_5_15_1_0,2023,5,15,66,2,4,0,0,,,127.28346358
4385974250,1,2023_5_15_1_0,2023,5,15,58,1,1,0.9990100609,3.0029698172,,,232.4685145
4385974251,1,2023_5_15_1_0,2023,5,15,60,1,1,0,0,,,232.4685145
4385974252,1,2023_5_15_1_0,2023,5,15,48,1,3,0,0,,,423.45530802
4385974259,1,2023_5_15_1_0,2023,5,15,76,1,1,0,0,,,127.28346358
4385974260,1,2023_5_15_1_0,2023,5,15,76,1,1,0,0,,,324.4826823
4385974261,1,2023_5_15_1_0,2023,5,15,52,2,4,0,0,,,232.4685145
4385974262,1,2023_5_15_1_0,2023,5,15,78,2,1,0,0,,,91.689305434
4385974265,1,2023_5_15_1_0,2023,5,15,42,2,1,0,0,,,426.09565964
4385974270,1,2023_5_15_1_0,2023,5,15,66,2,1,0,0,,,133.35496538
4385974271,1,2023_5_15_1_0,2023,5,15,41,2,1,0,0,,,232.4685145
4385974272,1,2023_5_15_1_0,2023,5,15,53,2,1,0,0,,,243.55740983
4385974273,1,2023_5_15_1_0,2023,5,15,56,2,1,0,0,,,1978.6550591
4385974275,1,2023_5_15_1_0,2023,5,15,68,1,4,0,0,,,339.96071169
4385974276,1,2023_5_15_1_0,2023,5,15,40,2,4,0,0,,,424.97011971
4385974277,1,2023_5_15_1_0,2023,5,15,71,1,1,0,0,,,127.28346358
4385974284,1,2023_5_15_1_0,2023,5,15,29,1,5,0,4.0039597563,,,318.24314953
4385974286,1,2023_5_15_1_0,2023,5,15,39,2,1,0,0,,,423.45530802
4385974287,1,2023_5_15_1_0,2023,5,15,66,1,1,2.9970301828,2.0019798781,,,444.20807267
4385974290,1,2023_5_15_1_0,2023,5,15,72,1,1,0,0,,,133.35496538
4385974291,1,2023_5_15_1_0,2023,5,15,69,2,1,0,0,,,324.4826823
4385974295,1,2023_5_15_1_0,2023,5,15,52,2,5,0,0,,,620.89889304
4385974297,1,2023_5_15_1_0,2023,5,15,70,2,4,0,0,,,324.4826823
4385974300,1,2023_5_15_1_0,2023,5,15,42,2,4,0,14.013859147,,,318.24314953
4385974304,1,2023_5_15_1_0,2023,5,15,65,2,4,0,0,,,219.34295333
4385974309,1,2023_5_15_1_0,2023,5,15,46,2,1,0,0,,,423.45530802
4385974312,1,2023_5_15_1_0,2023,5,15,67,1,1,0.9990100609,1.0009899391,,,127.28346358
4385974315,1,2023_5_15_1_0,2023,5,15,78,2,1,0,0,,,319.38158948
4385974316,1,2023_5_15_1_0,2023,5,15,54,1,1,0,0,,,232.4685145
4385974319,1,2023_5_15_1_0,2023,5,15,79,2,1,0,0,,,444.20807267
4385974330,1,2023_5_15_1_0,2023,5,15,75,2,1,0,0,,,174.24764131
4385974332,1,2023_5_15_1_0,2023,5,15,-3,2,1,0,0,,,204.34105246
4385974337,1,2023_5_15_1_0,2023,5,15,69,1,1,0,0,,,127.28346358
4385974340,1,2023_5_15_1_0,2023,5,15,57,2,4,0,20.019798781,,,232.4685145
4385974343,1,2023_5_15_1_0,2023,5,15,51,2,5,0,0,,,1079.5111189
4385974345,1,2023_5_15_1_0,2023,5,15,60,1,1,9.9901006093,10.009899391,,,305.03823501
4385974346,1,2023_5_15_1_0,2023,5,15,77,1,1,0,0,,,127.28346358
4385974348,1,2023_5_15_1_0,2023,5,15,81,1,1,0,0,,,127.28346358
4385974349,1,2023_5_15_1_0,2023,5,15,-3,-3,-3,0,0,,,214.08825004
4385974352,1,2023_5_15_1_0,2023,5,15,-3,2,5,0,0,,,426.90415078
4385974353,1,2023_5_15_1_0,2023,5,15,50,2,1,0,0,,,243.55740983
4385974354,1,2023_5_15_1_0,2023,5,15,55,2,1,0,0,,,423.45530802
4385974357,1,2023_5_15_1_0,2023,5,15,76,1,1,0,0,,,324.4826823
4385974358,1,2023_5_15_1_0,2023,5,15,74,2,1,0,0,,,324.4826823
4385974363,1,2023_5_15_1_0,2023,5,15,48,2,1,0.9990100609,0,,,175.44784777
4385974367,1,2023_5_15_1_0,2023,5,15,65,2,1,0,1.0009899391,,,244.42867913
4385974368,1,2023_5_15_1_0,2023,5,15,71,2,1,0,0,,1,127.28346358
4385974375,1,2023_5_15_1_0,2023,5,15,64,2,1,0,0,,,127.28346358
4385974378,1,2023_5_15_1_0,2023,5,15,71,2,4,0,0,,,324.4826823
4385974382,1,2023_5_15_1_0,2023,5,15,75,2,4,0,0,,,444.20807267
4385974383,1,2023_5_15_1_0,2023,5,15,82,2,4,0,0,,,324.4826823
4385974388,1,2023_5_15_1_0,2023,5,15,78,1,1,0,0,,,324.4826823
4385974389,1,2023_5_15_1_0,2023,5,15,-3,1,4,0,0,,,258.66071791
4385974390,1,2023_5_15_1_0,2023,5,15,44,2,1,0,2.0019798781,,,243.55740983
4385974391,1,2023_5_15_1_0,2023,5,15,70,1,1,0,0,,,91.689305434
4385974393,1,2023_5_15_1_0,2023,5,15,34,2,4,0,0,,,426.09565964
4385974396,1,2023_5_15_1_0,2023,5,15,51,1,4,0,0,,,592.63006377
4385974403,1,2023_5_15_1_0,2023,5,15,55,2,4,0,0,,,243.55740983
4385974404,1,2023_5_15_1_0,2023,5,15,47,2,3,0,4.0039597563,,,318.24314953
4385974407,1,2023_5_15_1_0,2023,5,15,54,2,1,0,0,,,426.09565964
4385974409,1,2023_5_15_1_0,2023,5,15,80,2,4,0,0,,,339.96071169
4385974412,1,2023_5_15_1_0,2023,5,15,70,2,1,0,0,,,174.24764131
4385974419,1,2023_5_15_1_0,2023,5,15,75,2,1,0,0,,,127.28346358
4385974420,1,2023_5_15_1_0,2023,5,15,50,2,1,0,0,,,232.4685145
4385974422,1,2023_5_15_1_0,2023,5,15,92,1,4,0,0,,,324.4826823
4385974424,1,2023_5_15_1_0,2023,5,15,62,1,4,0,0,,,318.24314953
4385974425,1,2023_5_15_1_0,2023,5,15,46,1,1,0,6.0059396344,,,776.15873783
4385974428,1,2023_5_15_1_0,2023,5,15,36,2,1,0,0,,,776.15873783
4385974431,1,2023_5_15_1_0,2023,5,15,63,1,1,0,2.0019798781,,,244.89246799
4385974432,1,2023_5_15_1_0,2023,5,15,65,1,4,0,0,,,339.96071169
4385974434,1,2023_5_15_1_0,2023,5,15,66,2,4,0,6.0059396344,,,127.28346358
4385974435,1,2023_5_15_1_0,2023,5,15,53,1,5,0.9990100609,0,,,318.24314953
4385974441,1,2023_5_15_1_0,2023,5,15,40,1,1,0,0,,,423.45530802
4385974442,1,2023_5_15_1_0,2023,5,15,58,2,1,0,0,,,583.31350813
4385974445,1,2023_5_15_1_0,2023,5,15,58,2,3,0,0,,,243.55740983
4385974446,1,2023_5_15_1_0,2023,5,15,66,-3,4,0,0,,,127.28346358
4385974448,1,2023_5_15_1_0,2023,5,15,56,1,1,0,0,,,1079.5111189
4385974449,1,2023_5_15_1_0,2023,5,15,65,2,4,0,0,,,324.4826823
4385974450,1,2023_5_15_1_0,2023,5,15,51,2,4,0,0,,,404.17586344
4385974453,1,2023_5_15_1_0,2023,5,15,61,2,5,0,0,,,776.15873783
4385974454,1,2023_5_15_1_0,2023,5,15,90,2,4,0,0,,,594.75005832
4385974456,1,2023_5_15_1_0,2023,5,15,75,1,4,0,0,,,444.20807267
4385974458,1,2023_5_15_1_0,2023,5,15,37,2,1,0,0,,,1978.6550591
4385974459,1,2023_5_15_1_0,2023,5,15,-3,1,4,0,0,,,713.13226817
4385974460,1,2023_5_15_1_0,2023,5,15,31,1,4,0,0,,,243.55740983
4385974468,1,2023_5_15_1_0,2023,5,15,69,2,4,0,0,,,324.4826823
4385974470,1,2023_5_15_1_0,2023,5,15,38,1,5,0,10.009899391,,,777.63145281
4385974471,1,2023_5_15_1_0,2023,5,15,80,2,4,0,0,,,444.20807267
4385974475,1,2023_5_15_1_0,2023,5,15,45,2,4,0,0,,,423.45530802
4385974479,1,2023_5_15_1_0,2023,5,15,52,1,5,0,0,,,423.45530802
4385974480,1,2023_5_15_1_0,2023,5,15,68,1,4,0,0,,,133.35496538
4385974484,1,2023_5_15_1_0,2023,5,15,80,2,4,0,0,,,127.28346358
4385974485,1,2023_5_15_1_0,2023,5,15,79,1,4,3.9960402437,3.0029698172,,,244.89246799
4385974486,1,2023_5_15_1_0,2023,5,15,54,2,4,0,0,,,243.55740983
4385974487,1,2023_5_15_1_0,2023,5,15,75,1,4,0,0,,,591.06461998
4385974490,1,2023_5_15_1_0,2023,5,15,56,2,4,0,0,,,592.63006377
4385974492,1,2023_5_15_1_0,2023,5,15,70,2,4,0,0,,,133.35496538
4385974496,1,2023_5_15_1_0,2023,5,15,91,1,4,0,0,,,324.4826823
4385974497,1,2023_5_15_1_0,2023,5,15,76,2,1,0,0,,,324.4826823
4385974498,1,2023_5_15_1_0,2023,5,15,76,1,1,0,0,,,127.28346358
4385974500,1,2023_5_15_1_0,2023,5,15,-3,-3,-3,0,0,,,337.97781633
4385974502,1,2023_5_15_1_0,2023,5,15,83,1,4,0,0,,,444.20807267
4385974503,1,2023_5_15_1_0,2023,5,15,55,1,1,0,0,,,232.4685145
4385974506,1,2023_5_15_1_0,2023,5,15,79,1,4,0,10.009899391,,,339.96071169
4385974507,1,2023_5_15_1_0,2023,5,15,62,1,3,0,0,,,232.4685145
4385974509,1,2023_5_15_1_0,2023,5,15,74,2,1,0,0,,,244.42867913
4385974510,1,2023_5_15_1_0,2023,5,15,84,2,4,0,0,,,444.20807267
4385974513,1,2023_5_15_1_0,2023,5,15,74,1,4,1.9980201219,6.0059396344,,,125.52019529
4385974520,1,2023_5_15_1_0,2023,5,15,81,1,1,0,0,,,324.4826823
4385974522,1,2023_5_15_1_0,2023,5,15,47,1,4,0,0,,,423.45530802
4385974523,1,2023_5_15_1_0,2023,5,15,31,1,3,0,0,,,232.4685145
4385974526,1,2023_5_15_1_0,2023,5,15,75,2,4,0,0,,,133.35496538
4385974527,1,2023_5_15_1_0,2023,5,15,61,1,3,21.978221341,30.029698172,,,426.09565964
4385974529,1,2023_5_15_1_0,2023,5,15,62,1,1,0,0,,,620.89889304
4385974530,1,2023_5_15_1_0,2023,5,15,41,2,4,0,0,,,776.15873783
4385974538,1,2023_5_15_1_0,2023,5,15,56,1,1,0,0,,,243.55740983
4385974540,1,2023_5_15_1_0,2023,5,15,47,2,1,0,0,,,776.15873783
4385974543,1,2023_5_15_1_0,2023,5,15,67,1,4,0,0,,,133.35496538
4385974544,1,2023_5_15_1_0,2023,5,15,67,2,4,0,0,,,233.74278897
4385974545,1,2023_5_15_1_0,2023,5,15,70,1,1,0,0,,,125.52019529
4385974551,1,2023_5_15_1_0,2023,5,15,60,1,4,0,0,,,232.4685145
4385974552,1,2023_5_15_1_0,2023,5,15,79,1,1,0,0,,,96.062943356
4385974555,1,2023_5_15_1_0,2023,5,15,65,1,4,0,0,,,127.28346358
4385974557,1,2023_5_15_1_0,2023,5,15,66,1,1,0,0,,,127.28346358
4385974558,1,2023_5_15_1_0,2023,5,15,78,1,4,0,0,,,133.35496538
4385974563,1,2023_5_15_1_0,2023,5,15,63,1,4,0,0,,,231.85444442
4385974566,1,2023_5_15_1_0,2023,5,15,84,1,4,0,0,,,324.4826823
4385974567,1,2023_5_15_1_0,2023,5,15,38,1,1,0,0,,,232.4685145
4385974577,1,2023_5_15_1_0,2023,5,15,64,1,3,0,0,,,339.96071169
4385974581,1,2023_5_15_1_0,2023,5,15,62,2,3,0,1.0009899391,,,243.55740983
4385974592,1,2023_5_15_1_0,2023,5,15,64,1,1,0,0,,,232.4685145
4385974593,1,2023_5_15_1_0,2023,5,15,61,2,1,0,0,,,127.28346358
4385974595,1,2023_5_15_1_0,2023,5,15,75,1,1,0,0,,,339.96071169
4385974602,1,2023_5_15_1_0,2023,5,15,59,2,1,0,0,,,232.4685145
4385974615,1,2023_5_15_1_0,2023,5,15,86,2,5,0,0,1,1,536.69072896
4385974620,1,2023_5_15_1_0,2023,5,15,50,2,4,0,2.0019798781,,,511.61730713
4385974626,1,2023_5_15_1_0,2023,5,15,62,1,1,0,0,,,232.4685145
4385974632,1,2023_5_15_1_0,2023,5,15,52,1,5,0,0,,,548.41681969
4385974633,1,2023_5_15_1_0,2023,5,15,67,1,1,0,0,,,174.24764131
4385974634,1,2023_5_15_1_0,2023,5,15,74,1,1,0,0,,,324.4826823
4385974635,1,2023_5_15_1_0,2023,5,15,76,2,1,0,0,,,444.20807267
4385974637,1,2023_5_15_1_0,2023,5,15,53,2,1,0,0,,,243.55740983
4385974638,1,2023_5_15_1_0,2023,5,15,54,2,1,0,0,,,318.24314953
4385974640,1,2023_5_15_1_0,2023,5,15,72,2,1,0,0,,,174.24764131
4385974641,1,2023_5_15_1_0,2023,5,15,27,2,4,0,3.0029698172,,,776.15873783
4385974647,1,2023_5_15_1_0,2023,5,15,85,1,1,0,0,,,392.03890702
4385974649,1,2023_5_15_1_0,2023,5,15,92,1,4,0,0,,,444.20807267
4385974652,1,2023_5_15_1_0,2023,5,15,65,1,-3,0.9990100609,0,,,324.4826823
4385974656,1,2023_5_15_1_0,2023,5,15,90,2,1,0,0,1,,594.75005832
4385974664,1,2023_5_15_1_0,2023,5,15,44,2,3,0,0,,,243.55740983
4385974666,1,2023_5_15_1_0,2023,5,15,64,1,1,0,3.0029698172,,,243.55740983
4385974672,1,2023_5_15_1_0,2023,5,15,68,1,1,0,0,,,324.4826823
4385974675,1,2023_5_15_1_0,2023,5,15,47,2,1,0,0,,,423.45530802
4385974676,1,2023_5_15_1_0,2023,5,15,61,1,1,0,0,,,127.28346358
4385974684,1,2023_5_15_1_0,2023,5,15,80,1,1,0,0,,,127.28346358
4385974689,1,2023_5_15_1_0,2023,5,15,46,1,1,0,0,,,232.4685145
4385974691,1,2023_5_15_1_0,2023,5,15,43,1,1,0,0,,,776.15873783
4385974695,1,2023_5_15_1_0,2023,5,15,69,2,4,0,0,,,324.4826823
4385974696,1,2023_5_15_1_0,2023,5,15,84,1,1,0,0,,,174.24764131
4385974698,1,2023_5_15_1_0,2023,5,15,77,1,4,0,0,,,444.20807267
4385974699,1,2023_5_15_1_0,2023,5,15,75,1,1,0,0,,,324.4826823
4385974700,1,2023_5_15_1_0,2023,5,15,88,1,1,0,0,,,324.4826823
4385974701,1,2023_5_15_1_0,2023,5,15,39,1,5,0,0,,,776.15873783
4385974703,1,2023_5_15_1_0,2023,5,15,72,1,1,0,0,,,181.5457307
4385974706,1,2023_5_15_1_0,2023,5,15,70,2,1,0,0,,,444.20807267
4385974710,1,2023_5_15_1_0,2023,5,15,71,2,1,0,0,,,244.42867913
4385974712,1,2023_5_15_1_0,2023,5,15,70,2,1,0,0,,,233.30011589
4385974717,1,2023_5_15_1_0,2023,5,15,63,2,1,0,0,,,127.28346358
4385974718,1,2023_5_15_1_0,2023,5,15,65,2,4,0,0,,,127.28346358
4385974719,1,2023_5_15_1_0,2023,5,15,48,2,4,0,0,1,,446.42069239
4385974725,1,2023_5_15_1_0,2023,5,15,70,1,1,0,0,,,127.28346358
4385974728,1,2023_5_15_1_0,2023,5,15,54,1,3,0,0,,,243.55740983
4385974729,1,2023_5_15_1_0,2023,5,15,67,2,1,0,0,,,127.28346358
4385974736,1,2023_5_15_1_0,2023,5,15,70,2,1,0,0,,,127.28346358
4385974737,1,2023_5_15_1_0,2023,5,15,82,2,1,0,0,,,324.4826823
4385974744,1,2023_5_15_1_0,2023,5,15,72,1,1,0,0,,,324.4826823
4385974754,1,2023_5_15_1_0,2023,5,15,87,2,5,0,0,,,324.4826823
4385974755,1,2023_5_15_1_0,2023,5,15,65,1,1,0,0,,,814.19684789
4385974767,1,2023_5_15_1_0,2023,5,15,82,1,1,0,0,,,127.28346358
4385974769,1,2023_5_15_1_0,2023,5,15,47,2,1,0,0,,,232.4685145
4385974770,1,2023_5_15_1_0,2023,5,15,60,2,4,0,1.0009899391,,,592.63006377
4385974772,1,2023_5_15_1_0,2023,5,15,42,1,5,0,0,,,776.15873783
4385974773,1,2023_5_15_1_0,2023,5,15,68,1,1,0,0,,,324.4826823
4385974778,1,2023_5_15_1_0,2023,5,15,57,2,5,0,0,,,318.24314953
4385974779,1,2023_5_15_1_0,2023,5,15,70,2,1,0,4.0039597563,,,233.30011589
4385974780,1,2023_5_15_1_0,2023,5,15,50,2,3,0,0,,,620.89889304
4385974783,1,2023_5_15_1_0,2023,5,15,80,1,1,0,0,,,248.53122689
4385974784,1,2023_5_15_1_0,2023,5,15,73,2,5,0,0,,,174.24764131
4385974785,1,2023_5_15_1_0,2023,5,15,73,2,1,0,0,,,319.38158948
4385974790,1,2023_5_15_1_0,2023,5,15,86,1,1,0,0,,,324.4826823
4385974794,1,2023_5_15_1_0,2023,5,15,80,1,1,0,0,,,324.4826823
4385974795,1,2023_5_15_1_0,2023,5,15,76,2,1,0,0,,,127.28346358
4385974796,1,2023_5_15_1_0,2023,5,15,64,1,1,0,0,,,426.09565964
4385974799,1,2023_5_15_1_0,2023,5,15,71,1,5,0,0,,,324.4826823
4385974800,1,2023_5_15_1_0,2023,5,15,76,2,1,0,0,,,127.28346358
4385974802,1,2023_5_15_1_0,2023,5,15,39,1,3,0,2.0019798781,,,423.45530802
4385974803,1,2023_5_15_1_0,2023,5,15,76,2,4,0,0,,,324.4826823
4385974808,1,2023_5_15_1_0,2023,5,15,67,2,4,0,0,,,174.24764131
4385974815,1,2023_5_15_1_0,2023,5,15,73,1,4,0,0,,,127.28346358
4385974820,1,2023_5_15_1_0,2023,5,15,59,2,1,0,0,,1,583.31350813
4385974824,1,2023_5_15_1_0,2023,5,15,67,2,3,0,0,,,127.28346358
4385974825,1,2023_5_15_1_0,2023,5,15,84,1,4,0,0,1,,133.35496538
4385974826,1,2023_5_15_1_0,2023,5,15,54,2,1,0,0,,,620.89889304
4385974831,1,2023_5_15_1_0,2023,5,15,73,1,3,0,0,,,444.20807267
4385974833,1,2023_5_15_1_0,2023,5,15,60,1,1,2.9970301828,0,,,175.44784777
4385974848,1,2023_5_15_1_0,2023,5,15,76,2,1,0,0,,,174.24764131
4385974850,1,2023_5_15_1_0,2023,5,15,73,1,4,0.9990100609,0,,,127.28346358
4385974857,1,2023_5_15_1_0,2023,5,15,75,1,4,0,0,,,174.24764131
4385974858,1,2023_5_15_1_0,2023,5,15,59,2,4,0,0,,,133.35496538
4385974859,1,2023_5_15_1_0,2023,5,15,69,1,1,0,0,,,319.38158948
4385974860,1,2023_5_15_1_0,2023,5,15,56,2,4,0,0,,,811.29463232
4385974865,1,2023_5_15_1_0,2023,5,15,72,2,4,0,0,,,324.4826823
4385974873,1,2023_5_15_1_0,2023,5,15,71,2,4,0,0,,,319.38158948
4385974874,1,2023_5_15_1_0,2023,5,15,79,1,4,0,0,,,324.4826823
4385974878,1,2023_5_15_1_0,2023,5,15,69,2,4,0,0,,,244.89246799
4385974879,1,2023_5_15_1_0,2023,5,15,89,2,3,0,0,,,324.4826823
4385974883,1,2023_5_15_1_0,2023,5,15,45,2,5,0,1.0009899391,,,776.15873783
4385974884,1,2023_5_15_1_0,2023,5,15,39,1,4,0,0,,,423.45530802
4385974888,1,2023_5_15_1_0,2023,5,15,40,2,5,0,0,,,133.35496538
4385974895,1,2023_5_15_1_0,2023,5,15,41,1,3,0,0,,,776.15873783
4385974896,1,2023_5_15_1_0,2023,5,15,47,2,4,0,2.0019798781,,,423.45530802
4385974897,1,2023_5_15_1_0,2023,5,15,47,2,4,0,0,,,423.45530802
4385974899,1,2023_5_15_1_0,2023,5,15,64,2,1,0,0,,,318.24314953
4385974900,1,2023_5_15_1_0,2023,5,15,81,2,3,0,0,,,324.4826823
4385974901,1,2023_5_15_1_0,2023,5,15,62,2,1,0,0,,1,583.31350813
4385974902,1,2023_5_15_1_0,2023,5,15,89,1,5,0,0,,,324.4826823
4385974903,1,2023_5_15_1_0,2023,5,15,61,2,1,0,0,,,583.31350813
4385974908,1,2023_5_15_1_0,2023,5,15,79,1,1,1.9980201219,0,,,127.28346358
4385974911,1,2023_5_15_1_0,2023,5,15,69,1,5,0,1.0009899391,,,339.96071169
4385974914,1,2023_5_15_1_0,2023,5,15,78,2,1,0,0,,,133.35496538
4385974915,1,2023_5_15_1_0,2023,5,15,84,1,4,0,0,,,444.20807267
4385974920,1,2023_5_15_1_0,2023,5,15,83,1,5,0,0,,,153.78346107
4385974922,1,2023_5_15_1_0,2023,5,15,58,2,1,0,0,,,167.4599043
4385974925,1,2023_5_15_1_0,2023,5,15,56,1,1,0,1.0009899391,,,243.55740983
4385974927,1,2023_5_15_1_0,2023,5,15,73,2,4,0,0,,,181.5457307
4385974930,1,2023_5_15_1_0,2023,5,15,76,2,4,0,0,,,324.4826823
4385974932,1,2023_5_15_1_0,2023,5,15,37,2,4,3.9960402437,2.0019798781,,,511.61730713
4385974936,1,2023_5_15_1_0,2023,5,15,-3,1,-3,0,0,,,520.92495713
4385974943,1,2023_5_15_1_0,2023,5,15,54,1,4,0,2.0019798781,,,318.24314953
4385974950,1,2023_5_15_1_0,2023,5,15,51,2,1,0,0,,,232.4685145
4385974953,1,2023_5_15_1_0,2023,5,15,74,2,-3,0,0,,1,324.4826823
4385974967,1,2023_5_15_1_0,2023,5,15,66,1,1,0,0,,,127.28346358
4385974985,1,2023_5_15_1_0,2023,5,15,47,1,5,0,4.0039597563,,,232.4685145
4385974991,1,2023_5_15_1_0,2023,5,15,41,1,3,0,0,,,232.4685145
4385974995,1,2023_5_15_1_0,2023,5,15,52,2,4,0,4.0039597563,,,231.85444442
4385974996,1,2023_5_15_1_0,2023,5,15,66,2,1,0,0,,,127.28346358
4385974997,1,2023_5_15_1_0,2023,5,15,60,1,1,0,0,,,318.24314953
4385975007,1,2023_5_15_1_0,2023,5,15,54,2,3,0,0,,,592.63006377
4385975018,1,2023_5_15_1_0,2023,5,15,52,2,4,0,0,,,446.42069239
4385975021,1,2023_5_15_1_0,2023,5,15,94,2,4,0,0,,,339.96071169
4385975024,1,2023_5_15_1_0,2023,5,15,71,2,4,0,0,,,133.35496538
4385975026,1,2023_5_15_1_0,2023,5,15,46,1,5,0,0,,,232.4685145
4385975027,1,2023_5_15_1_0,2023,5,15,62,2,1,0,0,,,339.96071169
4385975031,1,2023_5_15_1_0,2023,5,15,69,2,4,0,0,,,339.96071169
4385975034,1,2023_5_15_1_0,2023,5,15,37,1,4,0,0,,,426.09565964
4385975035,1,2023_5_15_1_0,2023,5,15,67,2,4,0,0,,,339.96071169
4385975037,1,2023_5_15_1_0,2023,5,15,60,1,4,0,1.0009899391,,,243.55740983
4385975039,1,2023_5_15_1_0,2023,5,15,82,2,4,0,1.0009899391,,,231.85444442
4385975041,1,2023_5_15_1_0,2023,5,15,78,1,4,0,0,,,324.4826823
4385975045,1,2023_5_15_1_0,2023,5,15,84,2,5,0,0,,,339.96071169
4385975047,1,2023_5_15_1_0,2023,5,15,54,2,4,0,0,,,423.45530802
4385975055,1,2023_5_15_1_0,2023,5,15,-3,2,4,0,0,,,545.77340741
4385975056,1,2023_5_15_1_0,2023,5,15,33,2,4,0,0,,,423.45530802
4385975059,1,2023_5_15_1_0,2023,5,15,57,2,3,0,0,,,133.35496538
4385975062,1,2023_5_15_1_0,2023,5,15,52,2,3,0,0,,,232.4685145
4385975063,1,2023_5_15_1_0,2023,5,15,67,1,4,0,0,,,591.06461998
4385975069,1,2023_5_15_1_0,2023,5,15,43,1,4,0,0,,,446.42069239
4385975073,1,2023_5_15_1_0,2023,5,15,77,1,4,0,0,,,233.30011589
4385975076,1,2023_5_15_1_0,2023,5,15,70,1,4,0,0,,,324.4826823
4385975078,1,2023_5_15_1_0,2023,5,15,62,2,3,0,0,,,453.91352104
4385975084,1,2023_5_15_1_0,2023,5,15,47,2,4,0,0,,,243.55740983
4385975086,1,2023_5_15_1_0,2023,5,15,74,1,1,0,0,,,190.205577
4385975087,1,2023_5_15_1_0,2023,5,15,64,1,4,0,0,,,318.24314953
4385975088,1,2023_5_15_1_0,2023,5,15,60,2,1,0,0,,,232.4685145
4385975090,1,2023_5_15_1_0,2023,5,15,80,2,4,0,0,,,127.28346358
4385975091,1,2023_5_15_1_0,2023,5,15,36,2,4,0,0,,,324.4826823
4385975093,1,2023_5_15_1_0,2023,5,15,59,1,5,0,0,,,324.4826823
4385975096,1,2023_5_15_1_0,2023,5,15,35,2,5,0,0,,,232.4685145
4385975097,1,2023_5_15_1_0,2023,5,15,25,2,1,0,0,,,583.31350813
4385975100,1,2023_5_15_1_0,2023,5,15,35,2,3,0,0,,,426.09565964
4385975111,1,2023_5_15_1_0,2023,5,15,59,1,2,0,0,,,384.50032409
4385975115,1,2023_5_15_1_0,2023,5,15,67,2,1,0,0,,,174.24764131
4385975116,1,2023_5_15_1_0,2023,5,15,63,1,4,0,0,,,1079.5111189
4385975120,1,2023_5_15_1_0,2023,5,15,67,2,4,0,0,,,339.96071169
4385975123,1,2023_5_15_1_0,2023,5,15,41,1,1,0,0,,,776.15873783
4385975126,1,2023_5_15_1_0,2023,5,15,66,2,4,0,0,,,324.4826823
4385975133,1,2023_5_15_1_0,2023,5,15,26,2,3,0,0,,,426.09565964
4385975134,1,2023_5_15_1_0,2023,5,15,22,2,4,0,0,,,133.35496538
4385975149,1,2023_5_15_1_0,2023,5,15,76,1,3,0,0,,,233.30011589
4385975159,1,2023_5_15_1_0,2023,5,15,50,1,1,0,0,,,423.45530802
4385975171,1,2023_5_15_1_0,2023,5,15,71,1,4,0,0,,,133.35496538
4385975177,1,2023_5_15_1_0,2023,5,15,76,1,4,0,0,,,444.20807267
4385975181,1,2023_5_15_1_0,2023,5,15,82,1,4,0,0,,,133.35496538
4385975185,1,2023_5_15_1_0,2023,5,15,42,2,4,0,0,,,1978.6550591
4385975187,1,2023_5_15_1_0,2023,5,15,34,2,1,0,0,,,776.15873783
4385975189,1,2023_5_15_1_0,2023,5,15,30,1,1,0,0,,,776.15873783
4385975199,1,2023_5_15_1_0,2023,5,15,30,2,3,0,0,,,776.15873783
4385975201,1,2023_5_15_1_0,2023,5,15,64,1,1,0,0,,,339.96071169
4385975203,1,2023_5_15_1_0,2023,5,15,28,1,1,0,0,,,426.09565964
4385975206,1,2023_5_15_1_0,2023,5,15,28,1,3,0,0,,,426.09565964
4385975215,1,2023_5_15_1_0,2023,5,15,56,1,4,0,0,,,583.31350813
4385975216,1,2023_5_15_1_0,2023,5,15,25,2,1,0,0,,,583.31350813
4385975217,1,2023_5_15_1_0,2023,5,15,79,1,4,0,0,1,1,455.53728981
4385975222,1,2023_5_15_1_0,2023,5,15,77,2,4,0,0,,,330.69641057
4385975225,1,2023_5_15_1_0,2023,5,15,84,2,1,0,0,,,444.20807267
4385975228,1,2023_5_15_1_0,2023,5,15,73,1,4,0,0,,,127.28346358
4385975229,1,2023_5_15_1_0,2023,5,15,50,2,3,0,0,,,243.55740983
4385975231,1,2023_5_15_1_0,2023,5,15,28,2,1,0,0,,,232.4685145
4385975232,1,2023_5_15_1_0,2023,5,15,56,2,4,0,0,,,423.45530802
4385975234,1,2023_5_15_1_0,2023,5,15,76,1,4,0,0,,,324.4826823
4385975236,1,2023_5_15_1_0,2023,5,15,74,2,4,0,0,,,324.4826823
4385975241,1,2023_5_15_1_0,2023,5,15,53,2,3,0,5.7223702795,,,1384.470917
4385975253,1,2023_5_15_1_0,2023,5,15,77,1,4,0,0,,,324.4826823
4385975265,1,2023_5_15_1_0,2023,5,15,52,2,4,0,0,,,776.15873783
4385975266,1,2023_5_15_1_0,2023,5,15,87,2,4,0,0,,,814.19684789
4385975267,1,2023_5_15_1_0,2023,5,15,68,2,4,0,0,,,174.24764131
4385975268,1,2023_5_15_1_0,2023,5,15,41,1,4,0,0,,,423.45530802
4385975270,1,2023_5_15_1_0,2023,5,15,49,2,4,0,0,,,232.4685145
4385975273,1,2023_5_15_1_0,2023,5,15,59,2,4,0,0,,,620.89889304
4385975275,1,2023_5_15_1_0,2023,5,15,62,2,4,0,0,,,339.96071169
4385975277,1,2023_5_15_1_0,2023,5,15,50,1,1,0,1.0009899391,,,423.45530802
4385975278,1,2023_5_15_1_0,2023,5,15,-3,2,5,0,0,,,410.73941111
4385975280,1,2023_5_15_1_0,2023,5,15,70,1,1,0,0,,,339.96071169
4385975288,1,2023_5_15_1_0,2023,5,15,68,2,4,0,0,,,324.4826823
4385975289,1,2023_5_15_1_0,2023,5,15,49,1,4,0,0,,,1079.5111189
4385975290,1,2023_5_15_1_0,2023,5,15,76,1,4,8.9910905484,0,,,125.52019529
4385975293,1,2023_5_15_1_0,2023,5,15,72,1,4,0,0,,,127.28346358
4385975295,1,2023_5_15_1_0,2023,5,15,60,2,4,0,0,,,592.63006377
4385975297,1,2023_5_15_1_0,2023,5,15,64,1,5,0,0,,,620.89889304
4385975298,1,2023_5_15_1_0,2023,5,15,74,2,4,0,0,,,300.27460899
4385975300,1,2023_5_15_1_0,2023,5,15,51,1,1,0,3.0029698172,,,1086.2421455
4385975302,1,2023_5_15_1_0,2023,5,15,92,2,4,0,0,,,444.20807267
4385975304,1,2023_5_15_1_0,2023,5,15,32,2,4,0,0,,,776.15873783
4385975310,1,2023_5_15_1_0,2023,5,15,53,2,4,0,0,,,1079.5111189
4385975312,1,2023_5_15_1_0,2023,5,15,50,1,4,0,0,,,1079.5111189
4385975316,1,2023_5_15_1_0,2023,5,15,39,2,1,0,0,,,404.17586344
4385975319,1,2023_5_15_1_0,2023,5,15,72,1,4,0,0,,,324.4826823
4385975320,1,2023_5_15_1_0,2023,5,15,65,1,4,0,0,,,127.28346358
4385975331,1,2023_5_15_1_0,2023,5,15,53,2,5,0,0,,,339.96071169
4385975334,1,2023_5_15_1_0,2023,5,15,58,2,4,0,0,,,592.63006377
4385975336,1,2023_5_15_1_0,2023,5,15,69,1,4,0,0,,,324.4826823
4385975340,1,2023_5_15_1_0,2023,5,15,82,1,1,0,0,,,339.96071169
4385975341,1,2023_5_15_1_0,2023,5,15,72,1,1,0,0,,,127.28346358
4385975345,1,2023_5_15_1_0,2023,5,15,66,1,4,0,3.0029698172,,,339.96071169
4385975347,1,2023_5_15_1_0,2023,5,15,83,2,4,0,0,,,339.96071169
4385975349,1,2023_5_15_1_0,2023,5,15,61,1,4,3.9960402437,6.0059396344,,,167.4599043
4385975355,1,2023_5_15_1_0,2023,5,15,74,2,4,0,0,,,231.85444442
4385975356,1,2023_5_15_1_0,2023,5,15,76,2,4,0,0,,,133.35496538
4385975358,1,2023_5_15_1_0,2023,5,15,60,1,1,0,0,,,232.4685145
4385975359,1,2023_5_15_1_0,2023,5,15,71,1,1,0,0,,,231.85444442
4385975360,1,2023_5_15_1_0,2023,5,15,82,1,4,0,10.009899391,,,133.35496538
4385975361,1,2023_5_15_1_0,2023,5,15,78,1,1,0,0,,,444.20807267
4385975371,1,2023_5_15_1_0,2023,5,15,37,2,1,0,0,,1,423.45530802
4385975382,1,2023_5_15_1_0,2023,5,15,67,1,4,0,0,,,444.20807267
4385975383,1,2023_5_15_1_0,2023,5,15,66,1,1,0,0,,,324.4826823
4385975386,1,2023_5_15_1_0,2023,5,15,67,1,1,0,0,,,591.06461998
4385975387,1,2023_5_15_1_0,2023,5,15,49,2,1,0,0,,,426.09565964
4385975389,1,2023_5_15_1_0,2023,5,15,66,2,1,0,0,,,444.20807267
4385975390,1,2023_5_15_1_0,2023,5,15,59,1,1,0,0,,,620.89889304
4385975391,1,2023_5_15_1_0,2023,5,15,43,2,1,0,0,,,232.4685145
4385975395,1,2023_5_15_1_0,2023,5,15,53,2,1,0,0,,,511.61730713
4385975396,1,2023_5_15_1_0,2023,5,15,31,2,3,0,0,,,423.45530802
4385975397,1,2023_5_15_1_0,2023,5,15,82,2,4,0,0,,,339.96071169
4385975407,1,2023_5_15_1_0,2023,5,15,55,1,4,0,0,,,592.63006377
4385975410,1,2023_5_15_1_0,2023,5,15,45,2,3,0,0,,,423.45530802
4385975411,1,2023_5_15_1_0,2023,5,15,34,1,3,0,0,,,583.31350813
4385975412,1,2023_5_15_1_0,2023,5,15,40,1,1,9.9901006093,10.009899391,,,232.4685145
4385975413,1,2023_5_15_1_0,2023,5,15,80,2,1,0,0,,,174.24764131
4385975419,1,2023_5_15_1_0,2023,5,15,82,1,1,0,0,,,324.4826823
4385975421,1,2023_5_15_1_0,2023,5,15,66,2,4,0,0,,,324.4826823
4385975422,1,2023_5_15_1_0,2023,5,15,73,1,4,1.9980201219,10.009899391,,,127.28346358
4385975431,1,2023_5_15_1_0,2023,5,15,72,1,1,0,0,,,127.28346358
4385975432,1,2023_5_15_1_0,2023,5,15,77,2,5,0,0,,,444.20807267
4385975433,1,2023_5_15_1_0,2023,5,15,68,1,1,0,0,,,127.28346358
4385975441,1,2023_5_15_1_0,2023,5,15,-3,1,1,0,0,,,520.92495713
4385975445,1,2023_5_15_1_0,2023,5,15,45,2,4,0,0,,,231.85444442
4385975446,1,2023_5_15_1_0,2023,5,15,43,2,3,0,15.014849086,,,620.89889304
4385975447,1,2023_5_15_1_0,2023,5,15,33,2,5,7.4381095563,11.041260296,,,307.12037693
4385975452,1,2023_5_15_1_0,2023,5,15,26,1,1,0,0,,,426.09565964
4385975476,1,2023_5_15_1_0,2023,5,15,66,1,3,0,0,,,133.35496538
4385975480,1,2023_5_15_1_0,2023,5,15,70,2,4,0,4.0039597563,,,127.28346358
4385975482,1,2023_5_15_1_0,2023,5,15,73,1,1,0,0,,,174.24764131
4385975486,1,2023_5_15_1_0,2023,5,15,64,2,1,0,1.0009899391,,1,175.44784777
4385975487,1,2023_5_15_1_0,2023,5,15,36,2,1,0,0,,,423.45530802
4385975488,1,2023_5_15_1_0,2023,5,15,55,2,4,0,0,,,231.85444442
4385975494,1,2023_5_15_1_0,2023,5,15,67,2,4,0,0,,,231.85444442
4385975495,1,2023_5_15_1_0,2023,5,15,36,2,5,0,0,,,231.85444442
4385975497,1,2023_5_15_1_0,2023,5,15,79,1,3,0,0,,,324.4826823
4385975500,1,2023_5_15_1_0,2023,5,15,66,1,4,0,0,,,330.69641057
4385975514,1,2023_5_15_1_0,2023,5,15,61,2,1,0,0,,,318.24314953
4385975516,1,2023_5_15_1_0,2023,5,15,66,1,4,0,0,,,324.4826823
4385975517,1,2023_5_15_1_0,2023,5,15,68,2,4,0,0,,,133.35496538
4385975520,1,2023_5_15_1_0,2023,5,15,57,1,4,0,0,,,232.4685145
4385975521,1,2023_5_15_1_0,2023,5,15,75,2,4,0,0,,,339.96071169
4385975522,1,2023_5_15_1_0,2023,5,15,78,2,4,0,0,,,339.96071169
4385975524,1,2023_5_15_1_0,2023,5,15,75,2,4,0,0,,,319.98759702
4385975533,1,2023_5_15_1_0,2023,5,15,50,2,4,0,0,,,231.85444442
4385975535,1,2023_5_15_1_0,2023,5,15,49,2,1,0,0,,,426.09565964
4385975537,1,2023_5_15_1_0,2023,5,15,59,2,4,0,0,,,511.61730713
4385975538,1,2023_5_15_1_0,2023,5,15,89,2,4,0,0,,,444.20807267
4385975543,1,2023_5_15_1_0,2023,5,15,69,2,1,0,0,,,319.38158948
4385975545,1,2023_5_15_1_0,2023,5,15,42,1,4,0,0,,,318.24314953
4385975547,1,2023_5_15_1_0,2023,5,15,70,1,1,0,0,,1,594.75005832
4385975549,1,2023_5_15_1_0,2023,5,15,39,1,1,0,0,,,423.45530802
4385975550,1,2023_5_15_1_0,2023,5,15,81,2,1,0,0,,,444.20807267
4385975554,1,2023_5_15_1_0,2023,5,15,69,1,1,0,0,,,319.38158948
4385975558,1,2023_5_15_1_0,2023,5,15,81,2,1,0,0,,1,444.20807267
4385975560,1,2023_5_15_1_0,2023,5,15,35,2,4,0,0,,,423.45530802
4385975561,1,2023_5_15_1_0,2023,5,15,70,1,1,0,0,,,127.28346358
4385975567,1,2023_5_15_1_0,2023,5,15,72,2,1,0,0,,,127.28346358
4385975571,1,2023_5_15_1_0,2023,5,15,50,2,1,0,0,,,423.45530802
4385975572,1,2023_5_15_1_0,2023,5,15,34,2,1,0,0,,,423.45530802
4385975573,1,2023_5_15_1_0,2023,5,15,68,2,4,0,0,,,127.28346358
4385975576,1,2023_5_15_1_0,2023,5,15,73,1,5,0,0,,,324.4826823
4385975578,1,2023_5_15_1_0,2023,5,15,59,1,4,0,0,,,232.4685145
4385975582,1,2023_5_15_1_0,2023,5,15,61,1,4,0,0,,,811.29463232
4385975583,1,2023_5_15_1_0,2023,5,15,80,1,4,0,0,,,127.28346358
4385975584,1,2023_5_15_1_0,2023,5,15,66,2,4,0,0,,,161.11902953
4385975587,1,2023_5_15_1_0,2023,5,15,45,2,4,0,0,,,423.45530802
4385975592,1,2023_5_15_1_0,2023,5,15,55,2,4,0,0,,,592.63006377
4385975598,1,2023_5_15_1_0,2023,5,15,81,1,1,0,0,,,444.20807267
4385975599,1,2023_5_15_1_0,2023,5,15,54,2,4,0,0,,,243.55740983
4385975601,1,2023_5_15_1_0,2023,5,15,75,1,5,0,0,,,127.28346358
4385975602,1,2023_5_15_1_0,2023,5,15,66,2,1,0,0,,,133.35496538
4385975615,1,2023_5_15_1_0,2023,5,15,64,2,5,0,0,,,243.55740983
4385975616,1,2023_5_15_1_0,2023,5,15,65,2,4,0,0,,,319.38158948
4385975624,1,2023_5_15_1_0,2023,5,15,42,2,4,0,0,,,133.35496538
4385975626,1,2023_5_15_1_0,2023,5,15,72,2,1,0,0,,,127.28346358
4385975636,1,2023_5_15_1_0,2023,5,15,64,1,4,0,0,,,233.30011589
4385975640,1,2023_5_15_1_0,2023,5,15,50,2,4,0,0,,,776.15873783
4385975643,1,2023_5_15_1_0,2023,5,15,79,2,4,0,0,,,127.28346358
4385975644,1,2023_5_15_1_0,2023,5,15,76,2,1,0,0,,,444.20807267
4385975646,1,2023_5_15_1_0,2023,5,15,85,1,4,0,0,,,339.96071169
4385975647,1,2023_5_15_1_0,2023,5,15,71,1,4,0,0,,,339.96071169
4385975650,1,2023_5_15_1_0,2023,5,15,78,1,4,0,0,,,174.24764131
4385975651,1,2023_5_15_1_0,2023,5,15,66,2,4,0,0,,,444.20807267
4385975652,1,2023_5_15_1_0,2023,5,15,61,1,4,0,4.0039597563,,,620.89889304
4385975655,1,2023_5_15_1_0,2023,5,15,72,1,4,2.9970301828,3.0029698172,,,244.89246799
4385975659,1,2023_5_15_1_0,2023,5,15,-3,1,-3,0,0,,,512.7356555
4385975660,1,2023_5_15_1_0,2023,5,15,66,2,4,0,0,,,324.4826823
4385975665,1,2023_5_15_1_0,2023,5,15,60,2,4,0,0,,,243.55740983
4385975670,1,2023_5_15_1_0,2023,5,15,23,1,1,0,0,,,232.4685145
4385975671,1,2023_5_15_1_0,2023,5,15,-3,1,-3,0,0,,,659.40163156
4385975672,1,2023_5_15_1_0,2023,5,15,66,1,4,0,0,1,,174.24764131
4385975678,1,2023_5_15_1_0,2023,5,15,47,1,4,6.9930704265,4.0039597563,,,96.062943356
4385975683,1,2023_5_15_1_0,2023,5,15,68,1,4,0,0,,,324.4826823
4385975685,1,2023_5_15_1_0,2023,5,15,56,1,4,0,0,,,620.89889304
4385975690,1,2023_5_15_1_0,2023,5,15,76,2,3,0,0,1,1,339.96071169
4385975698,1,2023_5_15_1_0,2023,5,15,46,2,4,0,0,,,426.09565964
4385975699,1,2023_5_15_1_0,2023,5,15,92,2,1,0,0,,,444.20807267
4385975701,1,2023_5_15_1_0,2023,5,15,57,1,5,0,0,,,318.24314953
4385975706,1,2023_5_15_1_0,2023,5,15,69,1,4,0,0,,,814.19684789
4385975712,1,2023_5_15_1_0,2023,5,15,58,2,1,0,0,,,426.09565964
4385975713,1,2023_5_15_1_0,2023,5,15,-3,2,4,0,0,,,279.73740983
4385975715,1,2023_5_15_1_0,2023,5,15,65,1,4,0,0,1,1,814.19684789
4385975718,1,2023_5_15_1_0,2023,5,15,71,1,4,0,0,,,324.4826823
4385975720,1,2023_5_15_1_0,2023,5,15,82,2,4,0,0,,,339.96071169
4385975724,1,2023_5_15_1_0,2023,5,15,45,1,4,0,0,,,423.45530802
4385975726,1,2023_5_15_1_0,2023,5,15,64,2,4,0,0,,,231.85444442
4385975731,1,2023_5_15_1_0,2023,5,15,46,1,5,0,0,,,423.45530802
4385975733,1,2023_5_15_1_0,2023,5,15,79,2,1,0,0,,,324.4826823
4385975736,1,2023_5_15_1_0,2023,5,15,79,1,1,0,0,,,244.42867913
4385975745,1,2023_5_15_1_0,2023,5,15,67,2,4,0,0,,,181.5457307
4385975747,1,2023_5_15_1_0,2023,5,15,48,1,5,0,0,,,423.45530802
4385975754,1,2023_5_15_1_0,2023,5,15,34,1,1,0,0,,,232.4685145
4385975762,1,2023_5_15_1_0,2023,5,15,74,2,4,0,0,,,324.4826823
4385975763,1,2023_5_15_1_0,2023,5,15,61,2,4,0,0,,,347.38847211
4385975766,1,2023_5_15_1_0,2023,5,15,54,2,4,0,0,,,318.24314953
4385975767,1,2023_5_15_1_0,2023,5,15,72,1,4,0,0,,,127.28346358
4385975768,1,2023_5_15_1_0,2023,5,15,78,2,4,0,4.0039597563,,,127.28346358
4385975770,1,2023_5_15_1_0,2023,5,15,39,2,4,0,0,,,583.31350813
4385975771,1,2023_5_15_1_0,2023,5,15,-3,-3,-3,0,0,,,204.34105246
4385975775,1,2023_5_15_1_0,2023,5,15,33,2,4,0,0,,,426.09565964
4385975776,1,2023_5_15_1_0,2023,5,15,78,1,4,0,0,,,324.4826823
4385975780,1,2023_5_15_1_0,2023,5,15,46,1,4,0,0,,,232.4685145
4385975781,1,2023_5_15_1_0,2023,5,15,44,1,4,0,0,,,243.55740983
4385975782,1,2023_5_15_1_0,2023,5,15,56,2,4,0,0,,,776.15873783
4385975787,1,2023_5_15_1_0,2023,5,15,84,2,4,0,0,,,339.96071169
4385975794,1,2023_5_15_1_0,2023,5,15,67,1,4,0,4.0039597563,,,210.52542578
4385975807,1,2023_5_15_1_0,2023,5,15,67,1,1,0,0,,,127.28346358
4385975810,1,2023_5_15_1_0,2023,5,15,30,1,4,0,0,,,1978.6550591
4385975812,1,2023_5_15_1_0,2023,5,15,57,1,4,0,0,,,831.9861362
4385975817,1,2023_5_15_1_0,2023,5,15,48,1,3,0,0,,,423.45530802
4385975820,1,2023_5_15_1_0,2023,5,15,77,1,1,0.9990100609,0,,,167.01755572
4385975821,1,2023_5_15_1_0,2023,5,15,77,1,4,0,0,1,,319.38158948
4385975823,1,2023_5_15_1_0,2023,5,15,82,2,4,0,0,,,174.24764131
4385975825,1,2023_5_15_1_0,2023,5,15,25,2,5,0,0,,,133.35496538
4385975827,1,2023_5_15_1_0,2023,5,15,54,1,5,0,0,,,318.24314953
4385975834,1,2023_5_15_1_0,2023,5,15,69,1,4,0,0,,,127.28346358
4385975840,1,2023_5_15_1_0,2023,5,15,61,1,4,0,0,,,232.4685145
4385975845,1,2023_5_15_1_0,2023,5,15,61,2,4,0,0,,,426.09565964
4385975846,1,2023_5_15_1_0,2023,5,15,91,2,1,0,0,,,444.20807267
4385975850,1,2023_5_15_1_0,2023,5,15,73,2,4,0,0,,,133.35496538
4385975854,1,2023_5_15_1_0,2023,5,15,62,1,4,0,0,,,592.63006377
4385975867,1,2023_5_15_1_0,2023,5,15,66,1,1,0,0,,,319.38158948
4385975871,1,2023_5_15_1_0,2023,5,15,69,2,4,0,0,,,319.38158948
4385975872,1,2023_5_15_1_0,2023,5,15,79,1,4,0,0,,,324.4826823
4385975875,1,2023_5_15_1_0,2023,5,15,79,2,1,0,0,,,324.4826823
4385975876,1,2023_5_15_1_0,2023,5,15,76,1,1,0,0,,,127.28346358
4385975877,1,2023_5_15_1_0,2023,5,15,59,2,4,0,0,,,232.4685145
4385975879,1,2023_5_15_1_0,2023,5,15,65,1,4,0,1.0009899391,,,324.4826823
4385975880,1,2023_5_15_1_0,2023,5,15,-3,2,-3,0,0,,,392.40614721
4385975881,1,2023_5_15_1_0,2023,5,15,66,2,4,0,0,1,1,319.38158948
4385975882,1,2023_5_15_1_0,2023,5,15,72,1,1,0,0,,,324.4826823
4385975885,1,2023_5_15_1_0,2023,5,15,64,1,4,0,0,,,229.80575108
4385975886,1,2023_5_15_1_0,2023,5,15,43,2,4,0,0,,,423.45530802
4385975891,1,2023_5_15_1_0,2023,5,15,44,1,4,0,0,,,423.45530802
4385975892,1,2023_5_15_1_0,2023,5,15,29,2,4,0,0,,,426.09565964
4385975894,1,2023_5_15_1_0,2023,5,15,50,1,4,0,0,,,232.4685145
4385975896,1,2023_5_15_1_0,2023,5,15,39,2,4,0,0,,,318.24314953
4385975899,1,2023_5_15_1_0,2023,5,15,86,1,1,0,0,,,127.28346358
4385975902,1,2023_5_15_1_0,2023,5,15,30,1,5,0,0,,,426.09565964
4385975905,1,2023_5_15_1_0,2023,5,15,51,2,4,0,0,,,404.17586344
4385975909,1,2023_5_15_1_0,2023,5,15,50,2,4,0,0,,,423.45530802
4385975914,1,2023_5_15_1_0,2023,5,15,51,1,4,0,0,,,423.45530802
4385975915,1,2023_5_15_1_0,2023,5,15,45,1,4,0,0,,,318.24314953
4385975917,1,2023_5_15_1_0,2023,5,15,44,2,1,0,0,,,423.45530802
4385975918,1,2023_5_15_1_0,2023,5,15,45,1,1,0,0,,,426.09565964
4385975919,1,2023_5_15_1_0,2023,5,15,28,1,4,0,0,,,426.09565964
4385975920,1,2023_5_15_1_0,2023,5,15,83,1,4,0,0,,,127.28346358
4385975930,1,2023_5_15_1_0,2023,5,15,32,2,1,0,0,,,232.4685145
4385975936,1,2023_5_15_1_0,2023,5,15,61,2,3,0,0,,,426.09565964
4385975937,1,2023_5_15_1_0,2023,5,15,40,2,4,0,0,,,583.31350813
4385975948,1,2023_5_15_1_0,2023,5,15,51,2,1,0,0,,,583.31350813
4385975950,1,2023_5_15_1_0,2023,5,15,60,1,4,0,0,,,133.35496538
4385975951,1,2023_5_15_1_0,2023,5,15,73,2,4,0,0,,,319.38158948
4385975953,1,2023_5_15_1_0,2023,5,15,75,1,4,0,0,,,133.35496538
4385975955,1,2023_5_15_1_0,2023,5,15,73,2,1,0,0,,,176.07547114
4385975959,1,2023_5_15_1_0,2023,5,15,75,1,4,0,0,,,233.30011589
4385975962,1,2023_5_15_1_0,2023,5,15,77,1,4,0,0,,,324.4826823
4385975963,1,2023_5_15_1_0,2023,5,15,80,2,4,0,0,,,127.28346358
4385975964,1,2023_5_15_1_0,2023,5,15,73,1,4,0,0,,,174.24764131
4385975969,1,2023_5_15_1_0,2023,5,15,62,1,4,0,0,,,620.89889304
4385975970,1,2023_5_15_1_0,2023,5,15,86,1,1,0,0,,,814.19684789
4385975971,1,2023_5_15_1_0,2023,5,15,63,2,4,0,0,,,324.4826823
4385975974,1,2023_5_15_1_0,2023,5,15,36,2,4,0,0,,,318.24314953
4385975979,1,2023_5_15_1_0,2023,5,15,65,2,4,0,0,,,127.28346358
4385975985,1,2023_5_15_1_0,2023,5,15,31,2,4,0,0,,,1487.036308
4385975988,1,2023_5_15_1_0,2023,5,15,71,1,4,0,0,,,233.30011589
4385975989,1,2023_5_15_1_0,2023,5,15,34,2,4,0,0,,,318.24314953
4385975991,1,2023_5_15_1_0,2023,5,15,70,1,4,0,0,,,594.75005832
4385975992,1,2023_5_15_1_0,2023,5,15,65,1,4,0,0,,,127.28346358
4385975993,1,2023_5_15_1_0,2023,5,15,75,1,4,0,0,,,444.20807267
4385975996,1,2023_5_15_1_0,2023,5,15,80,1,4,0,0,,,174.24764131
4385975997,1,2023_5_15_1_0,2023,5,15,21,1,4,0,0,,,426.09565964
4385976000,1,2023_5_15_1_0,2023,5,15,48,2,4,0,0,,,740.82110221
4385976001,1,2023_5_15_1_0,2023,5,15,55,1,1,0,0,,,583.31350813
4385976002,1,2023_5_15_1_0,2023,5,15,38,1,5,0,0,,,583.31350813
4385976014,1,2023_5_15_1_0,2023,5,15,67,1,4,0,0,,,332.75838685
4385976016,1,2023_5_15_1_0,2023,5,15,63,1,1,0,2.0019798781,,,592.63006377
4385976017,1,2023_5_15_1_0,2023,5,15,31,1,4,0,0,,,583.31350813
4385976025,1,2023_5_15_1_0,2023,5,15,34,1,3,0,0,,,426.09565964
4385976027,1,2023_5_15_1_0,2023,5,15,89,1,4,0,0,,,133.35496538
4385976031,1,2023_5_15_1_0,2023,5,15,88,2,4,0,0,,,181.5457307
4385976032,1,2023_5_15_1_0,2023,5,15,68,1,4,0,0,,,319.38158948
4385976033,1,2023_5_15_1_0,2023,5,15,71,1,4,0,0,,,594.75005832
4385976035,1,2023_5_15_1_0,2023,5,15,34,1,4,0,0,,,318.24314953
4385976036,1,2023_5_15_1_0,2023,5,15,39,2,4,0,0,,,583.31350813
4385976038,1,2023_5_15_1_0,2023,5,15,59,2,4,0,0,,,243.55740983
4385976042,1,2023_5_15_1_0,2023,5,15,30,2,4,0,0,,,583.31350813
4385976047,1,2023_5_15_1_0,2023,5,15,63,1,1,0,0,,,127.28346358
4385976049,1,2023_5_15_1_0,2023,5,15,61,1,1,0,0,,,318.24314953
4385976050,1,2023_5_15_1_0,2023,5,15,65,2,4,0,0,,,174.24764131
4385976052,1,2023_5_15_1_0,2023,5,15,50,2,3,0,0,,,583.31350813
4385976054,1,2023_5_15_1_0,2023,5,15,74,1,4,0,0,,,127.28346358
4385976055,1,2023_5_15_1_0,2023,5,15,33,2,1,0,0,,,244.42867913
4385976056,1,2023_5_15_1_0,2023,5,15,29,1,1,0,0,,,232.4685145
4385976067,1,2023_5_15_1_0,2023,5,15,69,1,1,0,0,,,153.78346107
4385976073,1,2023_5_15_1_0,2023,5,15,38,2,5,0,0,,,1083.3728158
4385976076,1,2023_5_15_1_0,2023,5,15,52,2,1,0,0,1,1,811.29463232
4385976079,1,2023_5_15_1_0,2023,5,15,43,2,3,0,0,,,446.42069239
4385976084,1,2023_5_15_1_0,2023,5,15,76,1,1,0,0,,,324.4826823
4385976088,1,2023_5_15_1_0,2023,5,15,46,1,5,0,0,,,426.09565964
4385976104,1,2023_5_15_1_0,2023,5,15,95,1,1,0,0,,,594.75005832
4385976111,1,2023_5_15_1_0,2023,5,15,51,2,4,0,0,,,426.09565964
4385976115,1,2023_5_15_1_0,2023,5,15,45,2,5,0,0,,,318.24314953
4385976117,1,2023_5_15_1_0,2023,5,15,19,2,1,0,0,1,1,426.09565964
4385976119,1,2023_5_15_1_0,2023,5,15,63,1,1,0,0,,,583.31350813
4385976120,1,2023_5_15_1_0,2023,5,15,86,1,5,0,0,1,1,814.19684789
4385976124,1,2023_5_15_1_0,2023,5,15,71,1,4,0,0,,,133.35496538
4385976128,1,2023_5_15_1_0,2023,5,15,91,2,4,0,0,,1,339.96071169
4385976130,1,2023_5_15_1_0,2023,5,15,62,2,1,0,0,,,446.42069239
4385976131,1,2023_5_15_1_0,2023,5,15,63,1,1,0,0,,,127.28346358
4385976133,1,2023_5_15_1_0,2023,5,15,47,1,3,0,0,,,426.09565964
4385976136,1,2023_5_15_1_0,2023,5,15,53,1,5,0,0,,,583.31350813
4385976137,1,2023_5_15_1_0,2023,5,15,76,2,1,0,0,,,174.24764131
4385976150,1,2023_5_15_1_0,2023,5,15,66,2,1,0,0,,,133.35496538
4385976153,1,2023_5_15_1_0,2023,5,15,75,1,4,0,0,,,127.28346358
4385976154,1,2023_5_15_1_0,2023,5,15,41,2,4,0,0,,,1978.6550591
4385976157,1,2023_5_15_1_0,2023,5,15,49,2,1,0,0,,,1978.6550591
4385976158,1,2023_5_15_1_0,2023,5,15,64,2,4,0,0,,,426.09565964
4385976159,1,2023_5_15_1_0,2023,5,15,65,2,1,0,0,,,127.28346358
4385976161,1,2023_5_15_1_0,2023,5,15,90,2,4,0,0,,,444.20807267
4385976162,1,2023_5_15_1_0,2023,5,15,47,2,4,0,1.0009899391,,,133.35496538
4385976164,1,2023_5_15_1_0,2023,5,15,69,2,4,0,0,,,324.4826823
4385976167,1,2023_5_15_1_0,2023,5,15,53,1,4,0,0,,,243.55740983
4385976169,1,2023_5_15_1_0,2023,5,15,53,2,4,0,0,,,133.35496538
4385976177,1,2023_5_15_1_0,2023,5,15,49,2,4,0,0,1,1,232.4685145
4385976181,1,2023_5_15_1_0,2023,5,15,69,1,1,0,0,,,324.4826823
4385976185,1,2023_5_15_1_0,2023,5,15,65,1,1,0,0,,,91.689305434
4385976190,1,2023_5_15_1_0,2023,5,15,65,1,1,0,0,,,233.30011589
4385976191,1,2023_5_15_1_0,2023,5,15,79,1,4,0,0,,,319.38158948
4385976192,1,2023_5_15_1_0,2023,5,15,56,1,1,0,0,,,776.15873783
4385976209,1,2023_5_15_1_0,2023,5,15,62,1,1,0,0,,,583.31350813
4385976214,1,2023_5_15_1_0,2023,5,15,63,1,4,0,0,,,583.31350813
4385976217,1,2023_5_15_1_0,2023,5,15,73,2,4,0,0,,,324.4826823
4385976222,1,2023_5_15_1_0,2023,5,15,45,1,-3,9.9901006093,12.011879269,,,424.97011971
4385976225,1,2023_5_15_1_0,2023,5,15,85,2,4,0,0,,,330.69641057
4385976227,1,2023_5_15_1_0,2023,5,15,69,1,4,0,0,,,127.28346358
4385976232,1,2023_5_15_1_0,2023,5,15,59,2,4,0,0,,,620.89889304
4385976236,1,2023_5_15_1_0,2023,5,15,35,2,5,0,0,,,423.45530802
4385976237,1,2023_5_15_1_0,2023,5,15,47,2,4,0,0,,,423.45530802
4385976238,1,2023_5_15_1_0,2023,5,15,97,2,4,0,0,,,339.96071169
4385976240,1,2023_5_15_1_0,2023,5,15,65,1,4,0,0,,,133.35496538
4385976241,1,2023_5_15_1_0,2023,5,15,63,1,1,0,0,,,594.75005832
4385976243,1,2023_5_15_1_0,2023,5,15,32,1,5,0,3.0029698172,,,776.15873783
4385976244,1,2023_5_15_1_0,2023,5,15,75,1,4,0.9990100609,0,,,324.4826823
4385976245,1,2023_5_15_1_0,2023,5,15,70,1,4,0,0,,,174.24764131
4385976246,1,2023_5_15_1_0,2023,5,15,76,1,4,0,0,,,324.4826823
4385976247,1,2023_5_15_1_0,2023,5,15,51,2,1,0,0,,,583.31350813
4385976250,1,2023_5_15_1_0,2023,5,15,73,2,4,0,0,,,324.4826823
4385976251,1,2023_5_15_1_0,2023,5,15,75,1,4,2.9970301828,0,,,324.4826823
4385976255,1,2023_5_15_1_0,2023,5,15,62,2,4,0,0,,,339.96071169
4385976257,1,2023_5_15_1_0,2023,5,15,67,2,1,0,0,,,339.96071169
4385976259,1,2023_5_15_1_0,2023,5,15,59,2,5,0,0,,,426.09565964
4385976267,1,2023_5_15_1_0,2023,5,15,42,2,1,0,0,,,426.09565964
4385976270,1,2023_5_15_1_0,2023,5,15,61,1,4,0,0,,,339.96071169
4385976274,1,2023_5_15_1_0,2023,5,15,27,2,4,0,0,,,426.09565964
4385976280,1,2023_5_15_1_0,2023,5,15,57,1,4,0,0,,,831.9861362
4385976282,1,2023_5_15_1_0,2023,5,15,70,2,4,0,1.0009899391,,,324.4826823
4385976286,1,2023_5_15_1_0,2023,5,15,45,2,4,0,0,,,404.17586344
4385976287,1,2023_5_15_1_0,2023,5,15,67,1,4,0,0,,,591.06461998
4385976288,1,2023_5_15_1_0,2023,5,15,43,1,4,0,0,,,1079.5111189
4385976292,1,2023_5_15_1_0,2023,5,15,53,1,4,0,0,,,243.55740983
4385976293,1,2023_5_15_1_0,2023,5,15,66,2,5,0,0,,,231.85444442
4385976294,1,2023_5_15_1_0,2023,5,15,45,1,1,0,0,,,423.45530802
4385976296,1,2023_5_15_1_0,2023,5,15,73,1,1,0,0,,,339.96071169
4385976297,1,2023_5_15_1_0,2023,5,15,72,2,4,0,0,,,127.28346358
4385976298,1,2023_5_15_1_0,2023,5,15,67,1,1,0,0,,,127.28346358
4385976303,1,2023_5_15_1_0,2023,5,15,57,2,4,0,0,,,583.31350813
4385976307,1,2023_5_15_1_0,2023,5,15,80,1,1,0,0,,,174.24764131
4385976310,1,2023_5_15_1_0,2023,5,15,80,2,1,0,0,,,127.28346358
4385976311,1,2023_5_15_1_0,2023,5,15,65,1,4,0,0,,,174.24764131
4385976313,1,2023_5_15_1_0,2023,5,15,58,1,1,0,4.0039597563,,,175.44784777
4385976317,1,2023_5_15_1_0,2023,5,15,74,1,4,0,0,,,444.20807267
4385976319,1,2023_5_15_1_0,2023,5,15,40,2,4,0,0,,,423.45530802
4385976322,1,2023_5_15_1_0,2023,5,15,70,1,4,0,0,,,127.28346358
4385976323,1,2023_5_15_1_0,2023,5,15,62,1,1,0,0,,,592.63006377
4385976330,1,2023_5_15_1_0,2023,5,15,67,2,4,0,0,,,174.24764131
4385976333,1,2023_5_15_1_0,2023,5,15,-3,2,4,0,0,,,520.92495713
4385976335,1,2023_5_15_1_0,2023,5,15,43,2,4,0,0,,,339.96071169
4385976336,1,2023_5_15_1_0,2023,5,15,41,2,4,0,0,,,423.45530802
4385976341,1,2023_5_15_1_0,2023,5,15,57,2,5,0,0,,,426.09565964
4385976342,1,2023_5_15_1_0,2023,5,15,72,1,4,0,0,,,324.4826823
4385976343,1,2023_5_15_1_0,2023,5,15,52,1,4,0,0,,,1487.036308
4385976346,1,2023_5_15_1_0,2023,5,15,56,2,4,0,0,,,583.31350813
4385976355,1,2023_5_15_1_0,2023,5,15,69,2,4,0,0,,,324.4826823
4385976364,1,2023_5_15_1_0,2023,5,15,64,2,4,0,0,,,133.35496538
4385976365,1,2023_5_15_1_0,2023,5,15,52,1,1,0,0,,,583.31350813
4385976366,1,2023_5_15_1_0,2023,5,15,22,1,3,0,0,,,446.42069239
4385976373,1,2023_5_15_1_0,2023,5,15,40,1,4,0,0,,,423.45530802
4385976374,1,2023_5_15_1_0,2023,5,15,61,2,5,0,0,,,232.4685145
4385976379,1,2023_5_15_1_0,2023,5,15,76,1,1,0,0,,,233.30011589
4385976381,1,2023_5_15_1_0,2023,5,15,89,1,4,0,0,,,814.19684789
4385976384,1,2023_5_15_1_0,2023,5,15,64,1,4,0,0,,,232.4685145
4385976385,1,2023_5_15_1_0,2023,5,15,54,2,1,0,0,,,232.4685145
4385976390,1,2023_5_15_1_0,2023,5,15,62,1,5,0,0,,,583.31350813
4385976392,1,2023_5_15_1_0,2023,5,15,48,1,4,0,0,,,1487.036308
4385976393,1,2023_5_15_1_0,2023,5,15,65,1,4,0,0,,,174.24764131
4385976394,1,2023_5_15_1_0,2023,5,15,35,2,4,0,0,,,232.4685145
4385976397,1,2023_5_15_1_0,2023,5,15,69,1,4,0,0,,,174.24764131
4385976399,1,2023_5_15_1_0,2023,5,15,65,2,4,0,0,,,231.85444442
4385976401,1,2023_5_15_1_0,2023,5,15,71,2,4,0,0,,,339.96071169
4385976404,1,2023_5_15_1_0,2023,5,15,80,2,4,0,0,,,444.20807267
4385976408,1,2023_5_15_1_0,2023,5,15,45,2,5,0,0,,,776.15873783
4385976409,1,2023_5_15_1_0,2023,5,15,84,2,4,0,0,,,339.96071169
4385976412,1,2023_5_15_1_0,2023,5,15,76,2,4,0,0,,,324.4826823
4385976415,1,2023_5_15_1_0,2023,5,15,54,2,1,0,0,,,318.24314953
4385976420,1,2023_5_15_1_0,2023,5,15,69,1,4,0,0,,,324.4826823
4385976429,1,2023_5_15_1_0,2023,5,15,11,1,5,0,0,,,1978.6550591
4385976431,1,2023_5_15_1_0,2023,5,15,67,2,3,0,0,,,319.38158948
4385976433,1,2023_5_15_1_0,2023,5,15,70,2,4,0,0,,,233.30011589
4385976434,1,2023_5_15_1_0,2023,5,15,62,1,1,9.9901006093,0,,,232.4685145
4385976442,1,2023_5_15_1_0,2023,5,15,66,1,5,0,0,,,444.20807267
4385976445,1,2023_5_15_1_0,2023,5,15,67,2,4,0,2.0019798781,,,324.4826823
4385976447,1,2023_5_15_1_0,2023,5,15,67,2,1,0,0,,,174.24764131
4385976448,1,2023_5_15_1_0,2023,5,15,82,1,4,0,0,,,127.28346358
4385976449,1,2023_5_15_1_0,2023,5,15,70,1,5,0,0,,,127.28346358
4385976450,1,2023_5_15_1_0,2023,5,15,43,1,4,0,0,,,776.15873783
4385976452,1,2023_5_15_1_0,2023,5,15,74,2,4,0,0,,,174.24764131
4385976456,1,2023_5_15_1_0,2023,5,15,39,2,4,0,0,,,1079.5111189
4385976461,1,2023_5_15_1_0,2023,5,15,77,1,4,0,1.0009899391,,,324.4826823
4385976469,1,2023_5_15_1_0,2023,5,15,54,1,4,0,0,,,592.63006377
4385976473,1,2023_5_15_1_0,2023,5,15,27,1,4,0,0,,,446.42069239
4385976483,1,2023_5_15_1_0,2023,5,15,64,1,4,0,0,,,620.89889304
4385976485,1,2023_5_15_1_0,2023,5,15,61,1,4,0,0,,,243.55740983
4385976489,1,2023_5_15_1_0,2023,5,15,74,2,4,0,0,,,174.24764131
4385976490,1,2023_5_15_1_0,2023,5,15,56,1,4,0,0,,,232.4685145
4385976494,1,2023_5_15_1_0,2023,5,15,56,2,4,0,0,,,231.85444442
4385976498,1,2023_5_15_1_0,2023,5,15,62,2,4,0,0,,,1079.5111189
4385976504,1,2023_5_15_1_0,2023,5,15,66,2,4,0,0,,,444.20807267
4385976510,1,2023_5_15_1_0,2023,5,15,21,2,4,0,0,,,133.35496538
4385976512,1,2023_5_15_1_0,2023,5,15,25,2,4,0,0,,,819.80498298
4385976519,1,2023_5_15_1_0,2023,5,15,29,2,3,0,0,,,426.09565964
4385976525,1,2023_5_15_1_0,2023,5,15,87,1,4,0,0,,,339.96071169
4385976527,1,2023_5_15_1_0,2023,5,15,65,1,4,0,7.0069295735,,,231.85444442
4385976528,1,2023_5_15_1_0,2023,5,15,45,2,3,0,0,,,423.45530802
4385976529,1,2023_5_15_1_0,2023,5,15,61,1,4,0,0,,,244.42867913
4385976533,1,2023_5_15_1_0,2023,5,15,80,2,4,0,0,,,339.96071169
4385976534,1,2023_5_15_1_0,2023,5,15,75,2,4,0,0,,,324.4826823
4385976536,1,2023_5_15_1_0,2023,5,15,51,1,4,0,0,,,423.45530802
4385976542,1,2023_5_15_1_0,2023,5,15,55,2,4,0,0,,,339.96071169
4385976543,1,2023_5_15_1_0,2023,5,15,80,1,1,0,0,,,324.4826823
4385976544,1,2023_5_15_1_0,2023,5,15,25,1,5,2.9970301828,0,,,175.44784777
4385976545,1,2023_5_15_1_0,2023,5,15,62,2,4,0,0,,,127.28346358
4385976546,1,2023_5_15_1_0,2023,5,15,72,1,4,0,1.0009899391,,,339.96071169
4385976547,1,2023_5_15_1_0,2023,5,15,26,2,3,0,0,,,446.42069239
4385976550,1,2023_5_15_1_0,2023,5,15,23,1,1,0,0,,,446.42069239
4385976552,1,2023_5_15_1_0,2023,5,15,55,1,1,0,0,,,426.09565964
4385976558,1,2023_5_15_1_0,2023,5,15,38,1,4,0,0,,,423.45530802
4385976559,1,2023_5_15_1_0,2023,5,15,33,1,1,0,0,,,426.09565964
4385976563,1,2023_5_15_1_0,2023,5,15,68,1,1,0,0,,,814.19684789
4385976568,1,2023_5_15_1_0,2023,5,15,62,1,4,0,0,,,232.4685145
4385976572,1,2023_5_15_1_0,2023,5,15,51,1,4,0,0,,,318.24314953
4385976576,1,2023_5_15_1_0,2023,5,15,58,2,4,0,0,,1,318.24314953
4385976577,1,2023_5_15_1_0,2023,5,15,59,1,1,0.9990100609,0,,,583.31350813
4385976579,1,2023_5_15_1_0,2023,5,15,37,2,5,0,0,,,776.15873783
4385976580,1,2023_5_15_1_0,2023,5,15,43,2,1,0,0,,,776.15873783
4385976586,1,2023_5_15_1_0,2023,5,15,27,2,4,0,0,,,243.55740983
4385976587,1,2023_5_15_1_0,2023,5,15,75,2,4,0,0,,,174.24764131
4385976591,1,2023_5_15_1_0,2023,5,15,67,2,4,0,0,,,444.20807267
4385976594,1,2023_5_15_1_0,2023,5,15,37,2,4,0.9990100609,1.0009899391,,,592.63006377
4385976600,1,2023_5_15_1_0,2023,5,15,66,2,4,0,0,,,133.35496538
4385976603,1,2023_5_15_1_0,2023,5,15,53,1,4,0,3.0029698172,,,232.4685145
4385976604,1,2023_5_15_1_0,2023,5,15,67,1,4,0,0,,,133.35496538
4385976605,1,2023_5_15_1_0,2023,5,15,32,1,5,0,16.015839025,,,243.55740983
4385976607,1,2023_5_15_1_0,2023,5,15,50,2,3,0,0,,,1083.3728158
4385976613,1,2023_5_15_1_0,2023,5,15,27,1,5,0,0,,,776.15873783
4385976614,1,2023_5_15_1_0,2023,5,15,25,2,1,0,0,,,426.09565964
4385976620,1,2023_5_15_1_0,2023,5,15,36,2,2,0,0,,,776.15873783
4385976623,1,2023_5_15_1_0,2023,5,15,88,2,4,0,0,,,444.20807267
4385976631,1,2023_5_15_1_0,2023,5,15,56,1,4,0,0,,,243.55740983
4385976636,1,2023_5_15_1_0,2023,5,15,24,2,1,0,0,,,426.09565964
4385976637,1,2023_5_15_1_0,2023,5,15,76,1,4,0,0,,,127.28346358
4385976638,1,2023_5_15_1_0,2023,5,15,65,1,4,0,0,,,594.75005832
4385976640,1,2023_5_15_1_0,2023,5,15,78,1,4,0,0,,,324.4826823
4385976642,1,2023_5_15_1_0,2023,5,15,45,2,1,0,0,,,306.94022604
4385976649,1,2023_5_15_1_0,2023,5,15,35,2,4,0,0,,,243.55740983
4385976652,1,2023_5_15_1_0,2023,5,15,37,1,1,0,0,,,583.31350813
4385976655,1,2023_5_15_1_0,2023,5,15,62,1,4,0,0,,,339.96071169
4385976656,1,2023_5_15_1_0,2023,5,15,42,1,2,0,0,,,420.19292144
4385976657,1,2023_5_15_1_0,2023,5,15,65,2,4,0,0,,,133.35496538
4385976660,1,2023_5_15_1_0,2023,5,15,37,1,1,0,0,,,776.15873783
4385976668,1,2023_5_15_1_0,2023,5,15,56,2,4,0,0,,,244.42867913
4385976669,1,2023_5_15_1_0,2023,5,15,83,2,4,0,0,,,231.85444442
4385976670,1,2023_5_15_1_0,2023,5,15,50,2,4,0,0,,,243.55740983
4385976673,1,2023_5_15_1_0,2023,5,15,50,1,4,0,0,,,1079.5111189
4385976674,1,2023_5_15_1_0,2023,5,15,21,1,1,0,0,,,426.09565964
4385976675,1,2023_5_15_1_0,2023,5,15,67,2,4,0,0,,,324.4826823
4385976676,1,2023_5_15_1_0,2023,5,15,30,2,4,0,0,,,426.09565964
4385976678,1,2023_5_15_1_0,2023,5,15,98,1,4,0,0,,,339.96071169
4385976679,1,2023_5_15_1_0,2023,5,15,55,2,4,0,0,,,190.205577
4385976698,1,2023_5_15_1_0,2023,5,15,79,1,4,3.9960402437,8.0079195125,,,130.77741197
4385976700,1,2023_5_15_1_0,2023,5,15,44,2,1,0,0,,,776.15873783
4385976702,1,2023_5_15_1_0,2023,5,15,60,1,4,0,1.0009899391,,,811.29463232
4385976705,1,2023_5_15_1_0,2023,5,15,67,2,4,0,0,,,174.24764131
4385976718,1,2023_5_15_1_0,2023,5,15,59,1,4,0,0,,,324.4826823
4385976726,1,2023_5_15_1_0,2023,5,15,77,2,4,0,0,,,594.75005832
4385976736,1,2023_5_15_1_0,2023,5,15,64,2,4,0,0,,,548.41681969
4385976737,1,2023_5_15_1_0,2023,5,15,81,1,1,0,0,,,324.4826823
4385976744,1,2023_5_15_1_0,2023,5,15,57,2,4,0,0,,,243.55740983
4385976745,1,2023_5_15_1_0,2023,5,15,65,1,4,0,0,,,244.42867913
4385976746,1,2023_5_15_1_0,2023,5,15,70,2,4,0,0,,,231.85444442
4385976749,1,2023_5_15_1_0,2023,5,15,58,1,4,0,0,,,620.89889304
4385976751,1,2023_5_15_1_0,2023,5,15,67,1,4,0,0,,1,174.24764131
4385976757,1,2023_5_15_1_0,2023,5,15,71,1,4,0,0,,,127.28346358
4385976758,1,2023_5_15_1_0,2023,5,15,42,1,1,0,0,,,232.4685145
4385976762,1,2023_5_15_1_0,2023,5,15,54,1,4,0,0,,,1079.5111189
4385976763,1,2023_5_15_1_0,2023,5,15,59,1,4,0,0,,,232.4685145
4385976764,1,2023_5_15_1_0,2023,5,15,78,1,4,0,0,,,339.96071169
4385976766,1,2023_5_15_1_0,2023,5,15,57,1,1,0,0,,,423.45530802
4385976767,1,2023_5_15_1_0,2023,5,15,72,1,4,0,0,,,591.06461998
4385976768,1,2023_5_15_1_0,2023,5,15,90,2,4,0,0,,,324.4826823
4385976771,1,2023_5_15_1_0,2023,5,15,81,1,4,0,0,,,339.96071169
4385976773,1,2023_5_15_1_0,2023,5,15,81,1,4,0,0,,,594.75005832
4385976774,1,2023_5_15_1_0,2023,5,15,87,2,4,0,0,,,536.69072896
4385976780,1,2023_5_15_1_0,2023,5,15,72,2,4,0,0,,,174.24764131
4385976783,1,2023_5_15_1_0,2023,5,15,74,2,4,0,0,,,444.20807267
4385976784,1,2023_5_15_1_0,2023,5,15,65,2,1,0,0,,,127.28346358
4385976787,1,2023_5_15_1_0,2023,5,15,39,1,4,0,0,,,423.45530802
4385976788,1,2023_5_15_1_0,2023,5,15,41,2,5,0,0,,,776.15873783
4385976790,1,2023_5_15_1_0,2023,5,15,65,2,4,0,0,,,319.38158948
4385976791,1,2023_5_15_1_0,2023,5,15,76,2,1,0,0,,,127.28346358
4385976793,1,2023_5_15_1_0,2023,5,15,74,1,1,0,0,,,127.28346358
4385976794,1,2023_5_15_1_0,2023,5,15,51,1,4,0,0,,,423.45530802
4385976798,1,2023_5_15_1_0,2023,5,15,68,1,4,0,0,,,591.06461998
4385976802,1,2023_5_15_1_0,2023,5,15,-3,2,4,0,0,,,279.73740983
4385976806,1,2023_5_15_1_0,2023,5,15,36,2,1,0,0,,,232.4685145
4385976807,1,2023_5_15_1_0,2023,5,15,31,1,4,0,0,,,318.24314953
4385976816,1,2023_5_15_1_0,2023,5,15,41,2,4,0,10.009899391,,,426.09565964
4385976823,1,2023_5_15_1_0,2023,5,15,-3,-3,-3,0,0,,,291.45377286
4385976824,1,2023_5_15_1_0,2023,5,15,86,2,3,0,0,1,1,319.38158948
4385976826,1,2023_5_15_1_0,2023,5,15,66,1,1,0,0,,,127.28346358
4385976833,1,2023_5_15_1_0,2023,5,15,70,2,4,0,0,,,444.20807267
4385976834,1,2023_5_15_1_0,2023,5,15,73,1,1,0,0,,,319.38158948
4385976835,1,2023_5_15_1_0,2023,5,15,26,2,5,0,0,,,232.4685145
4385976837,1,2023_5_15_1_0,2023,5,15,86,1,1,0,0,,,444.20807267
4385976838,1,2023_5_15_1_0,2023,5,15,95,2,4,0,0,,,814.19684789
4385976839,1,2023_5_15_1_0,2023,5,15,47,2,4,0,0,,,740.82110221
4385976841,1,2023_5_15_1_0,2023,5,15,18,2,1,0.9990100609,1.0009899391,,,426.09565964
4385976843,1,2023_5_15_1_0,2023,5,15,30,1,4,0,0,,,243.55740983
4385976844,1,2023_5_15_1_0,2023,5,15,23,2,3,0,0,,,446.42069239
4385976846,1,2023_5_15_1_0,2023,5,15,35,1,1,0,0,,,318.24314953
4385976847,1,2023_5_15_1_0,2023,5,15,66,1,4,0,4.0039597563,,,133.35496538
4385976849,1,2023_5_15_1_0,2023,5,15,42,2,4,0,0,,,423.45530802
4385976852,1,2023_5_15_1_0,2023,5,15,85,2,1,0,0,1,1,174.24764131
4385976854,1,2023_5_15_1_0,2023,5,15,24,2,1,0,0,,,426.09565964
4385976857,1,2023_5_15_1_0,2023,5,15,52,1,3,0,0,,,331.57226513
4385976858,1,2023_5_15_1_0,2023,5,15,90,1,4,0,0,,,174.24764131
4385976862,1,2023_5_15_1_0,2023,5,15,35,2,4,0,0,,,318.24314953
4385976871,1,2023_5_15_1_0,2023,5,15,60,2,4,0,0,,,232.4685145
4385976872,1,2023_5_15_1_0,2023,5,15,52,1,1,0,0,,,318.24314953
4385976874,1,2023_5_15_1_0,2023,5,15,31,1,5,0,0,,,318.24314953
4385976880,1,2023_5_15_1_0,2023,5,15,75,1,4,0,0,,,174.24764131
4385976885,1,2023_5_15_1_0,2023,5,15,-3,-3,-3,0,0,,,337.97781633
4385976886,1,2023_5_15_1_0,2023,5,15,58,2,3,0,0,,,446.42069239
4385976888,1,2023_5_15_1_0,2023,5,15,69,2,4,0,0,,,814.19684789
4385976889,1,2023_5_15_1_0,2023,5,15,77,1,1,0,0,,,324.4826823
4385976891,1,2023_5_15_1_0,2023,5,15,33,1,4,0,0,,,426.09565964
4385976892,1,2023_5_15_1_0,2023,5,15,65,2,4,0,0,,,174.24764131
4385976894,1,2023_5_15_1_0,2023,5,15,70,2,4,0,0,,,174.24764131
4385976899,1,2023_5_15_1_0,2023,5,15,32,2,5,0,0,,,426.09565964
4385976900,1,2023_5_15_1_0,2023,5,15,42,2,3,0,0,,,232.4685145
4385976901,1,2023_5_15_1_0,2023,5,15,45,2,1,0,0,,,511.61730713
4385976904,1,2023_5_15_1_0,2023,5,15,62,1,4,0,0,,,423.45530802
4385976905,1,2023_5_15_1_0,2023,5,15,46,2,4,0,0,,,243.55740983
4385976908,1,2023_5_15_1_0,2023,5,15,-3,1,4,0,0,,,214.08825004
4385976909,1,2023_5_15_1_0,2023,5,15,45,1,4,0,0,,,318.24314953
4385976910,1,2023_5_15_1_0,2023,5,15,40,1,4,0,2.0019798781,,,423.45530802
4385976912,1,2023_5_15_1_0,2023,5,15,73,1,4,0,0,,,324.4826823
4385976917,1,2023_5_15_1_0,2023,5,15,57,1,5,0,0,,,243.55740983
4385976919,1,2023_5_15_1_0,2023,5,15,61,2,4,0,0,,,318.24314953
4385976921,1,2023_5_15_1_0,2023,5,15,52,1,4,0,0,,,1079.5111189
4385976924,1,2023_5_15_1_0,2023,5,15,61,2,4,0,0,,,583.31350813
4385976925,1,2023_5_15_1_0,2023,5,15,39,2,4,0,0,,,426.09565964
4385976926,1,2023_5_15_1_0,2023,5,15,76,1,4,0,0,,,324.4826823
4385976928,1,2023_5_15_1_0,2023,5,15,37,1,1,0.9990100609,1.0009899391,,,583.31350813
4385976930,1,2023_5_15_1_0,2023,5,15,60,1,4,0,0,,,592.63006377
4385976933,1,2023_5_15_1_0,2023,5,15,79,2,4,0,0,,,324.4826823
4385976935,1,2023_5_15_1_0,2023,5,15,38,2,3,0,0,,,423.45530802
4385976937,1,2023_5_15_1_0,2023,5,15,65,1,-3,0,0,,,127.28346358
4385976939,1,2023_5_15_1_0,2023,5,15,68,1,4,0,0,,,324.4826823
4385976940,1,2023_5_15_1_0,2023,5,15,79,2,4,0,0,,,444.20807267
4385976941,1,2023_5_15_1_0,2023,5,15,90,2,3,0,0,,,174.24764131
4385976942,1,2023_5_15_1_0,2023,5,15,70,1,4,0,0,,,324.4826823
4385976943,1,2023_5_15_1_0,2023,5,15,37,2,1,0,0,,,776.15873783
4385976945,1,2023_5_15_1_0,2023,5,15,39,2,4,0,0,,,232.4685145
4385976947,1,2023_5_15_1_0,2023,5,15,65,1,4,0,0,,,127.28346358
4385976949,1,2023_5_15_1_0,2023,5,15,70,2,1,0,0,,,174.24764131
4385976952,1,2023_5_15_1_0,2023,5,15,43,2,4,0,0,,,423.45530802
4385976954,1,2023_5_15_1_0,2023,5,15,79,1,4,0,0,1,,190.205577
4385976957,1,2023_5_15_1_0,2023,5,15,-3,1,4,0,0,,,204.34105246
4385976960,1,2023_5_15_1_0,2023,5,15,82,2,4,0,0,,,339.96071169
4385976962,1,2023_5_15_1_0,2023,5,15,76,1,4,4.9950503047,2.0019798781,,,324.4826823
4385976963,1,2023_5_15_1_0,2023,5,15,76,1,1,0,0,,,127.28346358
4385976965,1,2023_5_15_1_0,2023,5,15,37,1,4,0,0,,,244.42867913
4385976966,1,2023_5_15_1_0,2023,5,15,79,1,4,0,0,,,127.28346358
4385976967,1,2023_5_15_1_0,2023,5,15,65,1,1,0,0,,,133.35496538
4385976970,1,2023_5_15_1_0,2023,5,15,47,1,4,0,0,,,423.45530802
4385976971,1,2023_5_15_1_0,2023,5,15,65,1,1,0,0,,,127.28346358
4385976972,1,2023_5_15_1_0,2023,5,15,53,2,5,0,0,,,426.09565964
4385976976,1,2023_5_15_1_0,2023,5,15,44,1,4,0,0,,,423.45530802
4385976979,1,2023_5_15_1_0,2023,5,15,61,1,4,3.9960402437,2.0019798781,,,620.89889304
4385976984,1,2023_5_15_1_0,2023,5,15,68,2,1,0,0,,,319.38158948
4385976987,1,2023_5_15_1_0,2023,5,15,73,2,4,0,0,,,324.4826823
4385976990,1,2023_5_15_1_0,2023,5,15,45,1,1,0,0,,,232.4685145
4385976993,1,2023_5_15_1_0,2023,5,15,42,2,1,0,0,,,423.45530802
4385976996,1,2023_5_15_1_0,2023,5,15,57,2,4,0,0,,,232.4685145
4385976998,1,2023_5_15_1_0,2023,5,15,76,2,-3,0,0,,,233.30011589
4385977001,1,2023_5_15_1_0,2023,5,15,71,2,4,0,0,,,444.20807267
4385977003,1,2023_5_15_1_0,2023,5,15,75,1,1,0,0,,,127.28346358
4385977006,1,2023_5_15_1_0,2023,5,15,85,2,5,0,0,,,96.062943356
4385977009,1,2023_5_15_1_0,2023,5,15,52,2,4,0,0,,,243.55740983
4385977011,1,2023_5_15_1_0,2023,5,15,71,1,4,0,0,,,324.4826823
4385977012,1,2023_5_15_1_0,2023,5,15,89,2,1,0,0,,,248.53122689
4385977018,1,2023_5_15_1_0,2023,5,15,72,2,1,0,0,,,339.96071169
4385977021,1,2023_5_15_1_0,2023,5,15,56,2,1,0,0,,,232.4685145
4385977022,1,2023_5_15_1_0,2023,5,15,52,1,4,0,0,,,776.15873783
4385977024,1,2023_5_15_1_0,2023,5,15,80,1,4,0,0,,,324.4826823
4385977025,1,2023_5_15_1_0,2023,5,15,69,1,1,0,0,,,96.062943356
4385977027,1,2023_5_15_1_0,2023,5,15,46,2,4,0,0,,,231.85444442
4385977029,1,2023_5_15_1_0,2023,5,15,91,1,4,0,0,,,339.96071169
4385977030,1,2023_5_15_1_0,2023,5,15,56,1,4,0,0,,,423.45530802
4385977032,1,2023_5_15_1_0,2023,5,15,80,2,4,0,0,,,324.4826823
4385977033,1,2023_5_15_1_0,2023,5,15,50,2,4,0,0,,,423.45530802
4385977036,1,2023_5_15_1_0,2023,5,15,80,1,4,0,0,,,444.20807267
4385977041,1,2023_5_15_1_0,2023,5,15,81,1,4,0,0,,,444.20807267
4385977042,1,2023_5_15_1_0,2023,5,15,52,2,1,0,0,,,423.45530802
4385977045,1,2023_5_15_1_0,2023,5,15,61,2,4,0,0,,,811.29463232
4385977047,1,2023_5_15_1_0,2023,5,15,49,2,3,0,0,,,423.45530802
4385977052,1,2023_5_15_1_0,2023,5,15,60,1,4,0,0,,,426.09565964
4385977057,1,2023_5_15_1_0,2023,5,15,70,1,4,0,0,,,244.42867913
4385977059,1,2023_5_15_1_0,2023,5,15,42,2,4,0,0,,,740.82110221
4385977065,1,2023_5_15_1_0,2023,5,15,37,2,4,0,0,,,583.31350813
4385977068,1,2023_5_15_1_0,2023,5,15,88,2,4,0,0,,,814.19684789
4385977070,1,2023_5_15_1_0,2023,5,15,86,1,1,0,0,,,324.4826823
4385977071,1,2023_5_15_1_0,2023,5,15,91,1,4,0,0,,,594.75005832
4385977081,1,2023_5_15_1_0,2023,5,15,33,1,3,0,0,,,426.09565964
4385977082,1,2023_5_15_1_0,2023,5,15,58,2,4,0,0,,,426.09565964
4385977083,1,2023_5_15_1_0,2023,5,15,52,2,4,0,0,,,423.45530802
4385977086,1,2023_5_15_1_0,2023,5,15,32,1,4,0,4.0039597563,,,583.31350813
4385977089,1,2023_5_15_1_0,2023,5,15,26,2,2,0,0,,,583.31350813
4385977090,1,2023_5_15_1_0,2023,5,15,62,1,1,0,0,,,1487.036308
4385977091,1,2023_5_15_1_0,2023,5,15,76,1,4,0,0,,,233.30011589
4385977096,1,2023_5_15_1_0,2023,5,15,66,1,1,0,0,,,127.28346358
4385977104,1,2023_5_15_1_0,2023,5,15,33,2,5,0,0,,,318.24314953
4385977105,1,2023_5_15_1_0,2023,5,15,74,1,4,0,2.0019798781,,,324.4826823
4385977106,1,2023_5_15_1_0,2023,5,15,69,1,4,0,0,,,174.24764131
4385977107,1,2023_5_15_1_0,2023,5,15,63,1,4,0,0,,,127.28346358
4385977109,1,2023_5_15_1_0,2023,5,15,60,2,4,0,0,,,232.4685145
4385977119,1,2023_5_15_1_0,2023,5,15,84,1,4,0,0,,,339.96071169
4385977120,1,2023_5_15_1_0,2023,5,15,19,2,5,0,0,,,426.09565964
4385977123,1,2023_5_15_1_0,2023,5,15,66,2,4,0,0,,,444.20807267
4385977131,1,2023_5_15_1_0,2023,5,15,81,2,4,0,0,,,181.5457307
4385977135,1,2023_5_15_1_0,2023,5,15,22,1,4,0,0,,,776.15873783
4385977136,1,2023_5_15_1_0,2023,5,15,41,2,4,0,0,,,426.09565964
4385977138,1,2023_5_15_1_0,2023,5,15,76,2,4,0,0,,,339.96071169
4385977140,1,2023_5_15_1_0,2023,5,15,17,1,5,0,0,,,423.45530802
4385977142,1,2023_5_15_1_0,2023,5,15,-3,1,4,0,0,,1,1307.1127712
4385977144,1,2023_5_15_1_0,2023,5,15,64,2,3,0,0,,,318.24314953
4385977148,1,2023_5_15_1_0,2023,5,15,63,2,4,0,2.0019798781,,,1086.2421455
4385977150,1,2023_5_15_1_0,2023,5,15,53,2,4,0,0,,,426.09565964
4385977151,1,2023_5_15_1_0,2023,5,15,25,2,1,0,0,,,583.31350813
4385977154,1,2023_5_15_1_0,2023,5,15,59,2,4,0,0,1,1,318.24314953
4385977155,1,2023_5_15_1_0,2023,5,15,45,1,4,0,0,,,404.17586344
4385977158,1,2023_5_15_1_0,2023,5,15,60,2,4,0,0,,,233.30011589
4385977165,1,2023_5_15_1_0,2023,5,15,71,1,4,0,0,,,127.28346358
4385977167,1,2023_5_15_1_0,2023,5,15,62,1,5,0,0,,,426.09565964
4385977168,1,2023_5_15_1_0,2023,5,15,71,2,4,0,0,,,324.4826823
4385977171,1,2023_5_25_1_1,2023,5,25,54,2,1,0,0,,,125.90015239
4385977172,1,2023_5_25_1_1,2023,5,25,55,1,1,0,0,,,598.16675213
4385977177,1,2023_5_25_1_1,2023,5,25,27,1,1,0,2.0034569168,,,317.41390251
4385977178,1,2023_5_25_1_1,2023,5,25,64,1,1,0,0,,,596.48578561
4385977179,1,2023_5_25_1_1,2023,5,25,71,2,1,0,0,,,73.710227195
4385977185,1,2023_5_25_1_1,2023,5,25,63,1,1,0,0,,,764.68836895
4385977186,1,2023_5_25_1_1,2023,5,25,52,1,1,7.9861723327,0,,,126.2549537
4385977191,1,2023_5_25_1_1,2023,5,25,41,2,1,0,0,,,242.45771066
4385977192,1,2023_5_25_1_1,2023,5,25,71,1,1,0,4.0069138336,,,73.710227195
4385977193,1,2023_5_25_1_1,2023,5,25,56,1,1,0,3.0051853752,,,317.41390251
4385977194,1,2023_5_25_1_1,2023,5,25,63,2,1,0,0,,,764.68836895
4385977195,1,2023_5_25_1_1,2023,5,25,60,1,4,0,0,,,210.70673366
4385977196,1,2023_5_25_1_1,2023,5,25,-3,2,1,0,0,,,611.01727297
4385977204,1,2023_5_25_1_1,2023,5,25,27,2,3,0,0,,,498.54328739
4385977205,1,2023_5_25_1_1,2023,5,25,67,1,1,0,2.0034569168,,,159.83859762
4385977209,1,2023_5_25_1_1,2023,5,25,73,1,1,0,0,,,56.303812771
4385977210,1,2023_5_25_1_1,2023,5,25,82,1,1,0,0,,,266.75443482
4385977213,1,2023_5_25_1_1,2023,5,25,75,1,1,0,0,,,266.75443482
4385977214,1,2023_5_25_1_1,2023,5,25,36,1,4,0,0,,,316.52190685
4385977216,1,2023_5_25_1_1,2023,5,25,50,1,1,0,0,,,1148.7085224
4385977220,1,2023_5_25_1_1,2023,5,25,66,1,1,0,0,,,159.83859762
4385977223,1,2023_5_25_1_1,2023,5,25,75,2,1,0,0,,,73.503086921
4385977227,1,2023_5_25_1_1,2023,5,25,63,1,1,2.9948146248,0,,,458.19937949
4385977228,1,2023_5_25_1_1,2023,5,25,60,1,1,0,0,,,164.82238732
4385977237,1,2023_5_25_1_1,2023,5,25,63,1,1,0,0,,,764.68836895
4385977241,1,2023_5_25_1_1,2023,5,25,54,1,1,0,2.0034569168,,,766.84334997
4385977247,1,2023_5_25_1_1,2023,5,25,75,1,1,0,0,,,266.75443482
4385977250,1,2023_5_25_1_1,2023,5,25,64,1,1,21.961973915,0,,,161.85749426
4385977253,1,2023_5_25_1_1,2023,5,25,76,1,1,0,0,,,266.75443482
4385977254,1,2023_5_25_1_1,2023,5,25,51,1,1,0,1.0017284584,,,317.41390251
4385977255,1,2023_5_25_1_1,2023,5,25,61,1,1,0,1.0017284584,,,766.84334997
4385977259,1,2023_5_25_1_1,2023,5,25,73,1,1,0,0,,,73.503086921
4385977270,1,2023_5_25_1_1,2023,5,25,76,1,1,0,0,,,266.75443482
4385977272,1,2023_5_25_1_1,2023,5,25,73,1,1,2.9948146248,0,1,,204.91136497
4385977273,1,2023_5_25_1_1,2023,5,25,69,1,1,19.965430832,20.034569168,,,208.6649155
4385977274,1,2023_5_25_1_1,2023,5,25,52,2,1,0,0,,,164.35920391
4385977275,1,2023_5_25_1_1,2023,5,25,47,1,1,0,0,,,1148.7085224
4385977276,1,2023_5_25_1_1,2023,5,25,58,1,1,0,0,,,164.35920391
4385977277,1,2023_5_25_1_1,2023,5,25,76,1,1,0,0,,,266.75443482
4385977278,1,2023_5_25_1_1,2023,5,25,80,2,1,0,0,,,266.75443482
4385977279,1,2023_5_25_1_1,2023,5,25,81,1,1,0,1.0017284584,,,792.51676102
4385977286,1,2023_5_25_1_1,2023,5,25,67,1,1,0,0,,,56.303812771
4385977287,1,2023_5_25_1_1,2023,5,25,52,1,4,0,6.0103707505,,,57.49675889
4385977292,1,2023_5_25_1_1,2023,5,25,68,1,1,5.9896292495,25.04321146,,,92.294947665
4385977294,1,2023_5_25_1_1,2023,5,25,74,1,1,0,2.0034569168,,,267.50617993
4385977297,1,2023_5_25_1_1,2023,5,25,77,1,-3,0,0,,,266.75443482
4385977306,1,2023_5_25_1_1,2023,5,25,69,1,1,0,0,,,173.91219517
4385977310,1,2023_5_25_1_1,2023,5,25,-3,1,1,1.9965430832,2.0034569168,,,100.5993695
4385977315,1,2023_5_25_1_1,2023,5,25,49,2,1,0,0,,,317.41390251
4385977331,1,2023_5_25_1_1,2023,5,25,62,1,1,0,0,,,161.40264278
4385977336,1,2023_5_25_1_1,2023,5,25,44,2,1,0,0,,,317.41390251
4385977337,1,2023_5_25_1_1,2023,5,25,55,2,1,0,0,,,125.90015239
4385977342,1,2023_5_25_1_1,2023,5,25,62,1,1,0,0,,,161.40264278
4385977344,1,2023_5_25_1_1,2023,5,25,68,1,1,0,0,,,73.503086921
4385977347,1,2023_5_25_1_1,2023,5,25,82,1,1,11.979258499,2.0034569168,,,267.50617993
4385977349,1,2023_5_25_1_1,2023,5,25,38,1,1,0.9982715416,30.051853752,,,317.41390251
4385977351,1,2023_5_25_1_1,2023,5,25,67,1,1,0,1.0017284584,,,56.462483484
4385977353,1,2023_5_25_1_1,2023,5,25,54,2,1,0,0,,,596.48578561
4385977359,1,2023_5_25_1_1,2023,5,25,72,1,1,0,0,,,56.303812771
4385977363,1,2023_5_25_1_1,2023,5,25,56,1,1,0,0,,,125.90015239
4385977367,1,2023_5_25_1_1,2023,5,25,70,1,1,0,0,,,513.71398961
4385977369,1,2023_5_25_1_1,2023,5,25,75,1,1,4.9913577079,5.0086422921,,,204.91136497
4385977373,1,2023_5_25_1_1,2023,5,25,61,1,1,0.9982715416,0,,,126.2549537
4385977374,1,2023_5_25_1_1,2023,5,25,79,1,1,3.9930861664,0,,,204.91136497
4385977377,1,2023_5_25_1_1,2023,5,25,45,1,1,5.9896292495,12.020741501,,,575.2844427
4385977383,1,2023_5_25_1_1,2023,5,25,70,2,1,0,0,,,57.33518166
4385977385,1,2023_5_25_1_1,2023,5,25,61,2,1,0,0,,,57.33518166
4385977386,1,2023_5_25_1_1,2023,5,25,61,1,1,1.9965430832,2.0034569168,,,161.85749426
4385977388,1,2023_5_25_1_1,2023,5,25,12,1,1,0,0,,,316.52190685
4385977390,1,2023_5_25_1_1,2023,5,25,80,2,1,0,0,,,173.91219517
4385977393,1,2023_5_25_1_1,2023,5,25,37,1,1,3.9930861664,0,,,211.30052982
4385977395,1,2023_5_25_1_1,2023,5,25,73,1,1,0,0,,,266.75443482
4385977397,1,2023_5_25_1_1,2023,5,25,62,2,1,0,0,,,210.70673366
4385977402,1,2023_5_25_1_1,2023,5,25,76,1,1,2.9948146248,4.0069138336,,,73.710227195
4385977404,1,2023_5_25_1_1,2023,5,25,53,2,1,0.9982715416,0,,,317.41390251
4385977405,1,2023_5_25_1_1,2023,5,25,76,2,1,0,0,,,605.36667745
4385977406,1,2023_5_25_1_1,2023,5,25,-3,2,1,0,0,,,787.53153157
4385977408,1,2023_5_25_1_1,2023,5,25,55,2,1,0,0,,,210.70673366
4385977412,1,2023_5_25_1_1,2023,5,25,39,1,1,3.9930861664,3.0051853752,,,243.14098477
4385977417,1,2023_5_25_1_1,2023,5,25,71,1,5,0,0,,,266.75443482
4385977418,1,2023_5_25_1_1,2023,5,25,66,1,1,9.9827154159,0,,,92.294947665
4385977420,1,2023_5_25_1_1,2023,5,25,56,2,1,0,0,,,210.70673366
4385977421,1,2023_5_25_1_1,2023,5,25,32,1,1,1.9965430832,0,,,161.85749426
4385977427,1,2023_5_25_1_1,2023,5,25,40,1,1,4.9913577079,5.0086422921,,,317.41390251
4385977429,1,2023_5_25_1_1,2023,5,25,32,1,1,1.9965430832,15.025926876,,,499.94824053
4385977432,1,2023_5_25_1_1,2023,5,25,49,1,1,0,0,,,263.83268233
4385977434,1,2023_5_25_1_1,2023,5,25,39,1,1,0,10.017284584,,,164.82238732
4385977435,1,2023_5_25_1_1,2023,5,25,40,1,1,0,0,,,316.52190685
4385977436,1,2023_5_25_1_1,2023,5,25,63,2,1,0,0,,,44.0428679
4385977441,1,2023_5_25_1_1,2023,5,25,69,1,1,1.9965430832,2.0034569168,,,73.710227195
4385977442,1,2023_5_25_1_1,2023,5,25,59,2,1,0,0,,,161.85749426
4385977445,1,2023_5_25_1_1,2023,5,25,64,1,1,4.9913577079,0,,,587.40668195
4385977450,1,2023_5_25_1_1,2023,5,25,50,2,1,0,0,,,125.90015239
4385977451,1,2023_5_25_1_1,2023,5,25,74,1,1,0,0,,,129.11072946
4385977452,1,2023_5_25_1_1,2023,5,25,65,1,1,0,0,,,266.75443482
4385977454,1,2023_5_25_1_1,2023,5,25,65,1,1,0,0,,,204.33552362
4385977457,1,2023_5_25_1_1,2023,5,25,61,1,1,19.965430832,0,,,161.85749426
4385977461,1,2023_5_25_1_1,2023,5,25,71,2,1,0,0,,,204.91136497
4385977463,1,2023_5_25_1_1,2023,5,25,63,1,1,4.9913577079,5.0086422921,,,44.0428679
4385977464,1,2023_5_25_1_1,2023,5,25,46,1,1,0.9982715416,15.025926876,,,317.41390251
4385977468,1,2023_5_25_1_1,2023,5,25,48,2,1,0,0,,,316.52190685
4385977469,1,2023_5_25_1_1,2023,5,25,47,2,1,0,0,,,879.91773249
4385977472,1,2023_5_25_1_1,2023,5,25,45,1,4,0,2.0034569168,,,243.14098477
4385977476,1,2023_5_25_1_1,2023,5,25,69,1,1,1.9965430832,0,,,267.50617993
4385977477,1,2023_5_25_1_1,2023,5,25,71,2,1,0,0,,,204.33552362
4385977479,1,2023_5_25_1_1,2023,5,25,22,1,1,0,15.025926876,,,126.2549537
4385977481,1,2023_5_25_1_1,2023,5,25,57,1,1,1.9965430832,10.017284584,,,161.85749426
4385977482,1,2023_5_25_1_1,2023,5,25,40,1,5,4.9913577079,10.017284584,,,499.94824053
4385977484,1,2023_5_25_1_1,2023,5,25,31,2,1,0,0,,,498.54328739
4385977486,1,2023_5_25_1_1,2023,5,25,84,2,4,0,0,,,92.035580663
4385977494,1,2023_5_25_1_1,2023,5,25,75,2,2,0,0,,,208.07852595
4385977497,1,2023_5_25_1_1,2023,5,25,41,1,1,0,25.04321146,,,499.94824053
4385977499,1,2023_5_25_1_1,2023,5,25,31,2,1,0,10.017284584,,,751.01809834
4385977507,1,2023_5_25_1_1,2023,5,25,32,1,4,0,2.0034569168,,,57.49675889
4385977510,1,2023_5_25_1_1,2023,5,25,-3,1,1,0,3.0051853752,,,476.6165315
4385977516,1,2023_5_25_1_1,2023,5,25,77,2,1,0,0,,,266.75443482
4385977517,1,2023_5_25_1_1,2023,5,25,47,1,1,0,0,,,316.52190685
4385977518,1,2023_5_25_1_1,2023,5,25,34,1,4,0,1.0017284584,,,211.30052982
4385977541,1,2023_5_25_1_1,2023,5,25,60,2,1,0,4.0069138336,,,766.84334997
4385977552,1,2023_5_25_1_1,2023,5,25,35,1,4,0,0,,,400.71629845
4385977553,1,2023_5_25_1_1,2023,5,25,37,2,1,0,0,,,882.3974433
4385977560,1,2023_5_25_1_1,2023,5,25,60,1,1,0,0,,,1809.2931662
4385977567,1,2023_5_25_1_1,2023,5,25,60,1,1,3.9930861664,0,,,267.50617993
4385977569,1,2023_5_25_1_1,2023,5,25,64,1,1,0,0,,,125.90015239
4385977574,1,2023_5_25_1_1,2023,5,25,0,1,1,6.9879007911,7.0120992089,,,1151.945717
4385977575,1,2023_5_25_1_1,2023,5,25,46,2,1,0,0,,,1148.7085224
4385977578,1,2023_5_25_1_1,2023,5,25,29,1,1,19.965430832,8.0138276673,,,126.2549537
4385977582,1,2023_5_25_1_1,2023,5,25,64,2,1,0,0,,,266.75443482
4385977585,1,2023_5_25_1_1,2023,5,25,66,2,1,0,0,,,92.035580663
4385977589,1,2023_5_25_1_1,2023,5,25,47,2,4,0,0,,,243.14098477
4385977593,1,2023_5_25_1_1,2023,5,25,72,1,1,0,0,,,266.75443482
4385977594,1,2023_5_25_1_1,2023,5,25,71,1,1,1.9965430832,0,,,267.50617993
4385977598,1,2023_5_25_1_1,2023,5,25,67,1,1,0,0,,,204.33552362
4385977601,1,2023_5_25_1_1,2023,5,25,-3,1,1,4.9913577079,4.0069138336,,,131.32972416
4385977606,1,2023_5_25_1_1,2023,5,25,67,1,1,1.9965430832,10.017284584,,,100.99505739
4385977608,1,2023_5_25_1_1,2023,5,25,47,1,2,0,2.0034569168,,,1151.945717
4385977609,1,2023_5_25_1_1,2023,5,25,68,2,1,1.9965430832,10.017284584,,,73.710227195
4385977610,1,2023_5_25_1_1,2023,5,25,61,2,1,19.965430832,1.0017284584,,,211.30052982
4385977612,1,2023_5_25_1_1,2023,5,25,56,2,1,0,0,,,164.35920391
4385977614,1,2023_5_25_1_1,2023,5,25,41,1,1,0,0,,,1148.7085224
4385977615,1,2023_5_25_1_1,2023,5,25,52,2,1,2.9948146248,0,,,126.2549537
4385977626,1,2023_5_25_1_1,2023,5,25,71,1,1,0,1.0017284584,,,267.50617993
4385977627,1,2023_5_25_1_1,2023,5,25,81,1,1,0,0,,,161.66369949
4385977631,1,2023_5_25_1_1,2023,5,25,80,1,2,0,10.017284584,,,95.271803115
4385977638,1,2023_5_25_1_1,2023,5,25,66,1,1,0.9982715416,1.0017284584,,,267.50617993
4385977639,1,2023_5_25_1_1,2023,5,25,62,1,1,0.9982715416,0,,,202.66697757
4385977643,1,2023_5_25_1_1,2023,5,25,54,2,1,0,0,,,596.48578561
4385977644,1,2023_5_25_1_1,2023,5,25,76,1,1,0,0,,,266.75443482
4385977645,1,2023_5_25_1_1,2023,5,25,80,1,1,0,40.069138336,,,57.49675889
4385977646,1,2023_5_25_1_1,2023,5,25,58,1,1,0.9982715416,10.017284584,,,962.79713368
4385977650,1,2023_5_25_1_1,2023,5,25,73,1,1,1.9965430832,0,,,73.710227195
4385977653,1,2023_5_25_1_1,2023,5,25,75,1,1,0.9982715416,0,,,73.710227195
4385977663,1,2023_5_25_1_1,2023,5,25,62,1,1,1.9965430832,5.0086422921,,,164.82238732
4385977672,1,2023_5_25_1_1,2023,5,25,75,1,1,0,0,,,334.01181272
4385977674,1,2023_5_25_1_1,2023,5,25,72,1,1,0,12.020741501,,,174.40230002
4385977677,1,2023_5_25_1_1,2023,5,25,53,1,1,7.9861723327,2.0034569168,,,159.83859762
4385977680,1,2023_5_25_1_1,2023,5,25,-3,1,1,5.9896292495,11.019013043,,,73.710227195
4385977688,1,2023_5_25_1_1,2023,5,25,72,1,1,9.9827154159,2.0034569168,,,56.462483484
4385977697,1,2023_5_25_1_1,2023,5,25,66,2,1,0,0,,,208.6649155
4385977702,1,2023_5_25_1_1,2023,5,25,49,1,1,0,0,,,316.52190685
4385977703,1,2023_5_25_1_1,2023,5,25,61,2,1,0,0,,,164.82238732
4385977709,1,2023_5_25_1_1,2023,5,25,76,1,4,0,0,,,208.07852595
4385977710,1,2023_5_25_1_1,2023,5,25,45,2,1,0,0,,,164.82238732
4385977714,1,2023_5_25_1_1,2023,5,25,35,1,1,4.9913577079,3.0051853752,,,243.14098477
4385977715,1,2023_5_25_1_1,2023,5,25,51,2,1,0,0,,,164.35920391
4385977716,1,2023_5_25_1_1,2023,5,25,69,1,1,0,2.0034569168,,,73.710227195
4385977717,1,2023_5_25_1_1,2023,5,25,82,1,1,19.965430832,0,,,256.57611468
4385977719,1,2023_5_25_1_1,2023,5,25,25,2,5,0,0,,,748.90758939
4385977720,1,2023_5_25_1_1,2023,5,25,70,1,1,0,0,,,73.503086921
4385977722,1,2023_5_25_1_1,2023,5,25,75,1,1,0,3.0051853752,,,204.91136497
4385977724,1,2023_5_25_1_1,2023,5,25,41,1,1,4.9913577079,10.017284584,,,243.14098477
4385977727,1,2023_5_25_1_1,2023,5,25,41,1,1,0,25.04321146,,,735.51081081
4385977728,1,2023_5_25_1_1,2023,5,25,48,1,1,0,0,,,316.52190685
4385977729,1,2023_5_25_1_1,2023,5,25,45,2,1,0,0,,,317.41390251
4385977730,1,2023_5_25_1_1,2023,5,25,72,1,1,3.9930861664,10.017284584,,,73.710227195
4385977731,1,2023_5_25_1_1,2023,5,25,38,1,1,0.9982715416,0,,,243.14098477
4385977736,1,2023_5_25_1_1,2023,5,25,68,1,1,17.968887749,0,,,256.57611468
4385977737,1,2023_5_25_1_1,2023,5,25,66,1,1,0,0,,,73.503086921
4385977738,1,2023_5_25_1_1,2023,5,25,68,2,1,0,1.0017284584,,,73.710227195
4385977739,1,2023_5_25_1_1,2023,5,25,85,1,1,0,5.0086422921,,,267.50617993
4385977742,1,2023_5_25_1_1,2023,5,25,69,2,1,3.9930861664,0,,,267.50617993
4385977748,1,2023_5_25_1_1,2023,5,25,76,1,1,0.9982715416,2.0034569168,,,204.91136497
4385977750,1,2023_5_25_1_1,2023,5,25,65,1,1,0,3.0051853752,,,267.50617993
4385977751,1,2023_5_25_1_1,2023,5,25,63,1,1,4.9913577079,5.0086422921,,,161.85749426
4385977752,1,2023_5_25_1_1,2023,5,25,57,1,1,1.9965430832,0,,,587.40668195
4385977754,1,2023_5_25_1_1,2023,5,25,48,2,1,0,0,,,882.3974433
4385977755,1,2023_5_25_1_1,2023,5,25,50,1,3,0,2.0034569168,,,317.41390251
4385977757,1,2023_5_25_1_1,2023,5,25,62,2,1,0,0,,,316.52190685
4385977758,1,2023_5_25_1_1,2023,5,25,63,1,1,0,0,,,164.35920391
4385977759,1,2023_5_25_1_1,2023,5,25,79,1,1,0,0,,,57.33518166
4385977761,1,2023_5_25_1_1,2023,5,25,-3,-3,-3,13.975801582,0,1,,217.61260747
4385977762,1,2023_5_25_1_1,2023,5,25,75,1,1,0,0,1,1,344.78493638
4385977764,1,2023_5_25_1_1,2023,5,25,70,1,5,0,0,,,98.899606028
4385977769,1,2023_5_25_1_1,2023,5,25,70,1,1,0,1.0017284584,,,73.710227195
4385977771,1,2023_5_25_1_1,2023,5,25,51,1,1,0,0,,,1148.7085224
4385977772,1,2023_5_25_1_1,2023,5,25,72,1,1,0,5.0086422921,,,73.710227195
4385977773,1,2023_5_25_1_1,2023,5,25,40,2,4,0,0,,,2717.9051807
4385977774,1,2023_5_25_1_1,2023,5,25,-3,1,1,0,0,,,167.8901614
4385977779,1,2023_5_25_1_1,2023,5,25,61,1,1,1.9965430832,0,,,126.2549537
4385977780,1,2023_5_25_1_1,2023,5,25,50,1,1,0,0,,,164.35920391
4385977782,1,2023_5_25_1_1,2023,5,25,62,1,1,9.9827154159,4.0069138336,,,211.30052982
4385977783,1,2023_5_25_1_1,2023,5,25,64,1,1,4.9913577079,0,,,56.462483484
4385977784,1,2023_5_25_1_1,2023,5,25,82,1,1,1.9965430832,0,,,95.271803115
4385977785,1,2023_5_25_1_1,2023,5,25,77,1,1,0,0,,,266.75443482
4385977786,1,2023_5_25_1_1,2023,5,25,30,1,1,0,0,,,316.52190685
4385977788,1,2023_5_25_1_1,2023,5,25,46,2,1,0.9982715416,0,,,211.30052982
4385977793,1,2023_5_25_1_1,2023,5,25,56,2,1,4.9913577079,3.0051853752,,,164.82238732
4385977797,1,2023_5_25_1_1,2023,5,25,43,2,1,0,0,,,317.41390251
4385977799,1,2023_5_25_1_1,2023,5,25,70,1,1,3.9930861664,0,,,56.462483484
4385977800,1,2023_5_25_1_1,2023,5,25,66,2,1,0,0,,,57.33518166
4385977802,1,2023_5_25_1_1,2023,5,25,70,1,1,2.9948146248,3.0051853752,,,204.91136497
4385977806,1,2023_5_25_1_1,2023,5,25,71,1,1,0.9982715416,0,,,204.91136497
4385977808,1,2023_5_25_1_1,2023,5,25,49,1,1,4.9913577079,0,,,243.14098477
4385977811,1,2023_5_25_1_1,2023,5,25,78,1,1,0,0,,,204.33552362
4385977814,1,2023_5_25_1_1,2023,5,25,67,2,1,0,0,,,56.462483484
4385977816,1,2023_5_25_1_1,2023,5,25,81,1,1,0,0,,,204.33552362
4385977820,1,2023_5_25_1_1,2023,5,25,85,1,1,0,0,,,266.75443482
4385977821,1,2023_5_25_1_1,2023,5,25,74,1,1,0,2.0034569168,,1,129.47457856
4385977825,1,2023_5_25_1_1,2023,5,25,60,1,1,0,5.0086422921,,,126.2549537
4385977829,1,2023_5_25_1_1,2023,5,25,65,1,2,0,0,,,266.75443482
4385977830,1,2023_5_25_1_1,2023,5,25,63,2,1,0,0,,,73.503086921
4385977832,1,2023_5_25_1_1,2023,5,25,44,2,1,1.9965430832,1.0017284584,,,164.82238732
4385977834,1,2023_5_25_1_1,2023,5,25,60,1,1,0,6.0103707505,,,264.57619361
4385977836,1,2023_5_25_1_1,2023,5,25,62,2,-3,0,0,,,631.1551157
4385977837,1,2023_5_25_1_1,2023,5,25,46,1,1,14.974073124,2.0034569168,,,202.66697757
4385977838,1,2023_5_25_1_1,2023,5,25,53,2,1,0,0,,,161.40264278
4385977840,1,2023_5_25_1_1,2023,5,25,68,1,1,0,0,,,73.503086921
4385977846,1,2023_5_25_1_1,2023,5,25,62,2,1,0,3.0051853752,,,626.00128166
4385977848,1,2023_5_25_1_1,2023,5,25,66,2,1,0,0,,,266.75443482
4385977851,1,2023_5_25_1_1,2023,5,25,82,1,1,0,4.0069138336,,,129.47457856
4385977855,1,2023_5_25_1_1,2023,5,25,58,2,1,0,0,,,210.70673366
4385977856,1,2023_5_25_1_1,2023,5,25,61,1,1,13.975801582,12.020741501,,,161.85749426
4385977858,1,2023_5_25_1_1,2023,5,25,70,1,1,0,0,,,73.503086921
4385977859,1,2023_5_25_1_1,2023,5,25,47,1,1,0,0,,,400.71629845
4385977860,1,2023_5_25_1_1,2023,5,25,44,1,1,0.9982715416,0,,,126.2549537
4385977861,1,2023_5_25_1_1,2023,5,25,65,1,1,0,0,,,73.503086921
4385977862,1,2023_5_25_1_1,2023,5,25,71,2,1,0,0,,,204.91136497
4385977866,1,2023_5_25_1_1,2023,5,25,46,1,1,1.9965430832,0,,,264.57619361
4385977868,1,2023_5_25_1_1,2023,5,25,68,1,1,6.9879007911,0,,,204.91136497
4385977869,1,2023_5_25_1_1,2023,5,25,25,1,1,1.9965430832,0,,,202.66697757
4385977874,1,2023_5_25_1_1,2023,5,25,63,2,1,0,3.0051853752,,,264.57619361
4385977877,1,2023_5_25_1_1,2023,5,25,61,2,1,0,0,,,316.52190685
4385977880,1,2023_5_25_1_1,2023,5,25,48,2,1,0,0,,,879.91773249
4385977883,1,2023_5_25_1_1,2023,5,25,80,1,1,0,0,,,790.28963265
4385977884,1,2023_5_25_1_1,2023,5,25,70,1,1,0,0,,,56.303812771
4385977886,1,2023_5_25_1_1,2023,5,25,42,2,1,3.9930861664,0,,,317.41390251
4385977896,1,2023_5_25_1_1,2023,5,25,73,1,1,0,0,,,73.503086921
4385977897,1,2023_5_25_1_1,2023,5,25,62,2,1,0,0,,,266.75443482
4385977900,1,2023_5_25_1_1,2023,5,25,77,2,1,0,0,,,208.07852595
4385977902,1,2023_5_25_1_1,2023,5,25,41,1,1,0,15.025926876,,,267.50617993
4385977910,1,2023_5_25_1_1,2023,5,25,61,2,1,0,0,,,210.70673366
4385977914,1,2023_5_25_1_1,2023,5,25,43,1,1,0,0,,,243.14098477
4385977917,1,2023_5_25_1_1,2023,5,25,46,1,1,0.9982715416,0,,,406.92121295
4385977920,1,2023_5_25_1_1,2023,5,25,65,2,1,0,0,,,56.303812771
4385977925,1,2023_5_25_1_1,2023,5,25,43,2,1,0,0,,,1148.7085224
4385977928,1,2023_5_25_1_1,2023,5,25,63,1,1,29.948146248,3.0051853752,,,126.2549537
4385977934,1,2023_5_25_1_0,2023,5,25,35,2,1,0,0,,,5002.3908163
4385977935,1,2023_5_25_1_0,2023,5,25,73,1,1,0,0,,,2669.0961719
4385977943,1,2023_5_25_1_0,2023,5,25,24,1,1,0,0,,,2108.293107
4385977948,1,2023_5_25_1_0,2023,5,25,64,1,1,0,1.0017284584,,,5985.147311
4385977950,1,2023_5_25_1_0,2023,5,25,48,2,1,0,0,,,11493.767749
4385977953,1,2023_5_25_1_0,2023,5,25,67,2,1,0,0,,,741.49871349
4385977954,1,2023_5_25_1_0,2023,5,25,67,1,1,0,0,,,2669.0961719
4385977955,1,2023_5_25_1_0,2023,5,25,52,2,1,0,0,,,11493.767749
4385977961,1,2023_5_25_1_0,2023,5,25,51,2,4,0,0,,,1104.7996075
4385977963,1,2023_5_25_1_0,2023,5,25,24,2,1,0,0,,,4988.3331117
4385977964,1,2023_5_25_1_0,2023,5,25,43,1,1,0,0,,,1104.7996075
4385977968,1,2023_5_25_1_0,2023,5,25,35,2,1,0,0,,,3167.0604107
4385977978,1,2023_5_25_1_0,2023,5,25,56,2,1,0,0,,,11493.767749
4385977983,1,2023_5_25_1_0,2023,5,25,89,2,1,0,0,,,1291.8583865
4385977984,1,2023_5_25_1_0,2023,5,25,52,2,3,0,0,,,4988.3331117
4385977988,1,2023_5_25_1_0,2023,5,25,57,2,1,0,0,,,6246.0524272
4385977991,1,2023_5_25_1_0,2023,5,25,49,1,1,0,0,,,5968.3278669
4385977998,1,2023_5_25_1_0,2023,5,25,-3,-3,-3,0,0,1,1,6096.546497
4385978005,1,2023_5_25_1_0,2023,5,25,70,2,1,0,0,,,735.45846784
4385978008,1,2023_5_25_1_0,2023,5,25,67,1,1,0,0,,,2669.0961719
4385978009,1,2023_5_25_1_0,2023,5,25,72,2,1,0,0,,,735.45846784
4385978011,1,2023_5_25_1_0,2023,5,25,36,2,1,0,0,,,2108.293107
4385978014,1,2023_5_25_1_0,2023,5,25,67,2,1,0,0,,,2081.9957405
4385978021,1,2023_5_25_1_0,2023,5,25,54,2,1,0,0,,,3167.0604107
4385978023,1,2023_5_25_1_0,2023,5,25,61,2,1,0,0,,,7651.332206
4385978026,1,2023_5_25_1_0,2023,5,25,-3,2,1,0,0,1,1,7633.6820724
4385978028,1,2023_5_25_1_0,2023,5,25,67,1,1,0,0,,,735.45846784
4385978031,1,2023_5_25_1_0,2023,5,25,36,2,1,0,0,,,7493.4326069
4385978032,1,2023_5_25_1_0,2023,5,25,63,1,1,0,0,,,2669.0961719
4385978038,1,2023_5_25_1_0,2023,5,25,87,2,1,0,0,,,3342.0612156
4385978041,1,2023_5_25_1_0,2023,5,25,50,1,1,0,0,,,5968.3278669
4385978050,1,2023_5_25_1_0,2023,5,25,12,2,5,0,0,,,3351.1383308
4385978060,1,2023_5_25_1_0,2023,5,25,63,2,1,0,0,,,2639.8616499
4385978063,1,2023_5_25_1_0,2023,5,25,41,1,3,0,0,1,1,7493.4326069
4385978064,1,2023_5_25_1_0,2023,5,25,68,2,1,0,0,,,3342.0612156
4385978065,1,2023_5_25_1_0,2023,5,25,30,1,1,0,0,,,7493.4326069
4385978066,1,2023_5_25_1_0,2023,5,25,76,2,1,0,0,,,3342.0612156
4385978071,1,2023_5_25_1_0,2023,5,25,86,2,4,0,0,,,3342.0612156
4385978073,1,2023_5_25_1_0,2023,5,25,37,1,4,0,0,,,3167.0604107
4385978074,1,2023_5_25_1_0,2023,5,25,80,1,1,0,0,,,2669.0961719
4385978079,1,2023_5_25_1_0,2023,5,25,72,1,1,0,0,,,3342.0612156
4385978082,1,2023_5_25_1_0,2023,5,25,74,2,1,0,0,,,2669.0961719
4385978092,1,2023_5_25_1_0,2023,5,25,78,1,1,0,0,,,3342.0612156
4385978097,1,2023_5_25_1_0,2023,5,25,27,2,4,0,0,,,2108.293107
4385978111,1,2023_5_25_1_0,2023,5,25,67,2,1,0,0,,,2669.0961719
4385978119,1,2023_5_25_1_0,2023,5,25,63,1,1,0,0,,,4988.3331117
4385978130,1,2023_5_25_1_0,2023,5,25,40,1,1,0,0,,,3167.0604107
4385978132,1,2023_5_25_1_0,2023,5,25,79,1,1,0,0,,,2669.0961719
4385978141,1,2023_5_25_1_0,2023,5,25,84,1,1,0,0,,,1740.1336727
4385978148,1,2023_5_25_1_0,2023,5,25,31,2,1,0,0,,,2108.293107
4385978154,1,2023_5_25_1_0,2023,5,25,52,2,3,0,0,,,7651.332206
4385978161,1,2023_5_25_1_0,2023,5,25,83,2,1,0,0,,,7907.4937764
4385978162,1,2023_5_25_1_0,2023,5,25,49,1,1,0,0,,,3167.0604107
4385978163,1,2023_5_25_1_0,2023,5,25,62,2,1,0,0,,,1099.9203331
4385978167,1,2023_5_25_1_0,2023,5,25,96,1,1,0,0,,,3342.0612156
4385978169,1,2023_5_25_1_0,2023,5,25,60,2,1,0,0,,,1644.5481863
4385978171,1,2023_5_25_1_0,2023,5,25,37,1,1,0,0,,,3167.0604107
4385978173,1,2023_5_25_1_0,2023,5,25,69,2,1,0,0,,,2669.0961719
4385978178,1,2023_5_25_1_0,2023,5,25,64,1,1,0,0,,,2639.8616499
4385978179,1,2023_5_25_1_0,2023,5,25,66,2,1,0,0,,,4009.4941211
4385978183,1,2023_5_25_1_0,2023,5,25,65,1,1,0,0,,,2669.0961719
4385978184,1,2023_5_25_1_0,2023,5,25,63,1,1,0,0,,,2639.8616499
4385978187,1,2023_5_25_1_0,2023,5,25,32,2,2,0,0,,,4060.1374219
4385978189,1,2023_5_25_1_0,2023,5,25,65,1,1,3.9930861664,8.0138276673,,,2087.8630474
4385978197,1,2023_5_25_1_0,2023,5,25,70,1,1,0,0,,,1740.1336727
4385978200,1,2023_5_25_1_0,2023,5,25,66,2,1,0,0,,,2669.0961719
4385978203,1,2023_5_25_1_0,2023,5,25,64,2,1,0,0,,,9580.4792957
4385978208,1,2023_5_25_1_0,2023,5,25,87,1,1,0,0,,,3342.0612156
4385978212,1,2023_5_25_1_0,2023,5,25,72,1,1,0,0,,,735.45846784
4385978213,1,2023_5_25_1_0,2023,5,25,81,2,1,0,0,,,3449.855124
4385978214,1,2023_5_25_1_0,2023,5,25,38,1,1,0,0,,,1765.614124
4385978223,1,2023_5_25_1_0,2023,5,25,48,1,1,0,0,,,2639.8616499
4385978225,1,2023_5_25_1_0,2023,5,25,31,1,1,0,0,,,6246.0524272
4385978235,1,2023_5_25_1_0,2023,5,25,60,2,3,0,0,,,5968.3278669
4385978255,1,2023_5_25_1_0,2023,5,25,48,2,1,0,0,,,2108.293107
4385978259,1,2023_5_25_1_0,2023,5,25,42,2,2,0,0,,,3167.0604107
4385978265,1,2023_5_25_1_0,2023,5,25,81,2,1,0,0,,,2669.0961719
4385978270,1,2023_5_25_1_0,2023,5,25,44,2,1,0,0,,,1104.7996075
4385978274,1,2023_5_25_1_0,2023,5,25,72,1,1,0,0,,,2081.9957405
4385978280,1,2023_5_25_1_0,2023,5,25,38,2,4,0,0,,,11493.767749
4385978285,1,2023_5_25_1_0,2023,5,25,63,1,1,0.877785917,1.122214083,,,5342.5567191
4385978286,1,2023_5_25_1_0,2023,5,25,43,2,1,0,0,,,2108.293107
4385978288,1,2023_5_25_1_0,2023,5,25,68,2,1,0,0,,,2669.0961719
4385978293,1,2023_5_25_1_0,2023,5,25,82,2,1,0,0,,,7907.4937764
4385978298,1,2023_5_25_1_0,2023,5,25,57,1,1,0,0,,,5968.3278669
4385978307,1,2023_5_25_1_0,2023,5,25,62,1,1,0,0,,,735.45846784
4385978310,1,2023_5_25_1_0,2023,5,25,47,2,3,0,0,,,3167.0604107
4385978323,1,2023_5_25_1_0,2023,5,25,61,2,1,0,0,,,573.68535967
4385978329,1,2023_5_25_1_0,2023,5,25,22,1,1,0,0,,,4988.3331117
4385978337,1,2023_5_25_1_0,2023,5,25,63,2,1,0,0,,,2669.0961719
4385978339,1,2023_5_25_1_0,2023,5,25,44,2,1,0,0,,,3175.9855564
4385978341,1,2023_5_25_1_0,2023,5,25,63,2,1,0,0,,,7651.332206
4385978347,1,2023_5_25_1_0,2023,5,25,76,2,1,0,0,,,735.45846784
4385978349,1,2023_5_25_1_0,2023,5,25,69,1,1,0,0,,,3342.0612156
4385978350,1,2023_5_25_1_0,2023,5,25,72,2,1,0,0,,,920.89121663
4385978352,1,2023_5_25_1_0,2023,5,25,31,1,1,0,0,,,3167.0604107
4385978354,1,2023_5_25_1_0,2023,5,25,67,1,1,0,0,,,2178.8773738
4385978358,1,2023_5_25_1_0,2023,5,25,39,2,4,0,0,,,3167.0604107
4385978359,1,2023_5_25_1_0,2023,5,25,61,2,1,0,0,,,6246.0524272
4385978364,1,2023_5_25_1_0,2023,5,25,65,1,1,0,0,,,735.45846784
4385978371,1,2023_5_25_1_0,2023,5,25,68,1,1,0,0,,,735.45846784
4385978382,1,2023_5_25_1_0,2023,5,25,69,2,1,0,0,,,2669.0961719
4385978389,1,2023_5_25_1_0,2023,5,25,50,2,1,0,0,,,3167.0604107
4385978393,1,2023_5_25_1_0,2023,5,25,65,1,1,0,0,,,735.45846784
4385978398,1,2023_5_25_1_0,2023,5,25,58,1,1,0,0,,,7651.332206
4385978404,1,2023_5_25_1_0,2023,5,25,50,1,1,0,0,,,7651.332206
4385978406,1,2023_5_25_1_0,2023,5,25,35,2,1,0,0,,,2114.2345229
4385978408,1,2023_5_25_1_0,2023,5,25,41,2,1,0,0,,,2108.293107
4385978409,1,2023_5_25_1_0,2023,5,25,81,1,1,0,0,,,3342.0612156
4385978413,1,2023_5_25_1_0,2023,5,25,38,2,1,0,0,,,3167.0604107
4385978423,1,2023_5_25_1_0,2023,5,25,85,2,1,0,0,,,3342.0612156
4385978424,1,2023_5_25_1_0,2023,5,25,28,1,1,0,10.017284584,,,3175.9855564
4385978429,1,2023_5_25_1_0,2023,5,25,73,2,1,0,0,,,3342.0612156
4385978435,1,2023_5_25_1_0,2023,5,25,41,2,1,0,0,,,2108.293107
4385978445,1,2023_5_25_1_0,2023,5,25,52,2,1,0,0,,,2108.293107
4385978451,1,2023_5_25_1_0,2023,5,25,80,1,1,0,0,,,2669.0961719
4385978453,1,2023_5_25_1_0,2023,5,25,47,1,2,0,0,,1,5968.3278669
4385978457,1,2023_5_25_1_0,2023,5,25,34,2,4,0,0,,,2639.8616499
4385978459,1,2023_5_25_1_0,2023,5,25,58,2,1,0,0,,,3167.0604107
4385978460,1,2023_5_25_1_0,2023,5,25,54,2,1,0,0,,,11493.767749
4385978463,1,2023_5_25_1_0,2023,5,25,-3,2,1,0,0,,,6096.546497
4385978465,1,2023_5_25_1_0,2023,5,25,34,2,1,0,0,,,2639.8616499
4385978468,1,2023_5_25_1_0,2023,5,25,61,2,1,0,0,,,2108.293107
4385978469,1,2023_5_25_1_0,2023,5,25,61,2,1,0,0,,,3991.7864556
4385978476,1,2023_5_25_1_0,2023,5,25,81,1,1,0,0,,,735.45846784
4385978482,1,2023_5_25_1_0,2023,5,25,51,1,1,0,0,,,3167.0604107
4385978487,1,2023_5_25_1_0,2023,5,25,61,2,1,0,0,,,2108.293107
4385978489,1,2023_5_25_1_0,2023,5,25,60,1,1,0,0,,,22667.921238
4385978491,1,2023_5_25_1_0,2023,5,25,30,1,3,0,0,,,2108.293107
4385978495,1,2023_5_25_1_0,2023,5,25,76,2,1,0,0,,1,1740.1336727
4385978496,1,2023_5_25_1_0,2023,5,25,85,2,1,0,0,,,7907.4937764
4385978498,1,2023_5_25_1_0,2023,5,25,62,1,1,0,0,,,2081.9957405
4385978500,1,2023_5_25_1_0,2023,5,25,62,2,1,0,0,,,4988.3331117
4385978501,1,2023_5_25_1_0,2023,5,25,34,2,1,0,0,,,2108.293107
4385978506,1,2023_5_25_1_0,2023,5,25,55,2,1,0,0,,,5968.3278669
4385978508,1,2023_5_25_1_0,2023,5,25,41,2,1,0,0,,,3167.0604107
4385978512,1,2023_5_25_1_0,2023,5,25,47,2,1,0,0,,,3891.0880769
4385978514,1,2023_5_25_1_0,2023,5,25,40,1,1,0,0,,,3167.0604107
4385978516,1,2023_5_25_1_0,2023,5,25,58,1,1,0,0,,,3733.7049392
4385978521,1,2023_5_25_1_0,2023,5,25,50,1,1,0,0,,,3167.0604107
4385978523,1,2023_5_25_1_0,2023,5,25,54,2,1,0,0,,,575.30207193
4385978527,1,2023_5_25_1_0,2023,5,25,47,1,1,0,0,,,3175.9855564
4385978530,1,2023_5_25_1_0,2023,5,25,74,1,1,0,0,,,1457.294804
4385978532,1,2023_5_25_1_0,2023,5,25,77,1,1,0,0,,,920.89121663
4385978534,1,2023_5_25_1_0,2023,5,25,74,1,1,0,0,,,1785.1669991
4385978535,1,2023_5_25_1_0,2023,5,25,59,1,1,0,0,,,5968.3278669
4385978537,1,2023_5_25_1_0,2023,5,25,69,2,1,0,0,,,1291.8583865
4385978538,1,2023_5_25_1_0,2023,5,25,67,1,1,0,0,,,2669.0961719
4385978539,1,2023_5_25_1_0,2023,5,25,82,2,1,0,0,,,920.89121663
4385978540,1,2023_5_25_1_0,2023,5,25,55,1,1,0.9982715416,0,,,4003.0357754
4385978549,1,2023_5_25_1_0,2023,5,25,61,2,1,0,0,,,1644.5481863
4385978553,1,2023_5_25_1_0,2023,5,25,-3,2,1,0,0,,,7633.6820724
4385978555,1,2023_5_25_1_0,2023,5,25,47,1,1,0,0,,,3167.0604107
4385978561,1,2023_5_25_1_0,2023,5,25,58,2,1,0,0,,,7651.332206
4385978567,1,2023_5_25_1_0,2023,5,25,74,2,1,0,0,,,2178.8773738
4385978569,1,2023_5_25_1_0,2023,5,25,54,1,1,0,0,,,2108.293107
4385978571,1,2023_5_25_1_0,2023,5,25,64,1,1,0,0,,,2108.293107
4385978574,1,2023_5_25_1_0,2023,5,25,50,1,1,0,0,,,2108.293107
4385978578,1,2023_5_25_1_0,2023,5,25,70,1,1,1.9965430832,0,,,2676.6179962
4385978582,1,2023_5_25_1_0,2023,5,25,81,1,1,0,0,,,2669.0961719
4385978587,1,2023_5_25_1_0,2023,5,25,90,1,1,0,0,,,6315.2228539
4385978591,1,2023_5_25_1_0,2023,5,25,78,2,1,0,0,,,7907.4937764
4385978594,1,2023_5_25_1_0,2023,5,25,62,1,1,0,0,,,9580.4792957
4385978597,1,2023_5_25_1_0,2023,5,25,51,2,1,0,0,,,2639.8616499
4385978600,1,2023_5_25_1_0,2023,5,25,72,2,1,0,0,,,573.68535967
4385978604,1,2023_5_25_1_0,2023,5,25,71,1,1,0,0,,,2669.0961719
4385978607,1,2023_5_25_1_0,2023,5,25,66,2,1,0,0,,,3342.0612156
4385978612,1,2023_5_25_1_0,2023,5,25,37,1,1,0,0,,,6246.0524272
4385978613,1,2023_5_25_1_0,2023,5,25,32,2,1,0,0,,,4988.3331117
4385978614,1,2023_5_25_1_0,2023,5,25,35,2,1,0,0,,,2108.293107
4385978618,1,2023_5_25_1_0,2023,5,25,63,2,1,0,0,,,5985.147311
4385978632,1,2023_5_25_1_0,2023,5,25,84,2,1,1.9965430832,0,,,1396.4218487
4385978633,1,2023_5_25_1_0,2023,5,25,68,2,1,0,0,,,2087.8630474
4385978634,1,2023_5_25_1_0,2023,5,25,42,2,1,0,0,,,3167.0604107
4385978636,1,2023_5_25_1_0,2023,5,25,47,2,1,0,0,,,3167.0604107
4385978638,1,2023_5_25_1_0,2023,5,25,66,1,1,4.9913577079,5.0086422921,,,737.5310756
4385978640,1,2023_5_25_1_0,2023,5,25,26,2,3,0,0,,,4988.3331117
4385978642,1,2023_5_25_1_0,2023,5,25,74,2,1,0,0,,,3342.0612156
4385978644,1,2023_5_25_1_0,2023,5,25,59,1,1,0,0,,,2108.293107
4385978647,1,2023_5_25_1_0,2023,5,25,66,1,1,0,0,,,735.45846784
4385978658,1,2023_5_25_1_0,2023,5,25,46,1,1,0,0,,,3167.0604107
4385978662,1,2023_5_25_1_0,2023,5,25,85,2,1,0,0,,,2669.0961719
4385978664,1,2023_5_25_1_0,2023,5,25,70,2,1,0,0,,,2669.0961719
4385978665,1,2023_5_25_1_0,2023,5,25,36,2,1,0,0,,,6246.0524272
4385978671,1,2023_5_25_1_0,2023,5,25,78,1,1,0,0,,,2669.0961719
4385978676,1,2023_5_25_1_0,2023,5,25,40,1,1,0,0,,,3167.0604107
4385978677,1,2023_5_25_1_0,2023,5,25,41,2,1,0,0,,,3167.0604107
4385978684,1,2023_5_25_1_0,2023,5,25,44,2,1,0,0,,,3167.0604107
4385978685,1,2023_5_25_1_0,2023,5,25,39,1,3,0,0,,,3167.0604107
4385978687,1,2023_5_25_1_0,2023,5,25,80,1,1,0,0,,,2669.0961719
4385978692,1,2023_5_25_1_0,2023,5,25,77,1,1,0,0,,,1940.6189483
4385978695,1,2023_5_25_1_0,2023,5,25,40,2,1,0,0,,,2639.8616499
4385978700,1,2023_5_25_1_0,2023,5,25,70,1,1,0,0,,,735.45846784
4385978701,1,2023_5_25_1_0,2023,5,25,44,1,1,0,0,,,3167.0604107
4385978704,1,2023_5_25_1_0,2023,5,25,57,1,1,0,1.0017284584,,,7672.8945527
4385978705,1,2023_5_25_1_0,2023,5,25,64,1,1,0,0,,,1644.5481863
4385978710,1,2023_5_25_1_0,2023,5,25,71,2,1,0,0,,,3342.0612156
4385978711,1,2023_5_25_1_0,2023,5,25,58,2,1,0,0,1,,2108.293107
4385978715,1,2023_5_25_1_0,2023,5,25,60,1,1,0,0,,,2108.293107
4385978716,1,2023_5_25_1_0,2023,5,25,73,2,1,0,0,,,2178.8773738
4385978729,1,2023_5_25_1_0,2023,5,25,84,2,1,0,0,,,2669.0961719
4385978730,1,2023_5_25_1_0,2023,5,25,79,2,1,0,0,,,2669.0961719
4385978733,1,2023_5_25_1_0,2023,5,25,53,1,5,0,0,,,1644.5481863
4385978735,1,2023_5_25_1_0,2023,5,25,73,2,1,0,0,,,2669.0961719
4385978740,1,2023_5_25_1_0,2023,5,25,50,1,1,0,0,,,11493.767749
4385978746,1,2023_5_25_1_0,2023,5,25,85,2,1,0,0,,,3342.0612156
4385978747,1,2023_5_25_1_0,2023,5,25,78,2,1,0,0,,,2669.0961719
4385978754,1,2023_5_25_1_0,2023,5,25,76,2,1,0,0,,,735.45846784
4385978755,1,2023_5_25_1_0,2023,5,25,64,2,1,0,0,,,18103.457088
4385978757,1,2023_5_25_1_0,2023,5,25,84,2,1,0,0,,,2669.0961719
4385978764,1,2023_5_25_1_0,2023,5,25,56,1,1,0,0,,,1644.5481863
4385978765,1,2023_5_25_1_0,2023,5,25,-3,2,1,0,0,,,4755.5363393
4385978771,1,2023_5_25_1_0,2023,5,25,65,2,1,3.9930861664,4.0069138336,,,493.28163998
4385978773,1,2023_5_25_1_0,2023,5,25,61,2,1,0,0,,,5968.3278669
4385978777,1,2023_5_25_1_0,2023,5,25,48,1,1,0,0,,,4988.3331117
4385978780,1,2023_5_25_1_0,2023,5,25,54,1,1,0,0,,,11493.767749
4385978784,1,2023_5_25_1_0,2023,5,25,82,1,1,0,2.0034569168,,,737.5310756
4385978790,1,2023_5_25_1_0,2023,5,25,69,2,1,0,0,,,2081.9957405
4385978792,1,2023_5_25_1_0,2023,5,25,61,2,1,0,0,,,2639.8616499
4385978794,1,2023_5_25_1_0,2023,5,25,67,2,1,0,0,,,1104.7996075
4385978795,1,2023_5_25_1_0,2023,5,25,63,2,2,0,0,,,7651.332206
4385978798,1,2023_5_25_1_0,2023,5,25,25,2,1,0,0,,,6246.0524272
4385978800,1,2023_5_25_1_0,2023,5,25,76,2,1,0,0,,,920.89121663
4385978805,1,2023_5_25_1_0,2023,5,25,69,1,1,0,0,,,2081.9957405
4385978806,1,2023_5_25_1_0,2023,5,25,83,2,1,0,0,,,3342.0612156
4385978814,1,2023_5_25_1_0,2023,5,25,65,2,1,0,0,,,7907.4937764
4385978818,1,2023_5_25_1_0,2023,5,25,51,2,-3,0,0,,,1410.0860504
4385978821,1,2023_5_25_1_0,2023,5,25,26,2,1,0.9982715416,0,,,5002.3908163
4385978824,1,2023_5_25_1_0,2023,5,25,24,1,1,0,1.0017284584,,,1649.1827149
4385978827,1,2023_5_25_1_0,2023,5,25,32,1,1,0,0,,,4988.3331117
4385978829,1,2023_5_25_1_0,2023,5,25,32,2,1,0,0,,,6246.0524272
4385978843,1,2023_5_25_1_0,2023,5,25,36,1,1,0,0,,,2108.293107
4385978852,1,2023_5_25_1_0,2023,5,25,86,2,1,0,0,,,6315.2228539
4385978865,1,2023_5_25_1_0,2023,5,25,29,1,1,0,0,,,4988.3331117
4385978867,1,2023_5_25_1_0,2023,5,25,64,1,1,0,0,,,2639.8616499
4385978872,1,2023_5_25_1_0,2023,5,25,43,2,1,0,0,,,3167.0604107
4385978883,1,2023_5_25_1_0,2023,5,25,24,1,1,0,0,,,4988.3331117
4385978902,1,2023_5_25_1_0,2023,5,25,22,2,4,0,0,,,4988.3331117
4385978913,1,2023_5_25_1_0,2023,5,25,87,1,2,0,0,,,4009.4941211
4385978932,1,2023_5_25_1_0,2023,5,25,27,2,1,0,0,,,6246.0524272
4385978950,1,2023_5_25_1_0,2023,5,25,66,1,1,0,0,,,735.45846784
4385978953,1,2023_5_25_1_0,2023,5,25,68,1,2,0,0,,,2178.8773738
4385978976,1,2023_5_25_1_0,2023,5,25,28,2,1,0,0,,,2108.293107
4385978983,1,2023_5_25_1_0,2023,5,25,37,2,4,0,0,,,3167.0604107
4385978988,1,2023_5_25_1_0,2023,5,25,38,1,1,0,0,,,3167.0604107
4385978989,1,2023_5_25_1_0,2023,5,25,75,2,1,0,0,,,2669.0961719
4385978994,1,2023_5_25_1_0,2023,5,25,66,2,1,0,0,,,2669.0961719
4385978995,1,2023_5_25_1_0,2023,5,25,38,1,1,0,0,,,3167.0604107
4385978998,1,2023_5_25_1_0,2023,5,25,26,1,1,0,0,,,2639.8616499
4385979005,1,2023_5_25_1_0,2023,5,25,33,2,1,0,0,,,2639.8616499
4385979006,1,2023_5_25_1_0,2023,5,25,46,1,1,0,0,,,4988.3331117
4385979013,1,2023_5_25_1_0,2023,5,25,56,1,1,0,0,,,11493.767749
4385979018,1,2023_5_25_1_0,2023,5,25,32,2,1,0,0,,,3167.0604107
4385979033,1,2023_5_25_1_0,2023,5,25,60,1,2,0,0,,,573.68535967
4385979035,1,2023_5_25_1_0,2023,5,25,27,2,1,0,0,,,3891.0880769
4385979038,1,2023_5_25_1_0,2023,5,25,33,1,1,0,0,,,3167.0604107
4385979049,1,2023_5_25_1_0,2023,5,25,35,2,1,0,0,,,11493.767749
4385979051,1,2023_5_25_1_0,2023,5,25,-3,2,2,0,0,,,9486.6753672
4385979056,1,2023_5_25_1_0,2023,5,25,-3,-3,-3,0,0,,,4755.5363393
4385979060,1,2023_5_25_1_0,2023,5,25,28,1,1,0,2.0034569168,,,2114.2345229
4385979069,1,2023_5_25_1_0,2023,5,25,23,2,4,0,0,,,6246.0524272
4385979077,1,2023_5_25_1_0,2023,5,25,27,2,4,0,0,,,3891.0880769
4385979080,1,2023_5_25_1_0,2023,5,25,23,1,1,0,0,,,6246.0524272
4385979082,1,2023_5_25_1_0,2023,5,25,27,2,1,0,0,,,4988.3331117
4385979089,1,2023_5_25_1_0,2023,5,25,20,2,1,0,0,,,3891.0880769
4385979091,1,2023_5_25_1_0,2023,5,25,67,2,1,2.9948146248,3.0051853752,,,575.30207193
4385979094,1,2023_5_25_1_0,2023,5,25,29,1,1,0,0,,,3891.0880769
4385979099,1,2023_5_25_1_0,2023,5,25,65,2,1,0,0,,,920.89121663
4385979100,1,2023_5_25_1_0,2023,5,25,22,2,1,0,0,,,3891.0880769
4385979101,1,2023_5_25_1_0,2023,5,25,35,2,4,0,0,,,7493.4326069
4385979107,1,2023_5_25_1_0,2023,5,25,59,2,4,0,0,,,1644.5481863
4385979119,1,2023_5_25_1_0,2023,5,25,65,1,1,0,0,,,2669.0961719
4385979123,1,2023_5_25_1_0,2023,5,25,29,2,1,0,0,,,3891.0880769
4385979126,1,2023_5_25_1_0,2023,5,25,24,2,4,0,0,,,3891.0880769
4385979133,1,2023_5_25_1_0,2023,5,25,29,2,4,0,0,,,4988.3331117
4385979135,1,2023_5_25_1_0,2023,5,25,27,2,1,0,0,,,4988.3331117
4385979137,1,2023_5_25_1_0,2023,5,25,60,1,1,0,0,,,2639.8616499
4385979141,1,2023_5_25_1_0,2023,5,25,39,1,1,0,0,,,4988.3331117
4385979144,1,2023_5_25_1_0,2023,5,25,23,1,1,0,0,,,3891.0880769
4385979147,1,2023_5_25_1_0,2023,5,25,75,2,1,0,0,,,2081.9957405
4385979149,1,2023_5_25_1_0,2023,5,25,30,1,3,0,0,,,4988.3331117
4385979156,1,2023_5_25_1_0,2023,5,25,58,2,1,0,0,,,3167.0604107
4385979159,1,2023_5_25_1_0,2023,5,25,26,2,1,0,0,,,4988.3331117
4385979168,1,2023_5_25_1_0,2023,5,25,48,2,1,0,0,,,5968.3278669
4385979169,1,2023_5_25_1_0,2023,5,25,27,2,3,0,0,,,4988.3331117
4385979170,1,2023_5_25_1_0,2023,5,25,51,1,1,0,0,,,3167.0604107
4385979171,1,2023_5_25_1_0,2023,5,25,26,2,1,0,0,,,6246.0524272
4385979178,1,2023_5_25_1_0,2023,5,25,23,2,1,0,0,,,3891.0880769
4385979183,1,2023_5_25_1_0,2023,5,25,48,1,1,0,0,,,7493.4326069
4385979184,1,2023_5_25_1_0,2023,5,25,68,2,1,0,0,,,2178.8773738
4385979185,1,2023_5_25_1_0,2023,5,25,69,2,1,0,0,,,6315.2228539
4385979190,1,2023_5_25_1_0,2023,5,25,78,2,1,0,0,,,2669.0961719
4385979191,1,2023_5_25_1_0,2023,5,25,25,1,1,0,0,,,4988.3331117
4385979200,1,2023_5_25_1_0,2023,5,25,29,2,1,0,0,,,3891.0880769
4385979201,1,2023_5_25_1_0,2023,5,25,32,1,4,0,0,,,2639.8616499
4385979204,1,2023_5_25_1_0,2023,5,25,40,1,1,0,0,,,4988.3331117
4385979208,1,2023_5_25_1_0,2023,5,25,34,1,1,0,0,1,1,4988.3331117
4385979220,1,2023_5_25_1_0,2023,5,25,34,2,1,0,5.0086422921,,,5002.3908163
4385979223,1,2023_5_25_1_0,2023,5,25,90,2,1,0,0,,,2669.0961719
4385979241,1,2023_5_25_1_0,2023,5,25,26,1,1,0,0,,,4988.3331117
4385979245,1,2023_5_25_1_0,2023,5,25,63,1,1,0,0,1,1,2108.293107
4385979265,1,2023_5_25_1_0,2023,5,25,76,1,1,0,0,,,6315.2228539
4385979276,1,2023_5_25_1_0,2023,5,25,26,2,1,0,0,,,4988.3331117
4385979285,1,2023_5_25_1_0,2023,5,25,50,2,3,0,0,,,3891.0880769
4385979286,1,2023_5_25_1_0,2023,5,25,71,1,1,0,0,,,920.89121663
4385979289,1,2023_5_25_1_0,2023,5,25,70,2,1,0,0,,,2669.0961719
4385979300,1,2023_5_25_1_0,2023,5,25,69,1,1,1.9965430832,0,,,1790.1978079
4385979311,1,2023_5_25_1_0,2023,5,25,50,2,4,0,0,,,5968.3278669
4385979319,1,2023_5_25_1_0,2023,5,25,33,2,1,0,0,,,3167.0604107
4385979320,1,2023_5_25_1_0,2023,5,25,78,2,1,0,0,,,7907.4937764
4385979329,1,2023_5_25_1_0,2023,5,25,80,1,1,0,0,,,3342.0612156
4385979339,1,2023_5_25_1_0,2023,5,25,38,1,4,0,0,,,573.68535967
4385979349,1,2023_5_25_1_0,2023,5,25,55,2,1,0,0,,,1644.5481863
4385979350,1,2023_5_25_1_0,2023,5,25,79,2,1,0,0,,,735.45846784
4385979351,1,2023_5_25_1_0,2023,5,25,67,1,4,0,0,,,1940.6189483
4385979361,1,2023_5_25_1_0,2023,5,25,36,1,2,0,0,,,3891.0880769
4385979362,1,2023_5_25_1_0,2023,5,25,68,2,1,1.9965430832,0,,,1295.4989941
4385979366,1,2023_5_25_1_0,2023,5,25,62,1,4,0,0,,,9580.4792957
4385979371,1,2023_5_25_1_0,2023,5,25,66,2,1,0,0,,,2178.8773738
4385979374,1,2023_5_25_1_0,2023,5,25,68,1,1,0,0,,,920.89121663
4385979376,1,2023_5_25_1_0,2023,5,25,28,2,1,0,0,,,2108.293107
4385979377,1,2023_5_25_1_0,2023,5,25,82,1,1,0,0,,,2669.0961719
4385979382,1,2023_5_25_1_0,2023,5,25,91,2,1,0,0,,,2178.8773738
4385979384,1,2023_5_25_1_0,2023,5,25,38,1,2,0,0,,,3891.0880769
4385979386,1,2023_5_25_1_0,2023,5,25,63,2,1,1.9965430832,0,,,737.5310756
4385979396,1,2023_5_25_1_0,2023,5,25,23,2,1,0,0,,,6246.0524272
4385979399,1,2023_5_25_1_0,2023,5,25,68,1,1,0,0,,,2081.9957405
4385979402,1,2023_5_25_1_0,2023,5,25,25,1,1,0,0,,,4988.3331117
4385979403,1,2023_5_25_1_0,2023,5,25,85,1,1,0,0,,,3342.0612156
4385979410,1,2023_5_25_1_0,2023,5,25,64,2,1,0,0,,,4009.4941211
4385979414,1,2023_5_25_1_0,2023,5,25,79,1,1,0,0,,,2669.0961719
4385979416,1,2023_5_25_1_0,2023,5,25,29,2,5,0,0,,,2108.293107
4385979417,1,2023_5_25_1_0,2023,5,25,39,2,1,0,0,,,2639.8616499
4385979421,1,2023_5_25_1_0,2023,5,25,-3,2,-3,0,0,,,7633.6820724
4385979432,1,2023_5_25_1_0,2023,5,25,34,1,1,0,0,,,3167.0604107
4385979443,1,2023_5_25_1_0,2023,5,25,74,2,1,0,0,,,3342.0612156
4385979446,1,2023_5_25_1_0,2023,5,25,51,2,1,0,0,,,7493.4326069
4385979455,1,2023_5_25_1_0,2023,5,25,76,1,1,0,0,,,2669.0961719
4385979459,1,2023_5_25_1_0,2023,5,25,68,2,1,0,0,,,2669.0961719
4385979460,1,2023_5_25_1_0,2023,5,25,68,2,-3,0,0,,,920.89121663
4385979462,1,2023_5_25_1_0,2023,5,25,61,1,1,0,0,,,4988.3331117
4385979463,1,2023_5_25_1_0,2023,5,25,65,1,1,0,0,,,735.45846784
4385979471,1,2023_5_25_1_0,2023,5,25,40,1,1,0,0,,,4988.3331117
4385979472,1,2023_5_25_1_0,2023,5,25,28,1,1,0,0,,,4988.3331117
4385979473,1,2023_5_25_1_0,2023,5,25,78,2,1,0,0,,,7907.4937764
4385979474,1,2023_5_25_1_0,2023,5,25,22,1,1,0,0,,,4988.3331117
4385979476,1,2023_5_25_1_0,2023,5,25,-3,2,-3,0,0,,,2718.7209492
4385979493,1,2023_5_25_1_0,2023,5,25,51,2,1,0,0,,,2081.9957405
4385979507,1,2023_5_25_1_0,2023,5,25,78,2,1,0,0,,,4009.4941211
4385979509,1,2023_5_25_1_0,2023,5,25,37,2,1,0,0,,,2108.293107
4385979511,1,2023_5_25_1_0,2023,5,25,56,1,2,0,0,,,2108.293107
4385979514,1,2023_5_25_1_0,2023,5,25,0,1,-3,0,0,,,14734.886773
4385979520,1,2023_5_25_1_0,2023,5,25,83,1,1,0,0,,,2669.0961719
4385979523,1,2023_5_25_1_0,2023,5,25,77,1,1,0,0,,,735.45846784
4385979527,1,2023_5_25_1_0,2023,5,25,66,1,1,1.9965430832,0,,,493.28163998
4385979532,1,2023_5_25_1_0,2023,5,25,66,1,1,0,0,,1,735.45846784
4385979536,1,2023_5_25_1_0,2023,5,25,88,1,1,3.9930861664,0,,,2087.8630474
4385979538,1,2023_5_25_1_0,2023,5,25,40,1,1,0,0,,,1104.7996075
4385979539,1,2023_5_25_1_0,2023,5,25,57,1,1,0,0,,,11493.767749
4385979546,1,2023_5_25_1_0,2023,5,25,82,2,1,0,0,,,2081.9957405
4385979551,1,2023_5_25_1_0,2023,5,25,78,2,1,0,0,,,3342.0612156
4385979552,1,2023_5_25_1_0,2023,5,25,72,1,1,0,0,,,1291.8583865
4385979556,1,2023_5_25_1_0,2023,5,25,64,2,1,0,0,,,2669.0961719
4385979559,1,2023_5_25_1_0,2023,5,25,33,2,1,0,0,,,3167.0604107
4385979563,1,2023_5_25_1_0,2023,5,25,68,2,1,0,0,,,2178.8773738
4385979565,1,2023_5_25_1_0,2023,5,25,80,2,1,0,0,,,2669.0961719
4385979567,1,2023_5_25_1_0,2023,5,25,77,1,1,0,0,,1,2669.0961719
4385979568,1,2023_5_25_1_0,2023,5,25,72,2,1,0,0,,,2178.8773738
4385979570,1,2023_5_25_1_0,2023,5,25,87,1,1,0,0,,,3342.0612156
4385979573,1,2023_5_25_1_0,2023,5,25,56,2,1,0,0,,,1644.5481863
4385979579,1,2023_5_25_1_0,2023,5,25,38,2,1,0,0,,,3167.0604107
4385979588,1,2023_5_25_1_0,2023,5,25,71,2,1,0,0,,,920.89121663
4385979589,1,2023_5_25_1_0,2023,5,25,67,1,3,0,0,,,573.68535967
4385979590,1,2023_5_25_1_0,2023,5,25,81,2,1,0,0,,,3342.0612156
4385979593,1,2023_5_25_1_0,2023,5,25,43,2,1,0,0,,,3167.0604107
4385979594,1,2023_5_25_1_0,2023,5,25,67,2,1,0,0,,,3342.0612156
4385979595,1,2023_5_25_1_0,2023,5,25,66,1,1,0,0,,,573.68535967
4385979596,1,2023_5_25_1_0,2023,5,25,41,2,1,0,0,,,3167.0604107
4385979600,1,2023_5_25_1_0,2023,5,25,61,2,1,0,0,,,735.45846784
4385979601,1,2023_5_25_1_0,2023,5,25,63,2,1,0,0,,,2639.8616499
4385979602,1,2023_5_25_1_0,2023,5,25,56,2,1,0,0,,,2108.293107
4385979603,1,2023_5_25_1_0,2023,5,25,64,2,1,0,0,,,2639.8616499
4385979604,1,2023_5_25_1_0,2023,5,25,53,1,1,0,0,,,2108.293107
4385979610,1,2023_5_25_1_0,2023,5,25,68,-5,1,0,0,,,735.45846784
4385979613,1,2023_5_25_1_0,2023,5,25,31,2,1,0,0,,,3167.0604107
4385979615,1,2023_5_25_1_0,2023,5,25,59,1,1,0,0,,,2108.293107
4385979617,1,2023_5_25_1_0,2023,5,25,72,1,1,0,0,,,735.45846784
4385979619,1,2023_5_25_1_0,2023,5,25,64,2,1,0,0,,,491.8954213
4385979620,1,2023_5_25_1_0,2023,5,25,72,2,1,0,0,,,3342.0612156
4385979621,1,2023_5_25_1_0,2023,5,25,61,1,1,0,0,,,6246.0524272
4385979622,1,2023_5_25_1_0,2023,5,25,64,1,1,0,0,,,4009.4941211
4385979623,1,2023_5_25_1_0,2023,5,25,50,2,1,0,0,,,2639.8616499
4385979633,1,2023_5_25_1_0,2023,5,25,55,2,3,0,0,,,2108.293107
4385979637,1,2023_5_25_1_0,2023,5,25,72,1,2,0,0,,,573.68535967
4385979640,1,2023_5_25_1_0,2023,5,25,70,1,1,0,12.020741501,,,2087.8630474
4385979645,1,2023_5_25_1_0,2023,5,25,38,2,1,0,0,,,7493.4326069
4385979648,1,2023_5_25_1_0,2023,5,25,67,1,1,0,0,,,573.68535967
4385979650,1,2023_5_25_1_0,2023,5,25,36,1,1,0,0,,,3167.0604107
4385979655,1,2023_5_25_1_0,2023,5,25,72,1,4,0,0,,,735.45846784
4385979656,1,2023_5_25_1_0,2023,5,25,56,1,1,0,11.456812078,,,15900.474167
4385979659,1,2023_5_25_1_0,2023,5,25,85,1,1,0,0,,1,7907.4937764
4385979660,1,2023_5_25_1_0,2023,5,25,46,2,1,0,0,,,1007.6982936
4385979662,1,2023_5_25_1_0,2023,5,25,41,1,1,0,0,,,3167.0604107
4385979664,1,2023_5_25_1_0,2023,5,25,46,2,1,0,0,,,4060.1374219
4385979666,1,2023_5_25_1_0,2023,5,25,39,2,1,0,0,,,4988.3331117
4385979669,1,2023_5_25_1_0,2023,5,25,53,2,1,0,0,,,3167.0604107
4385979671,1,2023_5_25_1_0,2023,5,25,53,1,4,0,0,,,573.68535967
4385979679,1,2023_5_25_1_0,2023,5,25,42,1,1,0,0,,,3167.0604107
4385979680,1,2023_5_25_1_0,2023,5,25,36,1,1,0,0,,,7493.4326069
4385979681,1,2023_5_25_1_0,2023,5,25,37,2,1,0,0,,,6246.0524272
4385979682,1,2023_5_25_1_0,2023,5,25,72,1,1,0,0,,,615.91808754
4385979686,1,2023_5_25_1_0,2023,5,25,25,2,1,0,0,,,4988.3331117
4385979690,1,2023_5_25_1_0,2023,5,25,33,2,1,0,0,,,2108.293107
4385979699,1,2023_5_25_1_0,2023,5,25,77,2,1,0,0,,,2081.9957405
4385979704,1,2023_5_25_1_0,2023,5,25,46,2,4,0,0,,,3167.0604107
4385979710,1,2023_5_25_1_0,2023,5,25,41,2,1,0,0,,,4009.4941211
4385979723,1,2023_5_25_1_0,2023,5,25,38,1,1,0,0,,,6246.0524272
4385979728,1,2023_5_25_1_0,2023,5,25,34,2,1,0,0,,,6246.0524272
4385979738,1,2023_5_25_1_0,2023,5,25,43,1,1,0,0,,,7493.4326069
4385979741,1,2023_5_25_1_0,2023,5,25,52,1,1,0,0,,,11493.767749
4385979747,1,2023_5_25_1_0,2023,5,25,35,1,1,0,0,,,4988.3331117
4385979748,1,2023_5_25_1_0,2023,5,25,-3,2,1,0,0,,,18061.695937
4385979763,1,2023_5_25_1_0,2023,5,25,56,2,3,0,0,,,7651.332206
4385979764,1,2023_5_25_1_0,2023,5,25,44,2,1,0,0,,,11493.767749
4385979765,1,2023_5_25_1_0,2023,5,25,58,1,4,0,0,,,573.68535967
4385979781,1,2023_5_25_1_0,2023,5,25,70,1,1,0,0,,,3342.0612156
4385979783,1,2023_5_25_1_0,2023,5,25,80,1,1,0,0,,,2669.0961719
4385979791,1,2023_5_25_1_0,2023,5,25,36,2,1,0,0,,,4988.3331117
4385979797,1,2023_5_25_1_0,2023,5,25,56,1,1,0,0,,,7493.4326069
4385979799,1,2023_5_25_1_0,2023,5,25,95,1,1,0,0,,,2669.0961719
4385979800,1,2023_5_25_1_0,2023,5,25,47,2,1,0,0,,,3167.0604107
4385979810,1,2023_5_25_1_0,2023,5,25,62,2,3,0,0,,,7651.332206
4385979814,1,2023_5_25_1_0,2023,5,25,52,1,1,0,0,,,3167.0604107
4385979816,1,2023_5_25_1_0,2023,5,25,66,1,1,0,0,,,2669.0961719
4385979817,1,2023_5_25_1_0,2023,5,25,66,1,1,0,0,,,735.45846784
4385979819,1,2023_5_25_1_0,2023,5,25,75,1,1,0,0,,,2669.0961719
4385979833,1,2023_5_25_1_0,2023,5,25,68,2,1,0,0,,,2178.8773738
4385979834,1,2023_5_25_1_0,2023,5,25,43,2,1,0,0,,,7394.1555829
4385979842,1,2023_5_25_1_0,2023,5,25,75,1,1,0,0,,,2081.9957405
4385979854,1,2023_5_25_1_0,2023,5,25,73,1,1,0,0,,,2669.0961719
4385979855,1,2023_5_25_1_0,2023,5,25,66,2,1,0.9982715416,2.0034569168,,,737.5310756
4385979857,1,2023_5_25_1_0,2023,5,25,67,2,1,0,0,,,573.68535967
4385979858,1,2023_5_25_1_0,2023,5,25,75,2,1,0,0,,,2669.0961719
4385979862,1,2023_5_25_1_0,2023,5,25,43,1,1,1.9965430832,4.0069138336,,,3175.9855564
4385979869,1,2023_5_25_1_0,2023,5,25,51,2,1,0,0,,,1099.9203331
4385979871,1,2023_5_25_1_0,2023,5,25,55,2,1,0,0,,,2108.293107
4385979874,1,2023_5_25_1_0,2023,5,25,29,2,3,0,0,,,2118.2195639
4385979875,1,2023_5_25_1_0,2023,5,25,48,2,1,0,0,,,2108.293107
4385979877,1,2023_5_25_1_0,2023,5,25,72,1,1,0.9982715416,14.024198418,,,737.5310756
4385979879,1,2023_5_25_1_0,2023,5,25,69,1,1,0,0,,,2669.0961719
4385979881,1,2023_5_25_1_0,2023,5,25,72,2,1,0,0,,,2669.0961719
4385979882,1,2023_5_25_1_0,2023,5,25,83,1,1,0,0,,,2669.0961719
4385979883,1,2023_5_25_1_0,2023,5,25,60,1,1,0,0,,,3167.0604107
4385979884,1,2023_5_25_1_0,2023,5,25,35,2,1,0,0,,,3167.0604107
4385979890,1,2023_5_25_1_0,2023,5,25,78,1,1,0,0,,,735.45846784
4385979891,1,2023_5_25_1_0,2023,5,25,46,1,4,0,0,,,11493.767749
4385979898,1,2023_5_25_1_0,2023,5,25,65,1,1,6.9879007911,30.051853752,,,1.0033100716
4385979899,1,2023_5_25_1_0,2023,5,25,59,2,1,0,0,,,2108.293107
4385979902,1,2023_5_25_1_0,2023,5,25,94,2,1,0,0,,,2178.8773738
4385979904,1,2023_5_25_1_0,2023,5,25,75,1,1,0,0,,,491.8954213
4385979906,1,2023_5_25_1_0,2023,5,25,69,1,1,0,0,,,735.45846784
4385979910,1,2023_5_25_1_0,2023,5,25,66,1,1,0,0,,,3342.0612156
4385979913,1,2023_5_25_1_0,2023,5,25,73,2,1,0,0,,,920.89121663
4385979918,1,2023_5_25_1_0,2023,5,25,56,1,1,0,0,,,1644.5481863
4385979922,1,2023_5_25_1_0,2023,5,25,71,2,1,0,0,,,735.45846784
4385979925,1,2023_5_25_1_0,2023,5,25,63,1,1,0,0,,,2108.293107
4385979930,1,2023_5_25_1_0,2023,5,25,75,1,1,0,0,,,735.45846784
4385979931,1,2023_5_25_1_0,2023,5,25,68,1,1,0,0,,,573.68535967
4385979935,1,2023_5_25_1_0,2023,5,25,65,2,1,0,0,,,1392.4976279
4385979940,1,2023_5_25_1_0,2023,5,25,62,2,1,0,0,,,573.68535967
4385979943,1,2023_5_25_1_0,2023,5,25,59,1,1,0,1.0017284584,,,2114.2345229
4385979952,1,2023_5_25_1_0,2023,5,25,56,1,1,0,0,,,7651.332206
4385979955,1,2023_5_25_1_0,2023,5,25,36,2,1,0,0,,,3167.0604107
4385979957,1,2023_5_25_1_0,2023,5,25,34,2,1,0,0,,,3167.0604107
4385979962,1,2023_5_25_1_0,2023,5,25,33,1,1,0,0,,,3167.0604107
4385979965,1,2023_5_25_1_0,2023,5,25,82,2,1,0,0,,,3342.0612156
4385979966,1,2023_5_25_1_0,2023,5,25,35,1,1,4.2351081317,5.7648918683,,,1845.5337711
4385979970,1,2023_5_25_1_0,2023,5,25,75,2,1,0,0,,,735.45846784
4385979971,1,2023_5_25_1_0,2023,5,25,50,1,1,0,0,,,4988.3331117
4385979974,1,2023_5_25_1_0,2023,5,25,84,1,1,0,0,,,2669.0961719
4385979975,1,2023_5_25_1_0,2023,5,25,70,2,1,0,0,,,920.89121663
4385979977,1,2023_5_25_1_0,2023,5,25,59,1,1,0,0,,,3412.0689751
4385979981,1,2023_5_25_1_0,2023,5,25,72,2,1,0,0,,,2669.0961719
4385979982,1,2023_5_25_1_0,2023,5,25,62,2,1,0,0,,,2108.293107
4385979985,1,2023_5_25_1_0,2023,5,25,62,1,1,0,0,,,1644.5481863
4385979987,1,2023_5_25_1_0,2023,5,25,44,1,1,0,0,,,3167.0604107
4385979988,1,2023_5_25_1_0,2023,5,25,87,2,1,0,0,,,7907.4937764
4385979992,1,2023_5_25_1_0,2023,5,25,73,1,1,0,0,,,2669.0961719
4385979993,1,2023_5_25_1_0,2023,5,25,77,1,1,0,0,,,573.68535967
4385979998,1,2023_5_25_1_0,2023,5,25,70,1,1,0,0,,,2669.0961719
4385980000,1,2023_5_25_1_0,2023,5,25,58,2,1,0,0,,,2108.293107
4385980004,1,2023_5_25_1_0,2023,5,25,36,2,1,0,0,,,4988.3331117
4385980005,1,2023_5_25_1_0,2023,5,25,-3,1,1,0,0,,,9866.6722803
4385980015,1,2023_5_25_1_0,2023,5,25,72,2,1,0,0,,,3342.0612156
4385980022,1,2023_5_25_1_0,2023,5,25,66,1,1,0,0,,,2669.0961719
4385980024,1,2023_5_25_1_0,2023,5,25,46,1,4,0,0,,,3167.0604107
4385980037,1,2023_5_25_1_0,2023,5,25,63,1,1,0,0,,,2081.9957405
4385980039,1,2023_5_25_1_0,2023,5,25,75,1,1,0,0,,,735.45846784
4385980040,1,2023_5_25_1_0,2023,5,25,76,1,1,0,0,,,615.91808754
4385980042,1,2023_5_25_1_0,2023,5,25,57,1,1,0,0,,,1644.5481863
4385980055,1,2023_5_25_1_0,2023,5,25,41,1,1,0,0,,,6246.0524272
4385980060,1,2023_5_25_1_0,2023,5,25,54,2,1,0,0,,,2081.9957405
4385980065,1,2023_5_25_1_0,2023,5,25,67,2,1,0,0,,,2669.0961719
4385980076,1,2023_5_25_1_0,2023,5,25,65,1,1,0,1.0017284584,,,1745.0375723
4385980084,1,2023_5_25_1_0,2023,5,25,36,1,1,0,0,,,3891.0880769
4385980090,1,2023_5_25_1_0,2023,5,25,76,2,1,0,0,,,920.89121663
4385980094,1,2023_5_25_1_0,2023,5,25,45,1,1,0,0,,,3167.0604107
4385980096,1,2023_5_25_1_0,2023,5,25,16,2,1,0,0,,,11493.767749
4385980100,1,2023_5_25_1_0,2023,5,25,69,1,4,0.9982715416,0,,,737.5310756
4385980101,1,2023_5_25_1_0,2023,5,25,70,2,-3,0,0,,,3342.0612156
4385980114,1,2023_5_25_1_0,2023,5,25,77,1,1,0,0,,,1740.1336727
4385980117,1,2023_5_25_1_0,2023,5,25,60,1,1,0,0,,,2125.6083041
4385980120,1,2023_5_25_1_0,2023,5,25,61,2,1,0,0,,,2081.9957405
4385980121,1,2023_5_25_1_0,2023,5,25,77,2,1,0,0,,,3342.0612156
4385980124,1,2023_5_25_1_0,2023,5,25,48,2,1,0,0,,,11526.158527
4385980125,1,2023_5_25_1_0,2023,5,25,75,2,1,0,0,,,3342.0612156
4385980129,1,2023_5_25_1_0,2023,5,25,53,2,1,0,0,,,7514.5499741
4385980130,1,2023_5_25_1_0,2023,5,25,26,1,3,0,0,,,1644.5481863
4385980132,1,2023_5_25_1_0,2023,5,25,83,1,1,0,0,,,4926.1121501
4385980134,1,2023_5_25_1_0,2023,5,25,39,2,1,0,0,,,7493.4326069
4385980137,1,2023_5_25_1_0,2023,5,25,-3,1,3,0,0,,,2103.4296853
4385980138,1,2023_5_25_1_0,2023,5,25,65,1,1,0,0,,,1669.7503526
4385980139,1,2023_5_25_1_0,2023,5,25,38,2,1,0,0,,,2108.293107
4385980140,1,2023_5_25_1_0,2023,5,25,87,2,1,0,0,,,3342.0612156
4385980142,1,2023_5_25_1_0,2023,5,25,90,2,3,0,0,1,1,1740.1336727
4385980151,1,2023_5_25_1_0,2023,5,25,57,1,1,0,0,,,22667.921238
4385980152,1,2023_5_25_1_0,2023,5,25,62,2,1,0,0,,,7651.332206
4385980154,1,2023_5_25_1_0,2023,5,25,-3,-3,-3,0,0,,,9866.6722803
4385980157,1,2023_5_25_1_0,2023,5,25,78,1,1,0,0,,,735.45846784
4385980159,1,2023_5_25_1_0,2023,5,25,35,2,1,3.7419013507,0,,,5013.0889185
4385980171,1,2023_5_25_1_0,2023,5,25,72,2,1,0,0,,,383.69699178
4385980186,1,2023_5_25_1_0,2023,5,25,41,2,1,0,0,,,7493.4326069
4385980194,1,2023_5_25_1_0,2023,5,25,73,1,1,0,0,,,735.45846784
4385980198,1,2023_5_25_1_0,2023,5,25,58,2,1,0,0,,,1644.5481863
4385980199,1,2023_5_25_1_0,2023,5,25,73,2,-3,0,0,1,1,3342.0612156
4385980202,1,2023_5_25_1_0,2023,5,25,74,2,1,0,0,,,2669.0961719
4385980203,1,2023_5_25_1_0,2023,5,25,35,2,1,0,0,,,2108.293107
4385980206,1,2023_5_25_1_0,2023,5,25,85,1,1,0,0,,,735.45846784
4385980210,1,2023_5_25_1_0,2023,5,25,37,2,1,0,0,,,3167.0604107
4385980212,1,2023_5_25_1_0,2023,5,25,74,1,1,0,0,,,3342.0612156
4385980213,1,2023_5_25_1_0,2023,5,25,69,1,1,1.9965430832,0,,,1790.1978079
4385980219,1,2023_5_25_1_0,2023,5,25,50,2,1,0,0,,,11493.767749
4385980231,1,2023_5_25_1_0,2023,5,25,48,2,1,0,0,,,7493.4326069
4385980239,1,2023_5_25_1_0,2023,5,25,69,2,1,0,0,,,735.45846784
4385980243,1,2023_5_25_1_0,2023,5,25,33,2,1,0,0,,,9580.4792957
4385980247,1,2023_5_25_1_0,2023,5,25,78,1,1,0,0,,,735.45846784
4385980248,1,2023_5_25_2_1,2023,5,25,68,1,1,0,0,,,77.856259941
4385980249,1,2023_5_25_2_1,2023,5,25,50,1,5,0,0,,,304.96663447
4385980250,1,2023_5_25_2_1,2023,5,25,66,1,1,4.9913577079,15.025926876,,,257.7403258
4385980252,1,2023_5_25_2_1,2023,5,25,57,1,1,0,0,,,1555.4641869
4385980253,1,2023_5_25_2_1,2023,5,25,73,1,1,0,0,,,77.637468498
4385980254,1,2023_5_25_2_1,2023,5,25,61,1,1,0,15.025926876,,,1038.3812295
4385980257,1,2023_5_25_2_1,2023,5,25,64,2,1,0,0,,,362.22964707
4385980261,1,2023_5_25_2_1,2023,5,25,72,1,1,0,4.0069138336,,,99.810888814
4385980263,1,2023_5_25_2_1,2023,5,25,77,1,1,0.9982715416,6.0103707505,,,124.97642607
4385980264,1,2023_5_25_2_1,2023,5,25,53,2,1,0,0,,,203.01445819
4385980266,1,2023_5_25_2_1,2023,5,25,71,1,1,0,0,,,124.62521767
4385980268,1,2023_5_25_2_1,2023,5,25,61,2,1,0,0,,,285.31761692
4385980280,1,2023_5_25_2_1,2023,5,25,65,1,1,0.9982715416,0,,,77.856259941
4385980281,1,2023_5_25_2_1,2023,5,25,50,1,1,0,2.0034569168,,,1038.3812295
4385980285,1,2023_5_25_2_1,2023,5,25,83,1,1,0,0,,,701.33225835
4385980289,1,2023_5_25_2_1,2023,5,25,56,2,1,0,0,,,200.48219852
4385980291,1,2023_5_25_2_1,2023,5,25,75,1,1,0,0,,,361.21171034
4385980293,1,2023_5_25_2_1,2023,5,25,62,2,1,0,0,,,77.637468498
4385980296,1,2023_5_25_2_1,2023,5,25,-3,2,2,0.9982715416,0,1,,1035.9858862
4385980301,1,2023_5_25_2_1,2023,5,25,89,1,1,0,0,,,200.48219852
4385980304,1,2023_5_25_2_1,2023,5,25,69,2,1,0,0,,,361.21171034
4385980306,1,2023_5_25_2_1,2023,5,25,31,2,1,0,0,,,304.96663447
4385980310,1,2023_5_25_2_1,2023,5,25,67,1,1,0.9982715416,2.0034569168,,,362.22964707
4385980311,1,2023_5_25_2_1,2023,5,25,80,1,1,0,0,,,361.21171034
4385980313,1,2023_5_25_2_1,2023,5,25,69,1,1,0,0,,,361.21171034
4385980314,1,2023_5_25_2_1,2023,5,25,74,1,1,0,0,,,281.75876548
4385980321,1,2023_5_25_2_1,2023,5,25,46,2,1,0,0,,,1106.7725945
4385980322,1,2023_5_25_2_1,2023,5,25,-3,-3,1,0,0,,,587.05645805
4385980324,1,2023_5_25_2_1,2023,5,25,34,2,1,0,0,,,428.60175656
4385980325,1,2023_5_25_2_1,2023,5,25,72,2,1,0,0,,,361.21171034
4385980331,1,2023_5_25_2_1,2023,5,25,71,2,1,0,0,,,128.64484461
4385980335,1,2023_5_25_2_1,2023,5,25,55,2,1,0,0,,,203.01445819
4385980340,1,2023_5_25_2_1,2023,5,25,57,1,4,0.9982715416,0,,,1046.909349
4385980342,1,2023_5_25_2_1,2023,5,25,76,1,1,0,0,,,361.21171034
4385980346,1,2023_5_25_2_1,2023,5,25,80,1,1,0,0,,,77.637468498
4385980349,1,2023_5_25_2_1,2023,5,25,67,1,1,0,0,,,257.01602466
4385980351,1,2023_5_25_2_1,2023,5,25,72,1,-3,1.9965430832,12.020741501,,,333.13403729
4385980352,1,2023_5_25_2_1,2023,5,25,42,2,1,0,0,,,428.60175656
4385980353,1,2023_5_25_2_1,2023,5,25,54,1,1,0,0,,,1106.7725945
4385980356,1,2023_5_25_2_1,2023,5,25,63,2,1,0,0,,,736.77187345
4385980359,1,2023_5_25_2_1,2023,5,25,63,1,1,0,0,,,254.20093666
4385980361,1,2023_5_25_2_1,2023,5,25,37,2,1,0,0,,,428.60175656
4385980362,1,2023_5_25_2_1,2023,5,25,55,2,1,0,0,,,158.80521272
4385980363,1,2023_5_25_2_1,2023,5,25,44,1,1,0,10.017284584,,,305.82606602
4385980365,1,2023_5_25_2_1,2023,5,25,62,1,1,0,2.0034569168,,,738.84818254
4385980367,1,2023_5_25_2_1,2023,5,25,25,1,1,0,0,,,675.07658734
4385980368,1,2023_5_25_2_1,2023,5,25,59,1,1,0,0,,,203.01445819
4385980369,1,2023_5_25_2_1,2023,5,25,71,1,1,0,0,,,666.65615642
4385980370,1,2023_5_25_2_1,2023,5,25,75,1,1,0,0,,,124.62521767
4385980372,1,2023_5_25_2_1,2023,5,25,63,1,1,0.9982715416,1.0017284584,,,223.18570436
4385980374,1,2023_5_25_2_1,2023,5,25,-3,1,-3,0,0,,,227.33977184
4385980375,1,2023_5_25_2_1,2023,5,25,80,1,3,0,0,,,184.212033
4385980384,1,2023_5_25_2_1,2023,5,25,76,2,1,0,0,,,361.21171034
4385980387,1,2023_5_25_2_1,2023,5,25,58,1,1,0,5.0086422921,,,847.66723288
4385980390,1,2023_5_25_2_1,2023,5,25,60,2,1,0,0,,,99.530400534
4385980396,1,2023_5_25_2_0,2023,5,25,90,2,1,0,0,,,3150.5615223
4385980401,1,2023_5_25_2_0,2023,5,25,-3,1,4,0,0,,,4691.6544859
4385980403,1,2023_5_25_2_0,2023,5,25,76,2,1,0,0,,,2054.0279704
4385980404,1,2023_5_25_2_0,2023,5,25,88,2,1,0,0,,,3150.5615223
4385980409,1,2023_5_25_2_0,2023,5,25,22,2,1,0,0,,,5888.1543977
4385980410,1,2023_5_25_2_0,2023,5,25,46,1,1,0,0,,,2985.5882419
4385980412,1,2023_5_25_2_0,2023,5,25,95,2,1,0,0,,,3150.5615223
4385980413,1,2023_5_25_2_0,2023,5,25,38,2,1,0,0,,,2985.5882419
4385980416,1,2023_5_25_2_0,2023,5,25,73,1,1,0,0,,,868.12426412
4385980417,1,2023_5_25_2_0,2023,5,25,53,2,1,0,0,,,5510.9888058
4385980424,1,2023_5_25_2_0,2023,5,25,65,1,1,0,0,,,7454.3953636
4385980426,1,2023_5_25_2_0,2023,5,25,72,2,1,0,0,,,3150.5615223
4385980428,1,2023_5_25_2_0,2023,5,25,45,1,1,0,0,,,2488.5979047
4385980429,1,2023_5_25_2_0,2023,5,25,67,1,1,0,0,,,693.31678884
4385980431,1,2023_5_25_2_0,2023,5,25,82,2,1,0,0,,,2516.1572922
4385980434,1,2023_5_25_2_0,2023,5,25,81,2,1,0,0,,,3150.5615223
4385980436,1,2023_5_25_2_0,2023,5,25,76,1,1,0,0,,,2516.1572922
4385980444,1,2023_5_25_2_0,2023,5,25,64,2,1,0,0,,,2488.5979047
4385980447,1,2023_5_25_2_0,2023,5,25,64,2,1,0,0,,,1987.4881734
4385980449,1,2023_5_25_2_0,2023,5,25,75,1,5,0,0,,,1640.424229
4385980451,1,2023_5_25_2_0,2023,5,25,33,2,1,0,0,,,2985.5882419
4385980452,1,2023_5_25_2_0,2023,5,25,65,1,1,0,0,,,693.31678884
4385980455,1,2023_5_25_2_0,2023,5,25,37,2,5,0,0,,,5888.1543977
4385980464,1,2023_5_25_2_0,2023,5,25,71,1,1,0,0,,,2516.1572922
4385980466,1,2023_5_25_2_0,2023,5,25,69,1,1,0,0,,,2516.1572922
4385980470,1,2023_5_25_2_0,2023,5,25,41,2,3,0,0,,,1987.4881734
4385980474,1,2023_5_25_2_0,2023,5,25,44,1,1,0,0,,,2488.5979047
4385980478,1,2023_5_25_2_0,2023,5,25,91,1,1,0,0,,,7454.3953636
4385980480,1,2023_5_25_2_0,2023,5,25,68,1,1,0,0,,,693.31678884
4385980490,1,2023_5_25_2_0,2023,5,25,54,1,3,0,0,,,2247.649281
4385980493,1,2023_5_25_2_0,2023,5,25,39,2,3,0,0,,,2488.5979047
4385980498,1,2023_5_25_2_0,2023,5,25,73,2,1,0,0,,,3150.5615223
4385980499,1,2023_5_25_2_0,2023,5,25,-3,-3,-3,0,0,1,1,1235.2845202
4385980501,1,2023_5_25_2_0,2023,5,25,59,1,1,0,0,,,7212.9118194
4385980503,1,2023_5_25_2_0,2023,5,25,38,1,1,0,0,,,5888.1543977
4385980504,1,2023_5_25_2_0,2023,5,25,53,2,1,0,0,,,1987.4881734
4385980505,1,2023_5_25_2_0,2023,5,25,40,1,1,0,6.0103707505,,,2994.0019778
4385980514,1,2023_5_25_2_0,2023,5,25,82,2,1,0,0,,,2516.1572922
4385980515,1,2023_5_25_2_0,2023,5,25,81,2,1,0,0,,,3150.5615223
4385980516,1,2023_5_25_2_0,2023,5,25,29,2,2,0,0,,,5888.1543977
4385980517,1,2023_5_25_2_0,2023,5,25,77,2,1,0,0,,,3150.5615223
4385980518,1,2023_5_25_2_0,2023,5,25,72,2,1,0,0,,,868.12426412
4385980522,1,2023_5_25_2_0,2023,5,25,47,1,4,0,0,,,4702.5022429
4385980524,1,2023_5_25_2_0,2023,5,25,34,1,1,0,0,,,1987.4881734
4385980528,1,2023_5_25_2_0,2023,5,25,65,2,1,0,0,,,2516.1572922
4385980536,1,2023_5_25_2_0,2023,5,25,93,1,1,0,0,,,2516.1572922
4385980540,1,2023_5_25_2_0,2023,5,25,48,1,1,0,0,,,5888.1543977
4385980541,1,2023_5_25_2_0,2023,5,25,81,1,1,0,0,,,1962.6976427
4385980542,1,2023_5_25_2_0,2023,5,25,71,1,1,0,0,,,2054.0279704
4385980546,1,2023_5_25_2_0,2023,5,25,73,2,1,0,0,,,3150.5615223
4385980549,1,2023_5_25_2_0,2023,5,25,55,2,1,0,0,,,2667.3512861
4385980562,1,2023_5_25_2_0,2023,5,25,67,2,1,0,0,,,2516.1572922
4385980563,1,2023_5_25_2_0,2023,5,25,29,2,1,0,0,,,2985.5882419
4385980568,1,2023_5_25_2_0,2023,5,25,56,1,1,0,0,,,1041.494727
4385980574,1,2023_5_25_2_0,2023,5,25,44,2,1,0,0,,,2985.5882419
4385980575,1,2023_5_25_2_0,2023,5,25,48,2,1,0,0,,,1550.3157792
4385980577,1,2023_5_25_2_0,2023,5,25,69,2,1,0,0,,,540.8132597
4385980581,1,2023_5_25_2_0,2023,5,25,79,2,1,0,0,,,949.95730639
4385980582,1,2023_5_25_2_0,2023,5,25,82,2,1,0,0,,,3150.5615223
4385980586,1,2023_5_25_2_0,2023,5,25,77,2,1,0,0,,,3150.5615223
4385980588,1,2023_5_25_2_0,2023,5,25,74,2,1,0,0,,,7454.3953636
4385980591,1,2023_5_25_2_0,2023,5,25,43,2,1,0,0,,,1987.4881734
4385980593,1,2023_5_25_2_0,2023,5,25,34,1,1,0,0,,,2985.5882419
4385980595,1,2023_5_25_2_0,2023,5,25,60,1,1,0,0,,,1550.3157792
4385980619,1,2023_5_25_2_0,2023,5,25,48,1,1,0,0,,,4298.7792424
4385980620,1,2023_5_25_2_0,2023,5,25,39,2,1,0,0,,,2985.5882419
4385980627,1,2023_5_25_2_0,2023,5,25,74,2,3,0,0,1,1,3607.9715928
4385980630,1,2023_5_25_2_0,2023,5,25,68,2,3,0,0,,,540.8132597
4385980637,1,2023_5_25_2_0,2023,5,25,34,2,2,0,0,,,7064.0598478
4385980645,1,2023_5_25_2_0,2023,5,25,56,2,1,0,0,,,21369.052162
4385980647,1,2023_5_25_2_0,2023,5,25,60,1,2,0,0,,,2488.5979047
4385980652,1,2023_5_25_2_0,2023,5,25,59,1,1,0,0,,,1987.4881734
4385980655,1,2023_5_25_2_0,2023,5,25,83,1,1,0,0,,,2516.1572922
4385980663,1,2023_5_25_2_0,2023,5,25,58,2,3,0,0,,,1987.4881734
4385980666,1,2023_5_25_2_0,2023,5,25,76,1,1,4.9913577079,6.0103707505,,,1044.4297807
4385980668,1,2023_5_25_2_0,2023,5,25,81,2,1,0,0,,,2516.1572922
4385980669,1,2023_5_25_2_0,2023,5,25,65,1,1,0,0,,,2054.0279704
4385980671,1,2023_5_25_2_0,2023,5,25,30,2,2,0,0,,,2985.5882419
4385980678,1,2023_5_25_2_0,2023,5,25,71,2,1,0,0,,,868.12426412
4385980681,1,2023_5_25_2_0,2023,5,25,55,2,1,0,0,,,1987.4881734
4385980685,1,2023_5_25_2_0,2023,5,25,39,1,1,0,0,,,1987.4881734
4385980694,1,2023_5_25_2_0,2023,5,25,48,2,1,0,0,,,10835.176282
4385980703,1,2023_5_25_2_0,2023,5,25,70,2,1,0,0,,,1217.8350611
4385980708,1,2023_5_25_2_0,2023,5,25,67,1,1,0,0,,,868.12426412
4385980709,1,2023_5_25_2_0,2023,5,25,57,2,1,0,0,,,1993.089147
4385980711,1,2023_5_25_2_0,2023,5,25,83,2,1,0,0,,1,3150.5615223
4385980713,1,2023_5_25_2_0,2023,5,25,79,2,1,0,0,,,7454.3953636
4385980714,1,2023_5_25_2_0,2023,5,25,66,2,1,0,0,,,5953.3613675
4385980715,1,2023_5_25_2_0,2023,5,25,65,1,1,0,0,,,1962.6976427
4385980721,1,2023_5_25_2_0,2023,5,25,40,2,1,0,0,,,2985.5882419
4385980723,1,2023_5_25_2_0,2023,5,25,47,2,1,0,0,,,7064.0598478
4385980725,1,2023_5_25_2_0,2023,5,25,30,2,1,0,0,,,2985.5882419
4385980727,1,2023_5_25_2_0,2023,5,25,53,1,1,0,0,,,2488.5979047
4385980730,1,2023_5_25_2_0,2023,5,25,81,1,1,0,0,,,693.31678884
4385980732,1,2023_5_25_2_0,2023,5,25,23,2,1,0,0,,,540.8132597
4385980738,1,2023_5_25_2_0,2023,5,25,62,1,1,0,0,,,5888.1543977
4385980750,1,2023_5_25_2_0,2023,5,25,89,2,1,0,0,,,2516.1572922
4385980751,1,2023_5_25_2_0,2023,5,25,57,2,1,0,0,,,4702.5022429
4385980754,1,2023_5_25_2_0,2023,5,25,28,2,1,0,0,,,2488.5979047
4385980755,1,2023_5_25_2_0,2023,5,25,38,1,1,0,0,,,1987.4881734
4385980765,1,2023_5_25_2_0,2023,5,25,54,1,1,0,0,,,1987.4881734
4385980766,1,2023_5_25_2_0,2023,5,25,67,2,1,0,0,,,2054.0279704
4385980771,1,2023_5_25_2_0,2023,5,25,69,1,1,0,0,,,693.31678884
4385980780,1,2023_5_25_2_0,2023,5,25,47,2,1,0,0,,,5888.1543977
4385980782,1,2023_5_25_2_0,2023,5,25,57,2,4,0,0,,,1041.494727
4385980805,1,2023_5_25_2_0,2023,5,25,77,2,1,0,0,,,2054.0279704
4385980807,1,2023_5_25_2_0,2023,5,25,65,2,1,0,0,,,540.8132597
4385980808,1,2023_5_25_2_0,2023,5,25,88,1,1,0,0,,,3150.5615223
4385980809,1,2023_5_25_2_0,2023,5,25,35,2,1,0,0,,,2985.5882419
4385980815,1,2023_5_25_2_0,2023,5,25,70,2,1,0,0,,,693.31678884
4385980819,1,2023_5_25_2_0,2023,5,25,54,2,1,0,0,,,5626.3434202
4385980820,1,2023_5_25_2_0,2023,5,25,58,2,1,0,0,,,1550.3157792
4385980823,1,2023_5_25_2_0,2023,5,25,84,2,1,0,0,,,7454.3953636
4385980824,1,2023_5_25_2_0,2023,5,25,62,2,1,0,0,,,2488.5979047
4385980828,1,2023_5_25_2_0,2023,5,25,78,2,1,0,0,,,7454.3953636
4385980832,1,2023_5_25_2_0,2023,5,25,61,1,1,0,0,,,693.31678884
4385980834,1,2023_5_25_2_0,2023,5,25,66,1,1,0,0,,,540.8132597
4385980839,1,2023_5_25_2_0,2023,5,25,30,1,1,0,0,,,2985.5882419
4385980848,1,2023_5_25_2_0,2023,5,25,76,1,1,0,0,,,1962.6976427
4385980852,1,2023_5_25_2_0,2023,5,25,61,2,1,0,0,,,1554.6847499
4385980858,1,2023_5_25_2_0,2023,5,25,66,1,1,0,0,,,7454.3953636
4385980859,1,2023_5_25_2_0,2023,5,25,35,1,1,0,0,,,1987.4881734
4385980865,1,2023_5_25_2_0,2023,5,25,60,2,1,0,0,,,2488.5979047
4385980868,1,2023_5_25_2_0,2023,5,25,57,2,1,0,0,,,7212.9118194
4385980870,1,2023_5_25_2_0,2023,5,25,61,2,1,0,0,,,2488.5979047
4385980876,1,2023_5_25_2_0,2023,5,25,55,1,3,0,0,,,1550.3157792
4385980877,1,2023_5_25_2_0,2023,5,25,55,1,1,0,0,,,1987.4881734
4385980878,1,2023_5_25_2_0,2023,5,25,48,1,1,0,0,,,1550.3157792
4385980881,1,2023_5_25_2_0,2023,5,25,76,1,1,0,0,,,2516.1572922
4385980882,1,2023_5_25_2_0,2023,5,25,48,2,1,0,0,,,1550.3157792
4385980883,1,2023_5_25_2_0,2023,5,25,70,2,1,0,0,,,2516.1572922
4385980888,1,2023_5_25_2_0,2023,5,25,36,2,1,0,0,,,3827.4920511
4385980889,1,2023_5_25_2_0,2023,5,25,79,2,1,0,0,,,2516.1572922
4385980891,1,2023_5_25_2_0,2023,5,25,68,1,1,0,0,,,693.31678884
4385980893,1,2023_5_25_2_0,2023,5,25,39,2,1,0,0,,,1987.4881734
4385980894,1,2023_5_25_2_0,2023,5,25,55,2,1,0,0,,,2985.5882419
4385980895,1,2023_5_25_2_0,2023,5,25,-3,-3,-3,0,0,,,3452.2882329
4385980897,1,2023_5_25_2_0,2023,5,25,68,2,1,0,0,,,693.31678884
4385980907,1,2023_5_25_2_0,2023,5,25,44,1,4,0,0,,,2985.5882419
4385980908,1,2023_5_25_2_0,2023,5,25,90,2,1,0,0,,,2516.1572922
4385980912,1,2023_5_25_2_0,2023,5,25,53,2,1,0,0,,,2985.5882419
4385980914,1,2023_5_25_2_0,2023,5,25,51,1,-3,0,0,,,7212.9118194
4385980917,1,2023_5_25_2_0,2023,5,25,74,2,1,0,0,,,3150.5615223
4385980918,1,2023_5_25_2_0,2023,5,25,78,1,1,0,0,,,693.31678884
4385980920,1,2023_5_25_2_0,2023,5,25,71,1,1,0,0,,,693.31678884
4385980925,1,2023_5_25_2_0,2023,5,25,44,1,1,0,0,,,10835.176282
4385980931,1,2023_5_25_2_0,2023,5,25,52,1,1,0,0,,,2488.5979047
4385980934,1,2023_5_25_2_0,2023,5,25,51,2,4,0,0,,,1550.3157792
4385980936,1,2023_5_25_2_0,2023,5,25,75,1,1,0,0,,,1962.6976427
4385980942,1,2023_5_25_2_0,2023,5,25,65,2,1,0,0,,,693.31678884
4385980948,1,2023_5_25_2_0,2023,5,25,58,2,1,0,0,,,3827.4920511
4385980949,1,2023_5_25_2_0,2023,5,25,66,1,1,0,0,,,1499.5892102
4385980951,1,2023_5_25_2_0,2023,5,25,68,1,1,0,0,,,663.28595461
4385980953,1,2023_5_25_2_0,2023,5,25,60,2,1,0,0,,,5953.3613675
4385980954,1,2023_5_25_2_0,2023,5,25,52,2,1,0,0,,,5888.1543977
4385980961,1,2023_5_25_2_0,2023,5,25,45,2,1,0,0,,,2985.5882419
4385980963,1,2023_5_25_2_0,2023,5,25,71,1,1,0,0,,,2516.1572922
4385980970,1,2023_5_25_2_0,2023,5,25,64,2,1,0,0,,,693.31678884
4385980972,1,2023_5_25_2_0,2023,5,25,58,2,1,0,0,,,1962.6976427
4385980975,1,2023_5_25_2_0,2023,5,25,57,1,1,0,0,,,2985.5882419
4385980977,1,2023_5_25_2_0,2023,5,25,75,2,1,0,0,,,2516.1572922
4385980978,1,2023_5_25_2_0,2023,5,25,64,1,1,6.9879007911,0,,,1522.8096853
4385980982,1,2023_5_25_2_0,2023,5,25,61,2,1,0,0,,,21369.052162
4385980985,1,2023_5_25_2_0,2023,5,25,75,1,1,0,0,,,2516.1572922
4385980987,1,2023_5_25_2_0,2023,5,25,68,2,1,0,0,,,1640.424229
4385980988,1,2023_5_25_2_0,2023,5,25,76,1,1,0,0,,,5953.3613675
4385980990,1,2023_5_25_2_0,2023,5,25,74,1,1,0,0,,,2054.0279704
4385980994,1,2023_5_25_2_0,2023,5,25,61,2,1,0,0,,,7212.9118194
4385980997,1,2023_5_25_2_0,2023,5,25,52,1,1,0,0,,,2985.5882419
4385981000,1,2023_5_25_2_0,2023,5,25,78,2,1,0,0,,,1217.8350611
4385981002,1,2023_5_25_2_0,2023,5,25,78,2,1,0,0,,,3150.5615223
4385981003,1,2023_5_25_2_0,2023,5,25,55,1,1,0,0,,,2985.5882419
4385981004,1,2023_5_25_2_0,2023,5,25,71,1,1,0,0,,,693.31678884
4385981008,1,2023_5_25_2_0,2023,5,25,75,2,1,0,0,,,3150.5615223
4385981011,1,2023_5_25_2_0,2023,5,25,46,1,-3,0,0,,,2985.5882419
4385981013,1,2023_5_25_2_0,2023,5,25,39,2,1,0,0,,,2985.5882419
4385981014,1,2023_5_25_2_0,2023,5,25,68,1,1,0,0,,,2516.1572922
4385981023,1,2023_5_25_2_0,2023,5,25,37,1,1,0,0,,,10835.176282
4385981034,1,2023_5_25_2_0,2023,5,25,64,2,1,0,0,,,5888.1543977
4385981037,1,2023_5_25_2_0,2023,5,25,82,2,1,0,0,,,896.12450153
4385981055,1,2023_5_25_2_0,2023,5,25,58,2,1,0,0,,,21369.052162
4385981064,1,2023_5_25_2_0,2023,5,25,34,1,1,0,0,,,1987.4881734
4385981065,1,2023_5_25_2_0,2023,5,25,69,2,1,0,0,,,3150.5615223
4385981068,1,2023_5_25_2_0,2023,5,25,55,2,1,0,0,,,1550.3157792
4385981070,1,2023_5_25_2_0,2023,5,25,66,1,1,0,0,,,2516.1572922
4385981072,1,2023_5_25_2_0,2023,5,25,59,2,2,0,0,,,7064.0598478
4385981084,1,2023_5_25_2_0,2023,5,25,51,2,4,0,0,,,1041.494727
4385981085,1,2023_5_25_2_0,2023,5,25,71,2,1,0,0,,,3150.5615223
4385981093,1,2023_5_25_2_0,2023,5,25,38,2,4,0,0,,,1987.4881734
4385981102,1,2023_5_25_2_0,2023,5,25,69,1,1,0,0,,,693.31678884
4385981103,1,2023_5_25_2_0,2023,5,25,59,1,1,0,0,,,7064.0598478
4385981104,1,2023_5_25_2_0,2023,5,25,88,2,1,0,0,,,540.8132597
4385981109,1,2023_5_25_2_0,2023,5,25,80,2,1,0,0,,,2516.1572922
4385981110,1,2023_5_25_2_0,2023,5,25,35,2,1,0,0,,,2985.5882419
4385981111,1,2023_5_25_2_0,2023,5,25,72,2,1,0,0,,,3150.5615223
4385981113,1,2023_5_25_2_0,2023,5,25,93,1,1,0,0,,,2516.1572922
4385981118,1,2023_5_25_2_0,2023,5,25,41,1,1,0,0,,,2985.5882419
4385981119,1,2023_5_25_2_0,2023,5,25,67,2,1,0,0,,,2516.1572922
4385981124,1,2023_5_24_1_1,2023,5,24,44,1,1,0,0,,,232.73077282
4385981126,1,2023_5_24_1_1,2023,5,24,78,1,1,0,0,,,95.065700794
4385981131,1,2023_5_24_1_1,2023,5,24,80,1,1,2.0003658558,1.9996341442,,,369.16836514
4385981133,1,2023_5_24_1_1,2023,5,24,66,1,2,0,0,,,187.64229074
4385981148,1,2023_5_24_1_1,2023,5,24,38,1,1,0,9.9981707212,,,2467.650916
4385981150,1,2023_5_24_1_1,2023,5,24,62,2,1,0,0,,,1426.3203357
4385981153,1,2023_5_24_1_1,2023,5,24,46,2,1,0,0,,,373.27138562
4385981157,1,2023_5_24_1_1,2023,5,24,53,2,1,0,0,,,1449.5237087
4385981158,1,2023_5_24_1_1,2023,5,24,70,2,1,0,0,,,77.248111172
4385981159,1,2023_5_24_1_1,2023,5,24,63,2,1,0,0,,,189.11145094
4385981168,1,2023_5_24_1_1,2023,5,24,78,1,1,0,3.9992682885,,,369.16836514
4385981177,1,2023_5_24_1_1,2023,5,24,28,1,1,1.0001829279,1.9996341442,,,236.51683601
4385981184,1,2023_5_24_1_1,2023,5,24,40,1,1,10.001829279,0,,,148.86117868
4385981185,1,2023_5_24_1_1,2023,5,24,-3,-3,-3,0,0,,,1232.0132751
4385981189,1,2023_5_24_1_1,2023,5,24,33,2,1,0,0,,,358.5941184
4385981190,1,2023_5_24_1_1,2023,5,24,56,2,3,0,0,,,373.27138562
4385981191,1,2023_5_24_1_1,2023,5,24,51,1,1,0,0,,,373.27138562
4385981196,1,2023_5_24_1_1,2023,5,24,57,2,1,0,0,,,2704.5960506
4385981197,1,2023_5_24_1_1,2023,5,24,60,1,1,0,0,,,459.3679421
4385981201,1,2023_5_24_1_1,2023,5,24,73,1,1,0,0,,,363.25887141
4385981207,1,2023_5_24_1_1,2023,5,24,80,1,1,0,0,,,643.71875942
4385981217,1,2023_5_24_1_1,2023,5,24,37,1,3,0,1.9996341442,,1,192.1879152
4385981227,1,2023_5_24_1_1,2023,5,24,70,1,1,4.0007317115,0,,,96.612229198
4385981228,1,2023_5_24_1_1,2023,5,24,46,2,1,0,0,,,364.42772595
4385981232,1,2023_5_24_1_1,2023,5,24,53,2,1,0,0,,,364.42772595
4385981246,1,2023_5_24_1_1,2023,5,24,68,2,1,0,0,,,717.0065144
4385981248,1,2023_5_24_1_1,2023,5,24,67,1,2,0,0,,,363.25887141
4385981249,1,2023_5_24_1_1,2023,5,24,54,2,2,1.0001829279,0,,,1449.5237087
4385981252,1,2023_5_24_1_1,2023,5,24,71,2,1,0,0,,,295.17545707
4385981264,1,2023_5_24_1_1,2023,5,24,-3,-3,2,0,0,,,1632.2236818
4385981265,1,2023_5_24_1_1,2023,5,24,40,1,5,0,0,,,459.3679421
4385981271,1,2023_5_24_1_1,2023,5,24,75,2,2,10.001829279,1.9996341442,,,190.69485471
4385981274,1,2023_5_24_1_1,2023,5,24,74,1,2,7.0012804951,2.9994512164,,,728.67077324
4385981275,1,2023_5_24_1_1,2023,5,24,66,2,2,0,0,,,187.64229074
4385981282,1,2023_5_24_1_1,2023,5,24,61,1,1,35.006402476,34.993597524,,,719.31361928
4385981292,1,2023_5_24_1_1,2023,5,24,68,1,2,2.0003658558,0,,,729.28796853
4385981293,1,2023_5_24_1_1,2023,5,24,25,1,5,0,0,,,459.75703378
4385981295,1,2023_5_24_1_1,2023,5,24,58,1,2,0,0,,,3328.4220807
4385981296,1,2023_5_24_1_1,2023,5,24,53,2,1,0,0,,,236.51683601
4385981302,1,2023_5_24_1_1,2023,5,24,55,1,1,0,0,,,707.79914588
4385981307,1,2023_5_24_1_1,2023,5,24,36,1,1,0,0,,,707.79914588
4385981330,1,2023_5_24_1_1,2023,5,24,84,1,1,0,9.9981707212,,,369.16836514
4385981331,1,2023_5_24_1_1,2023,5,24,74,1,1,0,0,,,187.64229074
4385981333,1,2023_5_24_1_1,2023,5,24,55,1,1,0,0,,,373.27138562
4385981334,1,2023_5_24_1_1,2023,5,24,51,1,1,0,0,,,707.79914588
4385981335,1,2023_5_24_1_1,2023,5,24,73,1,1,3.0005487836,2.9994512164,,,96.612229198
4385981338,1,2023_5_24_1_1,2023,5,24,78,1,1,0,0,,,717.0065144
4385981342,1,2023_5_24_1_1,2023,5,24,46,1,4,0,0,,,707.79914588
4385981344,1,2023_5_24_1_1,2023,5,24,55,2,1,0,0,,,373.27138562
4385981349,1,2023_5_24_1_1,2023,5,24,56,1,1,0,0,,,707.79914588
4385981352,1,2023_5_24_1_1,2023,5,24,33,2,1,0,0,,,719.31361928
4385981355,1,2023_5_24_1_1,2023,5,24,57,2,1,0,0,,,2704.5960506
4385981357,1,2023_5_24_1_1,2023,5,24,47,1,4,0,0,,,2428.1497859
4385981365,1,2023_5_24_1_1,2023,5,24,73,2,1,17.003109774,0,,,369.16836514
4385981368,1,2023_5_24_1_1,2023,5,24,55,2,1,0,0,,,379.34376289
4385981369,1,2023_5_24_1_1,2023,5,24,67,1,1,0,9.9981707212,,,369.16836514
4385981370,1,2023_5_24_1_1,2023,5,24,31,2,3,0,0,,,1249.035536
4385981371,1,2023_5_24_1_1,2023,5,24,50,1,1,0,0,,,2704.5960506
4385981381,1,2023_5_24_1_1,2023,5,24,53,1,3,0,0,,,1280.5311229
4385981390,1,2023_5_24_1_1,2023,5,24,51,2,2,0,0,,,1575.8908114
4385981393,1,2023_5_24_1_1,2023,5,24,42,1,3,5.380396187,0,1,,1261.9541827
4385981394,1,2023_5_24_1_1,2023,5,24,35,2,2,0,0,,,707.79914588
4385981396,1,2023_5_24_1_1,2023,5,24,85,1,2,0,0,,,717.0065144
4385981398,1,2023_5_24_1_1,2023,5,24,74,2,3,0,3.9992682885,,,654.74488298
4385981403,1,2023_5_24_1_1,2023,5,24,62,2,1,0,0,,,2428.1497859
4385981406,1,2023_5_24_1_1,2023,5,24,41,1,2,0,0,,,707.79914588
4385981407,1,2023_5_24_1_1,2023,5,24,50,2,1,0,0,,,459.3679421
4385981409,1,2023_5_24_1_1,2023,5,24,44,2,1,0,0,,,707.79914588
4385981412,1,2023_5_24_1_1,2023,5,24,79,2,1,0,0,,,717.61382989
4385981415,1,2023_5_24_1_1,2023,5,24,48,1,1,5.0009146394,0,,,78.504783107
4385981418,1,2023_5_24_1_1,2023,5,24,71,1,1,0,0.9998170721,,,729.28796853
4385981419,1,2023_5_24_1_1,2023,5,24,78,1,1,0,1.9996341442,,,331.71509948
4385981421,1,2023_5_24_1_1,2023,5,24,48,2,1,0,0,,,459.3679421
4385981423,1,2023_5_24_1_1,2023,5,24,72,1,1,20.003658558,0,,,226.06266806
4385981424,1,2023_5_24_1_1,2023,5,24,40,2,1,0,0,,,154.95407085
4385981427,1,2023_5_24_1_1,2023,5,24,57,1,1,0,2.9994512164,,,1449.5237087
4385981431,1,2023_5_24_1_1,2023,5,24,55,2,2,0,0,,,1575.8908114
4385981435,1,2023_5_24_1_1,2023,5,24,67,1,1,0,0,,,187.64229074
4385981436,1,2023_5_24_1_1,2023,5,24,56,1,1,15.002743918,19.996341442,,,96.612229198
4385981439,1,2023_5_24_1_1,2023,5,24,58,1,1,2.0003658558,19.996341442,,,236.71716939
4385981440,1,2023_5_24_1_1,2023,5,24,47,2,1,0,0,,,358.5941184
4385981442,1,2023_5_24_1_1,2023,5,24,64,2,3,0,0,,,459.3679421
4385981445,1,2023_5_24_1_1,2023,5,24,41,2,1,0,0,,,707.79914588
4385981446,1,2023_5_24_1_1,2023,5,24,36,2,1,0,0,,,358.5941184
4385981458,1,2023_5_24_1_1,2023,5,24,44,1,1,0,0,,,459.3679421
4385981475,1,2023_5_24_1_1,2023,5,24,57,2,1,0,0,,,232.73077282
4385981478,1,2023_5_24_1_1,2023,5,24,66,1,1,0,0,,,363.25887141
4385981481,1,2023_5_24_1_1,2023,5,24,62,1,1,0,0,,,189.11145094
4385981498,1,2023_5_24_1_1,2023,5,24,75,1,1,0,0,,,717.0065144
4385981499,1,2023_5_24_1_1,2023,5,24,63,2,1,0,0,,,373.27138562
4385981504,1,2023_5_24_1_1,2023,5,24,35,1,3,0,0,,,1575.8908114
4385981511,1,2023_5_24_1_1,2023,5,24,53,1,1,0,2.9994512164,,,236.71716939
4385981514,1,2023_5_24_1_1,2023,5,24,45,1,1,2.0003658558,0,,,192.1879152
4385981521,1,2023_5_24_1_1,2023,5,24,37,2,1,0,0,,,358.5941184
4385981530,1,2023_5_24_1_1,2023,5,24,38,1,1,0,0,,,707.79914588
4385981532,1,2023_5_24_1_1,2023,5,24,62,2,1,0,0,,,232.92789934
4385981535,1,2023_5_24_1_1,2023,5,24,65,1,2,0,0,,,187.64229074
4385981536,1,2023_5_24_1_1,2023,5,24,38,1,5,0,0,,,459.3679421
4385981538,1,2023_5_24_1_1,2023,5,24,50,2,1,5.0009146394,9.9981707212,,,364.42772595
4385981548,1,2023_5_24_1_1,2023,5,24,72,1,1,0,0,,,187.64229074
4385981549,1,2023_5_24_1_1,2023,5,24,64,1,1,0,0,,,358.5941184
4385981550,1,2023_5_24_1_1,2023,5,24,67,2,1,0,0,,,949.92078126
4385981552,1,2023_5_24_1_1,2023,5,24,63,2,1,0,0,,,187.64229074
4385981554,1,2023_5_24_1_1,2023,5,24,19,2,1,0,0,,,373.27138562
4385981558,1,2023_5_24_1_1,2023,5,24,65,1,1,0,0,,,1012.6180952
4385981561,1,2023_5_24_1_1,2023,5,24,-3,-3,-3,30.005487836,0,1,,634.33220963
4385981573,1,2023_5_24_1_1,2023,5,24,61,1,1,0,0,,,373.27138562
4385981574,1,2023_5_24_1_1,2023,5,24,40,1,1,0,0,,,289.12129243
4385981581,1,2023_5_24_1_1,2023,5,24,43,1,1,1.0001829279,0.9998170721,,,364.42772595
4385981584,1,2023_5_24_1_1,2023,5,24,62,1,2,0,0,,,2704.5960506
4385981585,1,2023_5_24_1_1,2023,5,24,53,1,1,3.0005487836,0,,,192.1879152
4385981587,1,2023_5_24_1_1,2023,5,24,40,2,1,0,0,,,459.3679421
4385981588,1,2023_5_24_1_1,2023,5,24,53,1,3,0,0,,,358.5941184
4385981589,1,2023_5_24_1_1,2023,5,24,53,1,1,0,0,,,373.27138562
4385981590,1,2023_5_24_1_1,2023,5,24,49,1,1,8.001463423,7.998536577,,,364.42772595
4385981592,1,2023_5_24_1_1,2023,5,24,58,1,1,0,0,,,232.73077282
4385981593,1,2023_5_24_1_1,2023,5,24,70,2,1,0,0,,,369.16836514
4385981594,1,2023_5_24_1_1,2023,5,24,62,1,1,0,2.9994512164,,,1449.5237087
4385981595,1,2023_5_24_1_1,2023,5,24,17,2,1,0,0,,,2428.1497859
4385981600,1,2023_5_24_1_1,2023,5,24,32,2,1,0,0,,,232.73077282
4385981607,1,2023_5_24_1_1,2023,5,24,77,1,1,8.001463423,0,,,369.16836514
4385981620,1,2023_5_24_1_1,2023,5,24,52,2,1,0,0,,,2704.5960506
4385981624,1,2023_5_24_1_1,2023,5,24,28,2,1,0,0,,,459.3679421
4385981635,1,2023_5_24_1_1,2023,5,24,59,1,1,0,0,,,1755.3068964
4385981637,1,2023_5_24_1_1,2023,5,24,73,1,3,12.002195135,0,,,96.612229198
4385981638,1,2023_5_24_1_1,2023,5,24,43,2,1,2.0003658558,9.9981707212,,,1392.5275187
4385981639,1,2023_5_24_1_1,2023,5,24,51,2,2,0,0,,,1577.225615
4385981641,1,2023_5_24_1_1,2023,5,24,62,1,1,1.0001829279,3.9992682885,,,236.51683601
4385981646,1,2023_5_24_1_1,2023,5,24,51,2,1,0,0,,,1755.3068964
4385981647,1,2023_5_24_1_1,2023,5,24,59,1,1,30.005487836,4.9990853606,,,236.51683601
4385981649,1,2023_5_24_1_1,2023,5,24,70,2,1,0,0,,,688.81336427
4385981650,1,2023_5_24_1_1,2023,5,24,59,1,1,11.002012207,0.9998170721,,,502.57078056
4385981654,1,2023_5_24_1_1,2023,5,24,48,1,1,4.0007317115,9.9981707212,,,2748.5944073
4385981660,1,2023_5_24_1_1,2023,5,24,74,2,1,0,0.9998170721,,,728.67077324
4385981671,1,2023_5_24_1_1,2023,5,24,69,2,1,0,0,,,717.61382989
4385981677,1,2023_5_24_1_1,2023,5,24,72,1,1,0,0,,,717.0065144
4385981685,1,2023_5_24_1_1,2023,5,24,60,2,1,0,0,,,459.75703378
4385981688,1,2023_5_24_1_1,2023,5,24,69,2,1,0,0,,,299.97737011
4385981690,1,2023_5_24_1_1,2023,5,24,62,1,1,0,0,,,459.3679421
4385981695,1,2023_5_24_1_1,2023,5,24,51,2,1,0,0,,,459.75703378
4385981696,1,2023_5_24_1_1,2023,5,24,52,1,1,0,0,,,2704.5960506
4385981697,1,2023_5_24_1_1,2023,5,24,67,2,1,0,0,,,187.64229074
4385981699,1,2023_5_24_1_1,2023,5,24,75,2,1,0,0,,,717.0065144
4385981706,1,2023_5_24_1_1,2023,5,24,31,1,1,0,0,,,459.75703378
4385981709,1,2023_5_24_1_1,2023,5,24,40,2,1,0,0,,,358.5941184
4385981712,1,2023_5_24_1_1,2023,5,24,57,1,1,0,0,,,1575.8908114
4385981714,1,2023_5_24_1_1,2023,5,24,51,1,1,0,0,,,459.3679421
4385981718,1,2023_5_24_1_1,2023,5,24,61,2,1,0,0,,,189.11145094
4385981721,1,2023_5_24_1_1,2023,5,24,73,1,1,0,0,,,167.90217141
4385981722,1,2023_5_24_1_1,2023,5,24,50,1,3,1.0001829279,0.9998170721,,,466.84093777
4385981724,1,2023_5_24_1_1,2023,5,24,75,1,1,0,0,,,717.0065144
4385981726,1,2023_5_24_1_1,2023,5,24,50,1,4,0,0.9998170721,,,2748.5944073
4385981735,1,2023_5_24_1_1,2023,5,24,60,2,1,4.0007317115,0,,,1392.5275187
4385981736,1,2023_5_24_1_1,2023,5,24,64,1,1,2.0003658558,9.9981707212,,,190.69485471
4385981741,1,2023_5_24_1_1,2023,5,24,39,1,1,0,0.9998170721,,,719.31361928
4385981745,1,2023_5_24_1_1,2023,5,24,70,1,5,24.004390269,23.995609731,,,299.97737011
4385981746,1,2023_5_24_1_1,2023,5,24,47,1,1,1.0001829279,1.9996341442,,,364.42772595
4385981747,1,2023_5_24_1_1,2023,5,24,76,1,1,5.0009146394,4.9990853606,,,96.612229198
4385981749,1,2023_5_24_1_1,2023,5,24,30,2,1,0,0,,,232.73077282
4385981753,1,2023_5_24_1_1,2023,5,24,47,2,3,0,0,,,1750.2910674
4385981755,1,2023_5_24_1_1,2023,5,24,47,1,1,4.0007317115,0,,,364.42772595
4385981760,1,2023_5_24_1_1,2023,5,24,69,1,1,7.0012804951,0,,,369.4810564
4385981762,1,2023_5_24_1_1,2023,5,24,85,1,1,4.0007317115,0,,,729.28796853
4385981767,1,2023_5_24_1_1,2023,5,24,62,1,1,2.0003658558,2.9994512164,,,236.51683601
4385981771,1,2023_5_24_1_1,2023,5,24,68,2,2,0,0,,,643.71875942
4385981775,1,2023_5_24_1_1,2023,5,24,49,2,1,2.0003658558,1.9996341442,,,154.95407085
4385981778,1,2023_5_24_1_1,2023,5,24,42,1,1,0,0,1,1,96.612229198
4385981780,1,2023_5_24_1_1,2023,5,24,38,2,1,0,0,,,459.3679421
4385981787,1,2023_5_24_1_1,2023,5,24,60,2,1,1.0001829279,0,,,1783.8622213
4385981801,1,2023_5_24_1_1,2023,5,24,38,2,1,0,0,,,2428.1497859
4385981803,1,2023_5_24_1_1,2023,5,24,60,1,-3,0,9.9981707212,,,1091.4352609
4385981806,1,2023_5_24_1_1,2023,5,24,73,1,1,2.0003658558,2.9994512164,,,190.85637617
4385981811,1,2023_5_24_1_1,2023,5,24,77,1,1,1.0001829279,0,,,190.85637617
4385981815,1,2023_5_24_1_1,2023,5,24,53,1,1,0,0,,,189.11145094
4385981816,1,2023_5_24_1_1,2023,5,24,72,1,1,2.0003658558,0,,,96.612229198
4385981818,1,2023_5_24_1_1,2023,5,24,53,2,1,0,0,,,189.11145094
4385981819,1,2023_5_24_1_1,2023,5,24,62,2,1,0,0,,,459.3679421
4385981820,1,2023_5_24_1_1,2023,5,24,71,2,1,0,0,,,96.612229198
4385981824,1,2023_5_24_1_1,2023,5,24,80,2,1,0,0,,,592.10041507
4385981825,1,2023_5_24_1_1,2023,5,24,45,1,5,10.001829279,0,,,192.1879152
4385981827,1,2023_5_24_1_1,2023,5,24,44,2,1,0,0,,,1148.7906248
4385981828,1,2023_5_24_1_1,2023,5,24,59,1,5,1.1520460057,8.4795399434,,,2386.2738019
4385981835,1,2023_5_24_1_1,2023,5,24,71,2,1,0,0,,,717.0065144
4385981839,1,2023_5_24_1_1,2023,5,24,52,1,1,1.0001829279,3.9992682885,,,719.31361928
4385981848,1,2023_5_24_1_1,2023,5,24,70,1,1,0,9.9981707212,,,728.67077324
4385981857,1,2023_5_24_1_1,2023,5,24,62,1,1,2.0003658558,1.9996341442,,,236.51683601
4385981858,1,2023_5_24_1_1,2023,5,24,79,1,1,2.0003658558,0,,,96.612229198
4385981860,1,2023_5_24_1_1,2023,5,24,56,1,1,2.0003658558,2.9994512164,,,192.1879152
4385981861,1,2023_5_24_1_1,2023,5,24,72,1,1,10.001829279,1.9996341442,,,96.612229198
4385981865,1,2023_5_24_1_1,2023,5,24,57,1,1,16.002926846,0,,,364.42772595
4385981866,1,2023_5_24_1_1,2023,5,24,74,1,1,10.001829279,9.9981707212,,,96.694061235
4385981867,1,2023_5_24_1_1,2023,5,24,69,1,1,0,0,,,363.25887141
4385981870,1,2023_5_24_1_1,2023,5,24,70,1,-3,0,1.9996341442,,,369.16836514
4385981871,1,2023_5_24_1_1,2023,5,24,43,1,2,0,0,,,373.27138562
4385981872,1,2023_5_24_1_1,2023,5,24,59,1,1,0,0,,,890.04893594
4385981873,1,2023_5_24_1_1,2023,5,24,65,1,1,10.001829279,9.9981707212,,,190.85637617
4385981876,1,2023_5_24_1_1,2023,5,24,62,2,1,0,0,,,1756.7936682
4385981879,1,2023_5_24_1_1,2023,5,24,46,1,1,0,0.9998170721,,,2467.650916
4385981881,1,2023_5_24_1_1,2023,5,24,53,1,1,0,0,,,232.73077282
4385981883,1,2023_5_24_1_1,2023,5,24,63,1,1,6.0010975673,2.9994512164,,,903.76274725
4385981893,1,2023_5_24_1_1,2023,5,24,53,1,1,0,0,,,232.73077282
4385981895,1,2023_5_24_1_1,2023,5,24,7,1,1,2.0003658558,0.9998170721,,,719.31361928
4385981896,1,2023_5_24_1_1,2023,5,24,69,1,1,10.001829279,0,,,96.694061235
4385981898,1,2023_5_24_1_1,2023,5,24,63,1,2,0,9.9981707212,,,467.23635919
4385981900,1,2023_5_24_1_1,2023,5,24,9,1,2,3.0005487836,0,,,1715.171176
4385981907,1,2023_5_24_1_1,2023,5,24,79,1,1,0,0,,,363.25887141
4385981909,1,2023_5_24_1_1,2023,5,24,68,2,1,1.0001829279,1.9996341442,,,96.612229198
4385981913,1,2023_5_24_1_1,2023,5,24,41,2,1,0,0,,,707.79914588
4385981915,1,2023_5_24_1_1,2023,5,24,73,1,1,0,0,,,717.0065144
4385981920,1,2023_5_24_1_1,2023,5,24,75,2,1,0,0,,,717.0065144
4385981927,1,2023_5_24_1_1,2023,5,24,32,2,1,0,0,,,2748.5944073
4385981929,1,2023_5_24_1_1,2023,5,24,71,1,1,0,0,,,95.065700794
4385981933,1,2023_5_24_1_1,2023,5,24,26,2,1,0,0,,,1426.3203357
4385981934,1,2023_5_24_1_1,2023,5,24,47,2,1,0,0,,,459.75703378
4385981936,1,2023_5_24_1_1,2023,5,24,67,1,1,0,0,,,717.0065144
4385981939,1,2023_5_24_1_0,2023,5,24,63,2,1,0,0,,,8257.5406948
4385981943,1,2023_5_24_1_0,2023,5,24,39,2,3,0,0,1,1,1184.9096598
4385981948,1,2023_5_24_1_0,2023,5,24,56,2,4,0,0,,,12519.639513
4385981964,1,2023_5_24_1_0,2023,5,24,73,1,2,0,0,,,2982.3133912
4385981969,1,2023_5_24_1_0,2023,5,24,54,1,1,0,0,,,2126.4251412
4385981970,1,2023_5_24_1_0,2023,5,24,76,2,2,0,0,,,2740.8469189
4385981972,1,2023_5_24_1_0,2023,5,24,42,2,2,0,0,,,2126.4251412
4385981979,1,2023_5_24_1_0,2023,5,24,61,2,1,0,0,,,962.0143642
4385981980,1,2023_5_24_1_0,2023,5,24,71,1,1,0,0,,,3319.0402266
4385981987,1,2023_5_24_1_0,2023,5,24,44,1,4,0,0,,,3276.4190985
4385981988,1,2023_5_24_1_0,2023,5,24,76,1,1,0,0,,,705.80406589
4385981989,1,2023_5_24_1_0,2023,5,24,22,2,3,0,0,,,7294.8360868
4385982000,1,2023_5_24_1_0,2023,5,24,-3,-3,-3,0,0,1,1,3244.0001853
4385982003,1,2023_5_24_1_0,2023,5,24,50,1,2,0,0,,,8125.357416
4385982006,1,2023_5_24_1_0,2023,5,24,40,2,1,0,0,,,3276.4190985
4385982013,1,2023_5_24_1_0,2023,5,24,59,1,1,0,0,,,8125.357416
4385982022,1,2023_5_24_1_0,2023,5,24,49,1,1,0,0,,,12519.639513
4385982024,1,2023_5_24_1_0,2023,5,24,63,1,3,0,9.9981707212,,,4601.3563071
4385982025,1,2023_5_24_1_0,2023,5,24,54,2,1,0,0,,,2128.2262559
4385982036,1,2023_5_24_1_0,2023,5,24,30,1,1,0,0,,,2126.4251412
4385982039,1,2023_5_24_1_0,2023,5,24,78,1,1,0,0,,1,869.33634953
4385982040,1,2023_5_24_1_0,2023,5,24,72,1,1,0,0,,,868.6006315
4385982042,1,2023_5_24_1_0,2023,5,24,59,2,1,0,0,,,2126.4251412
4385982049,1,2023_5_24_1_0,2023,5,24,87,2,2,0,0,,,1534.0962187
4385982053,1,2023_5_24_1_0,2023,5,24,67,1,1,0,0,,,868.6006315
4385982055,1,2023_5_24_1_0,2023,5,24,45,1,1,0,0,,,3276.4190985
4385982056,1,2023_5_24_1_0,2023,5,24,70,2,1,37.006768331,0,,,1.0010641691
4385982057,1,2023_5_24_1_0,2023,5,24,55,2,1,0,0,,,2126.4251412
4385982059,1,2023_5_24_1_0,2023,5,24,76,1,1,0,0,,,3319.0402266
4385982060,1,2023_5_24_1_0,2023,5,24,82,2,1,0,0,,,1847.9063562
4385982066,1,2023_5_24_1_0,2023,5,24,47,2,2,0,0,,,3276.4190985
4385982067,1,2023_5_24_1_0,2023,5,24,41,2,2,0,0,,,3276.4190985
4385982069,1,2023_5_24_1_0,2023,5,24,84,2,2,0,0,,,1534.0962187
4385982072,1,2023_5_24_1_0,2023,5,24,70,2,2,0,0,,,705.80406589
4385982074,1,2023_5_24_1_0,2023,5,24,65,2,1,0,0,,1,3319.0402266
4385982080,1,2023_5_24_1_0,2023,5,24,72,2,2,0,0,,,3319.0402266
4385982081,1,2023_5_24_1_0,2023,5,24,41,2,2,0,0,,,705.80406589
4385982085,1,2023_5_24_1_0,2023,5,24,72,2,1,0,0,,,3321.8515045
4385982087,1,2023_5_24_1_0,2023,5,24,34,1,3,0,0,,,1727.8821314
4385982093,1,2023_5_24_1_0,2023,5,24,29,2,2,0,0,,,11239.963172
4385982095,1,2023_5_24_1_0,2023,5,24,78,2,1,0,0,,,3319.0402266
4385982099,1,2023_5_24_1_0,2023,5,24,64,1,1,0,0,,,3319.0402266
4385982105,1,2023_5_24_1_0,2023,5,24,42,2,2,0,0,,,11239.963172
4385982112,1,2023_5_24_1_0,2023,5,24,51,2,2,0,0,,,868.6006315
4385982116,1,2023_5_24_1_0,2023,5,24,64,2,2,0,0,,,7301.0149246
4385982125,1,2023_5_24_1_0,2023,5,24,38,1,2,0,0,,,3276.4190985
4385982128,1,2023_5_24_1_0,2023,5,24,39,2,1,0,0,,,2128.2262559
4385982130,1,2023_5_24_1_0,2023,5,24,64,2,2,0,0,,,3319.0402266
4385982134,1,2023_5_24_1_0,2023,5,24,63,1,2,0,0,,,6602.4707938
4385982135,1,2023_5_24_1_0,2023,5,24,69,1,1,0,0,,,868.6006315
4385982139,1,2023_5_24_1_0,2023,5,24,65,2,2,0,0,,,868.6006315
4385982144,1,2023_5_24_1_0,2023,5,24,65,2,2,0,0,,,868.6006315
4385982145,1,2023_5_24_1_0,2023,5,24,47,2,2,0,0,,,4032.1384299
4385982153,1,2023_5_24_1_0,2023,5,24,39,1,2,0,0,,,3276.4190985
4385982154,1,2023_5_24_1_0,2023,5,24,40,2,2,0,0,,,3276.4190985
4385982157,1,2023_5_24_1_0,2023,5,24,44,2,2,0,0,,,3276.4190985
4385982160,1,2023_5_24_1_0,2023,5,24,60,2,1,0,0,,,2126.4251412
4385982164,1,2023_5_24_1_0,2023,5,24,43,1,-3,0,0,,,3276.4190985
4385982165,1,2023_5_24_1_0,2023,5,24,43,1,1,0,0,,,12519.639513
4385982167,1,2023_5_24_1_0,2023,5,24,43,2,4,0,0,,,1338.3493464
4385982168,1,2023_5_24_1_0,2023,5,24,50,2,2,0,0.9998170721,,,6709.8797598
4385982172,1,2023_5_24_1_0,2023,5,24,43,1,1,0,0,,,3276.4190985
4385982181,1,2023_5_24_1_0,2023,5,24,56,1,1,0,0,,,1727.8821314
4385982184,1,2023_5_24_1_0,2023,5,24,67,1,4,0,0,,,705.80406589
4385982188,1,2023_5_24_1_0,2023,5,24,73,2,1,0,0,,,3321.8515045
4385982193,1,2023_5_24_1_0,2023,5,24,59,1,2,0,0,,,6602.4707938
4385982198,1,2023_5_24_1_0,2023,5,24,74,1,2,0,0,,,2696.9725808
4385982202,1,2023_5_24_1_0,2023,5,24,56,2,1,0,0,,,4523.8679227
4385982203,1,2023_5_24_1_0,2023,5,24,79,1,1,0,0,,,1245.514868
4385982208,1,2023_5_24_1_0,2023,5,24,31,1,1,0,0,,,2126.4251412
4385982213,1,2023_5_24_1_0,2023,5,24,31,1,4,0,0,,,5927.6090568
4385982220,1,2023_5_24_1_0,2023,5,24,21,2,4,0,0,,,1727.8821314
4385982227,1,2023_5_24_1_0,2023,5,24,49,1,-3,0,0,,,1727.8821314
4385982241,1,2023_5_24_1_0,2023,5,24,24,1,1,0,0,,,6602.4707938
4385982246,1,2023_5_24_1_0,2023,5,24,71,2,2,0,0,,,3321.8515045
4385982247,1,2023_5_24_1_0,2023,5,24,69,2,1,0,0,,,3319.0402266
4385982257,1,2023_5_24_1_0,2023,5,24,43,2,2,0,0,,,3276.4190985
4385982265,1,2023_5_24_1_0,2023,5,24,76,2,2,0,0,,,3321.8515045
4385982278,1,2023_5_24_1_0,2023,5,24,66,2,5,0,0,,,3321.8515045
4385982291,1,2023_5_24_1_0,2023,5,24,68,2,2,0,0,,,3321.8515045
4385982295,1,2023_5_24_1_0,2023,5,24,55,2,2,0,0,,,6602.4707938
4385982311,1,2023_5_24_1_0,2023,5,24,73,1,2,0,0,,,3319.0402266
4385982316,1,2023_5_24_1_0,2023,5,24,84,2,1,0,0,,,483.60143847
4385982317,1,2023_5_24_1_0,2023,5,24,66,2,2,0,0,,,3321.8515045
4385982318,1,2023_5_24_1_0,2023,5,24,75,2,1,0,0,,,3319.0402266
4385982320,1,2023_5_24_1_0,2023,5,24,58,2,1,0,0,,,5927.6090568
4385982321,1,2023_5_24_1_0,2023,5,24,72,2,1,0,0,,,869.33634953
4385982325,1,2023_5_24_1_0,2023,5,24,59,1,2,0,0,,,7301.0149246
4385982326,1,2023_5_24_1_0,2023,5,24,29,1,1,1.0001829279,0,,,2161.0178161
4385982329,1,2023_5_24_1_0,2023,5,24,70,2,2,0,0,,,868.6006315
4385982336,1,2023_5_24_1_0,2023,5,24,67,2,1,0,0,,,869.33634953
4385982339,1,2023_5_24_1_0,2023,5,24,58,1,2,0,0,,1,7301.0149246
4385982342,1,2023_5_24_1_0,2023,5,24,43,1,4,0,0,,,3319.0402266
4385982345,1,2023_5_24_1_0,2023,5,24,84,2,2,0,0,,,3319.0402266
4385982351,1,2023_5_24_1_0,2023,5,24,62,1,-3,0,0,,,2126.4251412
4385982373,1,2023_5_24_1_0,2023,5,24,72,2,1,0,0,,,3321.8515045
4385982375,1,2023_5_24_1_0,2023,5,24,46,2,2,0,0,,,5927.6090568
4385982384,1,2023_5_24_1_0,2023,5,24,27,2,1,2.0003658558,2.9994512164,,,2162.8482313
4385982386,1,2023_5_24_1_0,2023,5,24,62,1,2,0,0,,,1338.3493464
4385982405,1,2023_5_24_1_0,2023,5,24,50,1,2,0,0,,,11239.963172
4385982409,1,2023_5_24_1_0,2023,5,24,42,2,1,0,0,,,2126.4251412
4385982411,1,2023_5_24_1_0,2023,5,24,72,1,3,0,0,,,745.13838195
4385982412,1,2023_5_24_1_0,2023,5,24,26,1,1,2.0003658558,0,,,2161.0178161
4385982424,1,2023_5_24_1_0,2023,5,24,51,2,4,0,0,,,1727.8821314
4385982427,1,2023_5_24_1_0,2023,5,24,37,2,2,0,0,,,3319.0402266
4385982441,1,2023_5_24_1_0,2023,5,24,38,2,1,0,0,,,8125.357416
4385982442,1,2023_5_24_1_0,2023,5,24,61,2,1,0,0,,,705.80406589
4385982452,1,2023_5_24_1_0,2023,5,24,85,2,1,0,0,,,11395.821917
4385982463,1,2023_5_24_1_0,2023,5,24,76,2,1,0,0,,,3319.0402266
4385982469,1,2023_5_24_1_0,2023,5,24,55,1,1,2.0003658558,0.9998170721,,,12723.308954
4385982472,1,2023_5_24_1_0,2023,5,24,48,2,1,0,0,,,11239.963172
4385982473,1,2023_5_24_1_0,2023,5,24,63,1,1,0,0,,,962.0143642
4385982476,1,2023_5_24_1_0,2023,5,24,56,1,1,0,0,,,27874.553092
4385982480,1,2023_5_24_1_0,2023,5,24,43,1,1,0,0,,,3276.4190985
4385982487,1,2023_5_24_1_0,2023,5,24,54,1,1,0,0,,,3276.4190985
4385982489,1,2023_5_24_1_0,2023,5,24,55,1,1,0,0,,,1727.8821314
4385982493,1,2023_5_24_1_0,2023,5,24,69,1,1,0,0,,,868.6006315
4385982498,1,2023_5_24_1_0,2023,5,24,56,2,1,0,0,,,6602.4707938
4385982500,1,2023_5_24_1_0,2023,5,24,48,2,2,0,0.9998170721,,,3329.7198701
4385982512,1,2023_5_24_1_0,2023,5,24,58,2,1,0,0,,,2126.4251412
4385982515,1,2023_5_24_1_0,2023,5,24,77,1,1,0,0,,,2696.9725808
4385982519,1,2023_5_24_1_0,2023,5,24,42,2,2,0,0,,,7301.0149246
4385982520,1,2023_5_24_1_0,2023,5,24,50,2,4,0,0,,,5927.6090568
4385982522,1,2023_5_24_1_0,2023,5,24,62,2,4,0,0,,,2126.4251412
4385982523,1,2023_5_24_1_0,2023,5,24,40,2,1,0,0,,,13832.506188
4385982528,1,2023_5_24_1_0,2023,5,24,73,1,1,0,0,,,3321.8515045
4385982536,1,2023_5_24_1_0,2023,5,24,45,1,1,0,0,,,3276.4190985
4385982546,1,2023_5_24_1_0,2023,5,24,23,2,1,0,0,,,7294.8360868
4385982547,1,2023_5_24_1_0,2023,5,24,77,2,1,0,0,,,1847.9063562
4385982560,1,2023_5_24_1_0,2023,5,24,54,2,2,0,0,,,2128.2262559
4385982566,1,2023_5_24_1_0,2023,5,24,71,2,1,0,0,,,3319.0402266
4385982571,1,2023_5_24_1_0,2023,5,24,72,2,4,0,0,,,2696.9725808
4385982575,1,2023_5_24_1_0,2023,5,24,59,1,1,0,0,,,6602.4707938
4385982578,1,2023_5_24_1_0,2023,5,24,59,2,1,0,0,,,8125.357416
4385982579,1,2023_5_24_1_0,2023,5,24,95,2,1,0,0,,,3321.8515045
4385982582,1,2023_5_24_1_0,2023,5,24,79,1,1,0,0,,,3319.0402266
4385982583,1,2023_5_24_1_0,2023,5,24,41,2,1,0,0,,,12519.639513
4385982584,1,2023_5_24_1_0,2023,5,24,67,1,1,0,0,,,3319.0402266
4385982585,1,2023_5_24_1_0,2023,5,24,65,1,-3,0,5.9989024327,,,3373.0343585
4385982586,1,2023_5_24_1_0,2023,5,24,82,1,1,0,0,,,3319.0402266
4385982587,1,2023_5_24_1_0,2023,5,24,80,1,1,0,0,,,3319.0402266
4385982591,1,2023_5_24_1_0,2023,5,24,63,1,1,0,0,,,2126.4251412
4385982592,1,2023_5_24_1_0,2023,5,24,50,1,2,0,0,,,1727.8821314
4385982593,1,2023_5_24_1_0,2023,5,24,63,2,4,0,0,,,3319.0402266
4385982598,1,2023_5_24_1_0,2023,5,24,57,2,1,0,0,,,2126.4251412
4385982602,1,2023_5_24_1_0,2023,5,24,19,2,2,0,0,,,1727.8821314
4385982603,1,2023_5_24_1_0,2023,5,24,61,1,4,0,0,,,2126.4251412
4385982614,1,2023_5_24_1_0,2023,5,24,77,1,1,0,0,,,3319.0402266
4385982619,1,2023_5_24_1_0,2023,5,24,40,2,5,0,0,,,12519.639513
4385982625,1,2023_5_24_1_0,2023,5,24,42,2,1,0,0,,,2126.4251412
4385982626,1,2023_5_24_1_0,2023,5,24,74,2,1,0,0,,,3321.8515045
4385982638,1,2023_5_24_1_0,2023,5,24,29,2,-3,0,0,,,3276.4190985
4385982639,1,2023_5_24_1_0,2023,5,24,59,2,-3,0,0,,,2126.4251412
4385982643,1,2023_5_24_1_0,2023,5,24,76,2,3,0,0,,,3319.0402266
4385982652,1,2023_5_24_1_0,2023,5,24,26,1,4,0,0,,,7294.8360868
4385982664,1,2023_5_24_1_0,2023,5,24,29,1,1,0,0,,,7301.0149246
4385982665,1,2023_5_24_1_0,2023,5,24,78,2,1,0,0,,,3319.0402266
4385982667,1,2023_5_24_1_0,2023,5,24,48,1,1,0,0,,,3276.4190985
4385982670,1,2023_5_24_1_0,2023,5,24,66,1,2,0,0,,,3319.0402266
4385982671,1,2023_5_24_1_0,2023,5,24,-3,2,-3,0,0,,,1492.4934255
4385982672,1,2023_5_24_1_0,2023,5,24,71,2,4,0,0,,,3319.0402266
4385982673,1,2023_5_24_1_0,2023,5,24,75,1,1,0,0,,,868.6006315
4385982675,1,2023_5_24_1_0,2023,5,24,48,1,1,0,0,,,3276.4190985
4385982680,1,2023_5_24_1_0,2023,5,24,51,2,4,0,0,,,11239.963172
4385982682,1,2023_5_24_1_0,2023,5,24,40,2,4,0,0,,,2128.2262559
4385982687,1,2023_5_24_1_0,2023,5,24,27,2,1,0,0,,,7294.8360868
4385982699,1,2023_5_24_1_0,2023,5,24,45,1,2,0,0,,,3276.4190985
4385982701,1,2023_5_24_1_0,2023,5,24,59,1,1,0,0,,,1727.8821314
4385982702,1,2023_5_24_1_0,2023,5,24,70,1,2,0,0,,,705.80406589
4385982708,1,2023_5_24_1_0,2023,5,24,68,2,2,0,0,,,2979.7894639
4385982710,1,2023_5_24_1_0,2023,5,24,-3,1,-3,0,0,,,7018.4431581
4385982711,1,2023_5_24_1_0,2023,5,24,42,2,1,0,0,,,3276.4190985
4385982712,1,2023_5_24_1_0,2023,5,24,67,2,1,0,0,,,3321.8515045
4385982718,1,2023_5_24_1_0,2023,5,24,62,1,3,0,0,,,27874.553092
4385982720,1,2023_5_24_1_0,2023,5,24,60,1,1,0,0,,,7301.0149246
4385982725,1,2023_5_24_1_0,2023,5,24,45,1,1,0,0,,,11239.963172
4385982726,1,2023_5_24_1_0,2023,5,24,59,2,1,0,0,,,5114.0134568
4385982734,1,2023_5_24_1_0,2023,5,24,75,2,1,0,0,,,869.33634953
4385982735,1,2023_5_24_1_0,2023,5,24,70,2,1,0,0,,,3321.8515045
4385982739,1,2023_5_24_1_0,2023,5,24,65,2,1,0,0,,,11395.821917
4385982742,1,2023_5_24_1_0,2023,5,24,87,2,2,0,0,,,3319.0402266
4385982744,1,2023_5_24_1_0,2023,5,24,60,1,1,0,0,,,2696.9725808
4385982745,1,2023_5_24_1_0,2023,5,24,61,2,2,0,0,,,1727.8821314
4385982746,1,2023_5_24_1_0,2023,5,24,72,1,1,0,0,,,3319.0402266
4385982750,1,2023_5_24_1_0,2023,5,24,92,1,1,0,0,,,3319.0402266
4385982763,1,2023_5_24_1_0,2023,5,24,69,1,1,0,0,,,705.80406589
4385982764,1,2023_5_24_1_0,2023,5,24,65,2,2,0,0,,,2696.9725808
4385982771,1,2023_5_24_1_0,2023,5,24,-3,-3,-3,0,0,,,1838.2988267
4385982774,1,2023_5_24_1_0,2023,5,24,89,1,1,0,0,,,3321.8515045
4385982778,1,2023_5_24_1_0,2023,5,24,48,2,1,0,0,,,3276.4190985
4385982782,1,2023_5_24_1_0,2023,5,24,80,1,2,0,0,,,2696.9725808
4385982791,1,2023_5_24_1_0,2023,5,24,40,1,-3,0,0,,,7301.0149246
4385982799,1,2023_5_24_1_0,2023,5,24,43,2,3,0,0,,,4032.1384299
4385982803,1,2023_5_24_1_0,2023,5,24,90,1,1,0,0,,,1532.7979154
4385982806,1,2023_5_24_1_0,2023,5,24,60,1,1,0,0,,,2126.4251412
4385982814,1,2023_5_24_1_0,2023,5,24,59,1,1,0,0,,,2128.2262559
4385982817,1,2023_5_24_1_0,2023,5,24,56,1,1,0,0,,,2126.4251412
4385982823,1,2023_5_24_1_0,2023,5,24,68,1,-3,0,0,,,3319.0402266
4385982824,1,2023_5_24_1_0,2023,5,24,68,2,1,0,0,,,2982.3133912
4385982828,1,2023_5_24_1_0,2023,5,24,58,1,1,0,0,,,2819.5648255
4385982831,1,2023_5_24_1_0,2023,5,24,36,2,1,0,0,,,7294.8360868
4385982833,1,2023_5_24_1_0,2023,5,24,53,2,1,0,0,,,3276.4190985
4385982836,1,2023_5_24_1_0,2023,5,24,36,1,1,0,0,,,1727.8821314
4385982840,1,2023_5_24_1_0,2023,5,24,56,1,1,0,0,,,6602.4707938
4385982843,1,2023_5_24_1_0,2023,5,24,43,1,5,0,0,,,3319.0402266
4385982844,1,2023_5_24_1_0,2023,5,24,34,2,1,0,0,,,7301.0149246
4385982848,1,2023_5_24_1_0,2023,5,24,64,1,1,0,0,,,3319.0402266
4385982857,1,2023_5_24_1_0,2023,5,24,42,1,1,0,0,,,3276.4190985
4385982860,1,2023_5_24_1_0,2023,5,24,64,1,4,0,0,1,1,15407.345059
4385982863,1,2023_5_24_1_0,2023,5,24,34,2,1,0,0,,,7294.8360868
4385982865,1,2023_5_24_1_0,2023,5,24,60,2,1,0,0,,,3752.4495213
4385982866,1,2023_5_24_1_0,2023,5,24,81,1,2,0,2.9994512164,,,3373.0343585
4385982868,1,2023_5_24_1_0,2023,5,24,68,1,1,0,0,,,3319.0402266
4385982872,1,2023_5_24_1_0,2023,5,24,75,1,1,0,0,,,1847.9063562
4385982879,1,2023_5_24_1_0,2023,5,24,68,2,1,0,0,,,868.6006315
4385982883,1,2023_5_24_1_0,2023,5,24,76,1,1,0,0,,,868.6006315
4385982884,1,2023_5_24_1_0,2023,5,24,92,2,1,0,0,,,3321.8515045
4385982885,1,2023_5_24_1_0,2023,5,24,75,1,1,0,0,,,2421.3055377
4385982887,1,2023_5_24_1_0,2023,5,24,45,2,4,0,0,,,11239.963172
4385982890,1,2023_5_24_1_0,2023,5,24,82,2,1,0,0,,,1847.9063562
4385982896,1,2023_5_24_1_0,2023,5,24,71,1,1,0,0,,,483.60143847
4385982906,1,2023_5_24_1_0,2023,5,24,71,1,1,0,0,,,483.60143847
4385982907,1,2023_5_24_1_0,2023,5,24,84,1,1,0,0,,,3321.8515045
4385982908,1,2023_5_24_1_0,2023,5,24,53,1,1,0,0,,,1727.8821314
4385982909,1,2023_5_24_1_0,2023,5,24,54,2,1,0,0,,,1727.8821314
4385982911,1,2023_5_24_1_0,2023,5,24,29,2,3,0,0,,,7294.8360868
4385982912,1,2023_5_24_1_0,2023,5,24,29,2,1,0,0,,,7294.8360868
4385982915,1,2023_5_24_1_0,2023,5,24,68,1,1,0,0,,,3319.0402266
4385982916,1,2023_5_24_1_0,2023,5,24,42,1,1,0,0,,,3276.4190985
4385982923,1,2023_5_24_1_0,2023,5,24,41,2,1,0,0,,,1727.8821314
4385982925,1,2023_5_24_1_0,2023,5,24,59,2,1,0,0,,,705.80406589
4385982934,1,2023_5_24_1_0,2023,5,24,61,1,1,0,0,,,1184.9096598
4385982936,1,2023_5_24_1_0,2023,5,24,46,2,1,0,0,,,1727.8821314
4385982939,1,2023_5_24_1_0,2023,5,24,66,1,3,0,0,,,868.6006315
4385982945,1,2023_5_24_1_0,2023,5,24,85,1,1,0,0,,,1847.9063562
4385982947,1,2023_5_24_1_0,2023,5,24,69,2,4,0,0,,,3319.0402266
4385982949,1,2023_5_24_1_0,2023,5,24,63,2,1,0,0,,,3319.0402266
4385982950,1,2023_5_24_1_0,2023,5,24,72,1,1,0,0,,,3319.0402266
4385982952,1,2023_5_24_1_0,2023,5,24,51,1,1,0,0,,,5927.6090568
4385982954,1,2023_5_24_1_0,2023,5,24,39,1,5,0,0,,,705.80406589
4385982959,1,2023_5_24_1_0,2023,5,24,69,2,1,0,0,,,869.33634953
4385982963,1,2023_5_24_1_0,2023,5,24,-3,2,4,0,0,1,1,1492.4934255
4385982966,1,2023_5_24_1_0,2023,5,24,51,1,1,0,0.9998170721,,,1755.9913103
4385982972,1,2023_5_24_1_0,2023,5,24,75,2,1,0,0,,,869.33634953
4385982973,1,2023_5_24_1_0,2023,5,24,39,1,1,0,0,,,3276.4190985
4385982981,1,2023_5_24_1_0,2023,5,24,66,1,2,0,0,,,2696.9725808
4385982986,1,2023_5_24_1_0,2023,5,24,63,2,1,0,0,,,8125.357416
4385982988,1,2023_5_24_1_0,2023,5,24,59,2,2,0,0,,,2128.2262559
4385982998,1,2023_5_24_1_0,2023,5,24,65,1,1,0,0,,,3319.0402266
4385983005,1,2023_5_24_1_0,2023,5,24,22,1,3,0,0,,,3276.4190985
4385983014,1,2023_5_24_1_0,2023,5,24,55,1,1,0,0,,,1727.8821314
4385983017,1,2023_5_24_1_0,2023,5,24,66,1,1,0,0,,,868.6006315
4385983020,1,2023_5_24_1_0,2023,5,24,33,1,5,0,0,,,3276.4190985
4385983023,1,2023_5_24_1_0,2023,5,24,70,2,1,0,0,,,3319.0402266
4385983024,1,2023_5_24_1_0,2023,5,24,65,1,1,0,0,,,705.80406589
4385983026,1,2023_5_24_1_0,2023,5,24,50,1,2,0,0,,,3276.4190985
4385983029,1,2023_5_24_1_0,2023,5,24,80,1,1,0,0,,,3319.0402266
4385983033,1,2023_5_24_1_0,2023,5,24,39,1,3,0,0,,,3276.4190985
4385983034,1,2023_5_24_1_0,2023,5,24,32,2,-3,0,0,,,2126.4251412
4385983037,1,2023_5_24_1_0,2023,5,24,73,1,1,0,0,1,1,3319.0402266
4385983044,1,2023_5_24_1_0,2023,5,24,26,2,1,0,0,,,2126.4251412
4385983046,1,2023_5_24_1_0,2023,5,24,39,2,1,0,0,,,3276.4190985
4385983048,1,2023_5_24_1_0,2023,5,24,73,1,1,19.985943895,10.007028053,,,1358.9177491
4385983050,1,2023_5_24_1_0,2023,5,24,63,1,1,0,0,,,4523.8679227
4385983054,1,2023_5_24_1_0,2023,5,24,62,1,1,0,0,,,3319.0402266
4385983056,1,2023_5_24_1_0,2023,5,24,50,1,2,0,0,,,2126.4251412
4385983059,1,2023_5_24_1_0,2023,5,24,71,2,1,0,0,,,3321.8515045
4385983060,1,2023_5_24_1_0,2023,5,24,54,1,1,0,0,,,6602.4707938
4385983069,1,2023_5_24_1_0,2023,5,24,39,1,1,0,0,,,11239.963172
4385983073,1,2023_5_24_1_0,2023,5,24,76,2,1,0,0,,,868.6006315
4385983076,1,2023_5_24_1_0,2023,5,24,32,1,5,0,0,,,2126.4251412
4385983078,1,2023_5_24_1_0,2023,5,24,68,1,2,0,0,,,3319.0402266
4385983079,1,2023_5_24_1_0,2023,5,24,37,1,1,0,0,,,7301.0149246
4385983081,1,2023_5_24_1_0,2023,5,24,31,2,1,0,0,,,2126.4251412
4385983087,1,2023_5_24_1_0,2023,5,24,54,1,2,0,0,,,12519.639513
4385983096,1,2023_5_24_1_0,2023,5,24,59,2,4,0,0,,,705.80406589
4385983097,1,2023_5_24_1_0,2023,5,24,68,2,1,0,0,,,868.6006315
4385983100,1,2023_5_24_1_0,2023,5,24,65,2,1,0,0,,,869.33634953
4385983104,1,2023_5_24_1_0,2023,5,24,67,2,1,0,0,,,868.6006315
4385983110,1,2023_5_24_1_0,2023,5,24,72,1,1,0,0,,,483.60143847
4385983111,1,2023_5_24_1_0,2023,5,24,30,2,1,0,0,,,2126.4251412
4385983114,1,2023_5_24_1_0,2023,5,24,29,2,4,0,0,,,7294.8360868
4385983115,1,2023_5_24_1_0,2023,5,24,49,2,1,0,0,,,2126.4251412
4385983117,1,2023_5_24_1_0,2023,5,24,38,2,5,0,0,,,7301.0149246
4385983119,1,2023_5_24_1_0,2023,5,24,-3,-3,-3,0,0,,,5793.6878079
4385983120,1,2023_5_24_1_0,2023,5,24,82,2,1,0,0,,,1534.0962187
4385983121,1,2023_5_24_1_0,2023,5,24,53,1,1,0,0,,,1727.8821314
4385983122,1,2023_5_24_1_0,2023,5,24,51,1,1,0,0,,,12519.639513
4385983124,1,2023_5_24_1_0,2023,5,24,52,1,5,0,0,,,3276.4190985
4385983127,1,2023_5_24_1_0,2023,5,24,64,2,1,0,0,,,2126.4251412
4385983128,1,2023_5_24_1_0,2023,5,24,-3,1,-3,0,0,,,5181.3176202
4385983130,1,2023_5_24_1_0,2023,5,24,66,1,1,0,0,,,2696.9725808
4385983136,1,2023_5_24_1_0,2023,5,24,78,1,1,0,0,,,705.80406589
4385983137,1,2023_5_24_1_0,2023,5,24,43,1,4,0,0,,,1727.8821314
4385983138,1,2023_5_24_1_0,2023,5,24,49,2,1,0,0,,,1824.1766488
4385983140,1,2023_5_24_1_0,2023,5,24,37,2,1,0,0,,,2126.4251412
4385983143,1,2023_5_24_1_0,2023,5,24,59,2,1,0,0,,,2126.4251412
4385983146,1,2023_5_24_1_0,2023,5,24,41,2,1,0,0,,,1727.8821314
4385983153,1,2023_5_24_1_0,2023,5,24,68,2,1,0,0,,,869.33634953
4385983155,1,2023_5_24_1_0,2023,5,24,69,1,1,0,0,,,3319.0402266
4385983158,1,2023_5_24_1_0,2023,5,24,76,1,1,0,0,,,868.6006315
4385983159,1,2023_5_24_1_0,2023,5,24,62,2,4,0,0,,,868.6006315
4385983161,1,2023_5_24_1_0,2023,5,24,42,1,1,0,0,,,3276.4190985
4385983163,1,2023_5_24_1_0,2023,5,24,-3,-3,-3,0,0,,,1838.2988267
4385983165,1,2023_5_24_1_0,2023,5,24,55,1,1,0,0,,,705.80406589
4385983168,1,2023_5_24_1_0,2023,5,24,74,2,1,0,0,,,868.6006315
4385983172,1,2023_5_24_1_0,2023,5,24,72,1,1,0,0,,,3319.0402266
4385983176,1,2023_5_24_1_0,2023,5,24,54,2,1,0,0,,,2126.4251412
4385983179,1,2023_5_24_1_0,2023,5,24,65,1,1,0,0,,,2696.9725808
4385983183,1,2023_5_24_1_0,2023,5,24,60,2,5,0,0,,,2128.2262559
4385983187,1,2023_5_24_1_0,2023,5,24,32,1,4,0,0,,,1338.3493464
4385983189,1,2023_5_24_1_0,2023,5,24,41,2,2,0,0,,,11239.963172
4385983192,1,2023_5_24_1_0,2023,5,24,72,1,1,0,0,,,3319.0402266
4385983193,1,2023_5_24_1_0,2023,5,24,51,2,2,0,0,,,12519.639513
4385983195,1,2023_5_24_1_0,2023,5,24,78,2,1,0,0,,,1245.514868
4385983196,1,2023_5_24_1_0,2023,5,24,64,1,1,0,0,,,8132.2397181
4385983200,1,2023_5_24_1_0,2023,5,24,64,2,1,0,0,,,4523.8679227
4385983202,1,2023_5_24_1_0,2023,5,24,62,1,1,0,0,1,1,1727.8821314
4385983205,1,2023_5_24_1_0,2023,5,24,62,2,2,0,0,,,8125.357416
4385983207,1,2023_5_24_1_0,2023,5,24,-3,-3,-3,0,0,,,1836.7430772
4385983215,1,2023_5_24_1_0,2023,5,24,68,2,1,0,0,,,2696.9725808
4385983228,1,2023_5_24_1_0,2023,5,24,51,2,3,0,0,,,2126.4251412
4385983231,1,2023_5_24_1_0,2023,5,24,55,1,2,0,0,,,3276.4190985
4385983248,1,2023_5_24_1_0,2023,5,24,94,1,1,0,0,,,3319.0402266
4385983254,1,2023_5_24_1_0,2023,5,24,69,2,2,0,0,,,5650.2923039
4385983257,1,2023_5_24_1_0,2023,5,24,40,2,1,0,0,,,4032.1384299
4385983258,1,2023_5_24_1_0,2023,5,24,83,1,2,0,0,,,3319.0402266
4385983266,1,2023_5_24_1_0,2023,5,24,85,1,1,1.250171487,11.247427694,,,2698.5508912
4385983267,1,2023_5_24_1_0,2023,5,24,46,2,1,0,0,,,3276.4190985
4385983268,1,2023_5_24_1_0,2023,5,24,72,1,1,0,0,,,483.60143847
4385983271,1,2023_5_24_1_0,2023,5,24,45,2,1,0,0,,,3276.4190985
4385983272,1,2023_5_24_1_0,2023,5,24,60,1,1,0,0,,,2126.4251412
4385983276,1,2023_5_24_1_0,2023,5,24,68,2,1,0,0,,,3319.0402266
4385983279,1,2023_5_24_1_0,2023,5,24,51,1,1,0,0,,,1727.8821314
4385983280,1,2023_5_24_1_0,2023,5,24,60,2,1,0,0,,,8132.2397181
4385983282,1,2023_5_24_1_0,2023,5,24,47,1,1,0,0,,,3276.4190985
4385983283,1,2023_5_24_1_0,2023,5,24,50,1,4,0,0,,,3276.4190985
4385983288,1,2023_5_24_1_0,2023,5,24,35,1,5,0,0,,,7301.0149246
4385983289,1,2023_5_24_1_0,2023,5,24,60,1,2,0,0,,,7301.0149246
4385983290,1,2023_5_24_1_0,2023,5,24,-3,1,3,0,0,,,6306.4005213
4385983312,1,2023_5_24_1_0,2023,5,24,82,2,1,0,0,,,2982.3133912
4385983313,1,2023_5_24_1_0,2023,5,24,52,2,1,0,0,,,12519.639513
4385983318,1,2023_5_24_1_0,2023,5,24,19,2,1,0,0,,,5927.6090568
4385983337,1,2023_5_24_1_0,2023,5,24,73,2,2,0,0,,,2982.3133912
4385983351,1,2023_5_24_1_0,2023,5,24,83,2,1,0,0,,,3321.8515045
4385983365,1,2023_5_24_1_0,2023,5,24,64,1,2,0,0,,,2128.2262559
4385983367,1,2023_5_24_1_0,2023,5,24,-3,2,5,0,0,,,9306.2083751
4385983377,1,2023_5_24_1_0,2023,5,24,-3,2,2,0,0,,,7024.3878868
4385983378,1,2023_5_24_1_0,2023,5,24,79,2,1,0,0,,,3321.8515045
4385983382,1,2023_5_24_1_0,2023,5,24,64,1,2,1.0001829279,1.9996341442,,,2161.0178161
4385983384,1,2023_5_24_1_0,2023,5,24,67,1,1,0,0,,,868.6006315
4385983389,1,2023_5_24_1_0,2023,5,24,50,1,1,0,0,,,3276.4190985
4385983396,1,2023_5_24_1_0,2023,5,24,20,2,1,0,0,,,7294.8360868
4385983398,1,2023_5_24_1_0,2023,5,24,59,2,1,0,0,,,2126.4251412
4385983401,1,2023_5_24_1_0,2023,5,24,85,2,1,0,0,,,11386.17765
4385983402,1,2023_5_24_1_0,2023,5,24,79,2,1,0,0,,,3319.0402266
4385983406,1,2023_5_24_1_0,2023,5,24,83,1,1,0,0,,,705.80406589
4385983411,1,2023_5_24_1_0,2023,5,24,65,2,1,0,0,,,869.33634953
4385983412,1,2023_5_24_1_0,2023,5,24,53,2,1,0,0,,,4097.7332402
4385983419,1,2023_5_24_1_0,2023,5,24,52,2,2,0,0,,,5927.6090568
4385983422,1,2023_5_24_1_0,2023,5,24,70,2,1,0,0,,,869.33634953
4385983426,1,2023_5_24_1_0,2023,5,24,63,2,2,0,0,,,4591.2921738
4385983432,1,2023_5_24_1_0,2023,5,24,59,2,2,0,0,,,2161.0178161
4385983452,1,2023_5_24_1_0,2023,5,24,66,1,2,0,0,,,868.6006315
4385983456,1,2023_5_24_1_0,2023,5,24,32,2,4,0,0,,,7294.8360868
4385983466,1,2023_5_24_1_0,2023,5,24,77,2,2,0,0,,,868.6006315
4385983468,1,2023_5_24_1_0,2023,5,24,69,2,2,0,0,,,2982.3133912
4385983475,1,2023_5_24_1_0,2023,5,24,75,2,2,0,0,,,3319.0402266
4385983492,1,2023_5_24_1_0,2023,5,24,21,2,1,0,0,,,5927.6090568
4385983493,1,2023_5_24_1_0,2023,5,24,43,1,2,0,0,,,2128.2262559
4385983497,1,2023_5_24_1_0,2023,5,24,75,2,2,0,0,1,1,2421.3055377
4385983502,1,2023_5_24_1_0,2023,5,24,39,2,2,0,0,,,7301.0149246
4385983510,1,2023_5_24_1_0,2023,5,24,77,1,1,0,0,,,3319.0402266
4385983513,1,2023_5_24_1_0,2023,5,24,32,1,1,0,0,,,2126.4251412
4385983520,1,2023_5_24_1_0,2023,5,24,76,2,1,0,0,,,869.33634953
4385983527,1,2023_5_24_1_0,2023,5,24,76,1,1,0,0,,,869.33634953
4385983536,1,2023_5_24_1_0,2023,5,24,64,2,1,0,0,,,3276.4190985
4385983544,1,2023_5_24_1_0,2023,5,24,84,2,1,0,0,,,3321.8515045
4385983547,1,2023_5_24_1_0,2023,5,24,87,2,1,0,0,,,3321.8515045
4385983551,1,2023_5_24_1_0,2023,5,24,74,1,1,1.0001829279,1.9996341442,,,3373.0343585
4385983553,1,2023_5_24_1_0,2023,5,24,52,1,1,0,0,,,12519.639513
4385983577,1,2023_5_24_1_0,2023,5,24,70,2,1,0,0,,,1849.4715612
4385983579,1,2023_5_24_1_0,2023,5,24,67,1,1,0,0,,,3319.0402266
4385983580,1,2023_5_24_1_0,2023,5,24,35,2,1,0,0,,,4032.1384299
4385983585,1,2023_5_24_1_0,2023,5,24,78,1,2,0,0,,,2982.3133912
4385983600,1,2023_5_24_1_0,2023,5,24,38,1,1,0,0,,,2128.2262559
4385983613,1,2023_5_24_1_0,2023,5,24,40,2,1,0,0.9998170721,,,3329.7198701
4385983615,1,2023_5_24_1_0,2023,5,24,60,1,1,0,0,,,1727.8821314
4385983625,1,2023_5_24_1_0,2023,5,24,64,1,1,0,0,,,2128.2262559
4385983628,1,2023_5_24_1_0,2023,5,24,90,2,1,0,0,,,2696.9725808
4385983636,1,2023_5_24_1_0,2023,5,24,67,2,1,0,0,,,3319.0402266
4385983638,1,2023_5_24_1_0,2023,5,24,70,1,1,0,0,,,5258.3603017
4385983641,1,2023_5_24_1_0,2023,5,24,57,2,1,0,0,,,6602.4707938
4385983649,1,2023_5_24_1_0,2023,5,24,36,2,1,0,0,,,3276.4190985
4385983657,1,2023_5_24_1_0,2023,5,24,42,2,1,0,0,,,1727.8821314
4385983659,1,2023_5_24_1_0,2023,5,24,27,1,1,0,0,,,3276.4190985
4385983668,1,2023_5_24_1_0,2023,5,24,74,2,2,0,0,,,3319.0402266
4385983669,1,2023_5_24_1_0,2023,5,24,42,1,2,4.8346743843,7.1653256157,,,5617.5973254
4385983674,1,2023_5_24_1_0,2023,5,24,70,2,1,0,0,,,2979.7894639
4385983676,1,2023_5_24_1_0,2023,5,24,55,2,2,0,0,,,2128.2262559
4385983683,1,2023_5_24_1_0,2023,5,24,63,1,1,0,0,,,3319.0402266
4385983685,1,2023_5_24_1_0,2023,5,24,30,2,1,0,0,,,7301.0149246
4385983687,1,2023_5_24_1_0,2023,5,24,79,1,1,0,0,,,3319.0402266
4385983689,1,2023_5_24_1_0,2023,5,24,33,1,1,0,0,,,2126.4251412
4385983690,1,2023_5_24_1_0,2023,5,24,31,1,1,0,0,,,2126.4251412
4385983692,1,2023_5_24_1_0,2023,5,24,33,2,1,0,0,,,3276.4190985
4385983695,1,2023_5_24_1_0,2023,5,24,30,2,4,0,0,,,2128.2262559
4385983697,1,2023_5_24_1_0,2023,5,24,70,1,2,0,0,,,3321.8515045
4385983699,1,2023_5_24_1_0,2023,5,24,50,2,1,0,0,,,7301.0149246
4385983703,1,2023_5_24_1_0,2023,5,24,32,2,1,0,0,,,7301.0149246
4385983704,1,2023_5_24_1_0,2023,5,24,44,2,2,0,0,,,7294.8360868
4385983706,1,2023_5_24_1_0,2023,5,24,80,2,2,0,0,,,5262.8142133
4385983708,1,2023_5_24_1_0,2023,5,24,72,2,1,0,0,,,3319.0402266
4385983713,1,2023_5_24_1_0,2023,5,24,53,2,-3,0,0,,,3276.4190985
4385983722,1,2023_5_24_1_0,2023,5,24,72,2,2,0,0,,,3319.0402266
4385983726,1,2023_5_24_1_0,2023,5,24,66,2,2,0,0,,,9252.1352036
4385983734,1,2023_5_24_1_0,2023,5,24,90,2,1,0,0,,,3321.8515045
4385983735,1,2023_5_24_1_0,2023,5,24,82,2,1,0,0,,,3321.8515045
4385983737,1,2023_5_24_1_0,2023,5,24,44,2,2,0,0,,,7294.8360868
4385983741,1,2023_5_24_1_0,2023,5,24,37,1,2,0,0,,,7301.0149246
4385983744,1,2023_5_24_1_0,2023,5,24,37,2,1,0,0,,,3276.4190985
4385983750,1,2023_5_24_1_0,2023,5,24,58,1,1,0,0,,,6602.4707938
4385983752,1,2023_5_24_1_0,2023,5,24,68,2,2,0,0,,,869.33634953
4385983754,1,2023_5_24_1_0,2023,5,24,68,1,1,0,0,,,3321.8515045
4385983755,1,2023_5_24_1_0,2023,5,24,54,2,3,0,0,,,7294.8360868
4385983757,1,2023_5_24_1_0,2023,5,24,28,2,2,0,0,,,7301.0149246
4385983766,1,2023_5_24_1_0,2023,5,24,62,1,2,0,0,,,1727.8821314
4385983778,1,2023_5_24_1_0,2023,5,24,73,2,2,0,0,,,869.33634953
4385983779,1,2023_5_24_1_0,2023,5,24,55,2,2,0,0,,,2128.2262559
4385983783,1,2023_5_24_1_0,2023,5,24,43,2,4,0,0,,,1338.3493464
4385983785,1,2023_5_24_1_0,2023,5,24,57,1,4,0,0,,,3276.4190985
4385983787,1,2023_5_24_1_0,2023,5,24,76,1,2,0,0,,,3319.0402266
4385983798,1,2023_5_24_1_0,2023,5,24,39,2,2,0,0,,,3276.4190985
4385983801,1,2023_5_24_1_0,2023,5,24,86,1,2,0,0,,,11386.17765
4385983803,1,2023_5_24_1_0,2023,5,24,62,1,1,0,0,,1,4039.6446248
4385983806,1,2023_5_24_1_0,2023,5,24,76,2,1,0,0,,,3321.8515045
4385983808,1,2023_5_24_1_0,2023,5,24,56,2,1,0,0,,,2126.4251412
4385983810,1,2023_5_24_1_0,2023,5,24,64,2,1,0,0,,,6602.4707938
4385983813,1,2023_5_24_1_0,2023,5,24,70,2,1,0,0,,,2982.3133912
4385983814,1,2023_5_24_1_0,2023,5,24,90,1,1,0,0,,,3319.0402266
4385983820,1,2023_5_24_1_0,2023,5,24,69,2,1,0,0,,,3319.0402266
4385983821,1,2023_5_24_1_0,2023,5,24,59,1,1,1.0001829279,0,,,3329.7198701
4385983822,1,2023_5_24_1_0,2023,5,24,75,2,1,0,0,,,869.33634953
4385983824,1,2023_5_24_1_0,2023,5,24,82,1,1,0,0,,,869.33634953
4385983825,1,2023_5_24_1_0,2023,5,24,40,2,1,0,0,,,1183.9068725
4385983826,1,2023_5_24_1_0,2023,5,24,45,2,1,0,0,,,3276.4190985
4385983827,1,2023_5_24_1_0,2023,5,24,49,2,1,0,0,,,1824.1766488
4385983830,1,2023_5_24_1_0,2023,5,24,76,1,2,0,0,,,483.60143847
4385983831,1,2023_5_24_1_0,2023,5,24,54,2,1,0,0,,,2128.2262559
4385983834,1,2023_5_24_1_0,2023,5,24,62,1,1,0,0,,,8125.357416
4385983835,1,2023_5_24_1_0,2023,5,24,69,2,1,0,0,,,1338.3493464
4385983838,1,2023_5_24_1_0,2023,5,24,37,1,1,0,0,,,3276.4190985
4385983840,1,2023_5_24_1_0,2023,5,24,51,2,1,0,0.9998170721,,,1853.8523465
4385983841,1,2023_5_24_1_0,2023,5,24,82,2,1,0,0,,,3321.8515045
4385983842,1,2023_5_24_1_0,2023,5,24,48,2,1,0,0,,,42949.416061
4385983843,1,2023_5_24_1_0,2023,5,24,75,1,1,0,0,,,868.6006315
4385983847,1,2023_5_24_1_0,2023,5,24,26,2,1,0,0,,,3276.4190985
4385983848,1,2023_5_24_1_0,2023,5,24,85,2,1,0,0,,,1532.7979154
4385983853,1,2023_5_24_1_0,2023,5,24,55,2,2,0,0,,,12723.308954
4385983854,1,2023_5_24_1_0,2023,5,24,97,2,1,0,0,,,3321.8515045
4385983855,1,2023_5_24_1_0,2023,5,24,69,2,1,0,0,,,868.6006315
4385983860,1,2023_5_24_1_0,2023,5,24,81,1,1,0,0,,,3319.0402266
4385983863,1,2023_5_24_1_0,2023,5,24,46,2,1,0,0,,,1727.8821314
4385983868,1,2023_5_24_1_0,2023,5,24,69,1,1,0,0,,,868.6006315
4385983869,1,2023_5_24_1_0,2023,5,24,66,2,-3,0,0,,,2696.9725808
4385983871,1,2023_5_24_1_0,2023,5,24,84,2,1,0,0,,,3321.8515045
4385983876,1,2023_5_24_1_0,2023,5,24,44,1,1,0,0,,,1727.8821314
4385983880,1,2023_5_24_1_0,2023,5,24,68,2,-3,0,0,,,2982.3133912
4385983881,1,2023_5_24_1_0,2023,5,24,-3,2,-3,0,0,1,1,4297.7896693
4385983882,1,2023_5_24_1_0,2023,5,24,62,1,1,0,0,,,8125.357416
4385983886,1,2023_5_24_1_0,2023,5,24,74,1,1,0,0,,,705.80406589
4385983891,1,2023_5_24_1_0,2023,5,24,67,1,1,0,0,,,868.6006315
4385983894,1,2023_5_24_1_0,2023,5,24,73,2,1,0,0,,,869.33634953
4385983897,1,2023_5_24_1_0,2023,5,24,79,1,1,0,0.9998170721,,,3373.0343585
4385983907,1,2023_5_24_1_0,2023,5,24,35,2,1,0,0,,,3276.4190985
4385983922,1,2023_5_24_1_0,2023,5,24,67,1,1,0,0,,,641.23847064
4385983928,1,2023_5_24_1_0,2023,5,24,75,2,1,0,0,,,3319.0402266
4385983929,1,2023_5_24_1_0,2023,5,24,84,2,1,0,0,,,3321.8515045
4385983933,1,2023_5_24_1_0,2023,5,24,80,1,1,0,0,,,3319.0402266
4385983934,1,2023_5_24_1_0,2023,5,24,54,1,1,0,0,,,3276.4190985
4385983938,1,2023_5_24_1_0,2023,5,24,61,2,2,0,0,,,8132.2397181
4385983945,1,2023_5_24_1_0,2023,5,24,58,1,1,0,0,,,2126.4251412
4385983950,1,2023_5_24_1_0,2023,5,24,26,2,1,0,0,,,3276.4190985
4385983954,1,2023_5_24_1_0,2023,5,24,-3,2,5,0,0,1,1,1838.2988267
4385983960,1,2023_5_24_1_0,2023,5,24,81,1,1,4.0007317115,6.9987195049,,,491.46866456
4385983962,1,2023_5_24_1_0,2023,5,24,71,1,1,0,0,,,3321.8515045
4385983971,1,2023_5_24_1_0,2023,5,24,65,1,1,0,0,,,3319.0402266
4385983978,1,2023_5_24_1_0,2023,5,24,61,2,1,0,0,,,2979.7894639
4385983980,1,2023_5_24_1_0,2023,5,24,78,1,1,0,0,,,3319.0402266
4385983983,1,2023_5_24_1_0,2023,5,24,51,2,1,0,0,,,2126.4251412
4385983984,1,2023_5_24_1_0,2023,5,24,39,2,1,0,0,,,2817.1786321
4385983989,1,2023_5_24_1_0,2023,5,24,60,1,1,0,0,,,2128.2262559
4385983991,1,2023_5_24_1_0,2023,5,24,49,1,5,0,0,,,2128.2262559
4385983993,1,2023_5_24_1_0,2023,5,24,74,1,1,0,0,,,3319.0402266
4385983996,1,2023_5_24_1_0,2023,5,24,90,2,1,0,0,,,3321.8515045
4385983997,1,2023_5_24_1_0,2023,5,24,-3,-3,1,0,0,,,9306.2083751
4385983998,1,2023_5_24_1_0,2023,5,24,79,1,1,0,0,,,705.80406589
4385984013,1,2023_5_24_1_0,2023,5,24,59,1,1,0,0,,,1755.9913103
4385984019,1,2023_5_24_1_0,2023,5,24,49,2,1,0,0,,,2128.2262559
4385984022,1,2023_5_24_2_1,2023,5,24,60,1,1,0,0,,,871.61485451
4385984029,1,2023_5_24_2_1,2023,5,24,64,1,1,5.0009146394,0,,,272.54661593
4385984034,1,2023_5_24_2_1,2023,5,24,45,1,1,0,0,,,412.87082687
4385984036,1,2023_5_24_2_1,2023,5,24,-3,2,1,0,0,,,231.45318418
4385984037,1,2023_5_24_2_1,2023,5,24,76,2,1,0,0,,,418.24163564
4385984039,1,2023_5_24_2_1,2023,5,24,73,1,1,0,0,,,418.24163564
4385984040,1,2023_5_24_2_1,2023,5,24,69,1,1,0,0,,,418.5958927
4385984041,1,2023_5_24_2_1,2023,5,24,65,1,1,2.0003658558,0,,,425.04558873
4385984042,1,2023_5_24_2_1,2023,5,24,77,1,1,0,0,,,109.45481947
4385984044,1,2023_5_24_2_1,2023,5,24,56,2,1,1.0001829279,0.9998170721,,,439.56776043
4385984047,1,2023_5_24_2_1,2023,5,24,84,1,1,0,0,,,1436.0197143
4385984048,1,2023_5_24_2_1,2023,5,24,79,2,1,0,0,,,418.24163564
4385984052,1,2023_5_24_2_1,2023,5,24,37,2,1,0,0,,,217.73530885
4385984053,1,2023_5_24_2_1,2023,5,24,-3,1,-3,0,0,,,231.45318418
4385984054,1,2023_5_24_2_1,2023,5,24,70,1,1,0,0,,,109.54752938
4385984057,1,2023_5_24_2_1,2023,5,24,65,2,1,0,0,,,319.64486325
4385984058,1,2023_5_24_2_1,2023,5,24,58,1,1,0,0,,,217.73530885
4385984060,1,2023_5_24_2_1,2023,5,24,64,2,1,0,0,,,418.24163564
4385984061,1,2023_5_24_2_1,2023,5,24,70,2,1,0,0,,,438.157904
4385984064,1,2023_5_24_2_1,2023,5,24,87,1,1,0,0,,,418.5958927
4385984065,1,2023_5_24_2_1,2023,5,24,53,2,1,0,0.9998170721,,,419.58740768
4385984069,1,2023_5_24_2_1,2023,5,24,58,1,1,2.0003658558,0,,,285.28338681
4385984072,1,2023_5_24_2_1,2023,5,24,58,1,1,0,0,,,221.2774259
4385984073,1,2023_5_24_2_1,2023,5,24,67,1,1,0,0,,,418.5958927
4385984075,1,2023_5_24_2_1,2023,5,24,51,2,1,3.0005487836,0.9998170721,,,285.28338681
4385984077,1,2023_5_24_2_1,2023,5,24,74,1,1,5.0009146394,0,,,445.28585486
4385984078,1,2023_5_24_2_1,2023,5,24,75,1,1,0,0,,,114.66695374
4385984081,1,2023_5_24_2_1,2023,5,24,51,2,1,0,0,,,267.95683945
4385984084,1,2023_5_24_2_1,2023,5,24,66,1,1,0,0,,,418.24163564
4385984087,1,2023_5_24_2_1,2023,5,24,61,2,1,0,0,,,418.24163564
4385984089,1,2023_5_24_2_1,2023,5,24,57,1,1,0,0,,,228.10365689
4385984095,1,2023_5_24_2_0,2023,5,24,75,2,1,0,0,,,1232.4258538
4385984098,1,2023_5_24_2_0,2023,5,24,72,1,1,0,0,,,4713.2543176
4385984102,1,2023_5_24_2_0,2023,5,24,65,1,1,0,0,,,4709.2654976
4385984106,1,2023_5_24_2_0,2023,5,24,45,2,1,0,0,,,4648.7919286
4385984109,1,2023_5_24_2_0,2023,5,24,41,2,4,0,0,,,4648.7919286
4385984113,1,2023_5_24_2_0,2023,5,24,67,1,1,0,0,,,4713.2543176
4385984115,1,2023_5_24_2_0,2023,5,24,74,2,-3,0,0,,,1233.4697374
4385984116,1,2023_5_24_2_0,2023,5,24,85,1,1,0,0,1,1,4709.2654976
4385984120,1,2023_5_24_2_0,2023,5,24,42,2,2,0,0,,,3019.6628524
4385984122,1,2023_5_24_2_0,2023,5,24,62,1,1,0,0,,,3017.1073163
4385984127,1,2023_5_24_2_0,2023,5,24,24,2,1,0,0,,,10359.144612
4385984128,1,2023_5_24_2_0,2023,5,24,74,2,1,0,0,,,4709.2654976
4385984136,1,2023_5_24_2_0,2023,5,24,65,2,1,0,0,,,4227.9149255
4385984137,1,2023_5_24_2_0,2023,5,24,79,2,1,0,0,,,4231.4960342
4385984140,1,2023_5_24_2_0,2023,5,24,-3,2,-3,0,0,,,13193.065962
4385984144,1,2023_5_24_2_0,2023,5,24,41,2,1,0,0,,,4648.7919286
4385984146,1,2023_5_24_2_0,2023,5,24,45,2,1,0,0,,,4648.7919286
4385984149,1,2023_5_24_2_0,2023,5,24,58,1,1,0,0,,,3019.6628524
4385984151,1,2023_5_24_2_0,2023,5,24,35,1,1,0,0,,,4648.7919286
4385984153,1,2023_5_24_2_0,2023,5,24,61,1,1,0,0,,,3017.1073163
4385984166,1,2023_5_24_2_0,2023,5,24,34,1,1,0,0,,,4648.7919286
4385984167,1,2023_5_24_2_0,2023,5,24,79,1,1,0,0,,,1232.4258538
4385984168,1,2023_5_24_2_0,2023,5,24,46,1,1,0,0,,,4648.7919286
4385984170,1,2023_5_24_2_0,2023,5,24,63,1,1,0,0,,,11538.539249
4385984172,1,2023_5_24_2_0,2023,5,24,70,2,5,0,0,,,1232.4258538
4385984178,1,2023_5_24_2_0,2023,5,24,43,2,1,0,0,,,4648.7919286
4385984179,1,2023_5_24_2_0,2023,5,24,93,2,1,0,0,,,2176.6733452
4385984183,1,2023_5_24_2_0,2023,5,24,69,2,1,0,0,,,4227.9149255
4385984188,1,2023_5_24_2_0,2023,5,24,60,2,2,0,0,,,39550.189867
4385984190,1,2023_5_24_2_0,2023,5,24,43,1,2,0,0,,,10359.144612
4385984195,1,2023_5_24_2_0,2023,5,24,59,2,1,0,0,,,4648.7919286
4385984196,1,2023_5_24_2_0,2023,5,24,35,1,1,0,0,,,11538.539249
4385984197,1,2023_5_24_2_0,2023,5,24,50,1,1,0,0,,,2451.6291306
4385984203,1,2023_5_24_2_0,2023,5,24,71,1,1,0,0,,,1233.4697374
4385984204,1,2023_5_24_2_0,2023,5,24,16,2,1,0,0,,,17763.661292
4385984206,1,2023_5_24_2_0,2023,5,24,35,2,1,0,0,,,2451.6291306
4385984209,1,2023_5_24_2_0,2023,5,24,86,1,1,0,0,1,1,1232.4258538
4385984211,1,2023_5_24_2_0,2023,5,24,64,1,1,0,0,,,3826.6363332
4385984215,1,2023_5_24_2_0,2023,5,24,64,2,1,0,0,,,4709.2654976
4385984216,1,2023_5_24_2_0,2023,5,24,47,1,1,1.0001829279,3.9992682885,,,4724.4184554
4385984221,1,2023_5_24_2_0,2023,5,24,54,2,1,0,0,,,2451.6291306
4385984222,1,2023_5_24_2_0,2023,5,24,50,1,1,0,0,,,2451.6291306
4385984230,1,2023_5_24_2_0,2023,5,24,75,1,1,0,0,,,1232.4258538
4385984233,1,2023_5_24_2_0,2023,5,24,68,2,1,0,0,,,4231.4960342
4385984234,1,2023_5_24_2_0,2023,5,24,76,1,1,0,0,,,4709.2654976
4385984236,1,2023_5_24_2_0,2023,5,24,53,2,1,0,0,,,10359.144612
4385984242,1,2023_5_23_1_1,2023,5,23,56,2,1,0,0,,,129.61364847
4385984245,1,2023_5_23_1_1,2023,5,23,56,2,1,0,0,,,118.15493342
4385984249,1,2023_5_23_1_1,2023,5,23,69,1,1,1.9994365322,3.0008452016,,,49.373338999
4385984252,1,2023_5_23_1_1,2023,5,23,76,1,1,19.994365322,22.006198145,,,49.373338999
4385984254,1,2023_5_23_1_1,2023,5,23,57,1,1,0,0,,,390.08090798
4385984255,1,2023_5_23_1_1,2023,5,23,70,1,1,0,0,,,163.00290093
4385984257,1,2023_5_23_1_1,2023,5,23,75,1,1,0,0,,,178.81099071
4385984259,1,2023_5_23_1_1,2023,5,23,60,1,1,0,0,,,163.66311954
4385984261,1,2023_5_23_1_1,2023,5,23,67,1,1,1.9994365322,2.0005634678,,,163.00290093
4385984263,1,2023_5_23_1_1,2023,5,23,75,1,1,0,0,,,68.389820456
4385984268,1,2023_5_23_1_1,2023,5,23,60,1,1,0,0,,,118.15493342
4385984269,1,2023_5_23_1_1,2023,5,23,31,1,1,0,5.0014086694,,,163.66311954
4385984270,1,2023_5_23_1_1,2023,5,23,55,1,1,0,0,,,163.66311954
4385984272,1,2023_5_23_1_1,2023,5,23,43,1,1,0,0,,,200.55263944
4385984274,1,2023_5_23_1_1,2023,5,23,64,1,1,0,0,,,427.91111823
4385984276,1,2023_5_23_1_1,2023,5,23,35,1,1,0,2.0005634678,,,200.55263944
4385984277,1,2023_5_23_1_1,2023,5,23,50,1,1,0,0,,,182.82244223
4385984280,1,2023_5_23_1_1,2023,5,23,67,2,1,0,0,,,129.09078577
4385984281,1,2023_5_23_1_1,2023,5,23,72,1,1,0.9997182661,0,,,49.373338999
4385984282,1,2023_5_23_1_1,2023,5,23,73,1,4,1.9994365322,10.002817339,,,163.00290093
4385984285,1,2023_5_23_1_1,2023,5,23,43,2,1,0,0,,,200.55263944
4385984286,1,2023_5_23_1_1,2023,5,23,40,2,1,0,0,,,325.09356168
4385984291,1,2023_5_23_1_1,2023,5,23,66,1,1,0,0,,,163.00290093
4385984293,1,2023_5_23_1_1,2023,5,23,65,2,1,0,0,,,163.00290093
4385984295,1,2023_5_23_1_1,2023,5,23,-3,2,1,0,1.0002817339,,,327.37305047
4385984312,1,2023_5_23_1_1,2023,5,23,68,1,1,0,0,,,178.81099071
4385984314,1,2023_5_23_1_1,2023,5,23,67,2,1,0,0,,,178.81099071
4385984315,1,2023_5_23_1_1,2023,5,23,41,1,1,0,2.0005634678,,,163.66311954
4385984319,1,2023_5_23_1_1,2023,5,23,56,1,1,0,0,,,338.88588592
4385984320,1,2023_5_23_1_1,2023,5,23,65,2,1,0,0,,,163.00290093
4385984330,1,2023_5_23_1_1,2023,5,23,62,2,1,0,0,,,68.389820456
4385984334,1,2023_5_23_1_1,2023,5,23,53,2,1,0,0,,,200.55263944
4385984335,1,2023_5_23_1_1,2023,5,23,54,1,1,0,1.0002817339,,,200.55263944
4385984336,1,2023_5_23_1_1,2023,5,23,66,2,1,0,0,,,62.343702053
4385984338,1,2023_5_23_1_1,2023,5,23,59,2,1,0,0,,,163.66311954
4385984340,1,2023_5_23_1_1,2023,5,23,37,1,1,0,0,,,129.09078577
4385984342,1,2023_5_23_1_1,2023,5,23,67,1,1,0,0,,,219.11482716
4385984346,1,2023_5_23_1_1,2023,5,23,35,1,1,0,0,,,149.19420307
4385984347,1,2023_5_23_1_1,2023,5,23,44,2,1,0.9997182661,1.0002817339,,,200.55263944
4385984349,1,2023_5_23_1_1,2023,5,23,65,2,1,0,0,,,62.343702053
4385984350,1,2023_5_23_1_1,2023,5,23,30,2,1,0,0,,,398.36935802
4385984351,1,2023_5_23_1_1,2023,5,23,48,1,1,0,0,,,398.36935802
4385984356,1,2023_5_23_1_1,2023,5,23,67,1,1,0,0,,,54.161586147
4385984362,1,2023_5_23_1_1,2023,5,23,60,2,1,0,0,,,427.91111823
4385984364,1,2023_5_23_1_1,2023,5,23,70,2,1,0,0,,,142.35531162
4385984365,1,2023_5_23_1_1,2023,5,23,36,1,1,0,0,,,200.55263944
4385984369,1,2023_5_23_1_1,2023,5,23,55,1,1,0,0,,,200.55263944
4385984370,1,2023_5_23_1_1,2023,5,23,39,2,1,0,0,,,149.19420307
4385984374,1,2023_5_23_1_1,2023,5,23,30,1,1,0,0,,,163.66311954
4385984378,1,2023_5_23_1_1,2023,5,23,52,1,1,0,0,,,427.91111823
4385984379,1,2023_5_23_1_1,2023,5,23,38,2,1,0,0,,,325.09356168
4385984382,1,2023_5_23_1_1,2023,5,23,68,1,1,0,0,,,68.389820456
4385984383,1,2023_5_23_1_1,2023,5,23,54,2,1,0,0,,,130.29576252
4385984386,1,2023_5_23_1_1,2023,5,23,68,1,5,0,5.0014086694,,,54.161586147
4385984387,1,2023_5_23_1_1,2023,5,23,37,1,1,2.9991547984,0,,,62.343702053
4385984393,1,2023_5_23_1_1,2023,5,23,61,2,1,0,0,,,89.286547072
4385984397,1,2023_5_23_1_1,2023,5,23,65,2,1,0,0,,,68.389820456
4385984405,1,2023_5_23_1_1,2023,5,23,64,1,1,0,0,,,163.66311954
4385984409,1,2023_5_23_1_1,2023,5,23,26,2,1,0,0,,,54.161586147
4385984415,1,2023_5_23_1_1,2023,5,23,37,2,5,0,0,,,182.82244223
4385984417,1,2023_5_23_1_1,2023,5,23,61,1,1,0.9997182661,0,,,149.19420307
4385984418,1,2023_5_23_1_1,2023,5,23,72,2,-3,0,0,,,54.161586147
4385984420,1,2023_5_23_1_1,2023,5,23,31,1,3,0,0,,,163.66311954
4385984422,1,2023_5_23_1_1,2023,5,23,33,2,1,0,0,,,200.55263944
4385984424,1,2023_5_23_1_1,2023,5,23,57,2,1,0,0,,,182.82244223
4385984428,1,2023_5_23_1_1,2023,5,23,53,1,1,0,0,,,118.15493342
4385984429,1,2023_5_23_1_1,2023,5,23,-3,2,-3,0,0,,,90.39433502
4385984432,1,2023_5_23_1_1,2023,5,23,63,2,1,0,0,,,338.88588592
4385984435,1,2023_5_23_1_1,2023,5,23,53,1,1,5.9983095967,0,,,49.373338999
4385984436,1,2023_5_23_1_1,2023,5,23,50,2,1,0,0,,,129.61364847
4385984439,1,2023_5_23_1_1,2023,5,23,63,1,3,19.994365322,20.005634678,,,62.343702053
4385984456,1,2023_5_23_1_1,2023,5,23,65,1,1,0,0,,,62.343702053
4385984457,1,2023_5_23_1_1,2023,5,23,59,2,1,0,0,,,118.15493342
4385984458,1,2023_5_23_1_1,2023,5,23,55,1,1,9.9971826612,0,,,163.66311954
4385984462,1,2023_5_23_1_1,2023,5,23,50,2,1,0,0,,,163.66311954
4385984464,1,2023_5_23_1_1,2023,5,23,65,1,1,2.9991547984,3.0008452016,,,68.389820456
4385984470,1,2023_5_23_1_1,2023,5,23,60,1,1,0,1.0002817339,,,524.36189932
4385984471,1,2023_5_23_1_1,2023,5,23,55,1,1,0,5.0014086694,,,129.61364847
4385984480,1,2023_5_23_1_1,2023,5,23,67,2,1,19.994365322,20.005634678,,,163.00290093
4385984484,1,2023_5_23_1_1,2023,5,23,66,1,1,0,0,,,178.81099071
4385984488,1,2023_5_23_1_1,2023,5,23,35,2,1,0,0,,,163.66311954
4385984489,1,2023_5_23_1_1,2023,5,23,37,1,1,0,0,,,200.55263944
4385984493,1,2023_5_23_1_1,2023,5,23,62,1,1,0,0,,,149.19420307
4385984496,1,2023_5_23_1_1,2023,5,23,58,1,1,0,0,,,308.92610276
4385984497,1,2023_5_23_1_1,2023,5,23,38,1,1,0,0,,,163.66311954
4385984500,1,2023_5_23_1_1,2023,5,23,38,2,1,0,0,,,182.82244223
4385984502,1,2023_5_23_1_1,2023,5,23,65,1,1,0,0,,,54.446620779
4385984503,1,2023_5_23_1_1,2023,5,23,61,1,1,0,0,,,171.81236127
4385984505,1,2023_5_23_1_1,2023,5,23,31,2,1,0,0,,,1041.5705013
4385984509,1,2023_5_23_1_1,2023,5,23,30,1,1,0,0,,,163.66311954
4385984513,1,2023_5_23_1_1,2023,5,23,56,2,1,0,0,,,141.61006438
4385984515,1,2023_5_23_1_1,2023,5,23,68,1,-3,0,0,,,68.389820456
4385984518,1,2023_5_23_1_1,2023,5,23,28,2,1,0,0,,,200.55263944
4385984519,1,2023_5_23_1_1,2023,5,23,33,1,1,0,0,,,200.55263944
4385984520,1,2023_5_23_1_1,2023,5,23,31,2,1,0,0,,,325.09356168
4385984523,1,2023_5_23_1_1,2023,5,23,48,2,1,0,0,,,398.36935802
4385984531,1,2023_5_23_1_1,2023,5,23,58,1,1,0,1.0002817339,,,163.66311954
4385984532,1,2023_5_23_1_1,2023,5,23,41,2,1,0,0,,,200.55263944
4385984534,1,2023_5_23_1_1,2023,5,23,60,2,1,0,0,,,163.00290093
4385984535,1,2023_5_23_1_1,2023,5,23,76,2,1,0,0,,,142.35531162
4385984538,1,2023_5_23_1_1,2023,5,23,73,2,1,0,0,,,68.389820456
4385984542,1,2023_5_23_1_1,2023,5,23,40,1,1,0,0,,,200.55263944
4385984543,1,2023_5_23_1_1,2023,5,23,55,1,1,3.9988730645,0,,,182.82244223
4385984544,1,2023_5_23_1_1,2023,5,23,55,1,1,0,1.0002817339,,,338.88588592
4385984546,1,2023_5_23_1_1,2023,5,23,67,1,1,0,0,,,141.61006438
4385984547,1,2023_5_23_1_1,2023,5,23,76,1,1,0,0,,,178.81099071
4385984549,1,2023_5_23_1_1,2023,5,23,31,2,1,0,0,,,258.81404209
4385984550,1,2023_5_23_1_1,2023,5,23,72,1,1,19.994365322,3.0008452016,,,62.343702053
4385984551,1,2023_5_23_1_1,2023,5,23,27,1,1,0,0,,,325.09356168
4385984556,1,2023_5_23_1_1,2023,5,23,69,2,1,0,0,,,135.8466732
4385984569,1,2023_5_23_1_1,2023,5,23,91,1,1,0,0,,,129.09078577
4385984571,1,2023_5_23_1_1,2023,5,23,29,1,1,0,1.0002817339,,,163.66311954
4385984574,1,2023_5_23_1_1,2023,5,23,34,2,1,0,0,,,325.09356168
4385984578,1,2023_5_23_1_1,2023,5,23,60,1,1,0,1.0002817339,,,149.19420307
4385984582,1,2023_5_23_1_1,2023,5,23,36,2,1,0,0,,,182.82244223
4385984583,1,2023_5_23_1_1,2023,5,23,63,1,1,0,0,,,62.343702053
4385984584,1,2023_5_23_1_1,2023,5,23,63,1,1,7.9977461289,0,,,118.15493342
4385984586,1,2023_5_23_1_1,2023,5,23,65,2,1,0,0,,,68.389820456
4385984592,1,2023_5_23_1_1,2023,5,23,69,1,1,0,0,,,54.161586147
4385984596,1,2023_5_23_1_1,2023,5,23,31,1,1,0.9997182661,0,,,163.66311954
4385984597,1,2023_5_23_1_1,2023,5,23,65,1,1,0.9997182661,0,,,163.00290093
4385984599,1,2023_5_23_1_1,2023,5,23,35,1,1,0,1.0002817339,,,163.66311954
4385984601,1,2023_5_23_1_1,2023,5,23,63,1,1,0,0,,,163.66311954
4385984605,1,2023_5_23_1_1,2023,5,23,45,1,1,0,0,,,200.55263944
4385984609,1,2023_5_23_1_1,2023,5,23,60,2,1,0,0,,,163.66311954
4385984616,1,2023_5_23_1_1,2023,5,23,53,2,1,0,0,,,200.55263944
4385984620,1,2023_5_23_1_1,2023,5,23,61,2,1,1.9994365322,2.0005634678,,,163.66311954
4385984626,1,2023_5_23_1_1,2023,5,23,59,1,1,0,0,,,130.29576252
4385984632,1,2023_5_23_1_1,2023,5,23,60,1,1,0,0,,,163.66311954
4385984633,1,2023_5_23_1_1,2023,5,23,41,1,1,0,0,,,253.23776461
4385984643,1,2023_5_23_1_1,2023,5,23,-3,1,-3,0,0,1,1,298.4310791
4385984646,1,2023_5_23_1_1,2023,5,23,51,2,1,0,0,,,118.15493342
4385984651,1,2023_5_23_1_1,2023,5,23,61,2,1,0,0,,,130.29576252
4385984659,1,2023_5_23_1_1,2023,5,23,60,1,1,0,0,,,163.66311954
4385984662,1,2023_5_23_1_1,2023,5,23,55,2,1,0,0,,,163.66311954
4385984663,1,2023_5_23_1_1,2023,5,23,78,1,1,0,0,,,78.757862552
4385984675,1,2023_5_23_1_1,2023,5,23,26,2,1,0,0,,,163.66311954
4385984679,1,2023_5_23_1_1,2023,5,23,52,1,1,9.9971826612,8.0022538711,,,118.15493342
4385984683,1,2023_5_23_1_1,2023,5,23,32,1,1,0,0,,,200.55263944
4385984684,1,2023_5_23_1_1,2023,5,23,57,1,1,0,0,,,427.91111823
4385984687,1,2023_5_23_1_1,2023,5,23,72,1,1,0,0,,,68.389820456
4385984689,1,2023_5_23_1_1,2023,5,23,39,1,1,0,0,,,149.19420307
4385984699,1,2023_5_23_1_1,2023,5,23,37,1,1,0,0,,,200.55263944
4385984704,1,2023_5_23_1_1,2023,5,23,60,2,1,0,0,,,68.389820456
4385984706,1,2023_5_23_1_1,2023,5,23,49,1,1,0,0,,,253.23776461
4385984723,1,2023_5_23_1_1,2023,5,23,64,2,1,0,0,,,149.19420307
4385984726,1,2023_5_23_1_1,2023,5,23,55,1,1,0,0,,,163.66311954
4385984727,1,2023_5_23_1_1,2023,5,23,62,2,1,0,0,,,68.389820456
4385984729,1,2023_5_23_1_1,2023,5,23,72,1,2,0,0,,,68.389820456
4385984732,1,2023_5_23_1_1,2023,5,23,29,2,1,0,0,,,163.66311954
4385984734,1,2023_5_23_1_1,2023,5,23,37,2,1,0,0,,,200.55263944
4385984738,1,2023_5_23_1_1,2023,5,23,35,1,1,0,1.0002817339,,,182.82244223
4385984739,1,2023_5_23_1_1,2023,5,23,32,2,1,0,0,,,182.82244223
4385984740,1,2023_5_23_1_1,2023,5,23,28,2,1,0,0,,,141.61006438
4385984742,1,2023_5_23_1_1,2023,5,23,74,1,1,0,0,,,129.77014816
4385984744,1,2023_5_23_1_1,2023,5,23,56,1,1,0,0,,,141.61006438
4385984748,1,2023_5_23_1_1,2023,5,23,65,1,1,0,0,,,135.8466732
4385984751,1,2023_5_23_1_1,2023,5,23,54,2,1,0,0,,,308.92610276
4385984752,1,2023_5_23_1_1,2023,5,23,58,2,1,0,0,,,849.9847119
4385984755,1,2023_5_23_1_1,2023,5,23,71,1,1,0,0,,,62.343702053
4385984756,1,2023_5_23_1_1,2023,5,23,69,1,1,0,0,,,68.389820456
4385984759,1,2023_5_23_1_1,2023,5,23,44,2,1,0,0,,,129.61364847
4385984764,1,2023_5_23_1_1,2023,5,23,54,2,1,0,0,,,129.61364847
4385984766,1,2023_5_23_1_1,2023,5,23,50,1,1,0,0,,,118.15493342
4385984769,1,2023_5_23_1_1,2023,5,23,55,1,1,0,0,,,149.19420307
4385984770,1,2023_5_23_1_1,2023,5,23,65,1,1,0,0,,,76.395916409
4385984772,1,2023_5_23_1_1,2023,5,23,35,2,1,0,0,,,325.09356168
4385984774,1,2023_5_23_1_1,2023,5,23,53,1,1,0,0,,,118.15493342
4385984777,1,2023_5_23_1_1,2023,5,23,44,2,1,0,0,,,118.15493342
4385984779,1,2023_5_23_1_1,2023,5,23,39,1,1,0,0,,,182.82244223
4385984781,1,2023_5_23_1_1,2023,5,23,66,2,1,0,1.0002817339,,,199.74360816
4385984782,1,2023_5_23_1_1,2023,5,23,58,1,1,0,0,,,163.66311954
4385984787,1,2023_5_23_1_1,2023,5,23,75,1,1,0,0,,,178.81099071
4385984789,1,2023_5_23_1_1,2023,5,23,40,2,1,0,0,,,398.36935802
4385984791,1,2023_5_23_1_1,2023,5,23,39,2,1,0,0,,,163.66311954
4385984793,1,2023_5_23_1_1,2023,5,23,43,2,1,0,0,,,182.82244223
4385984797,1,2023_5_23_1_1,2023,5,23,63,1,1,0,0,,,234.39279904
4385984799,1,2023_5_23_1_1,2023,5,23,66,2,1,0,10.002817339,,,178.81099071
4385984800,1,2023_5_23_1_1,2023,5,23,33,1,1,0,2.0005634678,,,163.66311954
4385984801,1,2023_5_23_1_1,2023,5,23,61,2,1,0,0,,,68.389820456
4385984804,1,2023_5_23_1_1,2023,5,23,65,1,1,0,0,,,62.343702053
4385984807,1,2023_5_23_1_1,2023,5,23,56,1,1,0,0,,,398.36935802
4385984814,1,2023_5_23_1_1,2023,5,23,66,1,1,1.9994365322,0,,,163.00290093
4385984815,1,2023_5_23_1_1,2023,5,23,72,1,1,0,0,,,62.343702053
4385984817,1,2023_5_23_1_1,2023,5,23,65,1,1,0.9997182661,0,,,62.343702053
4385984820,1,2023_5_23_1_1,2023,5,23,53,2,1,0,0,,,163.66311954
4385984821,1,2023_5_23_1_1,2023,5,23,49,2,1,0,0,,,163.66311954
4385984831,1,2023_5_23_1_1,2023,5,23,64,2,1,0,0,,,449.21800247
4385984849,1,2023_5_23_1_1,2023,5,23,65,1,1,0,0,,,129.77014816
4385984852,1,2023_5_23_1_1,2023,5,23,65,1,1,4.9985913306,0,,,178.81099071
4385984854,1,2023_5_23_1_1,2023,5,23,49,1,1,0,0,,,163.66311954
4385984859,1,2023_5_23_1_1,2023,5,23,58,2,1,0,0,,,68.389820456
4385984862,1,2023_5_23_1_1,2023,5,23,53,1,1,0,0,,,163.66311954
4385984864,1,2023_5_23_1_1,2023,5,23,65,1,1,0.9997182661,0,,,178.81099071
4385984867,1,2023_5_23_1_1,2023,5,23,65,1,1,0,0,,,62.343702053
4385984869,1,2023_5_23_1_1,2023,5,23,57,1,1,0,0,,,182.82244223
4385984875,1,2023_5_23_1_1,2023,5,23,75,1,1,0,7.0019721372,,,178.81099071
4385984877,1,2023_5_23_1_1,2023,5,23,68,1,1,0,0,,,163.00290093
4385984882,1,2023_5_23_1_1,2023,5,23,70,2,1,0.9997182661,2.0005634678,,,49.633174659
4385984889,1,2023_5_23_1_1,2023,5,23,71,1,1,0,1.0002817339,,,163.00290093
4385984890,1,2023_5_23_1_1,2023,5,23,39,1,1,9.9971826612,0,,,163.66311954
4385984897,1,2023_5_23_1_1,2023,5,23,77,1,1,0,0,,,163.00290093
4385984900,1,2023_5_23_1_1,2023,5,23,60,2,1,0,0,,,199.74360816
4385984901,1,2023_5_23_1_1,2023,5,23,64,2,1,0,0,,,129.09078577
4385984902,1,2023_5_23_1_1,2023,5,23,76,1,1,0,0,,,178.81099071
4385984904,1,2023_5_23_1_1,2023,5,23,43,1,1,0,2.0005634678,,,325.09356168
4385984908,1,2023_5_23_1_1,2023,5,23,60,1,1,0,0,,,163.66311954
4385984913,1,2023_5_23_1_1,2023,5,23,52,2,1,1.9994365322,0,,,118.15493342
4385984914,1,2023_5_23_1_1,2023,5,23,68,1,1,0,0,,,178.81099071
4385984917,1,2023_5_23_1_1,2023,5,23,63,1,1,7.9977461289,0,,,149.19420307
4385984918,1,2023_5_23_1_1,2023,5,23,54,1,1,0,0,,,199.74360816
4385984919,1,2023_5_23_1_1,2023,5,23,68,2,1,0,0,,,199.74360816
4385984924,1,2023_5_23_1_1,2023,5,23,70,1,1,0,0,,,68.389820456
4385984926,1,2023_5_23_1_1,2023,5,23,63,2,1,0,0,,,178.81099071
4385984930,1,2023_5_23_1_1,2023,5,23,51,1,1,0,10.002817339,,,129.61364847
4385984938,1,2023_5_23_1_1,2023,5,23,37,2,1,0,0,,,200.55263944
4385984940,1,2023_5_23_1_1,2023,5,23,62,2,1,0,0,,,163.66311954
4385984941,1,2023_5_23_1_1,2023,5,23,66,2,1,0,0,,,54.161586147
4385984942,1,2023_5_23_1_1,2023,5,23,64,2,1,0,0,,,62.343702053
4385984943,1,2023_5_23_1_1,2023,5,23,70,1,1,0,0,,,141.61006438
4385984950,1,2023_5_23_1_1,2023,5,23,65,1,1,0,0,,,178.81099071
4385984953,1,2023_5_23_1_1,2023,5,23,80,-3,-3,0,0,,,163.00290093
4385984954,1,2023_5_23_1_1,2023,5,23,62,2,1,0,0,,,390.08090798
4385984955,1,2023_5_23_1_1,2023,5,23,75,1,1,39.988730645,10.002817339,,,89.286547072
4385984960,1,2023_5_23_1_1,2023,5,23,38,2,1,0,0,,,182.82244223
4385984964,1,2023_5_23_1_1,2023,5,23,63,1,1,0,0,,,149.19420307
4385984965,1,2023_5_23_1_1,2023,5,23,41,1,1,0,0,,,182.82244223
4385984966,1,2023_5_23_1_1,2023,5,23,68,1,1,0,0,,,68.389820456
4385984967,1,2023_5_23_1_1,2023,5,23,39,2,5,0,0,,,149.19420307
4385984968,1,2023_5_23_1_1,2023,5,23,65,1,1,0,2.0005634678,,,54.161586147
4385984973,1,2023_5_23_1_1,2023,5,23,46,1,1,0,0,,,524.36189932
4385984976,1,2023_5_23_1_1,2023,5,23,57,1,1,0,0,,,129.61364847
4385984977,1,2023_5_23_1_1,2023,5,23,67,2,1,0,0,,,68.389820456
4385984978,1,2023_5_23_1_1,2023,5,23,31,2,1,0,0,,,200.55263944
4385984983,1,2023_5_23_1_1,2023,5,23,64,2,1,0,0,,,62.343702053
4385984984,1,2023_5_23_1_1,2023,5,23,62,2,1,0,0,,,163.00290093
4385984994,1,2023_5_23_1_1,2023,5,23,77,1,1,0,0,,,178.81099071
4385984996,1,2023_5_23_1_1,2023,5,23,65,2,1,0,0,,,54.446620779
4385985005,1,2023_5_23_1_1,2023,5,23,71,1,1,0,0,,,62.343702053
4385985006,1,2023_5_23_1_1,2023,5,23,67,1,1,0,0,,,68.389820456
4385985008,1,2023_5_23_1_1,2023,5,23,35,1,5,0.9997182661,10.002817339,,,200.55263944
4385985010,1,2023_5_23_1_1,2023,5,23,56,1,1,9.9971826612,20.005634678,,,427.91111823
4385985012,1,2023_5_23_1_1,2023,5,23,69,2,1,0,4.0011269355,,,68.389820456
4385985013,1,2023_5_23_1_1,2023,5,23,58,1,1,0,2.0005634678,,,258.81404209
4385985015,1,2023_5_23_1_1,2023,5,23,43,2,1,0,0,,,503.02088266
4385985017,1,2023_5_23_1_1,2023,5,23,46,2,1,0,0,,,200.55263944
4385985019,1,2023_5_23_1_1,2023,5,23,69,2,1,0,0,,,68.389820456
4385985028,1,2023_5_23_1_1,2023,5,23,63,1,1,1.9994365322,0,,,163.66311954
4385985030,1,2023_5_23_1_0,2023,5,23,66,2,1,0,0,,,220.91162421
4385985032,1,2023_5_23_1_0,2023,5,23,80,1,1,0,0,,,725.50740191
4385985037,1,2023_5_23_1_0,2023,5,23,57,1,1,0,2.0005634678,,,551.18405496
4385985041,1,2023_5_23_1_0,2023,5,23,66,2,1,0,0,,,220.91162421
4385985042,1,2023_5_23_1_0,2023,5,23,78,2,1,0,0,,,577.59219312
4385985049,1,2023_5_23_1_0,2023,5,23,46,2,1,0,0,,,1027.4864645
4385985050,1,2023_5_23_1_0,2023,5,23,52,1,1,0,0,,,813.72192957
4385985053,1,2023_5_23_1_0,2023,5,23,47,1,1,0,0,,,664.04645582
4385985058,1,2023_5_23_1_0,2023,5,23,62,1,1,0,0,,,1736.205825
4385985061,1,2023_5_23_1_0,2023,5,23,76,2,1,0,0,,,1147.3049261
4385985072,1,2023_5_23_1_0,2023,5,23,75,2,1,0,0,,,725.50740191
4385985074,1,2023_5_23_1_0,2023,5,23,70,1,1,0,0,,,194.13694702
4385985087,1,2023_5_23_1_0,2023,5,23,59,2,1,0,0,,,574.56842827
4385985088,1,2023_5_23_1_0,2023,5,23,43,2,1,0,0,,,813.72192957
4385985092,1,2023_5_23_1_0,2023,5,23,-3,1,1,0,0,,,404.45227674
4385985094,1,2023_5_23_1_0,2023,5,23,61,1,1,0,0,,,574.56842827
4385985097,1,2023_5_23_1_0,2023,5,23,62,2,1,0,0,,,725.50740191
4385985101,1,2023_5_23_1_0,2023,5,23,73,2,1,0,0,,,220.91162421
4385985102,1,2023_5_23_1_0,2023,5,23,61,2,1,0,0,,,194.13694702
4385985108,1,2023_5_23_1_0,2023,5,23,64,2,1,0,0,,,277.48473826
4385985113,1,2023_5_23_1_0,2023,5,23,36,1,1,0,0,,,664.04645582
4385985115,1,2023_5_23_1_0,2023,5,23,63,2,1,0,0,,,1736.205825
4385985116,1,2023_5_23_1_0,2023,5,23,80,2,1,0,0,,,577.59219312
4385985125,1,2023_5_23_1_0,2023,5,23,66,2,1,0,0,,,725.50740191
4385985126,1,2023_5_23_1_0,2023,5,23,35,2,1,0,0,,,664.04645582
4385985127,1,2023_5_23_1_0,2023,5,23,72,1,1,0,0,,,220.91162421
4385985128,1,2023_5_23_1_0,2023,5,23,86,2,1,0,0,,,1147.3049261
4385985129,1,2023_5_23_1_0,2023,5,23,77,1,1,9.9971826612,10.002817339,,,507.5875269
4385985131,1,2023_5_23_1_0,2023,5,23,-3,-3,-3,0,0,,,463.32974904
4385985134,1,2023_5_23_1_0,2023,5,23,36,2,1,0,0,,,2127.545056
4385985142,1,2023_5_23_1_0,2023,5,23,58,2,1,0,0,,,525.89419131
4385985148,1,2023_5_23_1_0,2023,5,23,93,1,1,0,0,,,577.59219312
4385985149,1,2023_5_23_1_0,2023,5,23,36,2,1,0,0,,,664.04645582
4385985151,1,2023_5_23_1_0,2023,5,23,56,2,1,0,0,,,664.04645582
4385985155,1,2023_5_23_1_0,2023,5,23,64,2,1,0,0,,,528.66179964
4385985157,1,2023_5_23_1_0,2023,5,23,92,1,1,0,0,,,316.38217629
4385985161,1,2023_5_23_1_0,2023,5,23,53,2,1,0,0,,,2745.6060274
4385985162,1,2023_5_23_1_0,2023,5,23,40,1,1,0,0,,,813.72192957
4385985163,1,2023_5_23_1_0,2023,5,23,34,2,1,0,0,,,1616.3431386
4385985167,1,2023_5_23_1_0,2023,5,23,-3,1,-3,0,0,,,1051.9388004
4385985171,1,2023_5_23_1_0,2023,5,23,48,1,1,0,0,,,718.86146452
4385985181,1,2023_5_23_1_0,2023,5,23,72,1,4,0,0,,,1441.1174978
4385985187,1,2023_5_23_1_0,2023,5,23,53,1,1,0,1.0002817339,,,664.04645582
4385985189,1,2023_5_23_1_0,2023,5,23,80,1,1,0,0,,,507.5875269
4385985190,1,2023_5_23_1_0,2023,5,23,53,2,1,0,0,,,525.89419131
4385985195,1,2023_5_23_1_0,2023,5,23,39,2,1,0,0,,,1050.1116431
4385985196,1,2023_5_23_1_0,2023,5,23,70,2,1,0,0,,,438.80959213
4385985198,1,2023_5_23_1_0,2023,5,23,58,2,1,0,0,1,1,664.04645582
4385985205,1,2023_5_23_1_0,2023,5,23,72,1,1,0,0,,,277.48473826
4385985208,1,2023_5_23_1_0,2023,5,23,79,2,1,0,0,,,438.80959213
4385985211,1,2023_5_23_1_0,2023,5,23,67,1,1,0,0,,,220.91162421
4385985212,1,2023_5_23_1_0,2023,5,23,73,1,1,0,0,,,194.13694702
4385985215,1,2023_5_23_1_0,2023,5,23,66,1,1,0,0,,,438.80959213
4385985216,1,2023_5_23_1_0,2023,5,23,40,1,3,0,0,,,664.04645582
4385985222,1,2023_5_23_1_0,2023,5,23,53,1,1,0,0,,,664.04645582
4385985228,1,2023_5_23_1_0,2023,5,23,89,1,1,0,0,,,1441.1174978
4385985229,1,2023_5_23_1_0,2023,5,23,39,1,1,0,0,,,813.72192957
4385985234,1,2023_5_23_1_0,2023,5,23,86,1,1,0,0,,,725.50740191
4385985236,1,2023_5_23_1_0,2023,5,23,90,2,1,0,0,,,1147.3049261
4385985238,1,2023_5_23_1_0,2023,5,23,64,2,1,0,0,,,1736.205825
4385985239,1,2023_5_23_1_0,2023,5,23,77,1,1,2.9991547984,0,,,194.13694702
4385985242,1,2023_5_23_1_0,2023,5,23,-3,2,1,0,0,,,1051.9388004
4385985243,1,2023_5_23_1_0,2023,5,23,58,2,3,0,0,,,1050.1116431
4385985251,1,2023_5_23_1_0,2023,5,23,63,2,1,0,0,,,507.5875269
4385985252,1,2023_5_23_1_0,2023,5,23,64,1,1,0,0,,,1736.205825
4385985257,1,2023_5_23_1_0,2023,5,23,50,1,1,0,0,,,464.58753883
4385985259,1,2023_5_23_1_0,2023,5,23,66,2,1,0,0,,,220.91162421
4385985260,1,2023_5_23_1_0,2023,5,23,57,1,1,0,0,,,464.58753883
4385985262,1,2023_5_23_1_0,2023,5,23,54,1,1,0,0,,,2127.545056
4385985263,1,2023_5_23_1_0,2023,5,23,56,2,1,0,0,,,2127.545056
4385985268,1,2023_5_23_1_0,2023,5,23,53,2,1,0,0,,,525.89419131
4385985273,1,2023_5_23_1_0,2023,5,23,61,2,1,0,0,,,219.75512519
4385985274,1,2023_5_23_1_0,2023,5,23,84,1,1,0,0,,,725.50740191
4385985275,1,2023_5_23_1_0,2023,5,23,57,1,1,0,0,,,1736.205825
4385985282,1,2023_5_23_1_0,2023,5,23,70,1,1,0,0,,,194.13694702
4385985286,1,2023_5_23_1_0,2023,5,23,53,2,1,0,0,,,525.89419131
4385985288,1,2023_5_23_1_0,2023,5,23,71,1,1,0,0,,,220.91162421
4385985289,1,2023_5_23_1_0,2023,5,23,70,1,1,0,0,,,725.50740191
4385985296,1,2023_5_23_1_0,2023,5,23,83,2,1,0,0,,,194.13694702
4385985298,1,2023_5_23_1_0,2023,5,23,66,2,1,0,0,,,219.75512519
4385985300,1,2023_5_23_1_0,2023,5,23,86,1,1,0,0,,,725.50740191
4385985306,1,2023_5_23_1_0,2023,5,23,53,1,1,0,0,,,813.72192957
4385985310,1,2023_5_23_1_0,2023,5,23,63,1,1,0,0,1,1,1050.1116431
4385985312,1,2023_5_23_1_0,2023,5,23,55,1,1,0,0,,,813.72192957
4385985314,1,2023_5_23_1_0,2023,5,23,77,1,1,0,5.0014086694,,,277.48473826
4385985317,1,2023_5_23_1_0,2023,5,23,53,2,1,0,0,,,569.30515212
4385985319,1,2023_5_23_1_0,2023,5,23,70,2,1,0,0,,,277.48473826
4385985324,1,2023_5_23_1_0,2023,5,23,63,1,1,0,0,,,507.5875269
4385985326,1,2023_5_23_1_0,2023,5,23,87,2,1,0,0,,,1441.1174978
4385985330,1,2023_5_23_1_0,2023,5,23,59,2,1,0,0,,,528.66179964
4385985331,1,2023_5_23_1_0,2023,5,23,66,2,1,0,0,,,277.48473826
4385985332,1,2023_5_23_1_0,2023,5,23,32,2,1,0,0,,,813.72192957
4385985337,1,2023_5_23_1_0,2023,5,23,68,2,1,0,0,,,277.48473826
4385985339,1,2023_5_23_1_0,2023,5,23,81,1,1,0,0,,,725.50740191
4385985341,1,2023_5_23_1_0,2023,5,23,90,1,1,0,0,,,725.50740191
4385985344,1,2023_5_23_1_0,2023,5,23,39,2,4,0,0,,,277.48473826
4385985346,1,2023_5_23_1_0,2023,5,23,35,2,1,0,0,,,664.04645582
4385985347,1,2023_5_23_1_0,2023,5,23,64,2,1,0,0,,,528.66179964
4385985348,1,2023_5_23_1_0,2023,5,23,40,1,1,0,0,,,1616.3431386
4385985354,1,2023_5_23_1_0,2023,5,23,53,2,1,0,0,,,1050.1116431
4385985356,1,2023_5_23_1_0,2023,5,23,74,1,1,0,0,,,220.91162421
4385985359,1,2023_5_23_1_0,2023,5,23,34,2,1,9.6098869701,0,,,639.29385397
4385985362,1,2023_5_23_1_0,2023,5,23,78,1,1,0,0,,,277.48473826
4385985369,1,2023_5_23_1_0,2023,5,23,59,1,1,0,0,,,1736.205825
4385985371,1,2023_5_23_1_0,2023,5,23,81,1,1,0,0,,,725.50740191
4385985376,1,2023_5_23_1_0,2023,5,23,72,2,1,0,0,,,277.48473826
4385985378,1,2023_5_23_1_0,2023,5,23,74,2,1,0,0,,,277.48473826
4385985392,1,2023_5_23_1_0,2023,5,23,51,1,1,0,0,,,664.04645582
4385985397,1,2023_5_23_1_0,2023,5,23,35,1,1,0,0,,,525.89419131
4385985401,1,2023_5_23_1_0,2023,5,23,85,1,1,9.9971826612,10.002817339,,,277.48473826
4385985403,1,2023_5_23_1_0,2023,5,23,53,1,1,0,0,,,1488.4966445
4385985405,1,2023_5_23_1_0,2023,5,23,91,1,1,0,0,,,577.59219312
4385985407,1,2023_5_23_1_0,2023,5,23,57,1,1,0,0,,,528.66179964
4385985412,1,2023_5_23_1_0,2023,5,23,64,2,1,0,0,,,1382.2311495
4385985414,1,2023_5_23_1_0,2023,5,23,70,2,1,0,0,,,725.50740191
4385985418,1,2023_5_23_1_0,2023,5,23,67,1,1,0,0,,,154.55663815
4385985427,1,2023_5_23_1_0,2023,5,23,74,2,1,0,0,,,438.80959213
4385985433,1,2023_5_23_1_0,2023,5,23,-3,2,1,0,0,,,402.33492025
4385985434,1,2023_5_23_1_0,2023,5,23,72,2,1,0,0,,,194.13694702
4385985435,1,2023_5_23_1_0,2023,5,23,73,1,1,0,0,,,277.48473826
4385985437,1,2023_5_23_1_0,2023,5,23,72,1,1,0,0,,,725.50740191
4385985441,1,2023_5_23_1_0,2023,5,23,31,1,1,0,0,,,664.04645582
4385985445,1,2023_5_23_1_0,2023,5,23,66,2,1,0,0,,,220.91162421
4385985449,1,2023_5_23_1_0,2023,5,23,71,1,1,0,0,,,577.59219312
4385985450,1,2023_5_23_1_0,2023,5,23,33,2,1,0,0,,,1616.3431386
4385985451,1,2023_5_23_1_0,2023,5,23,65,2,1,0,0,,,577.59219312
4385985453,1,2023_5_23_1_0,2023,5,23,64,1,1,9.9971826612,10.002817339,,,569.30515212
4385985456,1,2023_5_23_1_0,2023,5,23,61,1,1,0,0,,,1050.1116431
4385985459,1,2023_5_23_1_0,2023,5,23,52,2,1,0,0,,,528.66179964
4385985463,1,2023_5_23_1_0,2023,5,23,23,2,1,0,0,,,1319.0340503
4385985465,1,2023_5_23_1_0,2023,5,23,43,1,1,0,0,,,1319.0340503
4385985467,1,2023_5_23_1_0,2023,5,23,56,1,1,0,3.0008452016,,,664.04645582
4385985470,1,2023_5_23_1_0,2023,5,23,76,2,1,0,0,1,1,577.59219312
4385985471,1,2023_5_23_1_0,2023,5,23,73,2,1,0,0,,,277.48473826
4385985472,1,2023_5_23_1_0,2023,5,23,63,1,1,0.9997182661,0,,,1382.2311495
4385985473,1,2023_5_23_1_0,2023,5,23,69,1,1,0,0,,,574.56842827
4385985484,1,2023_5_23_1_0,2023,5,23,83,1,1,0,0,,,725.50740191
4385985486,1,2023_5_23_1_0,2023,5,23,72,2,1,0,0,,,507.5875269
4385985490,1,2023_5_23_1_0,2023,5,23,68,1,1,0,0,,,153.7475155
4385985495,1,2023_5_23_1_0,2023,5,23,33,2,3,0,0,,,1319.0340503
4385985497,1,2023_5_23_1_0,2023,5,23,90,2,1,0,0,,,220.91162421
4385985500,1,2023_5_23_1_0,2023,5,23,67,1,1,0,0,,,277.48473826
4385985502,1,2023_5_23_1_0,2023,5,23,63,1,1,0,0,,,664.04645582
4385985506,1,2023_5_23_1_0,2023,5,23,73,1,1,0,0,,,725.50740191
4385985512,1,2023_5_23_1_0,2023,5,23,35,1,1,0,0,,,813.72192957
4385985513,1,2023_5_23_1_0,2023,5,23,78,2,1,0,0,,,577.59219312
4385985517,1,2023_5_23_1_0,2023,5,23,67,1,1,0,0,,,277.48473826
4385985518,1,2023_5_23_1_0,2023,5,23,72,2,1,0,0,,,725.50740191
4385985525,1,2023_5_23_1_0,2023,5,23,62,1,1,0,0,,,528.66179964
4385985529,1,2023_5_23_1_0,2023,5,23,65,1,1,0,0,,,277.48473826
4385985533,1,2023_5_23_1_0,2023,5,23,50,2,1,0,0,,,340.02954864
4385985536,1,2023_5_23_1_0,2023,5,23,64,2,1,0,0,,,528.66179964
4385985544,1,2023_5_23_1_0,2023,5,23,63,2,1,0,0,,,2745.6060274
4385985545,1,2023_5_23_1_0,2023,5,23,52,2,1,0,0,,,664.04645582
4385985547,1,2023_5_23_1_0,2023,5,23,81,1,1,0,0,,,277.48473826
4385985551,1,2023_5_23_1_0,2023,5,23,37,2,1,0,0,,,1616.3431386
4385985555,1,2023_5_23_1_0,2023,5,23,62,2,1,0,0,,,1736.205825
4385985559,1,2023_5_23_1_0,2023,5,23,86,2,1,0,0,,,577.59219312
4385985564,1,2023_5_23_1_0,2023,5,23,62,1,1,0,0,,,664.04645582
4385985567,1,2023_5_23_1_0,2023,5,23,63,2,1,0,0,,,528.66179964
4385985568,1,2023_5_23_1_0,2023,5,23,63,1,1,0,0,,,277.48473826
4385985570,1,2023_5_23_1_0,2023,5,23,76,2,1,0,0,,,725.50740191
4385985572,1,2023_5_23_1_0,2023,5,23,63,1,1,0,0,,,1050.1116431
4385985575,1,2023_5_23_1_0,2023,5,23,27,2,1,0,0,,,1050.1116431
4385985579,1,2023_5_23_1_0,2023,5,23,78,1,1,0,0,,,628.4482957
4385985582,1,2023_5_23_1_0,2023,5,23,48,1,1,0,0,,,813.72192957
4385985583,1,2023_5_23_1_0,2023,5,23,78,1,-3,0,0,,,725.50740191
4385985584,1,2023_5_23_1_0,2023,5,23,46,1,1,0,0,,,2745.6060274
4385985588,1,2023_5_23_1_0,2023,5,23,71,1,1,0,0,,,277.48473826
4385985589,1,2023_5_23_1_0,2023,5,23,76,1,1,0.9997182661,0,,,507.5875269
4385985601,1,2023_5_23_1_0,2023,5,23,82,2,1,0,0,,,577.59219312
4385985604,1,2023_5_23_1_0,2023,5,23,75,2,-3,0,0,,,507.5875269
4385985606,1,2023_5_23_1_0,2023,5,23,74,1,1,0,0,,,194.13694702
4385985613,1,2023_5_23_1_0,2023,5,23,59,1,1,0,0,,,664.04645582
4385985627,1,2023_5_23_1_0,2023,5,23,78,2,1,0,0,,,725.50740191
4385985632,1,2023_5_23_1_0,2023,5,23,40,1,1,0,0,,,813.72192957
4385985633,1,2023_5_23_1_0,2023,5,23,39,2,1,0,0,,,664.04645582
4385985637,1,2023_5_23_1_0,2023,5,23,57,2,1,0,0,,,664.04645582
4385985640,1,2023_5_23_1_0,2023,5,23,61,2,1,0,0,,,664.04645582
4385985644,1,2023_5_23_1_0,2023,5,23,44,1,1,0,0,,,813.72192957
4385985645,1,2023_5_23_1_0,2023,5,23,46,2,1,0,0,,,464.58753883
4385985651,1,2023_5_23_1_0,2023,5,23,64,1,1,0.9997182661,1.0002817339,,,401.98592981
4385985655,1,2023_5_23_1_0,2023,5,23,67,2,1,0,0,,,551.18405496
4385985661,1,2023_5_23_1_0,2023,5,23,33,2,1,0,0,,,1736.205825
4385985662,1,2023_5_23_1_0,2023,5,23,40,1,1,0,0,,,813.72192957
4385985667,1,2023_5_23_1_0,2023,5,23,60,2,1,0,0,,,528.66179964
4385985669,1,2023_5_23_1_0,2023,5,23,86,1,1,0,0,,,725.50740191
4385985672,1,2023_5_23_1_0,2023,5,23,50,1,1,0,0,,,525.89419131
4385985674,1,2023_5_23_1_0,2023,5,23,35,1,1,0.9997182661,0,,,528.66179964
4385985675,1,2023_5_23_1_0,2023,5,23,65,2,1,0,0,,,277.48473826
4385985679,1,2023_5_23_1_0,2023,5,23,25,2,1,0,0,,,1319.0340503
4385985686,1,2023_5_23_1_0,2023,5,23,48,2,1,0,0,,,1319.0340503
4385985691,1,2023_5_23_1_0,2023,5,23,86,1,1,0,0,,,725.50740191
4385985692,1,2023_5_23_1_0,2023,5,23,62,1,2,0,0,,,1736.205825
4385985695,1,2023_5_23_1_0,2023,5,23,38,2,1,0,0,,,569.30515212
4385985696,1,2023_5_23_1_0,2023,5,23,55,2,1,0,0,,,340.02954864
4385985697,1,2023_5_23_1_0,2023,5,23,67,1,1,0,0,,,577.59219312
4385985699,1,2023_5_23_1_0,2023,5,23,61,2,4,0,0,1,,1441.1174978
4385985704,1,2023_5_23_1_0,2023,5,23,66,1,1,0,0,,,277.48473826
4385985705,1,2023_5_23_1_0,2023,5,23,70,1,1,0,0,,,277.48473826
4385985706,1,2023_5_23_1_0,2023,5,23,45,1,1,0,0,,,1050.1116431
4385985712,1,2023_5_23_1_0,2023,5,23,64,2,1,0,0,,,277.48473826
4385985713,1,2023_5_23_1_0,2023,5,23,63,2,1,0,0,,,367.93192085
4385985717,1,2023_5_23_1_0,2023,5,23,45,2,1,0,0,,,813.72192957
4385985721,1,2023_5_23_1_0,2023,5,23,-3,1,1,0,0,,,1529.6533456
4385985727,1,2023_5_23_1_0,2023,5,23,58,2,1,0,0,,,367.93192085
4385985734,1,2023_5_23_1_0,2023,5,23,73,2,1,0,0,,,725.50740191
4385985735,1,2023_5_23_1_0,2023,5,23,52,2,1,0,0,,,813.72192957
4385985736,1,2023_5_23_1_0,2023,5,23,79,2,1,0,0,,,577.59219312
4385985737,1,2023_5_23_1_0,2023,5,23,37,2,1,0,0,,,2127.545056
4385985740,1,2023_5_23_1_0,2023,5,23,75,2,1,0,0,,,220.91162421
4385985745,1,2023_5_23_1_0,2023,5,23,59,1,1,1.9994365322,2.0005634678,,,1374.9950026
4385985749,1,2023_5_23_1_0,2023,5,23,43,1,1,0,0,,,813.72192957
4385985751,1,2023_5_23_1_0,2023,5,23,72,1,1,0,0,,,1147.3049261
4385985752,1,2023_5_23_1_0,2023,5,23,75,1,1,0,0,,,438.80959213
4385985756,1,2023_5_23_1_0,2023,5,23,39,2,1,0,0,,,1319.0340503
4385985757,1,2023_5_23_1_0,2023,5,23,24,2,1,0,0,,,1050.1116431
4385985758,1,2023_5_23_1_0,2023,5,23,28,1,1,0,0,,,1050.1116431
4385985768,1,2023_5_23_1_0,2023,5,23,91,2,1,0,0,,,438.80959213
4385985773,1,2023_5_23_1_0,2023,5,23,62,1,1,7.9977461289,8.0022538711,,,525.89419131
4385985776,1,2023_5_23_1_0,2023,5,23,45,2,1,0,0,1,1,525.89419131
4385985780,1,2023_5_23_1_0,2023,5,23,28,1,1,0,0,,,1050.1116431
4385985782,1,2023_5_23_1_0,2023,5,23,60,1,1,0,0,,,1050.1116431
4385985786,1,2023_5_23_1_0,2023,5,23,27,2,1,0,0,,,1050.1116431
4385985788,1,2023_5_23_1_0,2023,5,23,73,2,1,0,0,,,438.80959213
4385985792,1,2023_5_23_1_0,2023,5,23,24,2,1,6.204484819,6.8977575905,,,1980.3551323
4385985798,1,2023_5_23_1_0,2023,5,23,34,1,1,0,0,,,813.72192957
4385985800,1,2023_5_23_1_0,2023,5,23,67,2,1,0,0,,,438.80959213
4385985803,1,2023_5_23_1_0,2023,5,23,29,1,1,4.9985913306,0,,,1319.0340503
4385985804,1,2023_5_23_1_0,2023,5,23,29,2,1,0,0,,,664.04645582
4385985807,1,2023_5_23_1_0,2023,5,23,58,1,1,0,0,,,525.89419131
4385985810,1,2023_5_23_1_0,2023,5,23,78,2,1,0,0,,,577.59219312
4385985814,1,2023_5_23_1_0,2023,5,23,32,2,1,0,0,,,1616.3431386
4385985818,1,2023_5_23_1_0,2023,5,23,61,2,1,0,0,,,1382.2311495
4385985819,1,2023_5_23_1_0,2023,5,23,30,2,1,0,0,,1,1050.1116431
4385985820,1,2023_5_23_1_0,2023,5,23,70,1,1,0,0,,,725.50740191
4385985821,1,2023_5_23_1_0,2023,5,23,36,1,1,0,0,,,1050.1116431
4385985824,1,2023_5_23_1_0,2023,5,23,30,1,1,0,0,,,1319.0340503
4385985825,1,2023_5_23_1_0,2023,5,23,52,1,2,0,0,,,813.72192957
4385985827,1,2023_5_23_1_0,2023,5,23,66,2,1,0,0,,,438.80959213
4385985828,1,2023_5_23_1_0,2023,5,23,88,1,1,0,0,,,194.13694702
4385985829,1,2023_5_23_1_0,2023,5,23,29,2,1,0,2.0005634678,,,922.83721669
4385985831,1,2023_5_23_1_0,2023,5,23,69,2,1,0,0,,,277.48473826
4385985835,1,2023_5_23_1_0,2023,5,23,34,2,5,0,0,,,664.04645582
4385985836,1,2023_5_23_1_0,2023,5,23,82,2,1,0,0,,,219.75512519
4385985842,1,2023_5_23_1_0,2023,5,23,49,1,1,0,0,,,1616.3431386
4385985843,1,2023_5_23_1_0,2023,5,23,74,1,1,0,0,,,725.50740191
4385985845,1,2023_5_23_1_0,2023,5,23,42,2,1,0,0,,,2127.545056
4385985847,1,2023_5_23_1_0,2023,5,23,59,1,1,0,0,,,1050.1116431
4385985849,1,2023_5_23_1_0,2023,5,23,85,2,1,0,0,,,725.50740191
4385985850,1,2023_5_23_1_0,2023,5,23,40,1,1,0,0,,,813.72192957
4385985853,1,2023_5_23_1_0,2023,5,23,28,2,1,0,0,,,1044.6141819
4385985860,1,2023_5_23_1_0,2023,5,23,67,1,1,0,0,,,1147.3049261
4385985863,1,2023_5_23_1_0,2023,5,23,48,1,1,0,0,,,813.72192957
4385985865,1,2023_5_23_1_0,2023,5,23,84,2,1,0,0,,,577.59219312
4385985866,1,2023_5_23_1_0,2023,5,23,26,2,1,0,0,,,813.72192957
4385985870,1,2023_5_23_1_0,2023,5,23,28,1,1,0,0,,,664.04645582
4385985872,1,2023_5_23_1_0,2023,5,23,76,2,1,0,0,,,220.91162421
4385985873,1,2023_5_23_1_0,2023,5,23,57,1,1,0,0,,,813.72192957
4385985874,1,2023_5_23_1_0,2023,5,23,64,2,1,0,0,,,277.48473826
4385985876,1,2023_5_23_1_0,2023,5,23,31,2,1,0,0,,,664.04645582
4385985877,1,2023_5_23_1_0,2023,5,23,74,2,1,0,0,,,220.91162421
4385985883,1,2023_5_23_1_0,2023,5,23,47,1,1,0,0,,,1488.4966445
4385985889,1,2023_5_23_1_0,2023,5,23,72,1,1,0,0,,,220.91162421
4385985890,1,2023_5_23_1_0,2023,5,23,75,1,1,0,0,,,220.91162421
4385985895,1,2023_5_23_1_0,2023,5,23,85,2,1,0,0,,,725.50740191
4385985897,1,2023_5_23_1_0,2023,5,23,46,2,1,0,0,,,813.72192957
4385985898,1,2023_5_23_1_0,2023,5,23,67,2,1,0,0,,1,220.91162421
4385985899,1,2023_5_23_1_0,2023,5,23,75,1,1,0,0,,,277.48473826
4385985900,1,2023_5_23_1_0,2023,5,23,79,1,1,0,0,,,725.50740191
4385985902,1,2023_5_23_1_0,2023,5,23,76,1,1,0,0,,,507.5875269
4385985904,1,2023_5_23_1_0,2023,5,23,63,2,1,0,0,,,664.04645582
4385985911,1,2023_5_23_1_0,2023,5,23,62,1,1,0,0,,,813.72192957
4385985912,1,2023_5_23_1_0,2023,5,23,61,1,1,0,0,,,1374.9950026
4385985914,1,2023_5_23_1_0,2023,5,23,65,2,1,0,0,,,277.48473826
4385985917,1,2023_5_23_1_0,2023,5,23,35,2,1,0,0,,,1044.6141819
4385985920,1,2023_5_23_1_0,2023,5,23,52,1,1,0,0,,,1382.2311495
4385985921,1,2023_5_23_1_0,2023,5,23,33,1,1,14.995773992,22.006198145,,,528.66179964
4385985923,1,2023_5_23_1_0,2023,5,23,77,2,1,0,0,,,574.56842827
4385985924,1,2023_5_23_1_0,2023,5,23,76,2,1,0,0,,,277.48473826
4385985925,1,2023_5_23_1_0,2023,5,23,62,1,1,0,0,,,664.04645582
4385985926,1,2023_5_23_1_0,2023,5,23,57,2,1,0,0,,,664.04645582
4385985932,1,2023_5_23_1_0,2023,5,23,54,1,1,0,0,,,367.93192085
4385985946,1,2023_5_23_1_0,2023,5,23,73,2,1,0,0,,,220.91162421
4385985948,1,2023_5_23_1_0,2023,5,23,31,2,5,0,0,,,813.72192957
4385985954,1,2023_5_23_1_0,2023,5,23,32,1,4,0,0,,,664.04645582
4385985955,1,2023_5_23_1_0,2023,5,23,87,1,1,0,0,1,,277.48473826
4385985969,1,2023_5_23_1_0,2023,5,23,58,2,1,0,0,,,1214.7035558
4385985971,1,2023_5_23_1_0,2023,5,23,57,2,1,0,0,,,664.04645582
4385985973,1,2023_5_23_1_0,2023,5,23,73,2,1,0,0,,,507.5875269
4385985974,1,2023_5_23_1_0,2023,5,23,64,2,1,0,0,,,528.66179964
4385985977,1,2023_5_23_1_0,2023,5,23,44,2,1,0,0,,,813.72192957
4385985978,1,2023_5_23_1_0,2023,5,23,74,1,1,0,0,,,577.59219312
4385985979,1,2023_5_23_1_0,2023,5,23,59,1,1,0,0,,,525.89419131
4385985980,1,2023_5_23_1_0,2023,5,23,71,2,1,0,0,,,220.91162421
4385985982,1,2023_5_23_1_0,2023,5,23,57,2,1,0,0,,,664.04645582
4385985983,1,2023_5_23_1_0,2023,5,23,69,2,1,0,0,,,220.91162421
4385985984,1,2023_5_23_1_0,2023,5,23,76,1,1,0,0,,,725.50740191
4385985986,1,2023_5_23_1_0,2023,5,23,76,1,1,0,0,,,277.48473826
4385985987,1,2023_5_23_1_0,2023,5,23,81,2,1,0,0,,,438.80959213
4385985990,1,2023_5_23_1_0,2023,5,23,29,1,1,0,0,,,1319.0340503
4385985992,1,2023_5_23_1_0,2023,5,23,54,2,1,0,0,,,1050.1116431
4385985996,1,2023_5_23_1_0,2023,5,23,52,1,1,0,0,,,664.04645582
4385985998,1,2023_5_23_1_0,2023,5,23,53,2,1,0,0,,,813.72192957
4385986003,1,2023_5_23_1_0,2023,5,23,68,2,1,0,0,,,438.80959213
4385986005,1,2023_5_23_1_0,2023,5,23,45,2,1,0,0,,,664.04645582
4385986008,1,2023_5_23_1_0,2023,5,23,59,2,1,0,0,,,664.04645582
4385986011,1,2023_5_23_1_0,2023,5,23,76,1,4,0,0,,,725.50740191
4385986012,1,2023_5_23_1_0,2023,5,23,64,1,-3,0,0,1,1,757.13159637
4385986017,1,2023_5_23_1_0,2023,5,23,75,2,1,0,0,,,725.50740191
4385986020,1,2023_5_23_1_0,2023,5,23,68,2,1,0,0,,,438.80959213
4385986034,1,2023_5_23_1_0,2023,5,23,-3,-3,-3,0,0,,,404.45227674
4385986037,1,2023_5_23_1_0,2023,5,23,71,1,1,0,0,,,725.50740191
4385986042,1,2023_5_23_1_0,2023,5,23,67,1,1,0,0,,,340.02954864
4385986044,1,2023_5_23_1_0,2023,5,23,51,2,1,0,0,,,525.89419131
4385986045,1,2023_5_23_1_0,2023,5,23,73,1,1,0,0,,,725.50740191
4385986048,1,2023_5_23_1_0,2023,5,23,70,1,1,0,0,,,219.75512519
4385986050,1,2023_5_23_1_0,2023,5,23,61,2,1,0,0,,,1050.1116431
4385986059,1,2023_5_23_1_0,2023,5,23,78,1,1,0,0,,,551.18405496
4385986060,1,2023_5_23_1_0,2023,5,23,48,1,2,0,0,,,813.72192957
4385986061,1,2023_5_23_1_0,2023,5,23,81,1,1,0,0,,,577.59219312
4385986064,1,2023_5_23_1_0,2023,5,23,61,1,1,0,0,,,1044.6141819
4385986067,1,2023_5_23_1_0,2023,5,23,73,1,1,0,0,,,277.48473826
4385986078,1,2023_5_23_1_0,2023,5,23,63,1,1,0,0,,,664.04645582
4385986086,1,2023_5_23_1_0,2023,5,23,35,2,2,0,0,,,1616.3431386
4385986088,1,2023_5_23_1_0,2023,5,23,68,1,1,0,0,,,277.48473826
4385986090,1,2023_5_23_1_0,2023,5,23,27,1,1,0,0,,,528.66179964
4385986096,1,2023_5_23_1_0,2023,5,23,54,1,1,2.9991547984,3.0008452016,,,464.58753883
4385986099,1,2023_5_23_1_0,2023,5,23,33,2,1,0,0,,,1319.0340503
4385986101,1,2023_5_23_1_0,2023,5,23,44,2,1,0,0,,,569.30515212
4385986102,1,2023_5_23_1_0,2023,5,23,41,1,1,0,0,,,1050.1116431
4385986111,1,2023_5_23_1_0,2023,5,23,41,2,1,0,0,,,528.66179964
4385986113,1,2023_5_23_1_0,2023,5,23,38,1,1,0,0,,,2127.545056
4385986115,1,2023_5_23_1_0,2023,5,23,27,2,1,0,0,,,1319.0340503
4385986116,1,2023_5_23_1_0,2023,5,23,30,1,3,0,0,,,813.72192957
4385986117,1,2023_5_23_1_0,2023,5,23,76,2,1,0,0,,,725.50740191
4385986121,1,2023_5_23_1_0,2023,5,23,91,2,1,0,0,,,577.59219312
4385986124,1,2023_5_23_1_0,2023,5,23,65,1,1,0,0,,,220.91162421
4385986127,1,2023_5_23_1_0,2023,5,23,77,2,1,0,0,,,277.48473826
4385986131,1,2023_5_23_1_0,2023,5,23,75,2,1,0,0,,,725.50740191
4385986137,1,2023_5_23_1_0,2023,5,23,37,1,1,0,0,,,664.04645582
4385986142,1,2023_5_23_1_0,2023,5,23,68,2,1,0,0,,,340.02954864
4385986146,1,2023_5_23_1_0,2023,5,23,46,2,1,0,0,1,1,813.72192957
4385986149,1,2023_5_23_1_0,2023,5,23,75,1,1,0,0,,,438.80959213
4385986154,1,2023_5_23_1_0,2023,5,23,90,1,1,0,0,,,507.5875269
4385986157,1,2023_5_23_1_0,2023,5,23,76,2,1,0,0,,,551.18405496
4385986158,1,2023_5_23_1_0,2023,5,23,82,1,1,0,0,,,277.48473826
4385986164,1,2023_5_23_1_0,2023,5,23,80,1,1,0,0,,,397.40428189
4385986169,1,2023_5_23_1_0,2023,5,23,27,2,1,0,0,,,664.04645582
4385986171,1,2023_5_23_1_0,2023,5,23,34,1,1,0,0,,,813.72192957
4385986172,1,2023_5_23_1_0,2023,5,23,58,1,1,0,0,,,664.04645582
4385986175,1,2023_5_23_1_0,2023,5,23,59,2,1,0,0,,,664.04645582
4385986179,1,2023_5_23_1_0,2023,5,23,68,2,1,0,0,,,220.91162421
4385986188,1,2023_5_23_1_0,2023,5,23,84,1,1,0,0,,,219.75512519
4385986189,1,2023_5_23_1_0,2023,5,23,41,2,1,0,0,,,464.58753883
4385986192,1,2023_5_23_1_0,2023,5,23,45,1,1,1.9994365322,2.0005634678,,,464.58753883
4385986195,1,2023_5_23_1_0,2023,5,23,50,2,1,0,0,,,528.66179964
4385986197,1,2023_5_23_1_0,2023,5,23,75,1,1,0,0,,,507.5875269
4385986208,1,2023_5_23_1_0,2023,5,23,59,1,2,0,0,,,1319.0340503
4385986211,1,2023_5_23_1_0,2023,5,23,60,1,1,0,0,,,664.04645582
4385986213,1,2023_5_23_1_0,2023,5,23,63,2,1,0,0,,,436.51237094
4385986216,1,2023_5_23_1_0,2023,5,23,66,2,1,0,0,,,277.48473826
4385986217,1,2023_5_23_1_0,2023,5,23,77,1,1,0,0,,,789.38721071
4385986218,1,2023_5_23_1_0,2023,5,23,62,1,1,0,0,,,664.04645582
4385986227,1,2023_5_23_1_0,2023,5,23,67,1,1,9.9971826612,0,,,194.13694702
4385986232,1,2023_5_23_1_0,2023,5,23,68,2,1,0,0,,,220.91162421
4385986242,1,2023_5_23_1_0,2023,5,23,63,1,1,0,0,,,664.04645582
4385986252,1,2023_5_23_1_0,2023,5,23,34,1,1,0,0,,,528.66179964
4385986263,1,2023_5_23_1_0,2023,5,23,52,2,1,0,6.9260780943,,,1745.927973
4385986267,1,2023_5_23_1_0,2023,5,23,64,1,1,0,0,,,277.48473826
4385986271,1,2023_5_23_1_0,2023,5,23,74,2,1,0,0,,,220.91162421
4385986275,1,2023_5_23_1_0,2023,5,23,76,1,1,0,0,,,725.50740191
4385986279,1,2023_5_23_1_0,2023,5,23,78,2,1,0,0,,,577.59219312
4385986280,1,2023_5_23_1_0,2023,5,23,57,1,1,0,0,,,664.04645582
4385986284,1,2023_5_23_1_0,2023,5,23,73,2,1,0,0,,,577.59219312
4385986286,1,2023_5_23_1_0,2023,5,23,63,2,1,0,0,,,2745.6060274
4385986292,1,2023_5_23_1_0,2023,5,23,54,1,1,0,0,,,1050.1116431
4385986293,1,2023_5_23_1_0,2023,5,23,77,2,1,0,0,,,1147.3049261
4385986294,1,2023_5_23_1_0,2023,5,23,53,2,1,0,0,,,1050.1116431
4385986301,1,2023_5_23_1_0,2023,5,23,-3,2,1,0,0,,,404.45227674
4385986304,1,2023_5_23_1_0,2023,5,23,40,2,1,0,0,,,1374.9950026
4385986305,1,2023_5_23_1_0,2023,5,23,66,2,1,0,0,,,277.48473826
4385986310,1,2023_5_23_1_0,2023,5,23,65,2,1,0,0,,,194.13694702
4385986312,1,2023_5_23_1_0,2023,5,23,44,2,1,0,0,,,813.72192957
4385986314,1,2023_5_23_1_0,2023,5,23,30,2,1,0,0,,,813.72192957
4385986321,1,2023_5_23_1_0,2023,5,23,46,2,1,0,0,,,664.04645582
4385986323,1,2023_5_23_1_0,2023,5,23,68,1,1,0,0,,,277.48473826
4385986326,1,2023_5_23_1_0,2023,5,23,31,2,1,0,0,,,664.04645582
4385986327,1,2023_5_23_1_0,2023,5,23,68,2,1,0,0,,,277.48473826
4385986331,1,2023_5_23_1_0,2023,5,23,65,1,1,0,0,,,551.18405496
4385986334,1,2023_5_23_1_0,2023,5,23,31,1,1,0,0,,,569.30515212
4385986335,1,2023_5_23_1_0,2023,5,23,65,2,1,0,0,,,725.50740191
4385986339,1,2023_5_23_1_0,2023,5,23,39,2,1,0,0,,,813.72192957
4385986343,1,2023_5_23_1_0,2023,5,23,65,1,1,0,0,,,574.56842827
4385986345,1,2023_5_23_1_0,2023,5,23,38,1,1,0,0,,,813.72192957
4385986349,1,2023_5_23_1_0,2023,5,23,79,1,1,0,0,,,507.5875269
4385986350,1,2023_5_23_1_0,2023,5,23,28,2,1,0,0,,,664.04645582
4385986352,1,2023_5_23_1_0,2023,5,23,33,2,5,0,0,,,1374.9950026
4385986353,1,2023_5_23_1_0,2023,5,23,81,2,1,0,0,,,577.59219312
4385986361,1,2023_5_23_1_0,2023,5,23,51,2,1,0,0,,,664.04645582
4385986365,1,2023_5_23_1_0,2023,5,23,70,2,1,0,0,,,551.18405496
4385986368,1,2023_5_23_1_0,2023,5,23,67,2,1,0,0,,,725.50740191
4385986369,1,2023_5_23_1_0,2023,5,23,59,2,1,0,0,,,664.04645582
4385986370,1,2023_5_23_1_0,2023,5,23,38,2,1,0,0,,,1050.1116431
4385986373,1,2023_5_23_1_0,2023,5,23,66,1,1,0,0,,,277.48473826
4385986377,1,2023_5_23_1_0,2023,5,23,52,2,1,0,0,,,1050.1116431
4385986382,1,2023_5_23_1_0,2023,5,23,66,1,1,0,0,,,277.48473826
4385986387,1,2023_5_23_1_0,2023,5,23,24,1,1,0,0,,,1319.0340503
4385986389,1,2023_5_23_1_0,2023,5,23,79,1,1,0,0,,,507.5875269
4385986399,1,2023_5_23_1_0,2023,5,23,71,1,1,0,0,,,577.59219312
4385986401,1,2023_5_23_1_0,2023,5,23,75,1,1,0,0,,,220.91162421
4385986407,1,2023_5_23_1_0,2023,5,23,60,2,1,0,0,,,1374.9950026
4385986419,1,2023_5_23_1_0,2023,5,23,65,2,1,0,0,,,438.80959213
4385986426,1,2023_5_23_1_0,2023,5,23,82,1,1,0,0,,,277.48473826
4385986431,1,2023_5_23_1_0,2023,5,23,43,1,3,0,0,,,1050.1116431
4385986433,1,2023_5_23_1_0,2023,5,23,66,1,1,0,0,,,277.48473826
4385986435,1,2023_5_23_1_0,2023,5,23,61,2,1,0,0,,,1050.1116431
4385986439,1,2023_5_23_1_0,2023,5,23,91,2,1,0,0,,,1147.3049261
4385986443,1,2023_5_23_1_0,2023,5,23,44,2,1,0,0,,,1488.4966445
4385986446,1,2023_5_23_1_0,2023,5,23,84,1,1,0,0,,,725.50740191
4385986454,1,2023_5_23_1_0,2023,5,23,36,1,5,0,0,,,813.72192957
4385986455,1,2023_5_23_1_0,2023,5,23,71,1,1,0,0,,,277.48473826
4385986456,1,2023_5_23_1_0,2023,5,23,84,1,1,0,0,,,177.05596553
4385986457,1,2023_5_23_1_0,2023,5,23,63,2,1,0,0,,,277.48473826
4385986459,1,2023_5_23_1_0,2023,5,23,74,2,1,0,0,,,277.48473826
4385986460,1,2023_5_23_1_0,2023,5,23,74,2,1,0,0,,,577.59219312
4385986461,1,2023_5_23_1_0,2023,5,23,75,1,1,0,0,,,507.5875269
4385986465,1,2023_5_23_1_0,2023,5,23,55,1,1,0,0,,,664.04645582
4385986466,1,2023_5_23_1_0,2023,5,23,59,1,1,0,0,,,464.58753883
4385986468,1,2023_5_23_1_0,2023,5,23,78,2,1,0,0,,,574.56842827
4385986473,1,2023_5_23_1_0,2023,5,23,67,1,1,0,0,,,220.91162421
4385986479,1,2023_5_23_1_0,2023,5,23,60,2,1,0,0,,,813.72192957
4385986480,1,2023_5_23_1_0,2023,5,23,65,1,1,0,0,,,438.80959213
4385986482,1,2023_5_23_1_0,2023,5,23,66,1,1,0,0,,,507.5875269
4385986486,1,2023_5_23_1_0,2023,5,23,37,1,1,0,0,,,813.72192957
4385986489,1,2023_5_23_1_0,2023,5,23,71,1,1,0,0,,,1147.3049261
4385986490,1,2023_5_23_1_0,2023,5,23,66,1,1,0,0,,,220.91162421
4385986491,1,2023_5_23_1_0,2023,5,23,67,2,1,0,0,,,725.50740191
4385986493,1,2023_5_23_1_0,2023,5,23,63,1,1,0,0,,,664.04645582
4385986496,1,2023_5_23_1_0,2023,5,23,65,2,1,0,0,,,507.5875269
4385986499,1,2023_5_23_1_0,2023,5,23,58,1,1,0,0,,,569.30515212
4385986507,1,2023_5_23_1_0,2023,5,23,50,1,1,0,0,,,2127.545056
4385986511,1,2023_5_23_1_0,2023,5,23,-3,-3,-3,0,0,,1,663.56523731
4385986518,1,2023_5_23_1_0,2023,5,23,77,1,1,0,0,,,725.50740191
4385986521,1,2023_5_23_1_0,2023,5,23,55,2,1,0,0,,,1736.205825
4385986522,1,2023_5_23_1_0,2023,5,23,59,2,1,0,0,,,664.04645582
4385986526,1,2023_5_23_1_0,2023,5,23,33,1,1,0,0,,,813.72192957
4385986528,1,2023_5_23_1_0,2023,5,23,52,2,1,0,0,,,525.89419131
4385986530,1,2023_5_23_1_0,2023,5,23,54,1,1,0,0,,,340.02954864
4385986531,1,2023_5_23_1_0,2023,5,23,75,2,1,0,0,,,220.91162421
4385986532,1,2023_5_23_1_0,2023,5,23,91,1,1,0,0,,,507.5875269
4385986534,1,2023_5_23_1_0,2023,5,23,70,2,1,0,0,,,220.91162421
4385986535,1,2023_5_23_1_0,2023,5,23,62,1,1,0,0,,,464.58753883
4385986536,1,2023_5_23_1_0,2023,5,23,58,1,1,0,0,,,1736.205825
4385986541,1,2023_5_23_1_0,2023,5,23,35,1,1,0,0,,,1616.3431386
4385986543,1,2023_5_23_1_0,2023,5,23,74,2,1,0,0,,,577.59219312
4385986545,1,2023_5_23_1_0,2023,5,23,83,1,1,0,0,,,316.38217629
4385986547,1,2023_5_23_1_0,2023,5,23,32,1,1,0,0,,,664.04645582
4385986553,1,2023_5_23_1_0,2023,5,23,-3,2,1,0,0,,,1057.4748086
4385986557,1,2023_5_23_1_0,2023,5,23,68,1,1,0,0,,,507.5875269
4385986559,1,2023_5_23_1_0,2023,5,23,81,1,1,0,0,,,507.5875269
4385986569,1,2023_5_23_1_0,2023,5,23,72,2,1,0,0,,,220.91162421
4385986570,1,2023_5_23_1_0,2023,5,23,58,1,1,0,0,,,525.89419131
4385986573,1,2023_5_23_1_0,2023,5,23,68,1,1,0,0,,,725.50740191
4385986576,1,2023_5_23_1_0,2023,5,23,67,1,1,0,0,,,277.48473826
4385986582,1,2023_5_23_1_0,2023,5,23,20,2,1,0,0,,,1044.6141819
4385986590,1,2023_5_23_1_0,2023,5,23,43,1,1,0,0,,,813.72192957
4385986591,1,2023_5_23_1_0,2023,5,23,75,1,1,0,0,,,277.48473826
4385986598,1,2023_5_23_1_0,2023,5,23,18,2,1,0,0,,,1050.1116431
4385986605,1,2023_5_23_1_0,2023,5,23,76,1,1,0,0,,,725.50740191
4385986607,1,2023_5_23_1_0,2023,5,23,69,1,1,0,0,,,1147.3049261
4385986613,1,2023_5_23_1_0,2023,5,23,76,1,1,0,0,,,725.50740191
4385986616,1,2023_5_23_1_0,2023,5,23,86,2,1,0,0,,,577.59219312
4385986618,1,2023_5_23_1_0,2023,5,23,70,2,1,0,0,,,277.48473826
4385986619,1,2023_5_23_1_0,2023,5,23,85,1,1,0,0,,,577.59219312
4385986620,1,2023_5_23_1_0,2023,5,23,29,2,1,0,0,,,569.30515212
4385986621,1,2023_5_23_1_0,2023,5,23,71,1,1,0,0,,,577.59219312
4385986624,1,2023_5_23_1_0,2023,5,23,66,1,1,0,0,,,725.50740191
4385986628,1,2023_5_23_1_0,2023,5,23,54,2,1,0,0,,,813.72192957
4385986633,1,2023_5_23_1_0,2023,5,23,51,2,1,0,0,,,401.98592981
4385986634,1,2023_5_23_1_0,2023,5,23,67,2,1,0,0,,1,725.50740191
4385986637,1,2023_5_23_1_0,2023,5,23,58,1,1,0,0,,,1050.1116431
4385986642,1,2023_5_23_1_0,2023,5,23,66,1,1,0,0,1,1,725.50740191
4385986644,1,2023_5_23_1_0,2023,5,23,65,2,1,0,0,,,277.48473826
4385986645,1,2023_5_23_1_0,2023,5,23,71,2,1,0,0,,,577.59219312
4385986651,1,2023_5_23_1_0,2023,5,23,61,2,1,0,0,,,528.66179964
4385986653,1,2023_5_23_1_0,2023,5,23,-3,-3,-3,0,0,,,404.45227674
4385986657,1,2023_5_23_1_0,2023,5,23,59,1,1,0,0,,,464.58753883
4385986658,1,2023_5_23_1_0,2023,5,23,72,2,1,0,0,,,401.98592981
4385986661,1,2023_5_23_1_0,2023,5,23,63,1,1,0,0,,,1214.7035558
4385986663,1,2023_5_23_1_0,2023,5,23,63,2,1,0,0,,,961.9892382
4385986665,1,2023_5_23_1_0,2023,5,23,63,1,1,0,0,,,1050.1116431
4385986669,1,2023_5_23_1_0,2023,5,23,85,1,1,0,0,,,584.5388745
4385986670,1,2023_5_23_1_0,2023,5,23,83,2,1,0,0,,,725.50740191
4385986673,1,2023_5_23_1_0,2023,5,23,76,1,1,1.9994365322,0,,,507.5875269
4385986674,1,2023_5_23_1_0,2023,5,23,75,2,1,0,0,,,577.59219312
4385986675,1,2023_5_23_1_0,2023,5,23,79,2,1,0,0,1,1,404.10144967
4385986676,1,2023_5_23_1_0,2023,5,23,68,2,1,0,0,,,220.91162421
4385986679,1,2023_5_23_1_0,2023,5,23,73,1,1,0,0,,,577.59219312
4385986684,1,2023_5_23_1_0,2023,5,23,87,1,1,0,0,,,404.10144967
4385986690,1,2023_5_23_1_0,2023,5,23,40,2,1,0,0,,,813.72192957
4385986691,1,2023_5_23_1_0,2023,5,23,62,1,1,0,0,,,369.86822566
4385986695,1,2023_5_23_1_0,2023,5,23,55,1,1,0,0,,,507.5875269
4385986696,1,2023_5_23_1_0,2023,5,23,28,2,1,0.9997182661,1.0002817339,,,664.04645582
4385986701,1,2023_5_23_1_0,2023,5,23,47,2,1,0,0,,,2040.9560522
4385986702,1,2023_5_23_1_0,2023,5,23,-3,1,-3,0,0,,,1328.2828441
4385986707,1,2023_5_23_1_0,2023,5,23,76,1,1,0,0,,,277.48473826
4385986709,1,2023_5_23_1_0,2023,5,23,70,1,1,0,23.006479879,,,277.48473826
4385986712,1,2023_5_23_1_0,2023,5,23,64,1,1,0,0,,,1736.205825
4385986713,1,2023_5_23_1_0,2023,5,23,53,2,1,0,0,,,464.58753883
4385986716,1,2023_5_23_1_0,2023,5,23,72,2,1,0,0,,,220.91162421
4385986717,1,2023_5_23_1_0,2023,5,23,68,2,1,0,0,,,725.50740191
4385986719,1,2023_5_23_1_0,2023,5,23,72,1,1,0,1.0002817339,,,194.13694702
4385986721,1,2023_5_23_1_0,2023,5,23,29,1,1,0,0,,,1050.1116431
4385986725,1,2023_5_23_1_0,2023,5,23,70,2,1,0,0,,,577.59219312
4385986726,1,2023_5_23_1_0,2023,5,23,67,1,1,0,0,,,277.48473826
4385986729,1,2023_5_23_1_0,2023,5,23,62,2,4,0,0,,,528.66179964
4385986732,1,2023_5_23_1_0,2023,5,23,40,2,1,0,0,,,1889.0760725
4385986733,1,2023_5_23_1_0,2023,5,23,80,1,1,0,0,,,577.59219312
4385986736,1,2023_5_23_1_0,2023,5,23,39,2,1,0,0,,,1319.0340503
4385986740,1,2023_5_23_1_0,2023,5,23,57,1,1,0,0,,,1382.2311495
4385986742,1,2023_5_23_1_0,2023,5,23,60,1,1,0,0,,,664.04645582
4385986743,1,2023_5_23_1_0,2023,5,23,44,1,1,0,0,,,569.30515212
4385986745,1,2023_5_23_1_0,2023,5,23,70,1,1,0,0,1,1,220.91162421
4385986749,1,2023_5_23_1_0,2023,5,23,50,2,1,0,0,,,937.08390308
4385986750,1,2023_5_23_1_0,2023,5,23,90,1,1,0,0,,,577.59219312
4385986753,1,2023_5_23_1_0,2023,5,23,68,2,1,0,0,,,577.59219312
4385986755,1,2023_5_23_1_0,2023,5,23,51,1,1,0,0,,,528.66179964
4385986756,1,2023_5_23_1_0,2023,5,23,82,2,1,0,0,,,300.39025671
4385986761,1,2023_5_23_1_0,2023,5,23,67,2,1,0,0,,,404.10144967
4385986766,1,2023_5_23_1_0,2023,5,23,65,2,1,0,0,,,438.80959213
4385986769,1,2023_5_23_1_0,2023,5,23,53,2,1,0,0,,,967.05187149
4385986786,1,2023_5_23_1_0,2023,5,23,68,2,1,0,0,,,725.50740191
4385986788,1,2023_5_23_1_0,2023,5,23,72,2,1,0,0,,,438.80959213
4385986791,1,2023_5_23_1_0,2023,5,23,74,2,1,0,0,,,219.75512519
4385986792,1,2023_5_23_1_0,2023,5,23,47,2,1,0,0,,,813.72192957
4385986793,1,2023_5_23_1_0,2023,5,23,91,1,1,0,0,,,835.4958656
4385986794,1,2023_5_23_1_0,2023,5,23,59,1,1,0,0,,,664.04645582
4385986804,1,2023_5_23_1_0,2023,5,23,84,2,1,0,0,,,220.91162421
4385986807,1,2023_5_23_1_0,2023,5,23,73,1,1,0,0,,,725.50740191
4385986811,1,2023_5_23_1_0,2023,5,23,78,2,1,0,0,,,397.40428189
4385986813,1,2023_5_23_1_0,2023,5,23,39,2,5,0,0,,,2127.545056
4385986814,1,2023_5_23_1_0,2023,5,23,69,2,1,9.9971826612,0,,,725.50740191
4385986815,1,2023_5_23_1_0,2023,5,23,37,1,1,0,0,,,813.72192957
4385986816,1,2023_5_23_1_0,2023,5,23,72,1,1,0,0,,,507.5875269
4385986824,1,2023_5_23_1_0,2023,5,23,65,2,1,0,0,,,220.91162421
4385986827,1,2023_5_23_1_0,2023,5,23,67,1,1,0,0,,,577.59219312
4385986829,1,2023_5_23_1_0,2023,5,23,68,2,1,0,0,,,725.50740191
4385986834,1,2023_5_23_1_0,2023,5,23,65,-3,-3,0,0,,,254.40229583
4385986840,1,2023_5_23_1_0,2023,5,23,40,1,1,0,0,,,1616.3431386
4385986844,1,2023_5_23_1_0,2023,5,23,71,1,1,0,0,,,725.50740191
4385986846,1,2023_5_23_1_0,2023,5,23,72,2,1,0,0,,,154.55663815
4385986847,1,2023_5_23_1_0,2023,5,23,84,2,1,0,0,,,725.50740191
4385986851,1,2023_5_23_1_0,2023,5,23,85,2,1,0,0,,,577.59219312
4385986855,1,2023_5_23_1_0,2023,5,23,68,2,1,0,0,,,438.80959213
4385986857,1,2023_5_23_1_0,2023,5,23,71,1,1,0,0,,,725.50740191
4385986858,1,2023_5_23_1_0,2023,5,23,63,2,1,0,0,,,664.04645582
4385986866,1,2023_5_23_1_0,2023,5,23,57,2,1,0,0,,,813.72192957
4385986867,1,2023_5_23_1_0,2023,5,23,63,1,1,0,0,,,967.05187149
4385986873,1,2023_5_23_1_0,2023,5,23,52,2,1,0,0,,,1488.4966445
4385986874,1,2023_5_23_1_0,2023,5,23,-3,-3,-3,0,0,,,1328.2828441
4385986879,1,2023_5_23_1_0,2023,5,23,61,2,1,0,0,,,1736.205825
4385986883,1,2023_5_23_1_0,2023,5,23,65,2,1,0,0,,,277.48473826
4385986886,1,2023_5_23_1_0,2023,5,23,72,2,1,0,0,,,577.59219312
4385986889,1,2023_5_23_1_0,2023,5,23,59,1,1,0,0,,,1050.1116431
4385986890,1,2023_5_23_1_0,2023,5,23,75,2,1,0,0,,,725.50740191
4385986891,1,2023_5_23_1_0,2023,5,23,74,2,1,0,0,,,438.80959213
4385986892,1,2023_5_23_1_0,2023,5,23,38,2,1,0,0,,,569.30515212
4385986896,1,2023_5_23_1_0,2023,5,23,68,1,1,0,0,,,220.91162421
4385986898,1,2023_5_23_1_0,2023,5,23,76,2,1,0,0,,,577.59219312
4385986905,1,2023_5_23_1_0,2023,5,23,64,1,1,0,0,,,464.58753883
4385986906,1,2023_5_23_1_0,2023,5,23,95,2,1,0,0,,,277.48473826
4385986909,1,2023_5_23_1_0,2023,5,23,70,1,1,0,0,,,220.91162421
4385986912,1,2023_5_23_1_0,2023,5,23,22,2,1,0,0,,,1319.0340503
4385986916,1,2023_5_23_1_0,2023,5,23,88,2,1,0,0,,,577.59219312
4385986924,1,2023_5_23_1_0,2023,5,23,25,2,1,0,0,,,1319.0340503
4385986925,1,2023_5_23_1_0,2023,5,23,76,2,1,0,0,,,577.59219312
4385986935,1,2023_5_23_1_0,2023,5,23,79,2,1,0,0,,1,789.38721071
4385986938,1,2023_5_23_1_0,2023,5,23,46,2,1,0,0,,,813.72192957
4385986939,1,2023_5_23_1_0,2023,5,23,33,2,1,0,0,,,1319.0340503
4385986943,1,2023_5_23_1_0,2023,5,23,88,2,1,0,0,,,577.59219312
4385986944,1,2023_5_23_1_0,2023,5,23,63,2,1,0,0,,,1736.205825
4385986947,1,2023_5_23_1_0,2023,5,23,32,2,1,0,0,,,813.72192957
4385986953,1,2023_5_23_1_0,2023,5,23,80,-5,1,0,0,1,1,835.4958656
4385986954,1,2023_5_23_1_0,2023,5,23,44,2,1,0,0,,,813.72192957
4385986964,1,2023_5_23_1_0,2023,5,23,68,2,-3,0,0,1,1,194.13694702
4385986968,1,2023_5_23_1_0,2023,5,23,62,1,1,0,0,,,1319.0340503
4385986973,1,2023_5_23_1_0,2023,5,23,39,2,1,0,0,,,525.89419131
4385986974,1,2023_5_23_1_0,2023,5,23,63,1,1,0,0,,,664.04645582
4385986978,1,2023_5_23_1_0,2023,5,23,94,1,1,0,0,1,1,574.56842827
4385986980,1,2023_5_23_1_0,2023,5,23,60,1,1,0,0,,,664.04645582
4385986981,1,2023_5_23_1_0,2023,5,23,46,1,5,0,1.0002817339,,,2127.545056
4385986982,1,2023_5_23_1_0,2023,5,23,67,1,1,0.9997182661,0,,,153.7475155
4385986986,1,2023_5_23_1_0,2023,5,23,74,1,1,0,0,,,725.50740191
4385986987,1,2023_5_23_1_0,2023,5,23,76,1,1,0,1.0002817339,,,577.59219312
4385986992,1,2023_5_23_1_0,2023,5,23,47,1,1,0,0,,,813.72192957
4385986995,1,2023_5_23_1_0,2023,5,23,78,2,1,0,0,,,401.98592981
4385987002,1,2023_5_23_1_0,2023,5,23,76,1,1,0,0,,,507.5875269
4385987005,1,2023_5_23_1_0,2023,5,23,58,2,1,0,0,,,664.04645582
4385987006,1,2023_5_23_1_0,2023,5,23,62,2,1,0,0,,,664.04645582
4385987007,1,2023_5_23_1_0,2023,5,23,66,2,1,0,0,,,1441.1174978
4385987009,1,2023_5_23_1_0,2023,5,23,67,2,1,0,0,,,194.13694702
4385987018,1,2023_5_23_1_0,2023,5,23,76,1,1,0,0,,,574.56842827
4385987024,1,2023_5_23_1_0,2023,5,23,55,1,1,0,0,,,1736.205825
4385987026,1,2023_5_23_1_0,2023,5,23,73,1,1,0,0,,,277.48473826
4385987028,1,2023_5_23_1_0,2023,5,23,41,2,1,0,0,,,1736.205825
4385987029,1,2023_5_23_1_0,2023,5,23,28,1,3,0,0,,,1050.1116431
4385987034,1,2023_5_23_1_0,2023,5,23,57,1,1,0,0,,,664.04645582
4385987040,1,2023_5_23_1_0,2023,5,23,73,2,1,0,0,,,277.48473826
4385987042,1,2023_5_23_1_0,2023,5,23,38,2,1,0,0,,,340.02954864
4385987044,1,2023_5_23_1_0,2023,5,23,63,1,1,0,0,,,664.04645582
4385987047,1,2023_5_23_1_0,2023,5,23,79,2,1,0,0,,,220.91162421
4385987050,1,2023_5_23_1_0,2023,5,23,60,1,1,0,0,,,664.04645582
4385987051,1,2023_5_23_1_0,2023,5,23,69,2,1,0,0,,,725.50740191
4385987058,1,2023_5_23_1_0,2023,5,23,51,2,1,0,0,,,525.89419131
4385987070,1,2023_5_23_1_0,2023,5,23,76,2,1,0,0,1,1,725.50740191
4385987074,1,2023_5_23_1_0,2023,5,23,54,1,1,0,0,1,1,1214.7035558
4385987077,1,2023_5_23_1_0,2023,5,23,47,2,1,0,0,,,1027.4864645
4385987084,1,2023_5_23_2_1,2023,5,23,77,1,1,0,0,,,376.77084608
4385987093,1,2023_5_23_2_1,2023,5,23,32,1,1,0,0,,,686.73007795
4385987096,1,2023_5_23_2_1,2023,5,23,61,1,1,0,0,,,422.58245618
4385987098,1,2023_5_23_2_1,2023,5,23,69,1,1,13.996055726,14.003944274,,,474.45217654
4385987099,1,2023_5_23_2_1,2023,5,23,67,1,1,0,0,,,144.46716967
4385987102,1,2023_5_23_2_1,2023,5,23,64,2,1,0,0,,,434.25923079
4385987104,1,2023_5_23_2_1,2023,5,23,40,2,1,0,0,,,532.14087074
4385987106,1,2023_5_23_2_1,2023,5,23,48,1,1,0,0,,,273.10761942
4385987108,1,2023_5_23_2_1,2023,5,23,56,2,1,0,0,,,434.25923079
4385987111,1,2023_5_23_2_1,2023,5,23,27,2,1,0,0,,,686.73007795
4385987113,1,2023_5_23_2_1,2023,5,23,45,2,1,0,0,,,781.02395936
4385987119,1,2023_5_23_2_1,2023,5,23,54,1,1,0,0,,,345.72320122
4385987122,1,2023_5_23_2_1,2023,5,23,59,1,1,0,0,,,344.85291857
4385987128,1,2023_5_23_2_1,2023,5,23,30,2,1,0,0,,,422.58245618
4385987132,1,2023_5_23_2_1,2023,5,23,70,1,1,0,0,,,474.45217654
4385987134,1,2023_5_23_2_0,2023,5,23,59,1,1,0,0,1,1,3118.4995138
4385987135,1,2023_5_23_2_0,2023,5,23,76,2,1,0,0,,,2482.7051642
4385987150,1,2023_5_23_2_0,2023,5,23,34,1,1,0,0,,,2991.072674
4385987152,1,2023_5_23_2_0,2023,5,23,81,2,1,0,0,,1,3267.9119746
4385987156,1,2023_5_23_2_0,2023,5,23,72,2,1,0,0,,,3267.9119746
4385987162,1,2023_5_23_2_0,2023,5,23,57,2,1,0,0,,,2975.4140475
4385987167,1,2023_5_23_2_0,2023,5,23,39,1,1,0,0,1,1,4603.891239
4385987179,1,2023_5_23_2_0,2023,5,23,75,2,1,0,0,,,1094.1345191
4385987182,1,2023_5_23_2_0,2023,5,23,32,1,1,0,0,,,4603.891239
4385987183,1,2023_5_23_2_0,2023,5,23,55,1,1,0,0,,,2991.072674
4385987189,1,2023_5_23_2_0,2023,5,23,56,1,1,0,0,,,3757.0545283
4385987191,1,2023_5_23_2_0,2023,5,23,55,1,1,0,0,,,4051.4242903
4385987193,1,2023_5_23_2_0,2023,5,23,70,1,1,0,0,,,4104.7894252
4385987194,1,2023_5_23_2_0,2023,5,23,54,2,1,0,0,,,12037.264436
4385987195,1,2023_5_23_2_0,2023,5,23,50,2,1,0,0,,,5813.3322459
4385987198,1,2023_5_23_2_0,2023,5,23,41,2,1,0,0,,,1243.3346808
4385987199,1,2023_5_23_2_0,2023,5,23,68,2,1,0,0,,,3267.9119746
4385987206,1,2023_5_23_2_0,2023,5,23,81,1,1,0,0,,,2248.4414212
4385987222,1,2023_5_23_2_0,2023,5,23,77,1,1,0,0,,,4104.7894252
4385987230,1,2023_5_23_2_0,2023,5,23,74,2,1,0,0,,,3267.9119746
4385987232,1,2023_5_23_2_0,2023,5,23,65,1,1,0,0,,,1249.8779427
4385987237,1,2023_5_23_2_0,2023,5,23,85,2,1,0,0,,,3612.2146942
4385987238,1,2023_5_23_2_0,2023,5,23,61,1,1,0,0,,,2991.072674
4385987239,1,2023_5_23_2_0,2023,5,23,75,2,1,0,0,,,1569.9583716
4385987241,1,2023_5_23_2_0,2023,5,23,85,2,1,0,0,,,2482.7051642
4385987245,1,2023_5_28_1_1,2023,5,28,67,1,1,1.9999823826,0,,,160.83503931
4385987247,1,2023_5_28_1_1,2023,5,28,51,2,5,0,0,,,1115.9044864
4385987248,1,2023_5_28_1_1,2023,5,28,77,1,2,0,0,,,160.63380412
4385987250,1,2023_5_28_1_1,2023,5,28,56,1,1,0,0,,,110.21308114
4385987253,1,2023_5_28_1_1,2023,5,28,66,1,1,0,0,,,68.909705026
4385987257,1,2023_5_28_1_1,2023,5,28,60,2,4,0,0,,,68.909705026
4385987258,1,2023_5_28_1_1,2023,5,28,51,2,1,0,0,,,164.41081211
4385987262,1,2023_5_28_1_1,2023,5,28,83,1,2,0,0,,,100.31201478
4385987268,1,2023_5_28_1_1,2023,5,28,73,1,1,0,0,,,160.63380412
4385987272,1,2023_5_28_1_1,2023,5,28,-3,2,-3,0,0,,,438.39891718
4385987273,1,2023_5_28_1_1,2023,5,28,36,2,1,0,0,,,213.73621414
4385987276,1,2023_5_28_1_1,2023,5,28,38,2,3,0,0,1,1,222.58358335
4385987279,1,2023_5_28_1_1,2023,5,28,-3,-3,-3,0,0,,,332.33216103
4385987280,1,2023_5_28_1_1,2023,5,28,72,1,1,9.9999119131,5.0000440434,,,110.48621783
4385987281,1,2023_5_28_1_1,2023,5,28,90,1,1,0,0,,,46.135946524
4385987282,1,2023_5_28_1_1,2023,5,28,75,1,1,0,1.0000088087,,,285.26816399
4385987288,1,2023_5_28_1_1,2023,5,28,40,2,1,0,0,1,1,629.15026834
4385987291,1,2023_5_28_1_1,2023,5,28,52,2,1,0,0,,,110.07518364
4385987304,1,2023_5_28_1_1,2023,5,28,63,1,1,0,0,,,383.25420458
4385987306,1,2023_5_28_1_1,2023,5,28,50,2,1,0,0,,,164.41081211
4385987311,1,2023_5_28_1_1,2023,5,28,53,1,1,0,0,,,532.3755193
4385987315,1,2023_5_28_1_1,2023,5,28,74,2,1,0,0,,,177.92033631
4385987316,1,2023_5_28_1_1,2023,5,28,69,1,1,13.999876678,2.0000176174,,,122.37614082
4385987325,1,2023_5_28_1_1,2023,5,28,43,1,1,9.9999119131,0,,,214.00397376
4385987328,1,2023_5_28_1_1,2023,5,28,75,1,1,0,0,,,100.31201478
4385987331,1,2023_5_28_1_1,2023,5,28,72,1,1,0,0,,,110.34797859
4385987332,1,2023_5_28_1_1,2023,5,28,52,1,1,0,0,,,110.07518364
4385987336,1,2023_5_28_1_1,2023,5,28,62,1,1,0,0,,,239.33319419
4385987341,1,2023_5_28_1_1,2023,5,28,76,2,1,0,0,,,100.31201478
4385987346,1,2023_5_28_1_1,2023,5,28,45,1,1,0,0,,,311.13629444
4385987349,1,2023_5_28_1_1,2023,5,28,63,1,1,0,0,,,31.732960975
4385987350,1,2023_5_28_1_1,2023,5,28,28,1,1,0,0,,,239.33319419
4385987354,1,2023_5_28_1_1,2023,5,28,-3,1,3,0,0,,,255.02839783
4385987358,1,2023_5_28_1_1,2023,5,28,79,1,-3,0,0,,,110.34797859
4385987359,1,2023_5_28_1_1,2023,5,28,68,1,1,0,0,,,177.92033631
4385987367,1,2023_5_28_1_1,2023,5,28,83,1,1,0,0,,,160.63380412
4385987370,1,2023_5_28_1_1,2023,5,28,84,2,1,0,0,,,100.31201478
4385987373,1,2023_5_28_1_1,2023,5,28,36,2,1,0,0,,,213.73621414
4385987374,1,2023_5_28_1_1,2023,5,28,73,1,1,11.999894296,12.000105704,,,31.732960975
4385987378,1,2023_5_28_1_1,2023,5,28,55,1,1,0,0,,,239.33319419
4385987380,1,2023_5_28_1_1,2023,5,28,67,2,2,0,0,,,284.91123934
4385987386,1,2023_5_28_1_1,2023,5,28,43,2,1,0,0,,,311.13629444
4385987391,1,2023_5_28_1_1,2023,5,28,74,1,1,0,0,,,68.909705026
4385987395,1,2023_5_28_1_1,2023,5,28,56,1,1,3.9999647652,0,,,239.63302061
4385987399,1,2023_5_28_1_1,2023,5,28,42,1,1,0,0,,,311.13629444
4385987402,1,2023_5_28_1_1,2023,5,28,64,2,1,1.9999823826,0,,,122.37614082
4385987412,1,2023_5_28_1_1,2023,5,28,-3,1,1,0,0,,1,266.16920493
4385987413,1,2023_5_28_1_1,2023,5,28,64,2,1,0,0,,,100.31201478
4385987421,1,2023_5_28_1_1,2023,5,28,69,2,1,0,0,,,68.909705026
4385987425,1,2023_5_28_1_1,2023,5,28,65,1,2,0,12.000105704,,,81.932422821
4385987432,1,2023_5_28_1_1,2023,5,28,40,2,1,9.6113419928,16.927680885,,,401.90946044
4385987438,1,2023_5_28_1_1,2023,5,28,77,1,1,0,0,,,68.909705026
4385987440,1,2023_5_28_1_1,2023,5,28,60,2,2,1.9999823826,0,,,75.711278729
4385987441,1,2023_5_28_1_1,2023,5,28,75,1,1,7.9999295305,0,,,68.996032167
4385987444,1,2023_5_28_1_1,2023,5,28,69,1,4,0,0,,,202.84143042
4385987446,1,2023_5_28_1_1,2023,5,28,77,2,1,0,0,,,177.92033631
4385987451,1,2023_5_28_1_1,2023,5,28,80,2,1,0,0,,,284.91123934
4385987453,1,2023_5_28_1_1,2023,5,28,-3,-3,-3,0,5.0000440434,,,247.45741083
4385987456,1,2023_5_28_1_1,2023,5,28,65,2,1,0,0,,,100.31201478
4385987458,1,2023_5_28_1_1,2023,5,28,41,2,1,0,0,,,311.13629444
4385987459,1,2023_5_28_1_1,2023,5,28,30,2,2,0,0,,,629.15026834
4385987461,1,2023_5_28_1_1,2023,5,28,73,1,4,0,0,,,100.31201478
4385987469,1,2023_5_28_1_1,2023,5,28,53,2,4,0,0,,,239.33319419
4385987472,1,2023_5_28_1_1,2023,5,28,64,1,1,10.999903104,3.0000264261,,,68.996032167
4385987473,1,2023_5_28_1_1,2023,5,28,45,1,1,5.9999471479,0,,,353.5880149
4385987474,1,2023_5_28_1_1,2023,5,28,67,2,1,0,2.0000176174,,,130.57030437
4385987486,1,2023_5_28_1_1,2023,5,28,58,2,1,0,0,,,239.33319419
4385987487,1,2023_5_28_1_1,2023,5,28,74,1,1,0,0,,,100.31201478
4385987492,1,2023_5_28_1_1,2023,5,28,79,2,4,0,0,,,100.31201478
4385987496,1,2023_5_28_1_1,2023,5,28,62,1,1,0.9999911913,1.0000088087,,,164.61677896
4385987499,1,2023_5_28_1_1,2023,5,28,61,1,1,0,0,,,75.616549539
4385987503,1,2023_5_28_1_1,2023,5,28,50,2,3,0,0,,,483.95685762
4385987505,1,2023_5_28_1_1,2023,5,28,45,1,1,0,0,,,213.73621414
4385987507,1,2023_5_28_1_1,2023,5,28,77,1,2,0,0,,,160.63380412
4385987510,1,2023_5_28_1_1,2023,5,28,72,1,1,24.999779783,0,,,110.48621783
4385987511,1,2023_5_28_1_1,2023,5,28,72,2,1,0,0,,,100.31201478
4385987512,1,2023_5_28_1_1,2023,5,28,70,1,1,2.9999735739,0,,,68.996032167
4385987517,1,2023_5_28_1_1,2023,5,28,70,2,1,0,0,,,110.34797859
4385987520,1,2023_5_28_1_1,2023,5,28,54,1,1,4.9999559566,0,,,263.60769928
4385987531,1,2023_5_28_1_1,2023,5,28,47,1,1,0,0,,,164.41081211
4385987532,1,2023_5_28_1_1,2023,5,28,71,1,1,0.9999911913,1.0000088087,,,68.996032167
4385987536,1,2023_5_28_1_1,2023,5,28,60,1,3,1.9999823826,5.0000440434,,,164.61677896
4385987537,1,2023_5_28_1_1,2023,5,28,85,1,1,0,0,,,100.31201478
4385987538,1,2023_5_28_1_1,2023,5,28,72,1,1,5.9999471479,10.000088087,,,68.996032167
4385987542,1,2023_5_28_1_1,2023,5,28,62,2,1,0,1.0000088087,,,164.61677896
4385987545,1,2023_5_28_1_1,2023,5,28,52,1,1,2.9999735739,0,,,239.63302061
4385987547,1,2023_5_28_1_1,2023,5,28,76,2,1,0,0,,,160.63380412
4385987553,1,2023_5_28_1_1,2023,5,28,74,1,1,1.9999823826,6.0000528521,,,100.4376814
4385987559,1,2023_5_28_1_1,2023,5,28,76,1,1,0,0,,,177.92033631
4385987560,1,2023_5_28_1_1,2023,5,28,65,1,1,0,2.0000176174,,,100.4376814
4385987562,1,2023_5_28_1_1,2023,5,28,29,2,1,0,0,,,239.33319419
4385987563,1,2023_5_28_1_1,2023,5,28,42,2,1,0,0,,,311.52607272
4385987565,1,2023_5_28_1_1,2023,5,28,56,1,1,0,0,,,383.25420458
4385987567,1,2023_5_28_1_1,2023,5,28,43,1,1,9.9999119131,5.0000440434,,,214.00397376
4385987569,1,2023_5_28_1_1,2023,5,28,68,1,1,0,0,,,31.693257014
4385987573,1,2023_5_28_1_1,2023,5,28,72,1,1,0,0,,,100.31201478
4385987574,1,2023_5_28_1_1,2023,5,28,34,2,1,0,0,,,311.13629444
4385987581,1,2023_5_28_1_1,2023,5,28,58,2,1,0,0,,,383.25420458
4385987582,1,2023_5_28_1_1,2023,5,28,29,2,1,0,0,,,774.98025774
4385987583,1,2023_5_28_1_1,2023,5,28,59,1,1,0,0,,,629.15026834
4385987585,1,2023_5_28_1_1,2023,5,28,52,1,1,0,0,,,75.616549539
4385987587,1,2023_5_28_1_1,2023,5,28,53,2,1,0,0,,,164.61677896
4385987590,1,2023_5_28_1_1,2023,5,28,75,2,1,0,0,,,160.63380412
4385987594,1,2023_5_28_1_1,2023,5,28,75,1,1,0,0,,,68.909705026
4385987595,1,2023_5_28_1_1,2023,5,28,83,2,1,1.9999823826,12.000105704,,,160.83503931
4385987597,1,2023_5_28_1_1,2023,5,28,69,1,1,11.999894296,0,,,110.48621783
4385987601,1,2023_5_28_1_1,2023,5,28,68,1,1,14.99986787,0,,,68.996032167
4385987606,1,2023_5_28_1_1,2023,5,28,78,2,1,0,0,,,100.31201478
4385987613,1,2023_5_28_1_1,2023,5,28,72,1,1,5.9999471479,15.00013213,,,576.84219145
4385987616,1,2023_5_28_1_1,2023,5,28,70,2,1,0,0,,,324.81842452
4385987617,1,2023_5_28_1_1,2023,5,28,59,1,1,1.9999823826,0,,,164.61677896
4385987618,1,2023_5_28_1_1,2023,5,28,68,1,1,1.9999823826,0,,,122.37614082
4385987619,1,2023_5_28_1_1,2023,5,28,57,2,3,0,0,,,164.41081211
4385987621,1,2023_5_28_1_1,2023,5,28,76,1,1,0,0,,,100.31201478
4385987622,1,2023_5_28_1_1,2023,5,28,79,1,1,0,0,,,68.909705026
4385987628,1,2023_5_28_1_1,2023,5,28,48,1,1,0,0,,,177.92033631
4385987629,1,2023_5_28_1_1,2023,5,28,56,2,1,0,0,,,369.03435696
4385987634,1,2023_5_28_1_1,2023,5,28,40,1,1,0,0,,,629.15026834
4385987635,1,2023_5_28_1_1,2023,5,28,64,1,1,0,0,,,239.33319419
4385987638,1,2023_5_28_1_1,2023,5,28,78,1,1,0.9999911913,0,,,68.996032167
4385987639,1,2023_5_28_1_1,2023,5,28,67,1,1,0,0,,,46.135946524
4385987644,1,2023_5_28_1_1,2023,5,28,63,2,2,0,0,,,100.31201478
4385987646,1,2023_5_28_1_1,2023,5,28,21,2,1,0,0,,,110.07518364
4385987649,1,2023_5_28_1_1,2023,5,28,38,1,1,0,0,,,311.13629444
4385987650,1,2023_5_28_1_1,2023,5,28,64,1,1,3.9999647652,4.0000352348,,,31.732960975
4385987659,1,2023_5_28_1_1,2023,5,28,29,2,1,0,0,,,311.13629444
4385987661,1,2023_5_28_1_1,2023,5,28,77,2,1,0,0,,,100.31201478
4385987663,1,2023_5_28_1_1,2023,5,28,56,1,1,0,0,,,239.33319419
4385987664,1,2023_5_28_1_1,2023,5,28,18,2,3,0,0,,,629.15026834
4385987672,1,2023_5_28_1_1,2023,5,28,81,2,1,0,0,,,160.63380412
4385987673,1,2023_5_28_1_1,2023,5,28,40,2,1,0,0,,,629.15026834
4385987675,1,2023_5_28_1_1,2023,5,28,63,1,1,0,0,,,222.58358335
4385987677,1,2023_5_28_1_1,2023,5,28,69,1,1,0,0,,,100.31201478
4385987678,1,2023_5_28_1_1,2023,5,28,51,1,1,0,0,,,774.98025774
4385987680,1,2023_5_28_1_1,2023,5,28,70,2,1,0,0,,,68.909705026
4385987684,1,2023_5_28_1_1,2023,5,28,78,1,1,0,0,,1,122.22302503
4385987685,1,2023_5_28_1_1,2023,5,28,80,2,1,0,0,,,46.193743671
4385987695,1,2023_5_28_1_1,2023,5,28,66,1,1,9.9999119131,10.000088087,,,31.732960975
4385987696,1,2023_5_28_1_1,2023,5,28,58,2,1,3.9999647652,0,,,164.61677896
4385987697,1,2023_5_28_1_1,2023,5,28,36,1,1,0,3.0000264261,,,311.52607272
4385987700,1,2023_5_28_1_1,2023,5,28,67,1,1,0,0,,,31.732960975
4385987701,1,2023_5_28_1_1,2023,5,28,37,1,1,0,0,,,213.73621414
4385987704,1,2023_5_28_1_1,2023,5,28,31,2,1,4.9999559566,0,,,164.61677896
4385987711,1,2023_5_28_1_1,2023,5,28,42,1,1,1.9999823826,0,,,239.63302061
4385987715,1,2023_5_28_1_1,2023,5,28,77,1,1,0,0,,,160.63380412
4385987717,1,2023_5_28_1_1,2023,5,28,94,2,1,0.9999911913,2.0000176174,,,100.4376814
4385987718,1,2023_5_28_1_1,2023,5,28,70,1,1,0,1.0000088087,,,46.193743671
4385987719,1,2023_5_28_1_1,2023,5,28,61,1,1,0,0,,,164.41081211
4385987721,1,2023_5_28_1_1,2023,5,28,63,1,1,1.9999823826,0,,,239.63302061
4385987725,1,2023_5_28_1_1,2023,5,28,78,1,1,0,0,,,68.909705026
4385987726,1,2023_5_28_1_1,2023,5,28,47,2,1,0,3.0000264261,,,214.00397376
4385987727,1,2023_5_28_1_1,2023,5,28,70,1,3,0,0,,,100.31201478
4385987729,1,2023_5_28_1_1,2023,5,28,77,1,1,0,2.0000176174,,,68.996032167
4385987730,1,2023_5_28_1_1,2023,5,28,68,2,1,0,0,,,46.135946524
4385987731,1,2023_5_28_1_1,2023,5,28,55,1,1,0,0,,,75.616549539
4385987735,1,2023_5_28_1_1,2023,5,28,72,2,1,0,0,,,100.31201478
4385987738,1,2023_5_28_1_1,2023,5,28,58,1,-3,0,0,,,311.87945463
4385987740,1,2023_5_28_1_1,2023,5,28,82,1,1,3.9999647652,2.0000176174,,,110.48621783
4385987741,1,2023_5_28_1_1,2023,5,28,56,1,1,0,0,,,110.07518364
4385987744,1,2023_5_28_1_1,2023,5,28,63,1,1,6.9999383392,6.0000528521,,,164.61677896
4385987754,1,2023_5_28_1_1,2023,5,28,75,1,1,2.9999735739,0,,,122.37614082
4385987758,1,2023_5_28_1_1,2023,5,28,56,1,1,0,0,,,46.135946524
4385987759,1,2023_5_28_1_1,2023,5,28,65,1,1,8.9999207218,4.0000352348,,,68.996032167
4385987761,1,2023_5_28_1_1,2023,5,28,80,2,1,0,0,,,100.31201478
4385987764,1,2023_5_28_1_1,2023,5,28,60,1,1,11.999894296,1.0000088087,,,164.61677896
4385987769,1,2023_5_28_1_1,2023,5,28,67,1,2,4.9999559566,0,,,68.996032167
4385987774,1,2023_5_28_1_1,2023,5,28,71,1,2,5.9999471479,0,,,122.37614082
4385987775,1,2023_5_28_1_1,2023,5,28,75,1,1,0,0,1,1,68.909705026
4385987781,1,2023_5_28_1_1,2023,5,28,68,1,1,0,0,,,68.909705026
4385987783,1,2023_5_28_1_1,2023,5,28,36,2,1,0,0,,,311.13629444
4385987787,1,2023_5_28_1_1,2023,5,28,75,1,1,0,4.0000352348,,,100.4376814
4385987788,1,2023_5_28_1_1,2023,5,28,57,1,1,4.9999559566,5.0000440434,,,383.73432911
4385987789,1,2023_5_28_1_1,2023,5,28,49,1,1,0,0,,,311.52607272
4385987794,1,2023_5_28_1_1,2023,5,28,68,1,1,7.9999295305,10.000088087,,,139.51722422
4385987798,1,2023_5_28_1_1,2023,5,28,65,1,1,0,0,,,100.31201478
4385987802,1,2023_5_28_1_1,2023,5,28,42,1,1,2.9999735739,0,,,214.00397376
4385987805,1,2023_5_28_1_1,2023,5,28,52,1,1,0,2.0000176174,,,379.57226823
4385987806,1,2023_5_28_1_1,2023,5,28,68,1,2,0,8.0000704695,,,100.4376814
4385987808,1,2023_5_28_1_1,2023,5,28,62,1,1,0.9999911913,5.0000440434,,,164.61677896
4385987813,1,2023_5_28_1_1,2023,5,28,66,1,1,0,10.000088087,,,178.14322732
4385987816,1,2023_5_28_1_1,2023,5,28,74,1,1,7.9999295305,4.0000352348,,,100.4376814
4385987821,1,2023_5_28_1_1,2023,5,28,70,2,1,0,0,,,160.63380412
4385987823,1,2023_5_28_1_1,2023,5,28,66,2,1,1.9999823826,0,,,81.932422821
4385987825,1,2023_5_28_1_1,2023,5,28,40,2,1,0,0,,,311.13629444
4385987826,1,2023_5_28_1_1,2023,5,28,74,1,1,9.9999119131,25.000220217,,,100.4376814
4385987828,1,2023_5_28_1_1,2023,5,28,47,2,1,0,0,,,239.33319419
4385987829,1,2023_5_28_1_1,2023,5,28,70,2,1,0,10.000088087,,,100.4376814
4385987835,1,2023_5_28_1_1,2023,5,28,68,2,1,0,5.0000440434,,,160.83503931
4385987840,1,2023_5_28_1_1,2023,5,28,27,2,3,0,0,,,332.45593139
4385987841,1,2023_5_28_1_1,2023,5,28,57,1,1,1.9999823826,0,,,311.52607272
4385987849,1,2023_5_28_1_1,2023,5,28,50,2,1,0,0,,,195.23696872
4385987851,1,2023_5_28_1_1,2023,5,28,26,2,1,0,0,,,81.829909799
4385987860,1,2023_5_28_1_1,2023,5,28,71,1,1,2.9999735739,0,,,68.996032167
4385987888,1,2023_5_28_1_1,2023,5,28,73,1,1,4.9999559566,2.0000176174,,,68.996032167
4385987889,1,2023_5_28_1_1,2023,5,28,71,1,1,0.9999911913,3.0000264261,,,130.57030437
4385987890,1,2023_5_28_1_1,2023,5,28,41,2,3,0,1.0000088087,,,383.73432911
4385987891,1,2023_5_28_1_1,2023,5,28,55,1,1,2.9999735739,10.000088087,,,214.00397376
4385987894,1,2023_5_28_1_1,2023,5,28,36,2,1,0,0,,,213.73621414
4385987900,1,2023_5_28_1_1,2023,5,28,60,2,1,0,0,,,75.616549539
4385987901,1,2023_5_28_1_1,2023,5,28,56,2,1,0,0,,,263.27787598
4385987903,1,2023_5_28_1_1,2023,5,28,37,1,1,11.999894296,8.0000704695,,,311.52607272
4385987906,1,2023_5_28_1_1,2023,5,28,60,1,1,0,2.0000176174,,,291.97571934
4385987907,1,2023_5_28_1_1,2023,5,28,70,1,1,0,7.0000616608,,,110.48621783
4385987911,1,2023_5_28_1_1,2023,5,28,63,1,-3,0,6.0000528521,,,239.63302061
4385987914,1,2023_5_28_1_1,2023,5,28,64,2,1,0,0,,,383.25420458
4385987918,1,2023_5_28_1_1,2023,5,28,68,1,1,9.9999119131,0,,,122.37614082
4385987921,1,2023_5_28_1_1,2023,5,28,61,2,2,0,2.0000176174,,,130.57030437
4385987925,1,2023_5_28_1_1,2023,5,28,63,1,1,0,0,,,164.41081211
4385987926,1,2023_5_28_1_1,2023,5,28,51,2,1,0,0,,,676.4943806
4385987935,1,2023_5_28_1_1,2023,5,28,54,1,1,0,0,,,110.07518364
4385987936,1,2023_5_28_1_1,2023,5,28,77,-3,2,0,0,,,190.2870989
4385987942,1,2023_5_28_1_1,2023,5,28,50,1,1,0,1.0000088087,,,253.50949971
4385987945,1,2023_5_28_1_1,2023,5,28,68,2,1,5.9999471479,0,,,68.996032167
4385987952,1,2023_5_28_1_1,2023,5,28,57,1,1,0,0,,,31.693257014
4385987954,1,2023_5_28_1_1,2023,5,28,68,1,1,0,0,,,100.31201478
4385987958,1,2023_5_28_1_1,2023,5,28,87,2,1,0,0,,,31.693257014
4385987961,1,2023_5_28_1_1,2023,5,28,25,2,1,41.332847878,13.333411633,,,233.64524057
4385987967,1,2023_5_28_1_1,2023,5,28,27,2,1,0,0,,,311.13629444
4385987969,1,2023_5_28_1_1,2023,5,28,41,2,1,0,0,,,676.4943806
4385987970,1,2023_5_28_1_1,2023,5,28,66,2,1,0,0,,,68.909705026
4385987972,1,2023_5_28_1_1,2023,5,28,45,1,1,0.9999911913,7.0000616608,,,81.932422821
4385987974,1,2023_5_28_1_1,2023,5,28,77,2,1,0,0,,,160.63380412
4385987975,1,2023_5_28_1_1,2023,5,28,76,1,1,2.9999735739,3.0000264261,,,160.83503931
4385987981,1,2023_5_28_1_1,2023,5,28,74,2,3,0,2.0000176174,,,264.02687023
4385987984,1,2023_5_28_1_1,2023,5,28,61,1,1,3.9999647652,3.0000264261,,,533.04245665
4385987986,1,2023_5_28_1_1,2023,5,28,50,2,1,0,0,,,110.07518364
4385987987,1,2023_5_28_1_1,2023,5,28,63,1,1,0,0,,,164.41081211
4385987989,1,2023_5_28_1_1,2023,5,28,35,1,4,0,0,,,311.52607272
4385988006,1,2023_5_28_1_1,2023,5,28,28,2,1,0,0,,,629.93844097
4385988009,1,2023_5_28_1_1,2023,5,28,56,1,1,0,5.0000440434,,,164.61677896
4385988020,1,2023_5_28_1_0,2023,5,28,55,2,1,0,0,,,538.40487813
4385988031,1,2023_5_28_1_0,2023,5,28,79,2,1,0,0,,,225.66229594
4385988034,1,2023_5_28_1_0,2023,5,28,-3,2,-3,0,0,,,559.86085397
4385988040,1,2023_5_28_1_0,2023,5,28,78,1,2,0,0,,,249.94683905
4385988045,1,2023_5_28_1_0,2023,5,28,61,2,2,0,0,,,140.92077125
4385988047,1,2023_5_28_1_0,2023,5,28,54,1,2,0,0,,,538.40487813
4385988048,1,2023_5_28_1_0,2023,5,28,23,1,3,0,0,,,679.87442756
4385988067,1,2023_5_28_1_0,2023,5,28,-3,1,2,0,0,,,896.52848611
4385988070,1,2023_5_28_1_0,2023,5,28,68,2,2,0,0,,,809.34809902
4385988084,1,2023_5_28_1_0,2023,5,28,39,2,2,0,0,,,883.84568129
4385988087,1,2023_5_28_1_0,2023,5,28,22,1,4,0,0,,,1088.7112163
4385988096,1,2023_5_28_1_0,2023,5,28,39,2,2,0,0,,,883.84568129
4385988104,1,2023_5_28_1_0,2023,5,28,69,1,1,0,0,,,225.66229594
4385988109,1,2023_5_28_1_0,2023,5,28,87,2,1,0,0,,,456.3128654
4385988118,1,2023_5_28_1_0,2023,5,28,72,2,1,0,0,,,225.66229594
4385988123,1,2023_5_28_1_0,2023,5,28,50,1,-3,0,0,,,883.84568129
4385988124,1,2023_5_28_1_0,2023,5,28,88,2,1,0,0,,,400.25027582
4385988128,1,2023_5_28_1_0,2023,5,28,20,2,1,0,0,,,883.84568129
4385988130,1,2023_5_28_1_0,2023,5,28,67,2,2,0,0,,,284.95660144
4385988141,1,2023_5_28_1_0,2023,5,28,79,1,1,0,0,,,140.92077125
4385988145,1,2023_5_28_1_0,2023,5,28,87,2,1,0,0,,,400.25027582
4385988147,1,2023_5_28_1_0,2023,5,28,39,1,2,0,0,,,336.2211235
4385988150,1,2023_5_28_1_0,2023,5,28,21,1,1,0,0,,,679.87442756
4385988174,1,2023_5_28_1_0,2023,5,28,36,2,2,0,0,,,883.84568129
4385988184,1,2023_5_28_1_0,2023,5,28,75,1,1,0,0,,,249.94683905
4385988198,1,2023_5_28_1_0,2023,5,28,85,2,1,0,0,,,249.94683905
4385988210,1,2023_5_28_1_0,2023,5,28,96,2,1,0,0,,,400.25027582
4385988212,1,2023_5_28_1_0,2023,5,28,75,2,1,0,0,,,400.25027582
4385988215,1,2023_5_28_1_0,2023,5,28,72,2,1,0,0,,,249.94683905
4385988218,1,2023_5_28_1_0,2023,5,28,69,2,1,0,0,,,140.92077125
4385988223,1,2023_5_28_1_0,2023,5,28,57,1,1,0,0,,,538.40487813
4385988226,1,2023_5_28_1_0,2023,5,28,54,2,2,0,0,1,1,64.812905818
4385988241,1,2023_5_28_1_0,2023,5,28,79,2,1,0,0,,,267.31996954
4385988243,1,2023_5_28_1_0,2023,5,28,-3,-3,-3,0,0,,,373.92100761
4385988250,1,2023_5_28_1_0,2023,5,28,29,2,1,0,0,,,883.84568129
4385988252,1,2023_5_28_1_0,2023,5,28,59,2,1,0,0,,,336.2211235
4385988256,1,2023_5_28_1_0,2023,5,28,62,1,2,0,0,,,154.63630959
4385988262,1,2023_5_28_1_0,2023,5,28,46,1,5,0,0,,,286.36970866
4385988267,1,2023_5_28_1_0,2023,5,28,62,2,1,3.9999647652,4.0000352348,,,539.07936881
4385988270,1,2023_5_28_1_0,2023,5,28,54,2,5,0,0,,,154.63630959
4385988276,1,2023_5_28_1_0,2023,5,28,35,2,1,0.9999911913,0,,,183.42835636
4385988277,1,2023_5_28_1_0,2023,5,28,67,2,1,0,2.0000176174,,,400.7516923
4385988278,1,2023_5_28_1_0,2023,5,28,80,1,1,0,0,,,75.221978128
4385988279,1,2023_5_28_1_0,2023,5,28,52,2,1,0,0,,,101.18638865
4385988282,1,2023_5_28_1_0,2023,5,28,65,1,2,0,0,,,303.4132474
4385988293,1,2023_5_28_1_0,2023,5,28,60,2,1,0,0,,,249.94683905
4385988294,1,2023_5_28_1_0,2023,5,28,65,2,1,0,0,,,166.93500402
4385988296,1,2023_5_28_1_0,2023,5,28,79,1,1,0,0,,,140.92077125
4385988297,1,2023_5_28_1_0,2023,5,28,56,2,1,0.9999911913,2.0000176174,,,154.83003137
4385988306,1,2023_5_28_1_0,2023,5,28,51,2,1,0,0,,,883.84568129
4385988307,1,2023_5_28_1_0,2023,5,28,74,2,1,0,0,,,159.94775439
4385988310,1,2023_5_28_1_0,2023,5,28,71,1,1,0,0,,,92.21161554
4385988313,1,2023_5_28_1_0,2023,5,28,84,2,1,0,0,,,140.92077125
4385988314,1,2023_5_28_1_0,2023,5,28,76,2,1,0,0,,,400.25027582
4385988316,1,2023_5_28_1_0,2023,5,28,77,1,1,0,0,,,225.66229594
4385988320,1,2023_5_28_1_0,2023,5,28,57,2,5,0,0,,,140.92077125
4385988328,1,2023_5_28_1_0,2023,5,28,-3,-3,-3,0,0,,,140.92077125
4385988330,1,2023_5_28_1_0,2023,5,28,79,2,1,0,0,,,400.25027582
4385988332,1,2023_5_28_1_0,2023,5,28,75,1,1,0,0,,,225.66229594
4385988334,1,2023_5_28_1_0,2023,5,28,47,2,1,0,0,,,437.0918745
4385988339,1,2023_5_28_1_0,2023,5,28,54,2,1,0,0,,,336.2211235
4385988340,1,2023_5_28_1_0,2023,5,28,54,2,1,0,0,,,179.47118635
4385988345,1,2023_5_28_1_0,2023,5,28,50,1,1,0,0,,,336.2211235
4385988346,1,2023_5_28_1_0,2023,5,28,34,2,1,0,0,,,437.0918745
4385988352,1,2023_5_28_1_0,2023,5,28,78,2,1,0,0,,,249.94683905
4385988354,1,2023_5_28_1_0,2023,5,28,45,2,1,0,0,,,336.2211235
4385988356,1,2023_5_28_1_0,2023,5,28,38,2,5,0,0,,,437.0918745
4385988358,1,2023_5_28_1_0,2023,5,28,78,2,1,0,0,,,64.812905818
4385988366,1,2023_5_28_1_0,2023,5,28,77,1,2,0,0,1,1,140.92077125
4385988367,1,2023_5_28_1_0,2023,5,28,23,2,1,0,0,,1,437.0918745
4385988372,1,2023_5_28_1_0,2023,5,28,66,2,1,0,0,,,140.92077125
4385988377,1,2023_5_28_1_0,2023,5,28,46,1,1,0,0,,,336.2211235
4385988380,1,2023_5_28_1_0,2023,5,28,-3,-3,-3,0,0,,,322.69480969
4385988386,1,2023_5_28_1_0,2023,5,28,91,1,1,0,0,,,249.94683905
4385988387,1,2023_5_28_1_0,2023,5,28,47,2,1,0.9999911913,2.0000176174,,,1090.0751073
4385988389,1,2023_5_28_1_0,2023,5,28,78,2,1,0,0,,,474.13721064
4385988410,1,2023_5_28_1_0,2023,5,28,75,1,1,0,0,,,140.92077125
4385988415,1,2023_5_28_1_0,2023,5,28,73,2,1,0,0,,,92.21161554
4385988420,1,2023_5_28_1_0,2023,5,28,38,1,1,0.9999911913,0,,,437.63944456
4385988423,1,2023_5_28_1_0,2023,5,28,68,2,1,0,0,,,92.21161554
4385988430,1,2023_5_28_1_0,2023,5,28,33,1,1,0,0,,,437.0918745
4385988439,1,2023_5_28_1_0,2023,5,28,70,1,1,0,0,,,140.92077125
4385988442,1,2023_5_28_1_0,2023,5,28,78,2,1,0,0,,,140.92077125
4385988456,1,2023_5_28_1_0,2023,5,28,52,2,1,0,0,,,538.40487813
4385988457,1,2023_5_28_1_0,2023,5,28,56,2,1,0,0,,,92.21161554
4385988462,1,2023_5_28_1_0,2023,5,28,77,1,1,0,0,,,225.66229594
4385988464,1,2023_5_28_1_0,2023,5,28,79,1,1,0,0,,,249.94683905
4385988465,1,2023_5_28_1_0,2023,5,28,82,1,1,0,0,,,225.66229594
4385988466,1,2023_5_28_1_0,2023,5,28,-3,2,1,0,0,,,598.77527157
4385988477,1,2023_5_28_1_0,2023,5,28,75,1,1,0,0,,,249.94683905
4385988482,1,2023_5_28_1_0,2023,5,28,56,1,1,0,0,,,336.2211235
4385988483,1,2023_5_28_1_0,2023,5,28,70,1,1,0,0,,,249.94683905
4385988484,1,2023_5_28_1_0,2023,5,28,77,2,1,0,0,,,225.66229594
4385988493,1,2023_5_28_1_0,2023,5,28,15,2,1,0,0,,,437.0918745
4385988494,1,2023_5_28_1_0,2023,5,28,69,2,1,0,0,,,225.66229594
4385988495,1,2023_5_28_1_0,2023,5,28,82,1,1,0,0,,,249.94683905
4385988502,1,2023_5_28_1_0,2023,5,28,33,2,1,0,0,,,437.0918745
4385988503,1,2023_5_28_1_0,2023,5,28,-3,1,1,0,4.0000352348,,,316.046649
4385988507,1,2023_5_28_1_0,2023,5,28,76,2,1,0,0,,,249.94683905
4385988509,1,2023_5_28_1_0,2023,5,28,60,1,1,0,0,,,538.40487813
4385988512,1,2023_5_28_1_0,2023,5,28,77,2,1,0,0,,,225.66229594
4385988513,1,2023_5_28_1_0,2023,5,28,77,2,1,0,0,,,249.94683905
4385988520,1,2023_5_28_1_0,2023,5,28,71,1,1,0,0,,,140.92077125
4385988523,1,2023_5_28_1_0,2023,5,28,32,2,1,0,0,,,437.0918745
4385988527,1,2023_5_28_1_0,2023,5,28,69,1,1,0,0,,,147.66229769
4385988529,1,2023_5_28_1_0,2023,5,28,28,2,2,11.999894296,12.000105704,,,680.72614526
4385988530,1,2023_5_28_1_0,2023,5,28,57,1,1,0,0,,,437.0918745
4385988531,1,2023_5_28_1_0,2023,5,28,65,1,1,0,0,,,183.19885265
4385988532,1,2023_5_28_1_0,2023,5,28,30,2,1,0,0,,,437.0918745
4385988534,1,2023_5_28_1_0,2023,5,28,76,1,1,0,0,,,249.94683905
4385988535,1,2023_5_28_1_0,2023,5,28,31,1,1,0,0,,,437.0918745
4385988536,1,2023_5_28_1_0,2023,5,28,33,2,1,0,0,,,286.36970866
4385988542,1,2023_5_28_1_0,2023,5,28,38,1,1,0,0,,,336.2211235
4385988544,1,2023_5_28_1_0,2023,5,28,-3,2,-3,0,0,,,293.56052625
4385988556,1,2023_5_28_1_0,2023,5,28,57,1,1,0,0,,,154.63630959
4385988560,1,2023_5_28_1_0,2023,5,28,62,1,1,0,0,,,154.63630959
4385988562,1,2023_5_28_1_0,2023,5,28,72,2,1,0,0,,,140.92077125
4385988563,1,2023_5_28_1_0,2023,5,28,71,2,1,0,0,,,140.92077125
4385988584,1,2023_5_28_1_0,2023,5,28,29,1,1,0,0,,,437.0918745
4385988588,1,2023_5_28_1_0,2023,5,28,31,1,1,0,2.0000176174,,,437.63944456
4385988591,1,2023_5_28_1_0,2023,5,28,74,2,1,0,0,,,114.95665824
4385988593,1,2023_5_28_1_0,2023,5,28,55,1,2,0,0,,,1088.7112163
4385988597,1,2023_5_28_1_0,2023,5,28,57,2,1,0,0,,,336.2211235
4385988605,1,2023_5_28_1_0,2023,5,28,54,1,1,0,0,,,336.2211235
4385988611,1,2023_5_28_1_0,2023,5,28,61,2,1,0,0,,,336.2211235
4385988612,1,2023_5_28_1_0,2023,5,28,58,2,1,0,0,,,141.09731079
4385988617,1,2023_5_28_1_0,2023,5,28,66,2,1,0,0,,,140.92077125
4385988618,1,2023_5_28_1_0,2023,5,28,43,2,-3,0,0,,,1088.7112163
4385988623,1,2023_5_28_1_0,2023,5,28,84,1,1,0,0,,,183.19885265
4385988626,1,2023_5_28_1_0,2023,5,28,50,1,2,0,0,,,950.35584788
4385988630,1,2023_5_28_1_0,2023,5,28,45,2,1,0,0,,,154.63630959
4385988634,1,2023_5_28_1_0,2023,5,28,61,1,1,4.9999559566,0,,,597.09214458
4385988636,1,2023_5_28_1_0,2023,5,28,67,2,1,0,0,,,140.92077125
4385988637,1,2023_5_28_1_0,2023,5,28,38,1,1,14.99986787,10.000088087,,,437.63944456
4385988638,1,2023_5_28_1_0,2023,5,28,58,1,1,0,0,,,336.2211235
4385988641,1,2023_5_28_1_0,2023,5,28,76,2,1,0,0,,,140.92077125
4385988642,1,2023_5_28_1_0,2023,5,28,-3,2,1,0,0,,,896.52848611
4385988643,1,2023_5_28_1_0,2023,5,28,57,1,1,0,0,,,336.2211235
4385988644,1,2023_5_28_1_0,2023,5,28,78,2,1,0,0,,,140.92077125
4385988645,1,2023_5_28_1_0,2023,5,28,52,1,3,0,0,,,723.90991064
4385988651,1,2023_5_28_1_0,2023,5,28,81,2,1,0,0,,,400.25027582
4385988652,1,2023_5_28_1_0,2023,5,28,63,1,1,0,0,,,538.40487813
4385988653,1,2023_5_28_1_0,2023,5,28,74,2,1,0,0,,,140.92077125
4385988656,1,2023_5_28_1_0,2023,5,28,53,2,1,0,0,,,336.2211235
4385988657,1,2023_5_28_1_0,2023,5,28,48,2,1,0,0,1,1,723.90991064
4385988665,1,2023_5_28_1_0,2023,5,28,82,2,1,0,0,1,,474.13721064
4385988668,1,2023_5_28_1_0,2023,5,28,74,2,1,0,0,,,249.94683905
4385988674,1,2023_5_28_1_0,2023,5,28,77,1,1,0,0,,,140.92077125
4385988682,1,2023_5_28_1_0,2023,5,28,72,1,1,0,0,,,64.894100664
4385988684,1,2023_5_28_1_0,2023,5,28,79,2,1,0,0,,,225.66229594
4385988688,1,2023_5_28_1_0,2023,5,28,66,1,1,0,0,,,140.92077125
4385988689,1,2023_5_28_1_0,2023,5,28,68,2,1,0,0,,,114.95665824
4385988693,1,2023_5_28_1_0,2023,5,28,70,2,1,0,0,,,140.92077125
4385988694,1,2023_5_28_1_0,2023,5,28,59,2,1,0,0,,,437.0918745
4385988695,1,2023_5_28_1_0,2023,5,28,77,2,2,0,0,,,64.894100664
4385988696,1,2023_5_28_1_0,2023,5,28,80,1,1,0,0,,,140.92077125
4385988707,1,2023_5_28_1_0,2023,5,28,38,1,1,0,0,,,437.0918745
4385988713,1,2023_5_28_1_0,2023,5,28,63,1,1,0.9999911913,0,,,539.07936881
4385988714,1,2023_5_28_1_0,2023,5,28,60,1,1,0,0,,,140.92077125
4385988727,1,2023_5_28_1_0,2023,5,28,58,2,1,0,0,,,437.0918745
4385988728,1,2023_5_28_1_0,2023,5,28,48,2,2,0,0,,,950.35584788
4385988735,1,2023_5_28_1_0,2023,5,28,58,1,1,0,0,,,437.0918745
4385988745,1,2023_5_28_1_0,2023,5,28,65,2,1,0,0,,,92.21161554
4385988752,1,2023_5_28_1_0,2023,5,28,52,2,1,0,0,,,114.95665824
4385988768,1,2023_5_28_1_0,2023,5,28,65,1,2,0,0,,,183.19885265
4385988783,1,2023_5_28_1_0,2023,5,28,-3,-3,-3,0,0,,,550.83723641
4385988785,1,2023_5_28_1_0,2023,5,28,69,1,1,0,0,,,225.66229594
4385988786,1,2023_5_28_1_0,2023,5,28,85,1,1,0,0,,,456.3128654
4385988787,1,2023_5_28_1_0,2023,5,28,63,1,1,0,0,,,538.40487813
4385988805,1,2023_5_28_1_0,2023,5,28,75,2,1,0,0,,,140.92077125
4385988808,1,2023_5_28_1_0,2023,5,28,64,1,1,0,0,,,64.812905818
4385988819,1,2023_5_28_1_0,2023,5,28,62,1,3,0,0,,,1088.7112163
4385988820,1,2023_5_28_1_0,2023,5,28,34,2,2,0,0,,,517.77983598
4385988822,1,2023_5_28_1_0,2023,5,28,73,1,2,0,5.0000440434,,,225.94499604
4385988824,1,2023_5_28_1_0,2023,5,28,56,1,2,0,0,,,538.40487813
4385988833,1,2023_5_28_1_0,2023,5,28,54,1,1,0,30.000264261,,,1090.0751073
4385988848,1,2023_5_28_1_0,2023,5,28,61,2,2,0,0,,,538.40487813
4385988849,1,2023_5_28_1_0,2023,5,28,69,2,1,0,0,,,64.812905818
4385988863,1,2023_5_28_1_0,2023,5,28,67,1,5,0,0,,,92.21161554
4385988874,1,2023_5_28_1_0,2023,5,28,51,2,2,0,0,,,154.63630959
4385988877,1,2023_5_28_1_0,2023,5,28,47,1,1,0,0,,,437.0918745
4385988886,1,2023_5_28_1_0,2023,5,28,35,1,1,0,0,,,883.84568129
4385988893,1,2023_5_28_1_0,2023,5,28,56,2,1,0,0,,,538.40487813
4385988896,1,2023_5_28_1_0,2023,5,28,58,2,1,0,0,,,336.2211235
4385988898,1,2023_5_28_1_0,2023,5,28,67,1,1,0,0,,,140.92077125
4385988899,1,2023_5_28_1_0,2023,5,28,72,1,2,0,0,1,1,225.66229594
4385988900,1,2023_5_28_1_0,2023,5,28,66,1,1,0,0,,,64.812905818
4385988906,1,2023_5_28_1_0,2023,5,28,77,2,1,0,0,,,92.21161554
4385988908,1,2023_5_28_1_0,2023,5,28,71,1,1,0,0,,,183.42835636
4385988911,1,2023_5_28_1_0,2023,5,28,76,2,1,0,0,,,225.66229594
4385988917,1,2023_5_28_1_0,2023,5,28,60,1,1,0,0,,,64.812905818
4385988918,1,2023_5_28_1_0,2023,5,28,70,1,1,0,0,,,225.66229594
4385988920,1,2023_5_28_1_0,2023,5,28,75,1,1,0,0,,,400.25027582
4385988927,1,2023_5_28_1_0,2023,5,28,46,2,1,0,0,,,154.63630959
4385988928,1,2023_5_28_1_0,2023,5,28,73,2,1,0,0,,,140.92077125
4385988937,1,2023_5_28_1_0,2023,5,28,71,2,1,0,0,,,225.66229594
4385988939,1,2023_5_28_1_0,2023,5,28,39,1,2,0,0,,,64.812905818
4385988944,1,2023_5_28_1_0,2023,5,28,47,2,2,0,0,,,538.40487813
4385988948,1,2023_5_28_1_0,2023,5,28,73,1,1,2.9999735739,3.0000264261,,,225.94499604
4385988949,1,2023_5_28_1_0,2023,5,28,48,1,1,0,0,,,538.40487813
4385988950,1,2023_5_28_1_0,2023,5,28,80,2,1,0,0,,,400.25027582
4385988955,1,2023_5_28_1_0,2023,5,28,67,2,2,0,10.000088087,,,131.22268786
4385988957,1,2023_5_28_1_0,2023,5,28,54,2,2,0,0,,,1088.7112163
4385988958,1,2023_5_28_1_0,2023,5,28,72,2,2,0,0,,,232.45443772
4385988972,1,2023_5_28_1_0,2023,5,28,72,1,1,0,0,,,140.92077125
4385988975,1,2023_5_28_1_0,2023,5,28,54,2,1,0,0,,,336.2211235
4385988976,1,2023_5_28_1_0,2023,5,28,28,2,1,0,0,,,437.0918745
4385988984,1,2023_5_28_1_0,2023,5,28,20,1,2,0,0,,,336.2211235
4385988993,1,2023_5_28_1_0,2023,5,28,72,2,1,0,0,,,141.09731079
4385988996,1,2023_5_28_1_0,2023,5,28,85,1,1,0,0,,,183.19885265
4385989005,1,2023_5_28_1_0,2023,5,28,78,1,1,0,0,,,284.95660144
4385989010,1,2023_5_28_1_0,2023,5,28,56,2,3,0,0,,,140.92077125
4385989011,1,2023_5_28_1_0,2023,5,28,59,2,1,0,0,,,140.92077125
4385989012,1,2023_5_28_1_0,2023,5,28,70,2,-3,0,0,,,159.94775439
4385989020,1,2023_5_28_1_0,2023,5,28,39,1,1,0,0,,,437.0918745
4385989026,1,2023_5_28_1_0,2023,5,28,69,2,-3,0,0,,,225.66229594
4385989031,1,2023_5_28_1_0,2023,5,28,61,1,1,0,0,,,114.95665824
4385989037,1,2023_5_28_1_0,2023,5,28,58,2,1,0,0,,1,538.40487813
4385989038,1,2023_5_28_1_0,2023,5,28,56,2,1,0,0,,,336.2211235
4385989039,1,2023_5_28_1_0,2023,5,28,50,2,2,0,0,,,336.2211235
4385989043,1,2023_5_28_1_0,2023,5,28,80,1,1,0,0,,,225.66229594
4385989045,1,2023_5_28_1_0,2023,5,28,57,1,1,0,0,,,538.40487813
4385989051,1,2023_5_28_1_0,2023,5,28,76,1,1,0,0,,,140.92077125
4385989052,1,2023_5_28_1_0,2023,5,28,75,2,1,0,0,,,225.66229594
4385989056,1,2023_5_28_1_0,2023,5,28,50,2,2,0,0,,,538.40487813
4385989059,1,2023_5_28_1_0,2023,5,28,60,2,1,0,0,,,336.2211235
4385989065,1,2023_5_28_1_0,2023,5,28,90,1,1,0,0,,,456.3128654
4385989075,1,2023_5_28_1_0,2023,5,28,48,2,1,0,0,,,312.69086062
4385989079,1,2023_5_28_1_0,2023,5,28,68,1,1,0,0,,,64.894100664
4385989080,1,2023_5_28_1_0,2023,5,28,60,1,1,0,0,,,336.2211235
4385989082,1,2023_5_28_1_0,2023,5,28,57,1,1,0,0,,,336.2211235
4385989083,1,2023_5_28_1_0,2023,5,28,82,1,1,0,0,,,64.812905818
4385989086,1,2023_5_28_1_0,2023,5,28,64,2,1,0,0,,,679.87442756
4385989088,1,2023_5_28_1_0,2023,5,28,69,1,1,0,0,,,296.08748384
4385989089,1,2023_5_28_1_0,2023,5,28,60,1,1,0,0,,,336.2211235
4385989090,1,2023_5_28_1_0,2023,5,28,58,2,1,0,0,,,64.812905818
4385989091,1,2023_5_28_1_0,2023,5,28,26,2,1,0,3.0000264261,,,884.95292548
4385989094,1,2023_5_28_1_0,2023,5,28,60,1,1,0,0,,,1088.7112163
4385989097,1,2023_5_28_1_0,2023,5,28,85,2,5,0,0,,,131.05850335
4385989100,1,2023_5_28_1_0,2023,5,28,30,1,1,0,0,,,154.63630959
4385989101,1,2023_5_28_1_0,2023,5,28,72,2,1,0,0,,,225.66229594
4385989109,1,2023_5_28_1_0,2023,5,28,75,2,1,0,0,,,249.94683905
4385989110,1,2023_5_28_1_0,2023,5,28,52,1,3,0,0,,,538.40487813
4385989114,1,2023_5_28_1_0,2023,5,28,56,1,1,0,0,,,336.2211235
4385989115,1,2023_5_28_1_0,2023,5,28,57,1,1,0,8.0000704695,,,1090.0751073
4385989120,1,2023_5_28_1_0,2023,5,28,46,2,2,0,1.0000088087,,,884.95292548
4385989131,1,2023_5_28_1_0,2023,5,28,67,2,2,0,10.000088087,,1,285.31358293
4385989133,1,2023_5_28_1_0,2023,5,28,76,2,1,0,0,,,284.95660144
4385989138,1,2023_5_28_1_0,2023,5,28,63,2,1,0,0,,,140.92077125
4385989144,1,2023_5_28_1_0,2023,5,28,70,2,1,0,0,,,225.66229594
4385989147,1,2023_5_28_1_0,2023,5,28,67,2,2,0,1.0000088087,,,400.7516923
4385989149,1,2023_5_28_1_0,2023,5,28,85,2,1,0,0,,,400.25027582
4385989156,1,2023_5_28_1_0,2023,5,28,63,1,1,0,0,,,679.87442756
4385989158,1,2023_5_28_1_0,2023,5,28,68,2,1,0,0,,,140.92077125
4385989165,1,2023_5_28_1_0,2023,5,28,75,2,5,0,0,,,225.66229594
4385989168,1,2023_5_28_1_0,2023,5,28,61,2,1,0,0,,,336.2211235
4385989171,1,2023_5_28_1_0,2023,5,28,59,2,1,0,0,,,538.40487813
4385989181,1,2023_5_28_1_0,2023,5,28,30,2,2,0,0,,,1088.7112163
4385989183,1,2023_5_28_1_0,2023,5,28,-3,-3,-3,0,0,,,505.46542694
4385989192,1,2023_5_28_1_0,2023,5,28,86,2,1,0,0,,,400.25027582
4385989195,1,2023_5_28_1_0,2023,5,28,81,1,1,0,0,,,140.92077125
4385989197,1,2023_5_28_1_0,2023,5,28,29,2,1,0,0,,,336.2211235
4385989198,1,2023_5_28_1_0,2023,5,28,70,2,1,0,0,,,140.92077125
4385989199,1,2023_5_28_1_0,2023,5,28,65,1,-3,0,0,,,296.08748384
4385989205,1,2023_5_28_1_0,2023,5,28,58,1,1,0,0,,,336.2211235
4385989206,1,2023_5_28_1_0,2023,5,28,64,1,1,1.9999823826,1.0000088087,,,220.28216675
4385989207,1,2023_5_28_1_0,2023,5,28,83,2,1,0,0,,,225.66229594
4385989208,1,2023_5_28_1_0,2023,5,28,72,1,1,0,0,,,64.812905818
4385989210,1,2023_5_28_1_0,2023,5,28,48,2,1,0,0,,,336.2211235
4385989211,1,2023_5_28_1_0,2023,5,28,74,2,1,0,0,,,166.93500402
4385989214,1,2023_5_28_1_0,2023,5,28,76,2,1,0,0,,,225.66229594
4385989216,1,2023_5_28_1_0,2023,5,28,74,1,1,0,0,,,370.44732282
4385989217,1,2023_5_28_1_0,2023,5,28,69,2,5,0,0,,,400.25027582
4385989219,1,2023_5_28_1_0,2023,5,28,70,1,3,0,0,1,,140.92077125
4385989220,1,2023_5_28_1_0,2023,5,28,77,1,1,0,0,,,249.94683905
4385989221,1,2023_5_28_1_0,2023,5,28,83,2,1,0,0,,,225.66229594
4385989222,1,2023_5_28_1_0,2023,5,28,10,2,1,0,0,,,1521.8443717
4385989231,1,2023_5_28_1_0,2023,5,28,50,1,1,0,0,,,596.3450689
4385989235,1,2023_5_28_1_0,2023,5,28,67,1,1,0,0,,,140.92077125
4385989238,1,2023_5_28_1_0,2023,5,28,52,1,1,18.790135561,0,,,1027.903514
4385989241,1,2023_5_28_1_0,2023,5,28,78,2,1,0,0,,,225.66229594
4385989244,1,2023_5_28_1_0,2023,5,28,77,2,2,0,0,,,140.92077125
4385989255,1,2023_5_28_1_0,2023,5,28,55,1,1,0,0,,,1088.7112163
4385989257,1,2023_5_28_1_0,2023,5,28,69,2,1,0,2.0000176174,,,92.32713432
4385989273,1,2023_5_28_1_0,2023,5,28,62,1,2,2.9999735739,5.0000440434,,,1090.0751073
4385989281,1,2023_5_28_1_0,2023,5,28,68,2,3,0,0,,,284.95660144
4385989283,1,2023_5_28_1_0,2023,5,28,68,2,1,0,0,,,249.94683905
4385989284,1,2023_5_28_1_0,2023,5,28,80,2,1,0,0,,,400.25027582
4385989285,1,2023_5_28_1_0,2023,5,28,70,2,1,0,0,,1,400.25027582
4385989288,1,2023_5_28_1_0,2023,5,28,62,2,1,0,0,,,538.40487813
4385989295,1,2023_5_28_1_0,2023,5,28,26,2,1,0,0,,,578.34510438
4385989297,1,2023_5_28_1_0,2023,5,28,82,1,1,0,0,,,140.92077125
4385989305,1,2023_5_28_1_0,2023,5,28,82,1,1,0,0,,,456.3128654
4385989306,1,2023_5_28_1_0,2023,5,28,65,1,-3,0,0,,,456.3128654
4385989307,1,2023_5_28_1_0,2023,5,28,31,2,1,0,0,,,679.87442756
4385989316,1,2023_5_28_1_0,2023,5,28,34,1,1,0,0,,,679.87442756
4385989323,1,2023_5_28_1_0,2023,5,28,46,2,1,6.9999383392,2.0000176174,,,286.36970866
4385989325,1,2023_5_28_1_0,2023,5,28,59,1,1,0,0,,1,1088.7112163
4385989340,1,2023_5_28_1_0,2023,5,28,72,2,2,0,0,,,456.3128654
4385989342,1,2023_5_28_1_0,2023,5,28,60,2,1,0,0,,,1088.7112163
4385989345,1,2023_5_28_1_0,2023,5,28,25,2,2,0,0,,,883.84568129
4385989347,1,2023_5_28_1_0,2023,5,28,74,1,1,0,0,,,474.13721064
4385989353,1,2023_5_28_1_0,2023,5,28,82,2,1,0,0,,,159.94775439
4385989359,1,2023_5_28_1_0,2023,5,28,55,2,1,0,0,,,220.00655192
4385989360,1,2023_5_28_1_0,2023,5,28,65,2,1,0,0,,,140.92077125
4385989362,1,2023_5_28_1_0,2023,5,28,64,1,1,0,0,,,336.2211235
4385989363,1,2023_5_28_1_0,2023,5,28,73,1,1,0,0,,,64.812905818
4385989369,1,2023_5_28_1_0,2023,5,28,64,1,1,0,0,,,538.40487813
4385989370,1,2023_5_28_1_0,2023,5,28,71,1,1,1.9999823826,12.000105704,,,267.6548566
4385989382,1,2023_5_28_1_0,2023,5,28,65,1,1,0,0,,,456.3128654
4385989384,1,2023_5_28_1_0,2023,5,28,43,2,1,0,0,,,437.0918745
4385989400,1,2023_5_28_1_0,2023,5,28,25,2,1,0,1.0000088087,,,884.95292548
4385989407,1,2023_5_28_1_0,2023,5,28,65,1,2,0,0,,,225.66229594
4385989411,1,2023_5_28_1_0,2023,5,28,47,1,1,0,0,,,679.87442756
4385989418,1,2023_5_28_1_0,2023,5,28,81,2,1,0,0,,,456.3128654
4385989419,1,2023_5_28_1_0,2023,5,28,50,1,3,0,0,,,1003.1816509
4385989422,1,2023_5_28_1_0,2023,5,28,79,2,1,0,0,,,284.95660144
4385989424,1,2023_5_28_1_0,2023,5,28,72,1,1,0.9999911913,0,,,141.09731079
4385989426,1,2023_5_28_1_0,2023,5,28,53,2,1,0,0,,,370.44732282
4385989428,1,2023_5_28_1_0,2023,5,28,41,2,1,0,1.0000088087,,,579.06963047
4385989433,1,2023_5_28_1_0,2023,5,28,80,1,1,0,0,,,92.21161554
4385989443,1,2023_5_28_1_0,2023,5,28,76,2,1,0,0,,,225.66229594
4385989452,1,2023_5_28_1_0,2023,5,28,62,1,1,0,0,,,154.63630959
4385989453,1,2023_5_28_1_0,2023,5,28,48,2,4,19.999823826,15.00013213,,,220.28216675
4385989456,1,2023_5_28_1_0,2023,5,28,61,2,1,0,0,,,336.2211235
4385989466,1,2023_5_28_1_0,2023,5,28,78,1,1,0,0,,,140.92077125
4385989467,1,2023_5_28_1_0,2023,5,28,60,1,1,0,0,,,336.2211235
4385989471,1,2023_5_28_1_0,2023,5,28,65,1,2,0,0,,,131.05850335
4385989483,1,2023_5_28_1_0,2023,5,28,69,2,1,0,0,,,140.92077125
4385989496,1,2023_5_28_1_0,2023,5,28,78,1,1,0,0,,,284.95660144
4385989497,1,2023_5_28_1_0,2023,5,28,47,1,4,0,0,,,154.63630959
4385989504,1,2023_5_28_1_0,2023,5,28,54,1,3,0,0,,,336.2211235
4385989507,1,2023_5_28_1_0,2023,5,28,70,1,4,0,0,,,140.92077125
4385989510,1,2023_5_28_1_0,2023,5,28,26,1,3,3.9999647652,4.0000352348,,,336.64232699
4385989511,1,2023_5_28_1_0,2023,5,28,37,2,4,0,0,,,336.2211235
4385989515,1,2023_5_28_1_0,2023,5,28,79,2,2,0,0,1,1,225.66229594
4385989552,1,2023_5_28_1_0,2023,5,28,25,2,2,0,0,,,437.0918745
4385989554,1,2023_5_28_1_0,2023,5,28,62,1,1,0,0,,,352.30564796
4385989556,1,2023_5_28_1_0,2023,5,28,63,2,1,6.9999383392,14.000123322,,,313.0825864
4385989560,1,2023_5_28_1_0,2023,5,28,58,1,4,1.9999823826,0,,,956.14850128
4385989574,1,2023_5_28_1_0,2023,5,28,68,2,2,0,0,,,64.812905818
4385989576,1,2023_5_28_1_0,2023,5,28,36,2,1,0,2.0000176174,,,884.95292548
4385989586,1,2023_5_28_1_0,2023,5,28,47,2,2,0,0,,,883.84568129
4385989590,1,2023_5_28_1_0,2023,5,28,79,1,2,0,0,,,517.92377711
4385989594,1,2023_5_28_1_0,2023,5,28,65,1,1,0,0,,,284.95660144
4385989599,1,2023_5_28_1_0,2023,5,28,77,2,2,0,0,,,159.94775439
4385989605,1,2023_5_28_1_0,2023,5,28,48,1,1,0,0,,,679.87442756
4385989623,1,2023_5_28_1_0,2023,5,28,62,1,1,20.999815018,0,,,539.07936881
4385989626,1,2023_5_28_1_0,2023,5,28,63,1,1,0,0,,,538.40487813
4385989627,1,2023_5_28_1_0,2023,5,28,74,1,1,0,0,,,183.19885265
4385989629,1,2023_5_28_1_0,2023,5,28,64,2,1,0,0,,,274.61726605
4385989630,1,2023_5_28_1_0,2023,5,28,32,2,1,0,0,,,220.00655192
4385989631,1,2023_5_28_1_0,2023,5,28,37,1,1,0,0,,,336.2211235
4385989636,1,2023_5_28_1_0,2023,5,28,68,2,1,0,0,,,140.92077125
4385989637,1,2023_5_28_1_0,2023,5,28,41,2,1,0,0,,,336.2211235
4385989638,1,2023_5_28_1_0,2023,5,28,72,1,1,0.9999911913,1.0000088087,,,92.32713432
4385989639,1,2023_5_28_1_0,2023,5,28,53,1,1,0,0,,,336.2211235
4385989640,1,2023_5_28_1_0,2023,5,28,59,2,4,0,0,,,154.63630959
4385989643,1,2023_5_28_1_0,2023,5,28,53,1,1,0,0,,,336.2211235
4385989652,1,2023_5_28_1_0,2023,5,28,40,2,1,0,0,,,437.0918745
4385989664,1,2023_5_28_1_0,2023,5,28,70,1,1,0,0,,,140.92077125
4385989665,1,2023_5_28_1_0,2023,5,28,51,1,1,0,0,,,154.63630959
4385989669,1,2023_5_28_1_0,2023,5,28,38,2,1,0,0,,,336.2211235
4385989670,1,2023_5_28_1_0,2023,5,28,73,1,1,0,0,,,140.92077125
4385989674,1,2023_5_28_1_0,2023,5,28,67,2,1,0,0,,,249.94683905
4385989675,1,2023_5_28_1_0,2023,5,28,61,2,3,0,4.0000352348,,,154.83003137
4385989676,1,2023_5_28_1_0,2023,5,28,66,2,1,0,0,,,225.66229594
4385989682,1,2023_5_28_1_0,2023,5,28,31,2,2,0,0,,,336.2211235
4385989686,1,2023_5_28_1_0,2023,5,28,57,1,1,0,0,,,154.63630959
4385989689,1,2023_5_28_1_0,2023,5,28,32,2,1,0,3.0000264261,,,884.95292548
4385989692,1,2023_5_28_1_0,2023,5,28,83,1,1,0,0,,,140.92077125
4385989696,1,2023_5_28_1_0,2023,5,28,67,2,1,0,0,,,114.95665824
4385989698,1,2023_5_28_1_0,2023,5,28,50,2,4,0,0,,,538.40487813
4385989702,1,2023_5_28_1_0,2023,5,28,62,1,1,0,1.0000088087,,,437.63944456
4385989704,1,2023_5_28_1_0,2023,5,28,57,2,1,0,0,,,336.2211235
4385989707,1,2023_5_28_1_0,2023,5,28,71,2,3,0,0,,,249.94683905
4385989709,1,2023_5_28_1_0,2023,5,28,-3,-3,-3,0,10.000088087,,,664.04303813
4385989719,1,2023_5_28_1_0,2023,5,28,44,2,1,0,0,,,538.40487813
4385989721,1,2023_5_28_1_0,2023,5,28,64,2,1,0,0,,,538.40487813
4385989728,1,2023_5_28_1_0,2023,5,28,59,2,1,0,0,,,336.2211235
4385989735,1,2023_5_28_1_0,2023,5,28,90,-3,3,29.999735739,30.000264261,,,1.0003281115
4385989744,1,2023_5_28_1_0,2023,5,28,79,2,1,0,0,,,140.92077125
4385989746,1,2023_5_28_1_0,2023,5,28,69,1,1,0,0,,,225.66229594
4385989748,1,2023_5_28_1_0,2023,5,28,73,1,1,0,0,,,183.42835636
4385989750,1,2023_5_28_1_0,2023,5,28,85,1,1,0,0,,,225.66229594
4385989759,1,2023_5_28_1_0,2023,5,28,78,1,2,0,0,,,159.94775439
4385989760,1,2023_5_28_1_0,2023,5,28,58,1,1,0,5.0000440434,,,539.07936881
4385989780,1,2023_5_28_1_0,2023,5,28,67,2,2,0,0,,,140.92077125
4385989788,1,2023_5_28_1_0,2023,5,28,67,2,2,0,0,,,225.66229594
4385989790,1,2023_5_28_1_0,2023,5,28,73,1,2,0,0,,,225.66229594
4385989799,1,2023_5_28_1_0,2023,5,28,88,1,1,0,0,,,400.25027582
4385989801,1,2023_5_28_1_0,2023,5,28,76,2,2,0,0,,,225.66229594
4385989802,1,2023_5_28_1_0,2023,5,28,75,2,2,0,0,,,140.92077125
4385989803,1,2023_5_28_1_0,2023,5,28,81,1,2,0,0,,,249.94683905
4385989805,1,2023_5_28_1_0,2023,5,28,66,1,2,0,1.0000088087,,,163.75779934
4385989812,1,2023_5_28_1_0,2023,5,28,74,2,1,0,0,,,92.21161554
4385989818,1,2023_5_28_1_0,2023,5,28,77,2,1,0,0,,,225.66229594
4385989822,1,2023_5_28_1_0,2023,5,28,68,2,1,0,5.0000440434,,,64.894100664
4385989823,1,2023_5_28_1_0,2023,5,28,64,1,1,0,0,,,42.410374995
4385989826,1,2023_5_28_1_0,2023,5,28,55,1,1,0,0,,,538.40487813
4385989828,1,2023_5_28_1_0,2023,5,28,39,2,1,0,0,,,437.0918745
4385989830,1,2023_5_28_1_0,2023,5,28,67,2,1,0,0,,,225.66229594
4385989831,1,2023_5_28_1_0,2023,5,28,-3,-3,-3,0,0,,,505.46542694
4385989833,1,2023_5_28_1_0,2023,5,28,77,2,3,0,0,,,225.66229594
4385989836,1,2023_5_28_1_0,2023,5,28,81,2,1,0,0,,1,140.92077125
4385989838,1,2023_5_28_1_0,2023,5,28,31,2,1,0,0,,,437.0918745
4385989840,1,2023_5_28_1_0,2023,5,28,83,2,1,0,0,,,225.66229594
4385989841,1,2023_5_28_1_0,2023,5,28,60,2,1,0,0,,,336.2211235
4385989843,1,2023_5_28_1_0,2023,5,28,78,1,1,0,0,,,249.94683905
4385989846,1,2023_5_28_1_0,2023,5,28,76,2,1,0,0,1,1,225.66229594
4385989848,1,2023_5_28_1_0,2023,5,28,35,2,1,0,0,,,336.2211235
4385989853,1,2023_5_28_1_0,2023,5,28,74,1,1,0,0,,,159.94775439
4385989854,1,2023_5_28_1_0,2023,5,28,50,1,1,0,0,,,154.63630959
4385989855,1,2023_5_28_1_0,2023,5,28,68,1,-3,0,0,,,140.92077125
4385989862,1,2023_5_28_1_0,2023,5,28,82,1,1,0,0,,,249.94683905
4385989868,1,2023_5_28_1_0,2023,5,28,69,2,1,0.9999911913,3.0000264261,,,64.894100664
4385989877,1,2023_5_28_1_0,2023,5,28,67,1,1,0,0,,,140.92077125
4385989880,1,2023_5_28_1_0,2023,5,28,45,2,3,0,4.0000352348,,,680.72614526
4385989887,1,2023_5_28_1_0,2023,5,28,63,1,1,0,0,,,336.2211235
4385989892,1,2023_5_28_1_0,2023,5,28,56,2,2,0,0,,,336.2211235
4385989893,1,2023_5_28_1_0,2023,5,28,53,1,1,0,4.0000352348,,,154.83003137
4385989898,1,2023_5_28_1_0,2023,5,28,85,2,1,0,0,,,225.66229594
4385989901,1,2023_5_28_1_0,2023,5,28,69,1,1,10.999903104,30.000264261,,,225.94499604
4385989904,1,2023_5_28_1_0,2023,5,28,28,2,4,0,0,,,154.63630959
4385989905,1,2023_5_28_1_0,2023,5,28,42,2,1,0,3.0000264261,,,286.36970866
4385989906,1,2023_5_28_1_0,2023,5,28,50,2,1,0,0,,,437.0918745
4385989910,1,2023_5_28_1_0,2023,5,28,27,1,1,14.99986787,6.0000528521,,,154.83003137
4385989911,1,2023_5_28_1_0,2023,5,28,79,1,1,0,0,,,140.92077125
4385989913,1,2023_5_28_1_0,2023,5,28,44,2,2,0,0,,,437.0918745
4385989924,1,2023_5_28_1_0,2023,5,28,48,2,1,0,0,,,286.01140576
4385989926,1,2023_5_28_1_0,2023,5,28,73,2,1,0,0,,,456.3128654
4385989938,1,2023_5_28_1_0,2023,5,28,37,2,1,0,0,,,437.63944456
4385989939,1,2023_5_28_1_0,2023,5,28,67,2,2,0,0,,,456.3128654
4385989942,1,2023_5_28_1_0,2023,5,28,27,2,5,0,0,,,336.2211235
4385989951,1,2023_5_28_1_0,2023,5,28,78,1,1,0,0,,,809.34809902
4385989952,1,2023_5_28_1_0,2023,5,28,74,1,1,0,0,,,183.19885265
4385989954,1,2023_5_28_1_0,2023,5,28,28,2,5,0,0,,,437.0918745
4385989955,1,2023_5_28_1_0,2023,5,28,62,2,1,0,3.0000264261,,,336.64232699
4385989965,1,2023_5_28_1_0,2023,5,28,86,1,1,0,0,,,296.08748384
4385989966,1,2023_5_28_1_0,2023,5,28,59,2,1,0,0,,,336.2211235
4385989968,1,2023_5_28_1_0,2023,5,28,61,1,1,0,0,,,249.94683905
4385989971,1,2023_5_28_1_0,2023,5,28,62,2,1,0,0,,,596.3450689
4385989973,1,2023_5_28_1_0,2023,5,28,58,1,1,0,1.0000088087,,,336.64232699
4385989979,1,2023_5_28_1_0,2023,5,28,54,2,3,0,0,,,437.0918745
4385989980,1,2023_5_28_1_0,2023,5,28,97,1,1,0,0,,,183.42835636
4385989984,1,2023_5_28_1_0,2023,5,28,74,2,1,0,0,,,400.25027582
4385989986,1,2023_5_28_1_0,2023,5,28,60,2,1,0,0,,,220.00655192
4385989988,1,2023_5_28_1_0,2023,5,28,53,1,1,0,7.0000616608,,,336.64232699
4385989992,1,2023_5_28_1_0,2023,5,28,68,1,1,0,0,,,140.92077125
4385989993,1,2023_5_28_1_0,2023,5,28,54,2,1,0,0,,,336.2211235
4385989996,1,2023_5_28_1_0,2023,5,28,80,1,1,0,0,,,140.92077125
4385989998,1,2023_5_28_1_0,2023,5,28,31,2,1,0,0,,,437.0918745
4385990000,1,2023_5_28_1_0,2023,5,28,87,2,1,0,0,,,400.25027582
4385990021,1,2023_5_28_1_0,2023,5,28,52,1,1,0,0,,,1088.7112163
4385990022,1,2023_5_28_1_0,2023,5,28,38,2,1,0,0,,,437.63944456
4385990031,1,2023_5_28_1_0,2023,5,28,69,2,1,0,0,,,225.66229594
4385990037,1,2023_5_28_1_0,2023,5,28,76,2,1,0,0,,,284.95660144
4385990050,1,2023_5_28_1_0,2023,5,28,63,1,3,0,0,,,336.2211235
4385990051,1,2023_5_28_1_0,2023,5,28,88,1,-3,0,0,1,,114.95665824
4385990052,1,2023_5_28_1_0,2023,5,28,74,1,1,0,0,,,140.92077125
4385990057,1,2023_5_28_1_0,2023,5,28,73,1,1,0,0,,,249.94683905
4385990058,1,2023_5_28_1_0,2023,5,28,82,1,1,0,0,,,225.66229594
4385990066,1,2023_5_28_1_0,2023,5,28,73,2,1,0,0,,,456.3128654
4385990067,1,2023_5_28_1_0,2023,5,28,61,2,1,0,0,,,336.2211235
4385990069,1,2023_5_28_1_0,2023,5,28,69,1,1,0,0,,,140.92077125
4385990071,1,2023_5_28_1_0,2023,5,28,83,1,1,0,0,,,225.66229594
4385990075,1,2023_5_28_1_0,2023,5,28,67,1,1,0,0,,,140.92077125
4385990079,1,2023_5_28_1_0,2023,5,28,56,2,1,0,0,,,336.2211235
4385990081,1,2023_5_28_1_0,2023,5,28,66,1,1,1.9999823826,8.0000704695,,,42.463504904
4385990084,1,2023_5_28_1_0,2023,5,28,75,1,1,0,0,,,140.92077125
4385990085,1,2023_5_28_1_0,2023,5,28,66,2,1,0,0,,,249.94683905
4385990086,1,2023_5_28_1_0,2023,5,28,39,2,1,0,0,,,437.0918745
4385990092,1,2023_5_28_1_0,2023,5,28,37,2,1,0,0,1,1,538.40487813
4385990096,1,2023_5_28_1_0,2023,5,28,46,1,1,0,0,,,954.95217791
4385990098,1,2023_5_28_1_0,2023,5,28,60,2,2,0,0,,,538.40487813
4385990099,1,2023_5_28_1_0,2023,5,28,49,2,2,0,0,,,679.87442756
4385990109,1,2023_5_28_1_0,2023,5,28,58,1,1,13.999876678,0,,,220.28216675
4385990114,1,2023_5_28_1_0,2023,5,28,54,1,1,0,0,,,336.2211235
4385990120,1,2023_5_28_1_0,2023,5,28,63,2,1,0,1.0000088087,,,539.07936881
4385990122,1,2023_5_28_1_0,2023,5,28,70,1,1,0,0,,,64.812905818
4385990123,1,2023_5_28_1_0,2023,5,28,68,1,1,0,0,,,140.92077125
4385990135,1,2023_5_28_1_0,2023,5,28,73,1,1,0,0,,,64.812905818
4385990140,1,2023_5_28_1_0,2023,5,28,58,2,1,0,0,,,336.64232699
4385990149,1,2023_5_28_1_0,2023,5,28,63,2,2,0,0,,,954.95217791
4385990152,1,2023_5_28_1_0,2023,5,28,76,1,1,0,0,,,324.9341721
4385990157,1,2023_5_28_1_0,2023,5,28,69,1,2,0,0,,,140.92077125
4385990159,1,2023_5_28_1_0,2023,5,28,74,1,5,0,0,,,140.92077125
4385990162,1,2023_5_28_1_0,2023,5,28,59,1,1,0,0,,,538.40487813
4385990169,1,2023_5_28_1_0,2023,5,28,66,2,1,0,0,,,809.34809902
4385990176,1,2023_5_28_1_0,2023,5,28,60,2,1,0,0,,,538.40487813
4385990179,1,2023_5_28_1_0,2023,5,28,68,2,1,0,0,,,267.31996954
4385990182,1,2023_5_28_1_0,2023,5,28,45,1,1,0,0,,,1088.7112163
4385990183,1,2023_5_28_1_0,2023,5,28,67,1,1,0,0,,,456.3128654
4385990184,1,2023_5_28_1_0,2023,5,28,83,2,1,0,0,,,456.3128654
4385990195,1,2023_5_28_1_0,2023,5,28,48,2,1,0,0,,,437.0918745
4385990196,1,2023_5_28_1_0,2023,5,28,63,1,1,0,0,,,538.40487813
4385990200,1,2023_5_28_1_0,2023,5,28,39,1,1,0,0,,,140.92077125
4385990201,1,2023_5_28_1_0,2023,5,28,33,1,1,0,0,,1,101.18638865
4385990203,1,2023_5_28_1_0,2023,5,28,56,1,1,0,0,1,1,538.40487813
4385990209,1,2023_5_28_1_0,2023,5,28,26,1,1,0,0,,,336.2211235
4385990211,1,2023_5_28_1_0,2023,5,28,30,2,1,0,0,,,437.0918745
4385990225,1,2023_5_28_1_0,2023,5,28,23,1,5,0,0,,,220.00655192
4385990251,1,2023_5_28_1_0,2023,5,28,64,1,1,0,0,,,284.95660144
4385990255,1,2023_5_28_1_0,2023,5,28,52,2,1,0,0,,,336.2211235
4385990262,1,2023_5_28_1_0,2023,5,28,21,1,1,0,0,,,336.2211235
4385990267,1,2023_5_28_1_0,2023,5,28,72,2,1,1.9999823826,2.0000176174,,,456.8845147
4385990275,1,2023_5_28_1_0,2023,5,28,60,2,1,0,0,,,140.92077125
4385990279,1,2023_5_28_1_0,2023,5,28,43,2,2,0,0,,,883.84568129
4385990285,1,2023_5_28_1_0,2023,5,28,34,2,2,0,0,,,1921.7193475
4385990291,1,2023_5_28_2_1,2023,5,28,34,2,1,0,0,,,267.41057678
4385990298,1,2023_5_28_2_1,2023,5,28,65,1,1,0,0,,,112.39033906
4385990301,1,2023_5_28_2_1,2023,5,28,68,1,1,0,0,,,112.39033906
4385990302,1,2023_5_28_2_1,2023,5,28,-3,1,1,0,0,,,88.817755527
4385990303,1,2023_5_28_2_1,2023,5,28,61,2,1,0,0,1,1,429.40090569
4385990304,1,2023_5_28_2_1,2023,5,28,47,2,1,0,0,,,267.41057678
4385990313,1,2023_5_28_2_1,2023,5,28,70,1,1,0,0,,,112.39033906
4385990315,1,2023_5_28_2_1,2023,5,28,65,2,1,0,0,,,199.34328871
4385990317,1,2023_5_28_2_1,2023,5,28,58,1,1,0,0,,,268.15071855
4385990318,1,2023_5_28_2_1,2023,5,28,68,2,1,0,0,,,152.91619976
4385990321,1,2023_5_28_2_1,2023,5,28,41,2,1,0,0,,,348.59945443
4385990323,1,2023_5_28_2_1,2023,5,28,16,2,1,0,0,,,618.30013386
4385990328,1,2023_5_28_2_1,2023,5,28,31,1,1,0,0,,,267.41057678
4385990331,1,2023_5_28_2_1,2023,5,28,53,1,1,0,0,,,412.9515529
4385990341,1,2023_5_28_2_1,2023,5,28,53,2,1,0,0,,,268.15071855
4385990344,1,2023_5_28_2_1,2023,5,28,61,1,1,0,0,,,94.605704549
4385990346,1,2023_5_28_2_1,2023,5,28,48,2,1,0,0,,,94.605704549
4385990347,1,2023_5_28_2_1,2023,5,28,76,1,1,0,0,,,112.39033906
4385990348,1,2023_5_28_2_1,2023,5,28,52,1,1,0,0,,,205.69836642
4385990351,1,2023_5_28_2_1,2023,5,28,36,1,1,0,4.0000352348,,,349.03616496
4385990360,1,2023_5_28_2_1,2023,5,28,26,2,1,0,0,,,268.15071855
4385990363,1,2023_5_28_2_1,2023,5,28,43,1,1,0,0,,,618.30013386
4385990364,1,2023_5_28_2_1,2023,5,28,40,1,1,0,0,,,348.59945443
4385990369,1,2023_5_28_2_1,2023,5,28,48,1,1,0,0,,,429.40090569
4385990375,1,2023_5_28_2_1,2023,5,28,61,1,1,0,0,,,268.15071855
4385990377,1,2023_5_28_2_1,2023,5,28,65,1,1,0,0,,,112.39033906
4385990379,1,2023_5_28_2_1,2023,5,28,66,1,1,0,0,,,86.21460823
4385990380,1,2023_5_28_2_1,2023,5,28,51,1,1,0,0,,,348.59945443
4385990385,1,2023_5_28_2_1,2023,5,28,67,1,2,0,0,,,179.97532747
4385990386,1,2023_5_28_2_1,2023,5,28,45,1,1,0,0,,,349.03616496
4385990388,1,2023_5_28_2_1,2023,5,28,72,1,1,0,0,,,112.39033906
4385990391,1,2023_5_28_2_1,2023,5,28,74,1,1,0,0,,,112.39033906
4385990393,1,2023_5_28_2_1,2023,5,28,73,1,1,0,0,,1,199.34328871
4385990399,1,2023_5_28_2_1,2023,5,28,69,2,-3,0,0,,,179.97532747
4385990401,1,2023_5_28_2_1,2023,5,28,67,1,1,0,0,,,86.21460823
4385990402,1,2023_5_28_2_1,2023,5,28,58,2,1,0,0,,,268.15071855
4385990404,1,2023_5_28_2_1,2023,5,28,71,2,1,0,0,,,86.21460823
4385990406,1,2023_5_28_2_1,2023,5,28,66,1,2,0,0,,,51.691062969
4385990409,1,2023_5_28_2_1,2023,5,28,56,1,1,0,0,,,112.08012253
4385990410,1,2023_5_28_2_1,2023,5,28,61,1,5,0,0,,,268.15071855
4385990413,1,2023_5_28_2_1,2023,5,28,44,2,1,0,0,,,267.41057678
4385990414,1,2023_5_28_2_1,2023,5,28,32,2,1,0,0,,,267.74557735
4385990415,1,2023_5_28_2_1,2023,5,28,39,1,1,0,0,,,267.41057678
4385990420,1,2023_5_28_2_1,2023,5,28,51,1,1,0,0,,,348.59945443
4385990422,1,2023_5_28_2_1,2023,5,28,66,1,1,0,0,,,199.34328871
4385990424,1,2023_5_28_2_1,2023,5,28,69,1,1,0,0,,,244.87107484
4385990428,1,2023_5_28_2_1,2023,5,28,27,1,1,0,0,,,268.15071855
4385990429,1,2023_5_28_2_1,2023,5,28,58,2,2,0,0,,,348.59945443
4385990434,1,2023_5_28_2_1,2023,5,28,51,2,1,1.9999823826,0,,,429.93884083
4385990435,1,2023_5_28_2_1,2023,5,28,74,1,1,0,0,,,199.34328871
4385990436,1,2023_5_28_2_1,2023,5,28,63,2,1,0,0,,,146.10891625
4385990437,1,2023_5_28_2_1,2023,5,28,54,2,1,0,0,,,123.32906719
4385990444,1,2023_5_28_2_1,2023,5,28,76,2,1,0,0,1,1,112.39033906
4385990445,1,2023_5_28_2_1,2023,5,28,48,1,1,0,0,,,268.15071855
4385990446,1,2023_5_28_2_1,2023,5,28,59,2,1,0,0,,,704.90471288
4385990449,1,2023_5_28_2_1,2023,5,28,80,2,1,0,0,,,179.97532747
4385990450,1,2023_5_28_2_1,2023,5,28,47,2,1,0,0,,,618.30013386
4385990459,1,2023_5_28_2_1,2023,5,28,34,1,1,0,0,,,348.59945443
4385990461,1,2023_5_28_2_1,2023,5,28,72,1,1,0,0,,,112.39033906
4385990463,1,2023_5_28_2_1,2023,5,28,78,1,1,1.9999823826,0,,,180.20079289
4385990469,1,2023_5_28_2_1,2023,5,28,45,1,1,0,0,,,348.59945443
4385990471,1,2023_5_28_2_1,2023,5,28,60,1,5,0,0,,,329.39335504
4385990473,1,2023_5_28_2_1,2023,5,28,32,2,1,0,0,,,316.77505957
4385990481,1,2023_5_28_2_1,2023,5,28,74,1,1,0,0,,,199.34328871
4385990483,1,2023_5_28_2_1,2023,5,28,66,1,1,0,0,,,86.21460823
4385990487,1,2023_5_28_2_1,2023,5,28,74,1,1,0,0,,,86.21460823
4385990492,1,2023_5_28_2_1,2023,5,28,71,2,1,0,0,,,86.21460823
4385990499,1,2023_5_28_2_1,2023,5,28,67,1,1,0,0,,,199.34328871
4385990503,1,2023_5_28_2_1,2023,5,28,57,1,2,0.9999911913,0,,,94.724222542
4385990504,1,2023_5_28_2_1,2023,5,28,53,1,1,3.9999647652,4.0000352348,,,205.95605657
4385990511,1,2023_5_28_2_1,2023,5,28,68,1,1,0,0,,,86.21460823
4385990513,1,2023_5_28_2_1,2023,5,28,61,1,1,0,0,,,268.15071855
4385990515,1,2023_5_28_2_1,2023,5,28,43,2,1,0.9999911913,0,,,349.03616496
4385990517,1,2023_5_28_2_1,2023,5,28,42,2,1,0,0,,,348.59945443
4385990521,1,2023_5_28_2_1,2023,5,28,47,2,1,1.9999823826,2.0000176174,,,416.46477949
4385990524,1,2023_5_28_2_1,2023,5,28,79,2,1,0,0,,,152.91619976
4385990525,1,2023_5_28_2_1,2023,5,28,55,1,1,0,0,,,205.69836642
4385990526,1,2023_5_28_2_1,2023,5,28,61,1,1,0,0,,,475.61068461
4385990529,1,2023_5_28_2_1,2023,5,28,70,1,1,0.9999911913,0,,,86.322614216
4385990534,1,2023_5_28_2_1,2023,5,28,60,2,1,0,0,,,152.91619976
4385990541,1,2023_5_28_2_1,2023,5,28,68,1,1,0,0,,,86.21460823
4385990549,1,2023_5_28_2_1,2023,5,28,44,2,1,0,0,,,267.41057678
4385990556,1,2023_5_28_2_1,2023,5,28,64,1,1,0,0,,,94.605704549
4385990558,1,2023_5_28_2_1,2023,5,28,64,2,1,0,0,,,268.15071855
4385990562,1,2023_5_28_2_1,2023,5,28,76,2,1,0,0,,,138.05904029
4385990565,1,2023_5_28_2_1,2023,5,28,40,2,1,0,6.0000528521,,,123.48356859
4385990568,1,2023_5_28_2_1,2023,5,28,57,1,1,0,0,,,267.41057678
4385990573,1,2023_5_28_2_1,2023,5,28,50,2,2,0,1.0000088087,,,123.48356859
4385990576,1,2023_5_28_2_1,2023,5,28,48,1,1,5.9999471479,2.0000176174,,,349.03616496
4385990578,1,2023_5_28_2_1,2023,5,28,61,2,1,0,0,,,112.39033906
4385990581,1,2023_5_28_2_1,2023,5,28,64,2,1,0,0,,,104.52475883
4385990582,1,2023_5_28_2_1,2023,5,28,68,2,2,0,0,,,91.682849034
4385990583,1,2023_5_28_2_1,2023,5,28,53,1,1,0.9999911913,0,,,94.724222542
4385990585,1,2023_5_28_2_1,2023,5,28,80,1,1,3.9999647652,8.0000704695,,,112.22053173
4385990588,1,2023_5_28_2_1,2023,5,28,67,1,1,3.9999647652,3.0000264261,,,112.22053173
4385990597,1,2023_5_28_2_1,2023,5,28,57,2,1,0,0,,,152.91619976
4385990599,1,2023_5_28_2_1,2023,5,28,63,1,1,0,0,,,123.48356859
4385990609,1,2023_5_28_2_1,2023,5,28,73,1,1,0.9999911913,2.0000176174,,,86.322614216
4385990614,1,2023_5_28_2_1,2023,5,28,77,2,1,0,0,,,156.69963535
4385990621,1,2023_5_28_2_1,2023,5,28,47,2,1,0,0,,,112.39033906
4385990626,1,2023_5_28_2_1,2023,5,28,49,2,1,0,0,,,123.32906719
4385990628,1,2023_5_28_2_1,2023,5,28,50,1,1,1.9999823826,1.0000088087,,,205.95605657
4385990630,1,2023_5_28_2_1,2023,5,28,62,1,1,0,0,,,268.15071855
4385990631,1,2023_5_28_2_1,2023,5,28,62,1,-3,0,0,,,317.65183287
4385990636,1,2023_5_28_2_1,2023,5,28,55,1,1,1.9999823826,2.0000176174,,,205.95605657
4385990637,1,2023_5_28_2_1,2023,5,28,70,2,1,0,0,,,112.39033906
4385990638,1,2023_5_28_2_1,2023,5,28,70,2,1,0,0,,,112.39033906
4385990649,1,2023_5_28_2_1,2023,5,28,59,2,1,0,0,,,475.61068461
4385990652,1,2023_5_28_2_1,2023,5,28,52,1,1,0,0,,,94.724222542
4385990656,1,2023_5_28_2_1,2023,5,28,36,1,1,0,0,,,267.41057678
4385990658,1,2023_5_28_2_1,2023,5,28,32,2,1,0,0,,,267.41057678
4385990659,1,2023_5_28_2_1,2023,5,28,52,1,1,0,0,,,205.69836642
4385990660,1,2023_5_28_2_1,2023,5,28,29,2,1,0,0,,,348.59945443
4385990666,1,2023_5_28_2_1,2023,5,28,62,2,1,0,0,,,268.15071855
4385990667,1,2023_5_28_2_1,2023,5,28,48,2,1,0,0,,,348.59945443
4385990674,1,2023_5_28_2_1,2023,5,28,52,2,1,0,0,,,348.59945443
4385990676,1,2023_5_28_2_1,2023,5,28,61,2,1,0,0,,,348.59945443
4385990679,1,2023_5_28_2_1,2023,5,28,63,2,1,0,0,,,112.39033906
4385990682,1,2023_5_28_2_1,2023,5,28,50,2,4,0,0,,,218.74497446
4385990689,1,2023_5_28_2_1,2023,5,28,62,1,2,0,1.0000088087,,,304.73744774
4385990696,1,2023_5_28_2_1,2023,5,28,68,2,1,0,0,,,112.39033906
4385990701,1,2023_5_28_2_1,2023,5,28,82,1,1,0,0,,,127.56517147
4385990702,1,2023_5_28_2_1,2023,5,28,55,1,1,0,0,,,123.32906719
4385990703,1,2023_5_28_2_1,2023,5,28,60,1,1,0,0,,,123.32906719
4385990721,1,2023_5_28_2_1,2023,5,28,70,1,1,0,0,,,138.05904029
4385990722,1,2023_5_28_2_1,2023,5,28,45,2,1,0,0,,,348.59945443
4385990724,1,2023_5_28_2_0,2023,5,28,59,2,1,0,0,,,10102.629017
4385990728,1,2023_5_28_2_0,2023,5,28,51,1,2,0,0,,,8201.591839
4385990730,1,2023_5_28_2_0,2023,5,28,53,2,1,0,0,,,947.505609
4385990734,1,2023_5_28_2_0,2023,5,28,50,2,2,0,0,,,5146.4710416
4385990735,1,2023_5_28_2_0,2023,5,28,35,1,1,0,0,,,947.505609
4385990742,1,2023_5_28_2_0,2023,5,28,82,2,2,0,0,1,1,3959.1382532
4385990746,1,2023_5_28_2_0,2023,5,28,58,2,1,0,0,,,2678.2002482
4385990747,1,2023_5_28_2_0,2023,5,28,56,1,1,0,0,,,863.46616481
4385990748,1,2023_5_28_2_0,2023,5,28,59,1,1,0,0,,,3959.1382532
4385990750,1,2023_5_28_2_0,2023,5,28,80,2,1,0,0,,,3959.1382532
4385990754,1,2023_5_28_2_0,2023,5,28,82,1,1,0,0,,,3959.1382532
4385990756,1,2023_5_28_2_0,2023,5,28,49,2,1,0,0,,,8784.981353
4385990777,1,2023_5_28_2_0,2023,5,28,-3,1,1,0,0,,,2724.0769145
4385990791,1,2023_5_28_2_0,2023,5,28,64,2,1,0,0,,,8528.290883
4385990793,1,2023_5_28_2_0,2023,5,28,56,1,1,0,0,,,9446.0589433
4385990796,1,2023_5_28_2_0,2023,5,28,68,1,2,0,0,,,8005.7934061
4385990807,1,2023_5_28_2_0,2023,5,28,45,1,1,0,0,,,5325.7161268
4385990810,1,2023_5_28_2_0,2023,5,28,56,2,2,0,0,,,4952.9986152
4385990814,1,2023_5_28_2_0,2023,5,28,72,2,1,0,0,,,3574.4730021
4385990816,1,2023_5_28_2_0,2023,5,28,46,1,4,0,0,,,6923.5008814
4385990831,1,2023_5_28_2_0,2023,5,28,24,1,1,0,0,,,14000.04601
4385990832,1,2023_5_28_2_0,2023,5,28,80,2,1,0,0,,,3959.1382532
4385990840,1,2023_5_28_2_0,2023,5,28,59,1,1,0,0,,,6923.5008814
4385990857,1,2023_5_28_2_0,2023,5,28,64,2,5,0,0,,,1026.6313257
4385990858,1,2023_5_28_2_0,2023,5,28,65,1,2,0,0,,,2232.1739225
4385990860,1,2023_5_28_2_0,2023,5,28,58,1,1,0,0,,,5325.7161268
4385990864,1,2023_5_28_2_0,2023,5,28,66,1,-3,0,0,,,3959.1382532
4385990870,1,2023_5_28_2_0,2023,5,28,77,2,1,0,0,,,3574.4730021
4385990885,1,2023_5_28_2_0,2023,5,28,50,1,1,0,0,,,2678.2002482
4385990886,1,2023_5_28_2_0,2023,5,28,44,2,2,0,0,1,1,14000.04601
4385990893,1,2023_5_28_2_0,2023,5,28,40,2,3,0,0,,,14000.04601
4385990894,1,2023_5_28_2_0,2023,5,28,60,1,2,0,0,,,12280.000635
4385990897,1,2023_5_28_2_0,2023,5,28,42,2,2,0,0,,,9308.9626561
4385990906,1,2023_5_28_2_0,2023,5,28,65,1,2,0,0,,,2232.1739225
4385990912,1,2023_5_28_2_0,2023,5,28,57,2,1,0,0,,,5325.7161268
4385990917,1,2023_5_28_2_0,2023,5,28,73,2,2,0,0,,,3959.1382532
4385990919,1,2023_5_28_2_0,2023,5,28,43,2,1,0,0,,,2232.1739225
4385990925,1,2023_5_28_2_0,2023,5,28,37,2,1,0,0,,,6923.5008814
4385990926,1,2023_5_28_2_0,2023,5,28,52,1,2,0,0,,,17245.099956
4385990928,1,2023_5_28_2_0,2023,5,28,70,2,1,0,0,,,1382.704306
4385990938,1,2023_5_28_2_0,2023,5,28,52,2,1,0,0,,,5325.7161268
4385990941,1,2023_5_28_2_0,2023,5,28,42,2,2,0,0,,,4952.9986152
4385990957,1,2023_5_28_2_0,2023,5,28,68,2,2,0,0,,,2232.1739225
4385990959,1,2023_5_28_2_0,2023,5,28,52,2,2,0,0,,,6923.5008814
4385990962,1,2023_5_28_2_0,2023,5,28,70,1,1,0,0,,,2232.1739225
4385990963,1,2023_5_28_2_0,2023,5,28,72,1,1,0,0,,,863.46616481
4385990969,1,2023_5_28_2_0,2023,5,28,56,2,1,0,0,,,2060.1332327
4385990973,1,2023_5_28_2_0,2023,5,28,55,1,1,0,0,,,4344.4733037
4385990976,1,2023_5_28_2_0,2023,5,28,52,2,2,0,0,,,2449.42697
4385990984,1,2023_5_28_2_0,2023,5,28,71,1,1,0,0,,,2232.1739225
4385990988,1,2023_5_28_2_0,2023,5,28,68,2,1,0,0,,,3959.1382532
4385990990,1,2023_5_28_2_0,2023,5,28,52,1,1,0,0,,,4750.2414331
4385990992,1,2023_5_28_2_0,2023,5,28,63,2,2,0,0,1,1,7160.6681924
4385990993,1,2023_5_28_2_0,2023,5,28,66,1,2,0,0,,,2901.8554034
4385991004,1,2023_5_28_2_0,2023,5,28,-3,1,1,0,0,,,8006.5325692
4385991006,1,2023_5_28_2_0,2023,5,28,74,1,1,0,0,,,1382.704306
4385991010,1,2023_5_28_2_0,2023,5,28,-3,2,1,0,0,,,4999.8903894
4385991012,1,2023_5_28_2_0,2023,5,28,75,2,2,0,0,,,6339.9328588
4385991028,1,2023_5_28_2_0,2023,5,28,78,1,1,0,0,,,3959.1382532
4385991031,1,2023_5_28_2_0,2023,5,28,57,2,1,0,0,,,5325.7161268
4385991032,1,2023_5_28_2_0,2023,5,28,64,2,3,0,0,,,5325.7161268
4385991048,1,2023_5_28_2_0,2023,5,28,40,1,1,0,0,,,2449.42697
4385991049,1,2023_5_28_2_0,2023,5,28,52,2,1,0,0,,,15053.561812
4385991054,1,2023_5_28_2_0,2023,5,28,76,2,1,0,0,,,6339.9328588
4385991055,1,2023_5_28_2_0,2023,5,28,70,2,2,0,0,,,2533.5598374
4385991056,1,2023_5_28_2_0,2023,5,28,85,2,1,0,0,,,6339.9328588
4385991061,1,2023_5_28_2_0,2023,5,28,85,1,3,0,0,,,3574.4730021
4385991063,1,2023_5_28_2_0,2023,5,28,65,1,1,0,0,,,863.46616481
4385991064,1,2023_5_28_2_0,2023,5,28,62,1,1,0,0,,,3298.9770855
4385991068,1,2023_5_28_2_0,2023,5,28,37,1,1,0,0,,,8528.290883
4385991078,1,2023_5_28_2_0,2023,5,28,61,1,1,0,0,,,947.505609
4385991079,1,2023_5_28_2_0,2023,5,28,73,2,2,0,0,,,4513.6901333
4385991084,1,2023_5_28_2_0,2023,5,28,71,1,2,0,0,1,1,1026.6313257
4385991089,1,2023_5_28_2_0,2023,5,28,72,1,1,0,0,,1,2232.1739225
4385991107,1,2023_5_28_2_0,2023,5,28,75,1,1,0,0,,,2232.1739225
4385991109,1,2023_5_28_2_0,2023,5,28,77,2,2,0,0,,,3959.1382532
4385991113,1,2023_5_28_2_0,2023,5,28,67,1,2,0,0,1,1,3959.1382532
4385991114,1,2023_5_28_2_0,2023,5,28,50,1,2,0,0,,,6923.5008814
4385991115,1,2023_5_28_2_0,2023,5,28,61,2,1,0,0,,,9446.0589433
4385991118,1,2023_5_28_2_0,2023,5,28,93,2,2,0,0,,1,8483.2999474
4385991119,1,2023_5_28_2_0,2023,5,28,56,1,1,0,0,,,6308.853089
4385991124,1,2023_5_28_2_0,2023,5,28,36,1,2,0,0,,,6923.5008814
4385991125,1,2023_5_28_2_0,2023,5,28,77,2,1,0,0,,,3574.4730021
4385991126,1,2023_5_28_2_0,2023,5,28,60,2,1,0,0,,,1027.9174456
4385991128,1,2023_5_28_2_0,2023,5,28,80,1,1,0,0,,,2232.1739225
4385991134,1,2023_5_28_2_0,2023,5,28,71,2,2,0,0,,,1820.9044163
4385991136,1,2023_5_28_2_0,2023,5,28,63,2,1,0,0,,,15126.367318
4385991138,1,2023_5_28_2_0,2023,5,28,81,1,1,0,0,,,3959.1382532
4385991139,1,2023_5_28_2_0,2023,5,28,77,1,1,0,0,,,1531.5033874
4385991142,1,2023_5_28_2_0,2023,5,28,86,2,1,0,0,,,4513.6901333
4385991147,1,2023_5_28_2_0,2023,5,28,76,1,1,0,0,,,397.12918628
4385991151,1,2023_5_28_2_0,2023,5,28,56,1,1,0,0,,,2449.42697
4385991159,1,2023_5_28_2_0,2023,5,28,71,2,1,0,0,,,7227.9598641
4385991163,1,2023_5_28_2_0,2023,5,28,27,2,1,0,0,,,14000.04601
4385991164,1,2023_5_28_2_0,2023,5,28,53,2,1,0,0,,,8528.290883
4385991168,1,2023_5_28_2_0,2023,5,28,68,2,1,0,0,,,3959.1382532
4385991169,1,2023_5_28_2_0,2023,5,28,56,2,2,0,0,,,3297.7872076
4385991170,1,2023_5_28_2_0,2023,5,28,87,1,1,0,0,1,1,8005.7934061
4385991185,1,2023_5_28_2_0,2023,5,28,39,2,2,0,0,,,14000.04601
4385991191,1,2023_5_28_2_0,2023,5,28,73,2,2,0,0,1,1,3959.1382532
4385991193,1,2023_5_28_2_0,2023,5,28,70,2,2,0,0,,,7227.9598641
4385991206,1,2023_5_28_2_0,2023,5,28,65,1,1,0,0,,,3959.1382532
4385991214,1,2023_5_28_2_0,2023,5,28,69,2,1,0,0,,,2232.1739225
4385991215,1,2023_5_28_2_0,2023,5,28,70,2,2,0,0,,,6339.9328588
4385991233,1,2023_5_28_2_0,2023,5,28,77,2,1,0,0,,,4057.094811
4385991236,1,2023_5_28_2_0,2023,5,28,53,2,1,0,0,,,10769.157409
4385991242,1,2023_5_28_2_0,2023,5,28,62,1,1,0,0,,,5325.7161268
4385991246,1,2023_5_28_2_0,2023,5,28,20,2,1,0,0,,,2901.8554034
4385991254,1,2023_5_28_2_0,2023,5,28,70,1,1,0,0,,,3574.4730021
4385991262,1,2023_5_28_2_0,2023,5,28,70,2,1,0,0,,,3574.4730021
4385991269,1,2023_5_28_2_0,2023,5,28,63,2,1,0,0,,,3959.1382532
4385991270,1,2023_5_28_2_0,2023,5,28,41,2,2,0,0,,,14000.04601
4385991273,1,2023_5_28_2_0,2023,5,28,72,2,2,0,0,,,4057.094811
4385991277,1,2023_5_28_2_0,2023,5,28,64,2,2,0,0,,,17245.099956
4385991295,1,2023_5_28_2_0,2023,5,28,34,1,2,0,0,,,6923.5008814
4385991297,1,2023_5_28_2_0,2023,5,28,81,2,1,0,0,,,3574.4730021
4385991303,1,2023_5_28_2_0,2023,5,28,60,2,3,0,0,,,8528.290883
4385991314,1,2023_5_28_2_0,2023,5,28,74,2,1,0,0,,,3959.1382532
4385991317,1,2023_5_28_2_0,2023,5,28,55,2,1,0,0,,,6923.5008814
4385991321,1,2023_5_28_2_0,2023,5,28,61,1,2,0,0,,,8528.290883
4385991323,1,2023_5_28_2_0,2023,5,28,68,2,2,0,0,,,3959.1382532
4385991330,1,2023_5_28_2_0,2023,5,28,54,2,1,0,0,,,2449.42697
4385991335,1,2023_5_28_2_0,2023,5,28,56,1,2,0,0,,,9446.0589433
4385991340,1,2023_5_28_2_0,2023,5,28,24,2,3,0,0,,,14000.04601
4385991351,1,2023_5_28_2_0,2023,5,28,58,2,1,0,0,,,9446.0589433
4385991355,1,2023_5_28_2_0,2023,5,28,54,1,1,0,0,,,8528.290883
4385991363,1,2023_5_28_2_0,2023,5,28,66,2,1,0,0,,,2232.1739225
4385991369,1,2023_5_28_2_0,2023,5,28,66,2,2,0,0,,,3574.4730021
4385991388,1,2023_5_28_2_0,2023,5,28,43,1,1,0,0,,,6923.5008814
4385991390,1,2023_5_28_2_0,2023,5,28,63,1,1,3.9999647652,0,,,2452.4955077
4385991398,1,2023_5_28_2_0,2023,5,28,26,1,2,0,0,,,10769.157409
4385991418,1,2023_5_28_2_0,2023,5,28,66,2,1,0,0,,,3574.4730021
4385991419,1,2023_5_28_2_0,2023,5,28,88,2,1,0,0,,,3574.4730021
4385991421,1,2023_5_28_2_0,2023,5,28,67,1,1,0,0,,,863.46616481
4385991425,1,2023_5_28_2_0,2023,5,28,61,1,1,0,0,,,8528.290883
4385991428,1,2023_5_28_2_0,2023,5,28,93,2,1,0,0,,1,6339.9328588
4385991429,1,2023_5_28_2_0,2023,5,28,73,2,1,0,0,,,1026.6313257
4385991437,1,2023_5_28_2_0,2023,5,28,63,2,1,0,0,,,863.46616481
4385991452,1,2023_5_28_2_0,2023,5,28,67,2,1,0,0,,,2232.1739225
4385991454,1,2023_5_28_2_0,2023,5,28,63,1,5,0,0,,,2449.42697
4385991455,1,2023_5_28_2_0,2023,5,28,60,1,2,0,0,,,10102.629017
4385991457,1,2023_5_28_2_0,2023,5,28,74,2,2,0,0,,,3574.4730021
4385991458,1,2023_5_28_2_0,2023,5,28,26,2,1,0,0,,,5325.7161268
4385991459,1,2023_5_28_2_0,2023,5,28,30,2,1,0,0,,,2678.2002482
4385991461,1,2023_5_28_2_0,2023,5,28,62,1,1,0,0,,,8528.290883
4385991464,1,2023_5_28_2_0,2023,5,28,47,1,1,0,0,,,3959.1382532
4385991467,1,2023_5_28_2_0,2023,5,28,64,2,1,0,0,,,863.46616481
4385991470,1,2023_5_28_2_0,2023,5,28,43,1,1,0,0,,,14000.04601
4385991478,1,2023_5_28_2_0,2023,5,28,52,2,5,0,0,,,5325.7161268
4385991480,1,2023_5_28_2_0,2023,5,28,47,1,1,0,0,,,2060.1332327
4385991481,1,2023_5_28_2_0,2023,5,28,99,1,1,0,0,,,1165.2460717
4385991482,1,2023_5_28_2_0,2023,5,28,37,1,1,0,0,,,2678.2002482
4385991484,1,2023_5_28_2_0,2023,5,28,50,1,1,0.9999911913,0,1,,2452.4955077
4385991497,1,2023_5_28_2_0,2023,5,28,73,1,1,0,0,,,2232.1739225
4385991500,1,2023_5_28_2_0,2023,5,28,70,2,1,0,0,,,3574.4730021
4385991502,1,2023_5_28_2_0,2023,5,28,-3,-3,-3,0,0,1,1,3959.1382532
4385991503,1,2023_5_28_2_0,2023,5,28,85,2,1,0,0,,,2232.1739225
4385991508,1,2023_5_28_2_0,2023,5,28,39,2,1,0,0,,,6923.5008814
4385991517,1,2023_5_28_2_0,2023,5,28,76,1,2,0,0,,,3959.1382532
4385991525,1,2023_5_28_2_0,2023,5,28,23,2,1,0,0,,,17245.099956
4385991541,1,2023_5_37_1_1,2023,5,37,27,2,1,0,0,,,1157.3617414
4385991546,1,2023_5_37_1_1,2023,5,37,66,1,1,4.9849666093,2.0060133563,,,382.48966915
4385991548,1,2023_5_37_1_1,2023,5,37,61,2,1,0,0,,,533.32608016
4385991549,1,2023_5_37_1_1,2023,5,37,66,1,1,0,0,,1,467.3006528
4385991550,1,2023_5_37_1_1,2023,5,37,52,1,-3,0,0,,,1399.0694121
4385991552,1,2023_5_37_1_1,2023,5,37,73,1,1,0,0,,,478.94651159
4385991555,1,2023_5_37_1_1,2023,5,37,81,1,1,0,0,,,664.76482881
4385991556,1,2023_5_37_1_1,2023,5,37,38,1,1,1.9939866437,3.0090200344,,,559.79610455
4385991559,1,2023_5_37_1_1,2023,5,37,51,2,1,0,0,,,533.32608016
4385991560,1,2023_5_37_1_1,2023,5,37,67,1,1,0,0,,,425.70134329
4385991562,1,2023_5_37_1_1,2023,5,37,80,1,1,0,5.0150333907,,,382.48966915
4385991565,1,2023_5_37_1_1,2023,5,37,50,2,1,0,0,,,559.79610455
4385991567,1,2023_5_37_1_1,2023,5,37,86,1,1,0,0,,,247.24696374
4385991572,1,2023_5_37_1_1,2023,5,37,56,1,1,0,0,,,132.23760216
4385991577,1,2023_5_37_1_1,2023,5,37,87,1,1,0,0,,,478.94651159
4385991578,1,2023_5_37_1_1,2023,5,37,38,2,1,0,0,,,1306.2867487
4385991580,1,2023_5_37_1_1,2023,5,37,78,2,1,0,0,,,178.13528282
4385991581,1,2023_5_37_1_1,2023,5,37,63,1,1,0,5.0150333907,,,573.74709381
4385991582,1,2023_5_37_1_1,2023,5,37,69,1,2,0,0,,,178.13528282
4385991585,1,2023_5_37_1_1,2023,5,37,87,1,1,0,0,,,247.24696374
4385991587,1,2023_5_37_1_1,2023,5,37,70,1,1,0,0,,,445.62805025
4385991589,1,2023_5_37_1_1,2023,5,37,-3,1,1,0,2.0060133563,,,571.30475161
4385991590,1,2023_5_37_1_1,2023,5,37,41,2,4,0,0,,,520.357951
4385991593,1,2023_5_37_1_1,2023,5,37,72,1,1,3.9879732874,5.0150333907,,,142.25994707
4385991597,1,2023_5_37_1_1,2023,5,37,46,2,3,0,0,,,2834.7503761
4385991600,1,2023_5_37_1_1,2023,5,37,72,2,1,0,0,,,247.24696374
4385991602,1,2023_5_37_1_1,2023,5,37,80,1,1,0,0,,,178.13528282
4385991610,1,2023_5_37_1_1,2023,5,37,80,2,1,0,0,,,329.81365824
4385991611,1,2023_5_37_1_1,2023,5,37,61,2,1,0,0,,,740.24220198
4385991613,1,2023_5_37_1_1,2023,5,37,41,1,1,0.9969933219,7.021046747,,,573.74709381
4385991615,1,2023_5_37_1_1,2023,5,37,77,2,1,0,0,1,1,664.76482881
4385991616,1,2023_5_37_1_1,2023,5,37,46,2,1,0,0,,,2905.3967627
4385991617,1,2023_5_37_1_1,2023,5,37,64,1,1,0,0,,,395.91124732
4385991618,1,2023_5_37_1_1,2023,5,37,76,1,1,0,1.0030066781,,,191.63623274
4385991622,1,2023_5_37_1_1,2023,5,37,60,1,1,0,0,,,533.32608016
4385991623,1,2023_5_37_1_1,2023,5,37,67,1,1,0,0,,,247.24696374
4385991627,1,2023_5_37_1_1,2023,5,37,67,2,1,0,0,,,178.13528282
4385991628,1,2023_5_37_1_1,2023,5,37,33,1,1,0.9969933219,1.0030066781,,,1245.078687
4385991632,1,2023_5_37_1_1,2023,5,37,74,2,3,0,0,,,478.94651159
4385991638,1,2023_5_37_1_1,2023,5,37,66,2,1,0,0,,,178.13528282
4385991640,1,2023_5_37_1_1,2023,5,37,86,1,1,0,0,,,664.76482881
4385991645,1,2023_5_37_1_1,2023,5,37,63,2,2,0,0,,,533.32608016
4385991651,1,2023_5_37_1_1,2023,5,37,61,1,1,0,0,,,533.32608016
4385991652,1,2023_5_37_1_1,2023,5,37,57,1,1,0,0,,,3111.7606795
4385991654,1,2023_5_37_1_1,2023,5,37,66,2,1,0,0,,,386.56830934
4385991655,1,2023_5_37_1_1,2023,5,37,66,2,1,0,2.0060133563,,,191.63623274
4385991661,1,2023_5_37_1_1,2023,5,37,81,2,1,0,0,,,478.94651159
4385991662,1,2023_5_37_1_1,2023,5,37,72,1,1,0,0,,,132.23760216
4385991666,1,2023_5_37_1_1,2023,5,37,77,1,1,0,0,,,355.54291804
4385991676,1,2023_5_37_1_1,2023,5,37,45,1,1,0,0,,,1157.3617414
4385991680,1,2023_5_37_1_1,2023,5,37,77,1,1,0,0,,,478.94651159
4385991682,1,2023_5_37_1_1,2023,5,37,62,2,2,0,0,,,520.357951
4385991688,1,2023_5_37_1_1,2023,5,37,39,1,1,0,0,,,859.16017929
4385991689,1,2023_5_37_1_1,2023,5,37,71,1,1,0,0,,,247.24696374
4385991692,1,2023_5_37_1_1,2023,5,37,80,1,1,0,0,,,173.80382137
4385991695,1,2023_5_37_1_1,2023,5,37,40,2,1,0,0,,,1157.3617414
4385991698,1,2023_5_37_1_1,2023,5,37,55,2,1,0,0,,,1990.2650096
4385991701,1,2023_5_37_1_1,2023,5,37,80,1,1,0,0,,,478.94651159
4385991704,1,2023_5_37_1_1,2023,5,37,47,1,1,0,0,,,1157.3617414
4385991705,1,2023_5_37_1_1,2023,5,37,74,1,1,0,0,,,132.23760216
4385991706,1,2023_5_37_1_1,2023,5,37,35,2,1,0,0,1,1,520.357951
4385991707,1,2023_5_37_1_1,2023,5,37,29,2,1,0,0,,,1157.3617414
4385991709,1,2023_5_37_1_1,2023,5,37,83,2,1,0,0,,,178.13528282
4385991714,1,2023_5_37_1_1,2023,5,37,66,2,1,0,0,,,247.24696374
4385991715,1,2023_5_37_1_1,2023,5,37,36,2,1,0,0,,,1157.3617414
4385991718,1,2023_5_37_1_1,2023,5,37,71,2,1,0,0,,,178.13528282
4385991723,1,2023_5_37_1_1,2023,5,37,77,1,1,3.9879732874,6.0180400688,,,191.63623274
4385991726,1,2023_5_37_1_1,2023,5,37,76,1,1,0,0,,,178.13528282
4385991730,1,2023_5_37_1_1,2023,5,37,64,2,1,0,0,,,178.13528282
4385991732,1,2023_5_37_1_1,2023,5,37,87,1,1,0,0,,,478.94651159
4385991737,1,2023_5_37_1_1,2023,5,37,50,1,1,60.816592634,0,,,559.79610455
4385991746,1,2023_5_37_1_1,2023,5,37,81,2,1,0,0,,,247.24696374
4385991754,1,2023_5_37_1_1,2023,5,37,74,2,1,0,0,,,178.13528282
4385991756,1,2023_5_37_1_1,2023,5,37,63,1,-3,0,0,,,740.24220198
4385991760,1,2023_5_37_1_1,2023,5,37,48,2,1,0,0,,,533.32608016
4385991762,1,2023_5_37_1_1,2023,5,37,64,2,1,0,0,,,178.13528282
4385991763,1,2023_5_37_1_1,2023,5,37,62,2,1,0,0,,,191.63623274
4385991764,1,2023_5_37_1_1,2023,5,37,33,2,2,0,0,,,533.32608016
4385991765,1,2023_5_37_1_1,2023,5,37,78,1,1,0,0,,,178.13528282
4385991766,1,2023_5_37_1_1,2023,5,37,46,2,2,0,0,,,1990.2650096
4385991767,1,2023_5_37_1_1,2023,5,37,45,2,1,0,0,,,2485.0714725
4385991769,1,2023_5_37_1_1,2023,5,37,59,1,1,0,0,,,740.24220198
4385991770,1,2023_5_37_1_1,2023,5,37,52,2,3,0,0,,,533.32608016
4385991771,1,2023_5_37_1_1,2023,5,37,54,1,1,0,0,,,559.79610455
4385991772,1,2023_5_37_1_1,2023,5,37,73,1,1,3.9879732874,4.0120267126,,,142.25994707
4385991775,1,2023_5_37_1_1,2023,5,37,37,2,1,0,0,,,425.91753152
4385991780,1,2023_5_37_1_1,2023,5,37,95,1,1,0,0,,,478.94651159
4385991784,1,2023_5_37_1_1,2023,5,37,62,2,1,0,0,,,533.32608016
4385991794,1,2023_5_37_1_1,2023,5,37,32,2,1,0.9969933219,0,,,1245.078687
4385991798,1,2023_5_37_1_1,2023,5,37,50,1,1,0,0,,,386.28443855
4385991800,1,2023_5_37_1_1,2023,5,37,65,1,1,0,0,,,178.13528282
4385991802,1,2023_5_37_1_1,2023,5,37,60,1,1,3.9879732874,3.0090200344,,,1145.1505436
4385991803,1,2023_5_37_1_1,2023,5,37,37,2,1,0,0,,,740.24220198
4385991804,1,2023_5_37_1_1,2023,5,37,57,2,2,0,0,,,1813.0907437
4385991807,1,2023_5_37_1_1,2023,5,37,31,2,5,0,0,,,2905.3967627
4385991810,1,2023_5_37_1_1,2023,5,37,58,2,1,0,0,,,520.357951
4385991812,1,2023_5_37_1_1,2023,5,37,40,1,1,0,0,,,533.32608016
4385991815,1,2023_5_37_1_1,2023,5,37,28,2,1,0,0,,,520.357951
4385991817,1,2023_5_37_1_1,2023,5,37,70,1,1,8.9729398967,5.0150333907,,,142.25994707
4385991819,1,2023_5_37_1_1,2023,5,37,82,1,1,0,0,,,355.54291804
4385991821,1,2023_5_37_1_1,2023,5,37,73,1,1,0,2.0060133563,,,138.80081496
4385991822,1,2023_5_37_1_1,2023,5,37,69,1,1,0,0,,,478.94651159
4385991824,1,2023_5_37_1_1,2023,5,37,42,2,1,0,0,,,1157.3617414
4385991826,1,2023_5_37_1_1,2023,5,37,50,2,1,0,0,,,1157.3617414
4385991830,1,2023_5_37_1_1,2023,5,37,41,1,1,5.9819599312,2.0060133563,,,1245.078687
4385991831,1,2023_5_37_1_1,2023,5,37,53,1,1,0,0,,,3111.7606795
4385991833,1,2023_5_37_1_1,2023,5,37,55,1,1,0.9969933219,1.0030066781,,,924.27629986
4385991834,1,2023_5_37_1_1,2023,5,37,47,1,1,0,0,,,533.32608016
4385991837,1,2023_5_37_1_1,2023,5,37,85,2,1,0,0,,,355.54291804
4385991839,1,2023_5_37_1_1,2023,5,37,32,1,3,0,0,,,2834.7503761
4385991844,1,2023_5_37_1_1,2023,5,37,39,1,1,1.9939866437,0,,,1245.078687
4385991845,1,2023_5_37_1_1,2023,5,37,80,2,1,0,0,,,478.94651159
4385991849,1,2023_5_37_1_1,2023,5,37,70,1,1,0,5.0150333907,,,265.98591777
4385991852,1,2023_5_37_1_1,2023,5,37,66,1,1,0,0,,,478.94651159
4385991853,1,2023_5_37_1_1,2023,5,37,43,1,1,0,0,,,2834.7503761
4385991855,1,2023_5_37_1_1,2023,5,37,51,1,1,0,0,,,1157.3617414
4385991858,1,2023_5_37_1_1,2023,5,37,79,2,1,0,0,,,664.76482881
4385991859,1,2023_5_37_1_1,2023,5,37,63,1,1,0,0,,,395.91124732
4385991861,1,2023_5_37_1_1,2023,5,37,82,1,1,0,0,,,173.80382137
4385991867,1,2023_5_37_1_1,2023,5,37,71,1,1,0,0,,,178.13528282
4385991868,1,2023_5_37_1_1,2023,5,37,78,1,1,0,0,,,478.94651159
4385991875,1,2023_5_37_1_1,2023,5,37,37,1,1,0,0,,,870.00220223
4385991879,1,2023_5_37_1_1,2023,5,37,34,1,1,0,0,,,1306.2867487
4385991880,1,2023_5_37_1_1,2023,5,37,62,2,1,0,0,,,740.24220198
4385991884,1,2023_5_37_1_1,2023,5,37,34,1,1,0,0,,,533.32608016
4385991889,1,2023_5_37_1_1,2023,5,37,47,1,1,0,0,,,1186.2049954
4385991891,1,2023_5_37_1_1,2023,5,37,70,2,1,0,0,,,178.13528282
4385991892,1,2023_5_37_1_1,2023,5,37,43,1,1,0,0,,,1157.3617414
4385991893,1,2023_5_37_1_1,2023,5,37,52,1,1,1.9939866437,0,,,2485.0714725
4385991894,1,2023_5_37_1_1,2023,5,37,57,1,1,0,0,,,533.32608016
4385991895,1,2023_5_37_1_1,2023,5,37,53,1,1,0,0,,,1157.3617414
4385991899,1,2023_5_37_1_1,2023,5,37,87,1,1,0,0,1,,478.94651159
4385991903,1,2023_5_37_1_1,2023,5,37,71,1,1,1.9939866437,0,,,197.45296619
4385991909,1,2023_5_37_1_1,2023,5,37,49,1,1,0,0,,,520.357951
4385991910,1,2023_5_37_1_1,2023,5,37,76,1,-3,0,0,,,178.13528282
4385991913,1,2023_5_37_1_1,2023,5,37,71,2,5,0,0,,,178.13528282
4385991917,1,2023_5_37_1_1,2023,5,37,56,1,1,0,0,,,533.32608016
4385991920,1,2023_5_37_1_1,2023,5,37,45,1,1,0,0,,,386.28443855
4385991922,1,2023_5_37_1_1,2023,5,37,74,1,2,0,0,,,664.76482881
4385991923,1,2023_5_37_1_1,2023,5,37,53,2,1,0,10.030066781,,,1245.078687
4385991926,1,2023_5_37_1_1,2023,5,37,63,2,1,0,2.0060133563,,,591.162036
4385991929,1,2023_5_37_1_1,2023,5,37,62,1,1,3.9879732874,4.0120267126,,,425.91753152
4385991930,1,2023_5_37_1_1,2023,5,37,31,2,1,0,0,,,859.16017929
4385991932,1,2023_5_37_1_1,2023,5,37,79,1,1,1.9939866437,0,,,530.88533538
4385991934,1,2023_5_37_1_1,2023,5,37,68,2,1,9.9699332186,10.030066781,,,382.48966915
4385991936,1,2023_5_37_1_1,2023,5,37,68,1,2,0,0,,,132.23760216
4385991940,1,2023_5_37_1_1,2023,5,37,52,2,1,1.9939866437,5.0150333907,,,559.79610455
4385991941,1,2023_5_37_1_1,2023,5,37,62,1,1,0,0,,,132.23760216
4385991942,1,2023_5_37_1_1,2023,5,37,74,2,1,0,0,,,355.54291804
4385991946,1,2023_5_37_1_1,2023,5,37,55,1,1,4.9849666093,0,,,559.79610455
4385991947,1,2023_5_37_1_1,2023,5,37,62,1,1,0,0,,,1157.3617414
4385991951,1,2023_5_37_1_1,2023,5,37,76,2,1,0,0,,,664.76482881
4385991954,1,2023_5_37_1_1,2023,5,37,30,1,1,9.9699332186,0,,,1245.078687
4385991956,1,2023_5_37_1_1,2023,5,37,73,1,1,4.9849666093,5.0150333907,,,191.63623274
4385991964,1,2023_5_37_1_1,2023,5,37,23,1,1,0,0,,,1405.2907848
4385991965,1,2023_5_37_1_1,2023,5,37,54,1,2,0,0,,,520.357951
4385991968,1,2023_5_37_1_1,2023,5,37,37,2,2,0,0,,,740.24220198
4385991971,1,2023_5_37_1_1,2023,5,37,51,1,1,0,0,,,1157.3617414
4385991975,1,2023_5_37_1_1,2023,5,37,89,2,1,0,0,1,1,833.19858028
4385991978,1,2023_5_37_1_1,2023,5,37,67,1,2,0,0,,,493.48397227
4385991981,1,2023_5_37_1_1,2023,5,37,26,1,1,0,0,,,1306.2867487
4385991984,1,2023_5_37_1_1,2023,5,37,78,2,1,0,0,,,605.58717156
4385991989,1,2023_5_37_1_1,2023,5,37,68,2,1,0,1.0030066781,,,265.98591777
4385991994,1,2023_5_37_1_1,2023,5,37,21,2,1,0,0,,,1274.5236381
4385991995,1,2023_5_37_1_1,2023,5,37,30,1,3,0,0,,,520.357951
4385992001,1,2023_5_37_1_1,2023,5,37,46,1,1,5.9819599312,5.0150333907,,,1117.3055521
4385992002,1,2023_5_37_1_1,2023,5,37,77,2,1,0,0,,,478.94651159
4385992003,1,2023_5_37_1_1,2023,5,37,48,1,1,10.96692654,0,,,425.91753152
4385992007,1,2023_5_37_1_1,2023,5,37,70,1,1,0,0,,,355.54291804
4385992009,1,2023_5_37_1_1,2023,5,37,43,1,1,9.9699332186,3.0090200344,,,924.27629986
4385992010,1,2023_5_37_1_1,2023,5,37,80,1,1,0,0,,,493.48397227
4385992012,1,2023_5_37_1_1,2023,5,37,75,1,1,0,2.0060133563,,,191.63623274
4385992014,1,2023_5_37_1_1,2023,5,37,72,1,1,0,2.0060133563,,,191.63623274
4385992015,1,2023_5_37_1_1,2023,5,37,62,2,1,0,0,,,178.13528282
4385992016,1,2023_5_37_1_1,2023,5,37,33,1,1,0,0,,,1157.3617414
4385992019,1,2023_5_37_1_1,2023,5,37,84,1,1,0,0,,,967.04975709
4385992021,1,2023_5_37_1_1,2023,5,37,76,2,1,0,0,,,833.19858028
4385992023,1,2023_5_37_1_1,2023,5,37,74,1,2,0,0,,,478.94651159
4385992025,1,2023_5_37_1_1,2023,5,37,61,1,1,0,2.0060133563,,,573.74709381
4385992029,1,2023_5_37_1_1,2023,5,37,81,1,1,0,0,1,1,183.54222202
4385992036,1,2023_5_37_1_1,2023,5,37,77,2,1,0,0,,,132.23760216
4385992037,1,2023_5_37_1_1,2023,5,37,54,2,1,0,0,,,520.357951
4385992039,1,2023_5_37_1_1,2023,5,37,55,2,2,0,0,1,1,1742.5136583
4385992043,1,2023_5_37_1_1,2023,5,37,82,2,1,0,0,,,237.62253092
4385992045,1,2023_5_37_1_1,2023,5,37,55,1,1,9.9699332186,10.030066781,,,415.56110276
4385992046,1,2023_5_37_1_1,2023,5,37,75,1,1,0,10.030066781,,,515.24607429
4385992049,1,2023_5_37_1_1,2023,5,37,64,1,1,9.9699332186,4.0120267126,,,382.48966915
4385992053,1,2023_5_37_1_1,2023,5,37,63,1,1,9.9699332186,10.030066781,,,425.91753152
4385992057,1,2023_5_37_1_1,2023,5,37,39,2,1,1.9939866437,10.030066781,,,3049.5973298
4385992061,1,2023_5_37_1_1,2023,5,37,36,2,3,0,0,,,1157.3617414
4385992065,1,2023_5_37_1_1,2023,5,37,68,1,1,0,4.0120267126,,,191.63623274
4385992066,1,2023_5_37_1_1,2023,5,37,89,1,1,0,0,,,247.24696374
4385992069,1,2023_5_37_1_1,2023,5,37,66,1,1,0,0,1,1,178.13528282
4385992070,1,2023_5_37_1_1,2023,5,37,78,1,1,0,0,,,247.24696374
4385992074,1,2023_5_37_1_1,2023,5,37,70,2,2,0,0,,,478.94651159
4385992088,1,2023_5_37_1_1,2023,5,37,68,1,1,0,0,,,386.56830934
4385992090,1,2023_5_37_1_1,2023,5,37,32,2,1,0,0,,,1157.3617414
4385992096,1,2023_5_37_1_1,2023,5,37,53,2,1,0,0,,,533.32608016
4385992098,1,2023_5_37_1_1,2023,5,37,38,2,1,0,0,,,3111.7606795
4385992100,1,2023_5_37_1_1,2023,5,37,72,1,2,0,0,,,478.94651159
4385992102,1,2023_5_37_1_1,2023,5,37,34,1,1,0.9969933219,10.030066781,,,186.97648796
4385992105,1,2023_5_37_1_1,2023,5,37,43,1,1,4.9849666093,15.045100172,,,415.56110276
4385992106,1,2023_5_37_1_1,2023,5,37,51,2,1,0,0,,,1157.3617414
4385992107,1,2023_5_37_1_1,2023,5,37,69,2,1,0,0,,,178.13528282
4385992111,1,2023_5_37_1_1,2023,5,37,61,1,1,0,2.0060133563,,,573.74709381
4385992112,1,2023_5_37_1_1,2023,5,37,68,2,1,0,0,,,478.94651159
4385992116,1,2023_5_37_1_1,2023,5,37,81,2,1,0,0,,,178.13528282
4385992119,1,2023_5_37_1_1,2023,5,37,97,2,1,0,0,,,478.94651159
4385992121,1,2023_5_37_1_1,2023,5,37,46,1,1,0,2.0060133563,,,924.27629986
4385992124,1,2023_5_37_1_1,2023,5,37,74,1,2,0,0,,,247.24696374
4385992130,1,2023_5_37_1_1,2023,5,37,55,1,1,0,1.0030066781,,,796.34547776
4385992132,1,2023_5_37_1_1,2023,5,37,76,1,1,0,0,,,178.13528282
4385992134,1,2023_5_37_1_1,2023,5,37,68,1,1,0,0,,,178.13528282
4385992135,1,2023_5_37_1_1,2023,5,37,50,1,3,0,2.0060133563,,,924.27629986
4385992138,1,2023_5_37_1_1,2023,5,37,42,1,1,0,0,,,1157.3617414
4385992140,1,2023_5_37_1_1,2023,5,37,54,2,1,0,0,,,533.32608016
4385992142,1,2023_5_37_1_1,2023,5,37,75,1,1,0,0,,,178.13528282
4385992143,1,2023_5_37_1_1,2023,5,37,56,2,1,0,0,,,3111.7606795
4385992150,1,2023_5_37_1_1,2023,5,37,77,2,1,0,0,,,478.94651159
4385992151,1,2023_5_37_1_1,2023,5,37,83,1,1,0,0,,,355.54291804
4385992154,1,2023_5_37_1_1,2023,5,37,75,1,2,0,20.060133563,,,515.24607429
4385992156,1,2023_5_37_1_1,2023,5,37,46,2,1,0,6.0180400688,,,138.80081496
4385992158,1,2023_5_37_1_1,2023,5,37,57,1,1,0,0,,,395.91124732
4385992161,1,2023_5_37_1_1,2023,5,37,41,2,1,2.9909799656,10.030066781,,,1245.078687
4385992162,1,2023_5_37_1_1,2023,5,37,-3,-3,-3,0,0,,,588.0857974
4385992163,1,2023_5_37_1_1,2023,5,37,70,2,1,3.9879732874,0,,,382.48966915
4385992173,1,2023_5_37_1_1,2023,5,37,69,2,1,0,0,,,346.89768832
4385992174,1,2023_5_37_1_1,2023,5,37,43,2,1,0,0,,,1306.2867487
4385992178,1,2023_5_37_1_1,2023,5,37,83,2,1,0,1.0030066781,,,715.14764192
4385992179,1,2023_5_37_1_1,2023,5,37,45,1,2,0,0,,,386.56830934
4385992183,1,2023_5_37_1_1,2023,5,37,66,2,2,0,0,,,605.58717156
4385992189,1,2023_5_37_1_1,2023,5,37,62,1,1,0,0,,,132.23760216
4385992190,1,2023_5_37_1_1,2023,5,37,72,1,1,0,0,,,478.94651159
4385992196,1,2023_5_37_1_1,2023,5,37,68,1,1,0,2.0060133563,,,191.63623274
4385992197,1,2023_5_37_1_1,2023,5,37,73,2,1,6.978953253,7.021046747,,,382.48966915
4385992202,1,2023_5_37_1_1,2023,5,37,68,1,-3,0,3.0090200344,,,186.97648796
4385992208,1,2023_5_37_1_1,2023,5,37,56,1,1,0,0,,,520.357951
4385992209,1,2023_5_37_1_1,2023,5,37,71,1,2,0,0,,,478.94651159
4385992210,1,2023_5_37_1_1,2023,5,37,70,2,1,0,0,,,173.80382137
4385992212,1,2023_5_37_1_1,2023,5,37,25,1,1,0,8.0240534251,,,1405.2907848
4385992216,1,2023_5_37_1_1,2023,5,37,52,2,1,0,0,,,1433.9363971
4385992221,1,2023_5_37_1_1,2023,5,37,57,2,3,0,0,,,533.32608016
4385992226,1,2023_5_37_1_1,2023,5,37,71,1,2,0,0,1,1,247.24696374
4385992227,1,2023_5_37_1_1,2023,5,37,59,1,3,0,2.0060133563,,,559.79610455
4385992228,1,2023_5_37_1_1,2023,5,37,37,1,5,0,0,,,395.91124732
4385992229,1,2023_5_37_1_1,2023,5,37,77,2,1,0,0,,,478.94651159
4385992237,1,2023_5_37_1_1,2023,5,37,50,1,1,0,0,,,859.16017929
4385992240,1,2023_5_37_1_1,2023,5,37,57,1,2,0,14.042093494,,,415.56110276
4385992249,1,2023_5_37_1_1,2023,5,37,75,1,1,0,0,,,436.31048261
4385992253,1,2023_5_37_1_1,2023,5,37,47,1,1,0,0,,,1157.3617414
4385992254,1,2023_5_37_1_1,2023,5,37,51,1,3,0,0,,,520.357951
4385992255,1,2023_5_37_1_1,2023,5,37,81,1,2,0,0,,,467.3006528
4385992260,1,2023_5_37_1_1,2023,5,37,67,1,-3,0,0,,,478.94651159
4385992261,1,2023_5_37_1_1,2023,5,37,80,2,1,0,0,,,237.62253092
4385992266,1,2023_5_37_1_1,2023,5,37,67,1,1,0,4.0120267126,,,191.63623274
4385992271,1,2023_5_37_1_1,2023,5,37,81,1,1,0,0,,,664.76482881
4385992284,1,2023_5_37_1_1,2023,5,37,68,1,1,0,0,1,1,478.94651159
4385992285,1,2023_5_37_1_1,2023,5,37,70,1,1,0,1.0030066781,,,191.63623274
4385992288,1,2023_5_37_1_1,2023,5,37,89,1,1,0,2.0060133563,,,1118.1266321
4385992292,1,2023_5_37_1_1,2023,5,37,59,1,1,0,0,,,740.24220198
4385992294,1,2023_5_37_1_1,2023,5,37,50,1,1,0,0,1,,533.32608016
4385992296,1,2023_5_37_1_1,2023,5,37,58,1,1,0,0,,,1505.1054863
4385992299,1,2023_5_37_1_1,2023,5,37,60,2,-3,0,12.036080138,,,573.74709381
4385992308,1,2023_5_37_1_1,2023,5,37,76,2,1,0,0,,,664.76482881
4385992309,1,2023_5_37_1_1,2023,5,37,60,2,-3,19.939866437,1.0030066781,,,138.80081496
4385992310,1,2023_5_37_1_1,2023,5,37,69,2,-3,0,0,,,600.29883681
4385992312,1,2023_5_37_1_1,2023,5,37,90,2,-3,0,0,1,1,386.56830934
4385992314,1,2023_5_37_1_1,2023,5,37,68,2,1,0,0,,,664.76482881
4385992319,1,2023_5_37_1_1,2023,5,37,64,1,1,0,0,,,395.91124732
4385992320,1,2023_5_37_1_1,2023,5,37,62,1,1,0.9969933219,1.0030066781,,,573.74709381
4385992325,1,2023_5_37_1_1,2023,5,37,81,2,-3,0,2.0060133563,,,515.24607429
4385992327,1,2023_5_37_1_1,2023,5,37,64,1,1,0,0,,,478.94651159
4385992338,1,2023_5_37_1_1,2023,5,37,52,2,1,3.9879732874,4.0120267126,,,425.91753152
4385992339,1,2023_5_37_1_1,2023,5,37,73,2,-3,0,0,,,355.54291804
4385992346,1,2023_5_37_1_1,2023,5,37,67,2,1,0,0,,,478.94651159
4385992347,1,2023_5_37_1_1,2023,5,37,90,2,1,0,0,,,493.48397227
4385992348,1,2023_5_37_1_1,2023,5,37,44,2,1,0,0,,,1433.9363971
4385992349,1,2023_5_37_1_1,2023,5,37,64,1,1,0,0,,,740.24220198
4385992350,1,2023_5_37_1_1,2023,5,37,78,1,1,0,0,,,178.13528282
4385992356,1,2023_5_37_1_1,2023,5,37,73,1,2,0.9969933219,2.0060133563,,,265.98591777
4385992360,1,2023_5_37_1_1,2023,5,37,69,1,-3,0,0,,,478.94651159
4385992362,1,2023_5_37_1_1,2023,5,37,46,1,1,0,0,,,1157.3617414
4385992365,1,2023_5_37_1_1,2023,5,37,54,2,3,0,0,,,348.44027068
4385992374,1,2023_5_37_1_1,2023,5,37,67,2,2,0,1.0030066781,,,502.71757084
4385992375,1,2023_5_37_1_1,2023,5,37,93,1,1,0,0,,,309.89277748
4385992383,1,2023_5_37_1_1,2023,5,37,84,1,1,0,0,,,247.24696374
4385992388,1,2023_5_37_1_1,2023,5,37,71,1,1,0,0,,,355.54291804
4385992389,1,2023_5_37_1_1,2023,5,37,80,2,1,0,0,,,178.13528282
4385992393,1,2023_5_37_1_1,2023,5,37,74,2,1,0,0,,,132.23760216
4385992397,1,2023_5_37_1_1,2023,5,37,60,2,1,0,0,,,178.13528282
4385992398,1,2023_5_37_1_1,2023,5,37,70,1,1,0,0,,,605.58717156
4385992399,1,2023_5_37_1_1,2023,5,37,56,1,1,0,0,,,533.32608016
4385992401,1,2023_5_37_1_1,2023,5,37,56,1,1,0,20.060133563,,,1950.5056732
4385992402,1,2023_5_37_1_1,2023,5,37,27,2,1,0,0,,,425.91753152
4385992403,1,2023_5_37_1_1,2023,5,37,35,2,1,0,0,,,1157.3617414
4385992405,1,2023_5_37_1_1,2023,5,37,67,1,-3,21.933853081,22.066146919,,,255.63204503
4385992408,1,2023_5_37_1_1,2023,5,37,60,1,4,0,10.030066781,,,573.74709381
4385992411,1,2023_5_37_1_1,2023,5,37,41,2,1,0,0,,1,1306.2867487
4385992413,1,2023_5_37_1_1,2023,5,37,65,1,1,0.9969933219,1.0030066781,,,265.98591777
4385992415,1,2023_5_37_1_1,2023,5,37,48,1,1,0.9969933219,6.0180400688,,,1245.078687
4385992417,1,2023_5_37_1_1,2023,5,37,35,2,1,0,0,,,1157.3617414
4385992419,1,2023_5_37_1_1,2023,5,37,59,1,1,0,0,,,386.28443855
4385992424,1,2023_5_37_1_1,2023,5,37,40,1,1,3.9879732874,6.0180400688,,,924.27629986
4385992426,1,2023_5_37_1_1,2023,5,37,68,1,1,0,0,,,132.23760216
4385992428,1,2023_5_37_1_1,2023,5,37,49,2,1,0,0,1,1,1274.5236381
4385992429,1,2023_5_37_1_1,2023,5,37,78,1,1,49.849666093,0,,,197.45296619
4385992430,1,2023_5_37_1_1,2023,5,37,52,1,1,9.9699332186,0,,,425.91753152
4385992431,1,2023_5_37_1_1,2023,5,37,44,2,1,0,0,,,924.27629986
4385992432,1,2023_5_37_1_1,2023,5,37,36,1,1,3.9879732874,7.021046747,,,924.27629986
4385992433,1,2023_5_37_1_1,2023,5,37,32,1,1,12.960913184,0,,,1405.2907848
4385992435,1,2023_5_37_1_1,2023,5,37,28,1,1,4.9849666093,0,,,1245.078687
4385992436,1,2023_5_37_1_1,2023,5,37,60,1,1,1.9939866437,0,,,573.74709381
4385992439,1,2023_5_37_1_1,2023,5,37,55,1,2,0,0,,,1274.5236381
4385992440,1,2023_5_37_1_1,2023,5,37,31,2,1,0,0,,,1157.3617414
4385992444,1,2023_5_37_1_1,2023,5,37,72,1,1,9.9699332186,10.030066781,,,234.35136391
4385992445,1,2023_5_37_1_1,2023,5,37,45,2,1,0,0,,,740.24220198
4385992447,1,2023_5_37_1_1,2023,5,37,19,1,1,0,0,,,520.357951
4385992452,1,2023_5_37_1_1,2023,5,37,49,1,1,0,0,,,533.32608016
4385992455,1,2023_5_37_1_1,2023,5,37,75,1,1,0,0,,,178.13528282
4385992457,1,2023_5_37_1_1,2023,5,37,65,1,1,5.9819599312,7.021046747,,,142.25994707
4385992458,1,2023_5_37_1_1,2023,5,37,34,2,1,0,0,,,1157.3617414
4385992462,1,2023_5_37_1_1,2023,5,37,51,1,1,1.9939866437,2.0060133563,,,924.27629986
4385992463,1,2023_5_37_1_1,2023,5,37,50,1,1,2.9909799656,10.030066781,,,2804.8412332
4385992471,1,2023_5_37_1_1,2023,5,37,71,1,1,2.9909799656,7.021046747,,,186.97648796
4385992473,1,2023_5_37_1_1,2023,5,37,70,1,1,0,0,,,178.13528282
4385992474,1,2023_5_37_1_1,2023,5,37,64,1,3,7.9759465749,0,,,191.63623274
4385992476,1,2023_5_37_1_1,2023,5,37,80,2,1,0,0,,,478.94651159
4385992483,1,2023_5_37_1_1,2023,5,37,70,2,1,0,0,,,178.13528282
4385992488,1,2023_5_37_1_1,2023,5,37,79,2,1,0,0,,,664.76482881
4385992492,1,2023_5_37_1_1,2023,5,37,62,1,1,0,1.0030066781,,,1542.6150551
4385992498,1,2023_5_37_1_1,2023,5,37,71,1,1,55.831626024,0,,,142.25994707
4385992499,1,2023_5_37_1_1,2023,5,37,29,1,1,0,4.0120267126,,,425.91753152
4385992506,1,2023_5_37_1_1,2023,5,37,46,2,1,1.9939866437,2.0060133563,,,425.91753152
4385992508,1,2023_5_37_1_1,2023,5,37,63,2,1,0,0,,,132.23760216
4385992509,1,2023_5_37_1_1,2023,5,37,75,2,1,0,0,,,478.94651159
4385992513,1,2023_5_37_1_1,2023,5,37,47,2,1,7.9759465749,0,,,415.56110276
4385992514,1,2023_5_37_1_1,2023,5,37,65,2,2,0,0,,,467.3006528
4385992518,1,2023_5_37_1_1,2023,5,37,37,1,1,0,0,,,533.32608016
4385992520,1,2023_5_37_1_1,2023,5,37,78,1,1,16.948886472,37.111247091,,,530.88533538
4385992525,1,2023_5_37_1_1,2023,5,37,74,1,1,0,6.0180400688,,,186.97648796
4385992527,1,2023_5_37_1_1,2023,5,37,53,1,1,0,3.0090200344,,,3347.6023636
4385992528,1,2023_5_37_1_1,2023,5,37,58,1,1,4.9849666093,0,,,573.74709381
4385992531,1,2023_5_37_1_1,2023,5,37,33,2,1,0.9969933219,0,,,573.74709381
4385992532,1,2023_5_37_1_1,2023,5,37,82,1,1,0,0,,,478.94651159
4385992534,1,2023_5_37_1_1,2023,5,37,49,2,1,1.9939866437,0,,,425.91753152
4385992539,1,2023_5_37_1_1,2023,5,37,33,1,1,18.942873115,0,,,425.91753152
4385992543,1,2023_5_37_1_1,2023,5,37,58,1,1,0,15.045100172,,,573.74709381
4385992548,1,2023_5_37_1_1,2023,5,37,81,2,1,0,0,,,664.76482881
4385992549,1,2023_5_37_1_1,2023,5,37,85,2,1,0,0,,,467.3006528
4385992553,1,2023_5_37_1_1,2023,5,37,27,1,1,0,4.0120267126,,,1405.2907848
4385992560,1,2023_5_37_1_1,2023,5,37,0,1,-3,7.9759465749,8.0240534251,,,947.31070225
4385992562,1,2023_5_37_1_1,2023,5,37,41,2,3,0,1.0030066781,,,924.27629986
4385992563,1,2023_5_37_1_1,2023,5,37,65,1,1,0,0,,,178.13528282
4385992565,1,2023_5_37_1_1,2023,5,37,68,2,1,0,0,,,178.13528282
4385992566,1,2023_5_37_1_1,2023,5,37,71,1,1,0,0,,,178.13528282
4385992569,1,2023_5_37_1_1,2023,5,37,65,1,1,5.9819599312,2.0060133563,,,142.25994707
4385992573,1,2023_5_37_1_1,2023,5,37,64,2,1,0,0,,,395.91124732
4385992578,1,2023_5_37_1_1,2023,5,37,34,2,1,0,0,,,1157.3617414
4385992579,1,2023_5_37_1_1,2023,5,37,71,1,1,0,0,,,191.63623274
4385992582,1,2023_5_37_1_1,2023,5,37,65,2,1,1.9939866437,4.0120267126,,,382.48966915
4385992584,1,2023_5_37_1_1,2023,5,37,53,1,1,0,5.0150333907,,,1245.078687
4385992596,1,2023_5_37_1_1,2023,5,37,65,1,1,1.9939866437,10.030066781,,,138.80081496
4385992602,1,2023_5_37_1_1,2023,5,37,41,2,1,0,0,,,1157.3617414
4385992605,1,2023_5_37_1_1,2023,5,37,79,2,1,0,0,,,478.94651159
4385992606,1,2023_5_37_1_1,2023,5,37,73,2,1,0,0,,1,183.54222202
4385992607,1,2023_5_37_1_1,2023,5,37,72,1,1,0,0,,,178.13528282
4385992608,1,2023_5_37_1_1,2023,5,37,79,2,1,0,0,,,664.76482881
4385992610,1,2023_5_37_1_1,2023,5,37,59,2,1,0,0,,,533.32608016
4385992611,1,2023_5_37_1_1,2023,5,37,67,2,1,0,0,,,186.97648796
4385992612,1,2023_5_37_1_1,2023,5,37,54,1,1,19.939866437,0,,,425.91753152
4385992617,1,2023_5_37_1_1,2023,5,37,50,1,1,0,0,,,1274.5236381
4385992618,1,2023_5_37_1_1,2023,5,37,39,2,1,0,0,,,142.25994707
4385992620,1,2023_5_37_1_1,2023,5,37,58,2,1,0,0,,,740.24220198
4385992622,1,2023_5_37_1_1,2023,5,37,76,2,1,0,0,,,382.48966915
4385992627,1,2023_5_37_1_1,2023,5,37,40,2,1,0,2.0060133563,,,1245.078687
4385992629,1,2023_5_37_1_1,2023,5,37,79,2,1,0,0,,,355.54291804
4385992633,1,2023_5_37_1_1,2023,5,37,83,1,1,0,0,,,664.76482881
4385992637,1,2023_5_37_1_1,2023,5,37,74,1,1,3.9879732874,0,,,142.25994707
4385992640,1,2023_5_37_1_1,2023,5,37,50,1,1,11.963919862,0,,,425.91753152
4385992642,1,2023_5_37_1_1,2023,5,37,75,1,1,0,0,,,386.56830934
4385992645,1,2023_5_37_1_1,2023,5,37,85,2,1,0,0,1,1,247.24696374
4385992648,1,2023_5_37_1_1,2023,5,37,66,2,1,0,0,,,132.23760216
4385992652,1,2023_5_37_1_1,2023,5,37,84,1,1,1.9939866437,3.0090200344,,,191.63623274
4385992655,1,2023_5_37_1_1,2023,5,37,71,2,1,0,0,,,309.89277748
4385992658,1,2023_5_37_1_1,2023,5,37,76,1,1,0,0,,,178.13528282
4385992660,1,2023_5_37_1_1,2023,5,37,58,1,1,2.9909799656,1.0030066781,,,1117.3055521
4385992662,1,2023_5_37_1_1,2023,5,37,61,1,1,0,0,,,3618.7753683
4385992664,1,2023_5_37_1_1,2023,5,37,70,2,1,1.9939866437,3.0090200344,,,197.45296619
4385992666,1,2023_5_37_1_1,2023,5,37,57,1,1,9.9699332186,5.0150333907,,,425.91753152
4385992670,1,2023_5_37_1_1,2023,5,37,80,1,1,0,0,,,355.54291804
4385992674,1,2023_5_37_1_1,2023,5,37,61,2,1,0,0,,,1157.3617414
4385992679,1,2023_5_37_1_1,2023,5,37,61,2,1,0,0,,,533.32608016
4385992680,1,2023_5_37_1_1,2023,5,37,82,2,1,0,0,,,478.94651159
4385992682,1,2023_5_37_1_1,2023,5,37,75,1,2,0,0,,,178.13528282
4385992683,1,2023_5_37_1_1,2023,5,37,61,1,1,0,0,,,549.51412356
4385992689,1,2023_5_37_1_1,2023,5,37,35,1,1,0,2.0060133563,,,573.74709381
4385992691,1,2023_5_37_1_1,2023,5,37,74,2,5,0,0,,,425.70134329
4385992692,1,2023_5_37_1_1,2023,5,37,60,2,1,0,0,,,1306.2867487
4385992694,1,2023_5_37_1_1,2023,5,37,75,1,1,0,2.0060133563,,,142.25994707
4385992696,1,2023_5_37_1_1,2023,5,37,72,1,-3,0,2.0060133563,,,265.98591777
4385992697,1,2023_5_37_1_1,2023,5,37,82,1,1,0,0,,,247.24696374
4385992701,1,2023_5_37_1_1,2023,5,37,49,1,1,4.9849666093,5.0150333907,,,559.79610455
4385992703,1,2023_5_37_1_1,2023,5,37,64,1,1,0,10.030066781,,,573.74709381
4385992704,1,2023_5_37_1_1,2023,5,37,66,2,1,0,6.0180400688,,,415.86648824
4385992716,1,2023_5_37_1_1,2023,5,37,77,1,1,7.9759465749,12.036080138,,,415.86648824
4385992723,1,2023_5_37_1_1,2023,5,37,54,2,1,0,0,,,1813.0907437
4385992727,1,2023_5_37_1_1,2023,5,37,68,1,3,0,0,,,178.13528282
4385992733,1,2023_5_37_1_1,2023,5,37,57,2,1,9.9699332186,10.030066781,,,1542.6150551
4385992735,1,2023_5_37_1_1,2023,5,37,40,1,5,0,4.0120267126,,,573.74709381
4385992736,1,2023_5_37_1_1,2023,5,37,66,2,1,0,0,,,502.71757084
4385992738,1,2023_5_37_1_1,2023,5,37,55,2,1,0,0,,,520.357951
4385992739,1,2023_5_37_1_1,2023,5,37,25,2,4,0,0,,,1157.3617414
4385992750,1,2023_5_37_1_1,2023,5,37,69,1,1,5.9819599312,0,,,142.25994707
4385992751,1,2023_5_37_1_1,2023,5,37,68,1,1,1.9939866437,2.0060133563,,,142.25994707
4385992754,1,2023_5_37_1_1,2023,5,37,65,2,3,0,0,,,223.27003221
4385992757,1,2023_5_37_1_1,2023,5,37,77,1,1,0,0,,,142.25994707
4385992763,1,2023_5_37_1_1,2023,5,37,92,2,4,0,0,,,1628.2224313
4385992765,1,2023_5_37_1_1,2023,5,37,61,1,1,2.9909799656,0,,,591.162036
4385992771,1,2023_5_37_1_1,2023,5,37,50,1,1,0,0,,,533.32608016
4385992773,1,2023_5_37_1_1,2023,5,37,43,1,1,0,0,,,1157.3617414
4385992781,1,2023_5_37_1_1,2023,5,37,52,2,1,0,45.135300516,,,1043.2087388
4385992784,1,2023_5_37_1_1,2023,5,37,69,2,1,0,0,,,247.24696374
4385992789,1,2023_5_37_1_1,2023,5,37,49,2,1,0,1.0030066781,,,924.27629986
4385992790,1,2023_5_37_1_1,2023,5,37,60,1,1,0,2.0060133563,,,425.91753152
4385992791,1,2023_5_37_1_1,2023,5,37,68,2,1,6.978953253,10.030066781,,,191.63623274
4385992792,1,2023_5_37_1_1,2023,5,37,73,2,1,0,0,,,178.13528282
4385992796,1,2023_5_37_1_1,2023,5,37,84,1,1,3.9879732874,0,,,382.48966915
4385992797,1,2023_5_37_1_1,2023,5,37,76,1,1,0,4.0120267126,,,191.63623274
4385992799,1,2023_5_37_1_1,2023,5,37,76,1,1,0,0,,,178.13528282
4385992801,1,2023_5_37_1_1,2023,5,37,50,1,2,0,0,,,520.357951
4385992802,1,2023_5_37_1_1,2023,5,37,52,2,-3,0,2.0060133563,,,469.37864228
4385992804,1,2023_5_37_1_1,2023,5,37,64,1,1,0,5.0150333907,,,573.74709381
4385992805,1,2023_5_37_1_1,2023,5,37,72,1,1,49.849666093,0,,,265.98591777
4385992806,1,2023_5_37_1_1,2023,5,37,-3,2,1,11.963919862,12.036080138,,,455.81367323
4385992807,1,2023_5_37_1_1,2023,5,37,57,2,1,0,0,,,395.91124732
4385992808,1,2023_5_37_1_1,2023,5,37,81,1,1,0,0,,,178.13528282
4385992811,1,2023_5_37_1_1,2023,5,37,92,2,4,0,0,,,664.76482881
4385992815,1,2023_5_37_1_1,2023,5,37,35,2,1,0,0,,,533.32608016
4385992817,1,2023_5_37_1_1,2023,5,37,60,2,1,0,0,,,1813.0907437
4385992828,1,2023_5_37_1_1,2023,5,37,30,2,1,0,0,,,1157.3617414
4385992833,1,2023_5_37_1_1,2023,5,37,66,1,1,0,0,,,178.13528282
4385992839,1,2023_5_37_1_1,2023,5,37,44,1,1,0,0,,,549.51412356
4385992840,1,2023_5_37_1_1,2023,5,37,76,1,1,0,0,,,386.56830934
4385992841,1,2023_5_37_1_1,2023,5,37,75,2,1,0,23.069153597,,,142.25994707
4385992842,1,2023_5_37_1_1,2023,5,37,79,1,1,0,0,,,247.24696374
4385992843,1,2023_5_37_1_1,2023,5,37,60,1,1,0,0,,,395.91124732
4385992845,1,2023_5_37_1_1,2023,5,37,53,1,1,0,0,,,415.56110276
4385992846,1,2023_5_37_1_1,2023,5,37,60,1,1,2.9909799656,0,,,591.162036
4385992847,1,2023_5_37_1_1,2023,5,37,65,1,1,0,0,,,142.25994707
4385992850,1,2023_5_37_1_1,2023,5,37,82,1,1,0,0,,,664.76482881
4385992854,1,2023_5_37_1_1,2023,5,37,66,1,-3,29.909799656,25.075166953,,,197.45296619
4385992856,1,2023_5_37_1_1,2023,5,37,86,2,1,0,0,,,247.24696374
4385992858,1,2023_5_37_1_1,2023,5,37,53,2,1,0,0,,,3111.7606795
4385992859,1,2023_5_37_1_1,2023,5,37,68,1,1,1.9939866437,2.0060133563,,,191.63623274
4385992861,1,2023_5_37_1_1,2023,5,37,59,1,1,0,0,,,178.13528282
4385992865,1,2023_5_37_1_1,2023,5,37,55,1,1,0,7.021046747,,,573.74709381
4385992869,1,2023_5_37_1_1,2023,5,37,71,1,1,0,0,,,186.97648796
4385992872,1,2023_5_37_1_0,2023,5,37,30,1,1,0,0,,,4296.5442968
4385992879,1,2023_5_37_1_0,2023,5,37,39,1,1,0,0,,,9323.856782
4385992882,1,2023_5_37_1_0,2023,5,37,28,2,1,0,0,,,10523.616018
4385992883,1,2023_5_37_1_0,2023,5,37,31,2,1,0,0,,,4296.5442968
4385992885,1,2023_5_37_1_0,2023,5,37,59,1,1,0,0,,,2030.1416943
4385992886,1,2023_5_37_1_0,2023,5,37,54,1,1,0,0,,,5963.4874977
4385992889,1,2023_5_37_1_0,2023,5,37,64,1,1,0,0,,,4296.5442968
4385992890,1,2023_5_37_1_0,2023,5,37,62,2,1,0,0,,,16033.833886
4385992898,1,2023_5_37_1_0,2023,5,37,55,1,1,0,0,,,25068.748929
4385992903,1,2023_5_37_1_0,2023,5,37,60,1,1,0,0,,,4296.5442968
4385992917,1,2023_5_37_1_0,2023,5,37,57,1,1,0,0,,,4296.5442968
4385992918,1,2023_5_37_1_0,2023,5,37,-3,-3,-3,0,0,,,12738.087562
4385992923,1,2023_5_37_1_0,2023,5,37,60,1,4,0,0,,,4192.071361
4385992927,1,2023_5_37_1_0,2023,5,37,42,1,4,0,0,,,9323.856782
4385992938,1,2023_5_37_1_0,2023,5,37,62,2,1,0,0,,,4296.5442968
4385992949,1,2023_5_37_1_0,2023,5,37,93,2,1,4.9849666093,5.0150333907,,,1506.3069159
4385992951,1,2023_5_37_1_0,2023,5,37,74,2,1,0,0,,,694.98287509
4385992953,1,2023_5_37_1_0,2023,5,37,45,1,4,0,0,,,9323.856782
4385992955,1,2023_5_37_1_0,2023,5,37,62,2,2,0,0,1,1,11271.085228
4385992963,1,2023_5_37_1_0,2023,5,37,71,1,1,0,0,,,1435.0810169
4385992964,1,2023_5_37_1_0,2023,5,37,63,1,1,1.9939866437,4.0120267126,,,15713.527498
4385992967,1,2023_5_37_1_0,2023,5,37,68,1,1,0,0,,,1400.1861999
4385992969,1,2023_5_37_1_0,2023,5,37,78,1,1,0,0,,,3858.4554167
4385992973,1,2023_5_37_1_0,2023,5,37,29,2,1,0,0,,,4296.5442968
4385992976,1,2023_5_37_1_0,2023,5,37,40,2,2,0,0,,,10267.728267
4385992978,1,2023_5_37_1_0,2023,5,37,74,1,1,0,0,,,1435.0810169
4385992986,1,2023_5_37_1_0,2023,5,37,39,1,5,0,0,,,16033.833886
4385992988,1,2023_5_37_1_0,2023,5,37,72,2,1,0,0,,,1991.8537111
4385992990,1,2023_5_37_1_0,2023,5,37,35,1,4,0,0,,,4296.5442968
4385992994,1,2023_5_37_1_0,2023,5,37,54,1,1,0,0,,,5963.4874977
4385992998,1,2023_5_37_1_0,2023,5,37,65,1,1,0,0,,,3858.4554167
4385992999,1,2023_5_37_1_0,2023,5,37,64,1,1,0,0,,,16033.833886
4385993001,1,2023_5_37_1_0,2023,5,37,39,2,1,0,0,,,11551.978195
4385993006,1,2023_5_37_1_0,2023,5,37,39,2,2,0,0,,,22837.11788
4385993009,1,2023_5_37_1_0,2023,5,37,92,2,2,0,0,,,9450.5957405
4385993020,1,2023_5_37_1_0,2023,5,37,38,1,1,0,0,,,10523.616018
4385993025,1,2023_5_37_1_0,2023,5,37,36,2,1,0,0,,,9323.856782
4385993026,1,2023_5_37_1_0,2023,5,37,26,1,1,0,0,,,10523.616018
4385993030,1,2023_5_37_1_0,2023,5,37,52,2,1,0,0,,,9323.856782
4385993039,1,2023_5_37_1_0,2023,5,37,62,2,2,0,0,,,3858.4554167
4385993045,1,2023_5_37_1_0,2023,5,37,76,2,1,0,0,,,5355.4319584
4385993058,1,2023_5_37_1_0,2023,5,37,41,2,1,0,0,,,9323.856782
4385993059,1,2023_5_37_1_0,2023,5,37,63,2,2,0,0,,,10523.616018
4385993061,1,2023_5_37_1_0,2023,5,37,47,1,1,0,0,,,4192.071361
4385993075,1,2023_5_37_1_0,2023,5,37,60,1,1,0,0,,,4296.5442968
4385993078,1,2023_5_37_1_0,2023,5,37,70,2,1,0,0,,,3858.4554167
4385993084,1,2023_5_37_1_0,2023,5,37,53,1,1,0,0,,,4296.5442968
4385993086,1,2023_5_37_1_0,2023,5,37,-3,-3,-3,0,0,,,12397.274804
4385993089,1,2023_5_37_1_0,2023,5,37,79,1,1,0,0,,,9919.6474316
4385993091,1,2023_5_37_1_0,2023,5,37,27,1,3,0,0,,,4296.5442968
4385993094,1,2023_5_37_1_0,2023,5,37,53,1,1,0,0,,,9323.856782
4385993095,1,2023_5_37_1_0,2023,5,37,82,1,1,0,0,,,1991.8537111
4385993096,1,2023_5_37_1_0,2023,5,37,79,2,1,0,0,,,5355.4319584
4385993099,1,2023_5_37_1_0,2023,5,37,56,2,2,0,0,,,11551.978195
4385993110,1,2023_5_37_1_0,2023,5,37,59,1,1,0,0,,,2080.7359816
4385993112,1,2023_5_37_1_0,2023,5,37,74,1,2,0,0,,,3764.634863
4385993113,1,2023_5_37_1_0,2023,5,37,30,1,2,0,0,,,10523.616018
4385993114,1,2023_5_37_1_0,2023,5,37,70,1,1,0,0,,,3858.4554167
4385993128,1,2023_5_37_1_0,2023,5,37,35,2,1,0,0,,,9323.856782
4385993138,1,2023_5_37_1_0,2023,5,37,74,1,1,0,0,,,5355.4319584
4385993140,1,2023_5_37_1_0,2023,5,37,26,2,1,0,0,,,14606.494946
4385993149,1,2023_5_37_1_0,2023,5,37,61,2,1,0,0,,,4296.5442968
4385993151,1,2023_5_37_1_0,2023,5,37,29,1,1,0,0,,,10523.616018
4385993161,1,2023_5_37_1_0,2023,5,37,36,2,1,0,0,,,4296.5442968
4385993163,1,2023_5_37_1_0,2023,5,37,49,2,1,0,0,,,4192.071361
4385993170,1,2023_5_37_1_0,2023,5,37,63,2,1,0,0,,,4296.5442968
4385993172,1,2023_5_37_1_0,2023,5,37,57,2,1,0,0,,,4296.5442968
4385993174,1,2023_5_37_1_0,2023,5,37,27,1,3,0,0,,,10523.616018
4385993176,1,2023_5_37_1_0,2023,5,37,61,2,1,0,0,,,14606.494946
4385993183,1,2023_5_37_1_0,2023,5,37,51,1,1,0,0,,,5963.4874977
4385993186,1,2023_5_37_1_0,2023,5,37,-3,1,-3,0,0,,,4278.2546505
4385993187,1,2023_5_37_1_0,2023,5,37,75,2,2,0,0,,,1914.3180279
4385993194,1,2023_5_37_1_0,2023,5,37,69,1,1,0,0,,,1991.8537111
4385993199,1,2023_5_37_1_0,2023,5,37,45,1,2,0,0,,,9323.856782
4385993204,1,2023_5_37_1_0,2023,5,37,47,1,1,0,4.0120267126,,,10030.515909
4385993205,1,2023_5_37_1_0,2023,5,37,29,1,1,0,0,,,14606.494946
4385993206,1,2023_5_37_1_0,2023,5,37,47,1,1,0,0,,,4192.071361
4385993207,1,2023_5_37_1_0,2023,5,37,84,1,1,0,0,,,1435.0810169
4385993209,1,2023_5_37_1_0,2023,5,37,61,2,1,0,0,,,5963.4874977
4385993210,1,2023_5_37_1_0,2023,5,37,76,1,1,0,0,,,1435.0810169
4385993211,1,2023_5_37_1_0,2023,5,37,79,2,1,0,0,,,13117.171767
4385993213,1,2023_5_37_1_0,2023,5,37,56,1,1,0,0,,,4192.071361
4385993221,1,2023_5_37_1_0,2023,5,37,37,2,1,0,0,,,9323.856782
4385993224,1,2023_5_37_1_0,2023,5,37,-3,-3,-3,0,0,,,6150.7323766
4385993226,1,2023_5_37_1_0,2023,5,37,79,2,1,0,0,,,1435.0810169
4385993229,1,2023_5_37_1_0,2023,5,37,84,1,1,3.9879732874,4.0120267126,,,4049.958163
4385993232,1,2023_5_37_1_0,2023,5,37,34,1,1,0,0,,,22837.11788
4385993233,1,2023_5_37_1_0,2023,5,37,76,2,1,0,0,,,5355.4319584
4385993235,1,2023_5_37_1_0,2023,5,37,-3,1,1,0,0,,,3413.3918224
4385993237,1,2023_5_37_1_0,2023,5,37,91,2,1,0,0,,,6712.3561764
4385993239,1,2023_5_37_1_0,2023,5,37,29,2,1,0,0,,,9323.856782
4385993240,1,2023_5_37_1_0,2023,5,37,64,2,1,0,0,,,2080.7359816
4385993242,1,2023_5_37_1_0,2023,5,37,61,1,1,0,0,,,4192.071361
4385993244,1,2023_5_37_1_0,2023,5,37,56,2,1,0,0,,,4296.5442968
4385993250,1,2023_5_37_1_0,2023,5,37,49,2,2,0,0,,,5963.4874977
4385993255,1,2023_5_37_1_0,2023,5,37,65,1,1,0,0,,,3858.4554167
4385993267,1,2023_5_37_1_0,2023,5,37,58,1,1,0.9969933219,1.0030066781,,,6415.4627873
4385993269,1,2023_5_37_1_0,2023,5,37,32,2,4,0,0,,,4296.5442968
4385993287,1,2023_5_37_1_0,2023,5,37,70,1,2,0,0,,,3858.4554167
4385993288,1,2023_5_37_1_0,2023,5,37,67,2,1,0,0,,,1991.8537111
4385993295,1,2023_5_37_1_0,2023,5,37,27,2,1,0,0,,,10523.616018
4385993300,1,2023_5_37_1_0,2023,5,37,24,2,1,0,0,,,10267.728267
4385993302,1,2023_5_37_1_0,2023,5,37,45,1,1,0,0,,,5963.4874977
4385993303,1,2023_5_37_1_0,2023,5,37,70,2,1,0,0,,,3858.4554167
4385993304,1,2023_5_37_1_0,2023,5,37,59,2,1,0,0,,,3858.4554167
4385993309,1,2023_5_37_1_0,2023,5,37,73,1,1,0,0,,,4878.6890516
4385993311,1,2023_5_37_1_0,2023,5,37,47,2,3,0,0,,,22837.11788
4385993313,1,2023_5_37_1_0,2023,5,37,38,2,1,0,0,,,10523.616018
4385993314,1,2023_5_37_1_0,2023,5,37,-3,2,1,0,0,,,4737.6957041
4385993317,1,2023_5_37_1_0,2023,5,37,47,2,1,0,0,,,10280.49196
4385993319,1,2023_5_37_1_0,2023,5,37,39,2,-3,0,0,,,23406.254363
4385993320,1,2023_5_37_1_0,2023,5,37,51,2,1,0,0,,,1435.0810169
4385993322,1,2023_5_37_1_0,2023,5,37,34,2,1,0,0,,,5963.4874977
4385993327,1,2023_5_37_1_0,2023,5,37,75,1,2,0,0,,,3858.4554167
4385993328,1,2023_5_37_1_0,2023,5,37,86,1,1,0,0,,,13117.171767
4385993330,1,2023_5_37_1_0,2023,5,37,29,1,1,0,0,,,22837.11788
4385993331,1,2023_5_37_1_0,2023,5,37,36,1,1,0,0,,,4296.5442968
4385993336,1,2023_5_37_1_0,2023,5,37,65,2,2,0,0,,,1991.8537111
4385993338,1,2023_5_37_1_0,2023,5,37,75,2,1,0,0,,,5355.4319584
4385993342,1,2023_5_37_1_0,2023,5,37,61,2,2,0,0,,,10523.616018
4385993349,1,2023_5_37_1_0,2023,5,37,38,2,1,0,0,,,3114.2445993
4385993356,1,2023_5_37_1_0,2023,5,37,42,1,1,0,0,,,5963.4874977
4385993358,1,2023_5_37_1_0,2023,5,37,72,2,2,0,0,,,3858.4554167
4385993359,1,2023_5_37_1_0,2023,5,37,35,2,3,24.924833047,0,,,1.0054646283
4385993363,1,2023_5_37_1_0,2023,5,37,45,2,1,0,0,,,23406.254363
4385993365,1,2023_5_37_1_0,2023,5,37,23,1,3,0,0,,,10523.616018
4385993378,1,2023_5_37_1_0,2023,5,37,61,1,5,0,0,,,2080.7359816
4385993387,1,2023_5_37_1_0,2023,5,37,39,1,1,0,0,,,9323.856782
4385993388,1,2023_5_37_1_0,2023,5,37,39,2,1,0,0,,,3114.2445993
4385993394,1,2023_5_37_1_0,2023,5,37,32,2,5,0,0,,,22837.11788
4385993395,1,2023_5_37_1_0,2023,5,37,73,1,1,0,0,,,694.98287509
4385993397,1,2023_5_37_1_0,2023,5,37,72,1,1,0,0,,,3858.4554167
4385993401,1,2023_5_37_1_0,2023,5,37,25,2,3,0,0,,,4296.5442968
4385993414,1,2023_5_37_1_0,2023,5,37,62,1,2,0,0,,,10267.728267
4385993421,1,2023_5_37_1_0,2023,5,37,75,2,1,0,0,,,3858.4554167
4385993430,1,2023_5_37_1_0,2023,5,37,66,2,1,0,0,,,1435.0810169
4385993446,1,2023_5_37_1_0,2023,5,37,75,2,1,0,0,,,3858.4554167
4385993447,1,2023_5_37_1_0,2023,5,37,79,1,1,0,0,,,1991.8537111
4385993449,1,2023_5_37_1_0,2023,5,37,63,2,1,0,0,,,5963.4874977
4385993455,1,2023_5_37_1_0,2023,5,37,53,2,1,0,0,,,11271.085228
4385993457,1,2023_5_37_1_0,2023,5,37,74,2,2,0,0,,,4878.6890516
4385993458,1,2023_5_37_1_0,2023,5,37,70,1,1,0,0,,,964.61746939
4385993459,1,2023_5_37_1_0,2023,5,37,67,1,1,0,0,,,1991.8537111
4385993464,1,2023_5_37_1_0,2023,5,37,48,1,1,0,0,,,2080.7359816
4385993466,1,2023_5_37_1_0,2023,5,37,57,1,1,0,0,,,4296.5442968
4385993469,1,2023_5_37_1_0,2023,5,37,75,1,1,0,0,,,1991.8537111
4385993473,1,2023_5_37_1_0,2023,5,37,79,1,1,0,0,,,1991.8537111
4385993489,1,2023_5_37_1_0,2023,5,37,35,2,3,0,0,,,9556.221789
4385993500,1,2023_5_37_1_0,2023,5,37,71,2,2,0,0,,,1400.1861999
4385993510,1,2023_5_37_1_0,2023,5,37,50,2,2,0,0,,,4192.071361
4385993516,1,2023_5_37_1_0,2023,5,37,60,2,2,0,0,,,14606.494946
4385993523,1,2023_5_37_1_0,2023,5,37,73,2,2,0,0,,,5355.4319584
4385993529,1,2023_5_37_1_0,2023,5,37,69,1,1,0,0,,,1435.0810169
4385993531,1,2023_5_37_1_0,2023,5,37,56,1,1,0,0,,,4296.5442968
4385993536,1,2023_5_37_1_0,2023,5,37,39,2,1,0,0,,,9323.856782
4385993544,1,2023_5_37_1_0,2023,5,37,75,2,2,0,0,1,1,1991.8537111
4385993548,1,2023_5_37_1_0,2023,5,37,65,2,1,0,0,,,2657.0217453
4385993551,1,2023_5_37_1_0,2023,5,37,50,1,-3,0,0,,,16033.833886
4385993552,1,2023_5_37_1_0,2023,5,37,56,2,1,0,2.0060133563,,,4622.1812423
4385993554,1,2023_5_37_1_0,2023,5,37,-3,1,1,0,0,,,1435.0810169
4385993555,1,2023_5_37_1_0,2023,5,37,54,2,5,0,0,,,4515.3693185
4385993571,1,2023_5_37_1_0,2023,5,37,72,2,2,0,0,,,1435.0810169
4385993572,1,2023_5_37_1_0,2023,5,37,53,1,1,0,0,,,4296.5442968
4385993573,1,2023_5_37_1_0,2023,5,37,71,2,2,0,0,,,3858.4554167
4385993576,1,2023_5_37_1_0,2023,5,37,89,2,1,0,0,,,5355.4319584
4385993578,1,2023_5_37_1_0,2023,5,37,81,1,2,0,0,,,5355.4319584
4385993579,1,2023_5_37_1_0,2023,5,37,75,2,1,0,0,,,1823.1421989
4385993582,1,2023_5_37_1_0,2023,5,37,61,2,2,0,0,,,3858.4554167
4385993584,1,2023_5_37_1_0,2023,5,37,47,2,2,0,0,,,7627.7845838
4385993586,1,2023_5_37_1_0,2023,5,37,31,2,1,0,0,,,4296.5442968
4385993590,1,2023_5_37_1_0,2023,5,37,58,2,1,0,0,,,11271.085228
4385993591,1,2023_5_37_1_0,2023,5,37,59,2,1,0,0,,,9323.856782
4385993595,1,2023_5_37_1_0,2023,5,37,64,1,1,0,0,,,4296.5442968
4385993598,1,2023_5_37_1_0,2023,5,37,65,2,1,0,4.0120267126,,,1506.3069159
4385993609,1,2023_5_37_1_0,2023,5,37,35,1,1,0,5.0150333907,,,4857.5911067
4385993626,1,2023_5_37_1_0,2023,5,37,75,1,1,0,0,,,1914.3180279
4385993629,1,2023_5_37_1_0,2023,5,37,62,1,1,0,0,,,5963.4874977
4385993641,1,2023_5_37_1_0,2023,5,37,83,2,1,0,0,,,5355.4319584
4385993644,1,2023_5_37_1_0,2023,5,37,43,2,-3,0,0,,,4192.071361
4385993646,1,2023_5_37_1_0,2023,5,37,53,2,2,0,0,,,9323.856782
4385993653,1,2023_5_37_1_0,2023,5,37,-3,2,-3,0,0,,,12738.087562
4385993657,1,2023_5_37_1_0,2023,5,37,80,2,1,0,0,,,3514.9740196
4385993660,1,2023_5_37_1_0,2023,5,37,72,1,1,0,0,,,1435.0810169
4385993662,1,2023_5_37_1_0,2023,5,37,36,2,2,0.9969933219,1.0030066781,,,25180.224477
4385993669,1,2023_5_37_1_0,2023,5,37,43,2,1,0,0,,,5963.4874977
4385993670,1,2023_5_37_1_0,2023,5,37,66,2,1,0,0,,,1435.0810169
4385993673,1,2023_5_37_1_0,2023,5,37,72,1,1,0,0,,,694.98287509
4385993680,1,2023_5_37_1_0,2023,5,37,72,2,1,0,0,,,1991.8537111
4385993683,1,2023_5_37_1_0,2023,5,37,69,1,1,0,0,,,694.98287509
4385993691,1,2023_5_37_1_0,2023,5,37,70,1,1,0,2.0060133563,,,5761.3224565
4385993693,1,2023_5_37_1_0,2023,5,37,30,2,1,0,0,,,2080.7359816
4385993695,1,2023_5_37_1_0,2023,5,37,36,1,1,3.9879732874,0,,,4622.1812423
4385993700,1,2023_5_37_1_0,2023,5,37,80,2,1,0,0,,,3858.4554167
4385993701,1,2023_5_37_1_0,2023,5,37,69,2,1,0,0,,,13117.171767
4385993705,1,2023_5_37_1_0,2023,5,37,26,2,1,0,0,,,11321.205416
4385993710,1,2023_5_37_1_0,2023,5,37,88,1,1,0,0,,,1435.0810169
4385993717,1,2023_5_37_1_0,2023,5,37,59,2,2,0,0,,,1867.7702885
4385993718,1,2023_5_37_1_0,2023,5,37,66,2,1,0,0,,,2593.5354562
4385993724,1,2023_5_37_1_0,2023,5,37,34,2,2,0,2.0060133563,,,15713.527498
4385993730,1,2023_5_37_1_0,2023,5,37,70,2,1,0,0,,,3858.4554167
4385993732,1,2023_5_37_1_0,2023,5,37,70,1,1,0,0,,,1991.8537111
4385993738,1,2023_5_37_1_0,2023,5,37,71,1,1,0,0,,,1435.0810169
4385993740,1,2023_5_37_1_0,2023,5,37,62,2,1,0,0,,,5963.4874977
4385993741,1,2023_5_37_1_0,2023,5,37,67,2,1,0,0,,,1435.0810169
4385993744,1,2023_5_37_1_0,2023,5,37,62,2,1,0,0,,,9323.856782
4385993750,1,2023_5_37_1_0,2023,5,37,51,2,2,0,0,,,4296.5442968
4385993753,1,2023_5_37_1_0,2023,5,37,32,2,1,0,0,,,4296.5442968
4385993756,1,2023_5_37_1_0,2023,5,37,86,1,1,0,0,,,3858.4554167
4385993757,1,2023_5_37_1_0,2023,5,37,50,2,1,3.9879732874,0,,,2184.0070089
4385993766,1,2023_5_37_1_0,2023,5,37,82,1,1,0,0,,,3858.4554167
4385993771,1,2023_5_37_1_0,2023,5,37,70,2,1,0,0,,,1435.0810169
4385993772,1,2023_5_37_1_0,2023,5,37,56,2,1,0,0,,,16033.833886
4385993773,1,2023_5_37_1_0,2023,5,37,70,1,1,0,0,,,1435.0810169
4385993776,1,2023_5_37_1_0,2023,5,37,77,1,1,0,0,,,3858.4554167
4385993777,1,2023_5_37_1_0,2023,5,37,60,1,1,2.9909799656,0,,,4622.1812423
4385993779,1,2023_5_37_1_0,2023,5,37,76,1,1,0,0,,,3858.4554167
4385993787,1,2023_5_37_1_0,2023,5,37,69,2,1,0,0,,1,1991.8537111
4385993790,1,2023_5_37_1_0,2023,5,37,83,1,1,0,0,,,5355.4319584
4385993791,1,2023_5_37_1_0,2023,5,37,55,1,1,0,0,,,10523.616018
4385993792,1,2023_5_37_1_0,2023,5,37,63,1,2,0,0,1,,11551.978195
4385993795,1,2023_5_37_1_0,2023,5,37,69,2,1,0,0,,,1991.8537111
4385993801,1,2023_5_37_1_0,2023,5,37,61,2,2,0,1.0030066781,,,10166.860468
4385993802,1,2023_5_37_1_0,2023,5,37,45,1,1,2.2463570761,3.7536429239,,,10433.835469
4385993803,1,2023_5_37_1_0,2023,5,37,76,1,1,0,0,,,1435.0810169
4385993806,1,2023_5_37_1_0,2023,5,37,33,2,1,0,0,,,10523.616018
4385993808,1,2023_5_37_1_0,2023,5,37,83,1,1,0,0,,,1435.0810169
4385993809,1,2023_5_37_1_0,2023,5,37,59,2,1,0,0,,,2080.7359816
4385993823,1,2023_5_37_1_0,2023,5,37,75,1,1,0,0,,,1991.8537111
4385993827,1,2023_5_37_1_0,2023,5,37,21,2,3,0,0,,,10523.616018
4385993831,1,2023_5_37_1_0,2023,5,37,29,1,2,0,0,,,5963.4874977
4385993839,1,2023_5_37_1_0,2023,5,37,54,2,1,0,0,,,9323.856782
4385993846,1,2023_5_37_1_0,2023,5,37,85,2,1,0,0,,,5355.4319584
4385993849,1,2023_5_37_1_0,2023,5,37,69,1,1,0,1.0030066781,,,5248.4469991
4385993852,1,2023_5_37_1_0,2023,5,37,51,1,1,0,0,,,22837.11788
4385993855,1,2023_5_37_1_0,2023,5,37,74,2,-3,0,0,,,4878.6890516
4385993856,1,2023_5_37_1_0,2023,5,37,66,1,1,0,0,,,694.98287509
4385993863,1,2023_5_37_1_0,2023,5,37,76,2,1,0,0,,,1991.8537111
4385993865,1,2023_5_37_1_0,2023,5,37,39,2,1,0,0,,,678.08396836
4385993866,1,2023_5_37_1_0,2023,5,37,-3,2,1,0,0,,,5938.1019623
4385993873,1,2023_5_37_1_0,2023,5,37,88,2,1,0,0,,,5355.4319584
4385993878,1,2023_5_37_1_0,2023,5,37,67,2,1,0,0,,,1435.0810169
4385993880,1,2023_5_37_1_0,2023,5,37,47,1,1,0,0,,,9323.856782
4385993884,1,2023_5_37_2_1,2023,5,37,70,2,1,0,0,,,555.10523751
4385993885,1,2023_5_37_2_1,2023,5,37,50,2,1,0,7.021046747,,,1661.9509382
4385993893,1,2023_5_37_2_1,2023,5,37,64,1,1,0.9969933219,2.0060133563,,,3276.7294155
4385993895,1,2023_5_37_2_1,2023,5,37,83,1,1,0,0,,,1970.7252277
4385993897,1,2023_5_37_2_1,2023,5,37,66,1,1,0,0,,,732.97474205
4385993899,1,2023_5_37_2_1,2023,5,37,83,2,-3,0,0,,,1970.7252277
4385993908,1,2023_5_37_2_1,2023,5,37,73,2,2,0,0,,,3315.4294255
4385993911,1,2023_5_37_2_1,2023,5,37,64,1,1,19.939866437,4.0120267126,,,1661.9509382
4385993913,1,2023_5_37_2_1,2023,5,37,81,2,1,0,0,,,1017.3491551
4385993916,1,2023_5_37_2_1,2023,5,37,85,2,1,0,0,,,715.15204132
4385993920,1,2023_5_37_2_1,2023,5,37,65,2,1,0,0,,,732.97474205
4385993923,1,2023_5_37_2_1,2023,5,37,70,1,1,0,0,,,732.97474205
4385993927,1,2023_5_37_2_1,2023,5,37,81,1,1,0,0,,,1970.7252277
4385993928,1,2023_5_37_2_1,2023,5,37,48,2,1,0,0,,,2141.1212247
4385993934,1,2023_5_37_2_1,2023,5,37,78,1,1,0,0,,,732.97474205
4385993935,1,2023_5_37_2_1,2023,5,37,82,2,1,0,0,,,716.19068364
4385993939,1,2023_5_37_2_1,2023,5,37,81,1,1,0,0,,,732.97474205
4385993940,1,2023_5_37_2_1,2023,5,37,76,1,1,2.9909799656,0,,,740.47942316
4385993942,1,2023_5_37_2_1,2023,5,37,69,1,1,0,0,,,515.99755989
4385993944,1,2023_5_37_2_1,2023,5,37,83,2,1,0,0,,,2735.3134158
4385993946,1,2023_5_37_2_1,2023,5,37,65,1,1,0,0,,,1147.6635138
4385993947,1,2023_5_37_2_1,2023,5,37,56,1,1,0,12.036080138,,,541.60753568
4385993951,1,2023_5_37_2_1,2023,5,37,76,1,1,0,0,,,1017.3491551
4385993953,1,2023_5_37_2_1,2023,5,37,71,2,1,0,0,1,1,1970.7252277
4385993958,1,2023_5_37_2_1,2023,5,37,79,1,1,0,0,,,2735.3134158
4385993959,1,2023_5_37_2_1,2023,5,37,51,2,1,0,1.0030066781,,,3606.5711082
4385993970,1,2023_5_37_2_1,2023,5,37,63,1,1,0,0,,,1353.6116639
4385993975,1,2023_5_37_2_1,2023,5,37,35,1,1,0,0,1,1,4762.2060631
4385993976,1,2023_5_37_2_1,2023,5,37,53,1,1,4.9849666093,5.0150333907,,,1621.5396491
4385993977,1,2023_5_37_2_1,2023,5,37,-3,2,-3,0,0,,,1743.406791
4385993978,1,2023_5_37_2_1,2023,5,37,62,1,1,1.9939866437,4.0120267126,,,769.35372299
4385993979,1,2023_5_37_2_1,2023,5,37,66,1,1,0,0,,,1970.7252277
4385993981,1,2023_5_37_2_1,2023,5,37,77,1,1,0,0,,,1970.7252277
4385993985,1,2023_5_37_2_1,2023,5,37,60,2,1,0,0,,,7460.3396876
4385993988,1,2023_5_37_2_1,2023,5,37,72,1,1,0,0,,,715.15204132
4385993991,1,2023_5_37_2_1,2023,5,37,76,2,1,0,0,,,1017.3491551
4385993994,1,2023_5_37_2_1,2023,5,37,81,2,1,0,0,,,1017.3491551
4385993995,1,2023_5_37_2_1,2023,5,37,72,1,1,1.9939866437,2.0060133563,,,1456.2024758
4385993996,1,2023_5_37_2_1,2023,5,37,44,2,1,0,0,,,4762.2060631
4385993999,1,2023_5_37_2_1,2023,5,37,60,2,1,0,0,,,1544.8649567
4385994003,1,2023_5_37_2_1,2023,5,37,70,1,1,0.9969933219,1.0030066781,,,788.5272139
4385994005,1,2023_5_37_2_1,2023,5,37,64,1,1,0,0,,,1544.8649567
4385994006,1,2023_5_37_2_1,2023,5,37,67,1,1,0,0,,,2120.0873427
4385994009,1,2023_5_37_2_1,2023,5,37,61,2,1,0,0,,,2194.4812945
4385994011,1,2023_5_37_2_1,2023,5,37,36,1,1,0,0,,,4762.2060631
4385994016,1,2023_5_37_2_1,2023,5,37,41,1,1,0.9969933219,3.0090200344,,,2306.7430374
4385994018,1,2023_5_37_2_1,2023,5,37,93,1,1,0,0,,,2735.3134158
4385994019,1,2023_5_37_2_1,2023,5,37,76,1,1,6.978953253,7.021046747,,,1492.4933055
4385994020,1,2023_5_37_2_1,2023,5,37,22,2,1,0,0,,,5374.9890395
4385994025,1,2023_5_37_2_1,2023,5,37,54,1,1,0,7.021046747,,,1661.9509382
4385994029,1,2023_5_37_2_1,2023,5,37,59,1,1,0,0,,,4762.2060631
4385994032,1,2023_5_37_2_1,2023,5,37,40,1,1,0,0,,,5123.1357147
4385994033,1,2023_5_37_2_1,2023,5,37,60,2,1,0,0,,,2144.230856
4385994034,1,2023_5_37_2_1,2023,5,37,82,1,1,0,2.0060133563,,,788.5272139
4385994035,1,2023_5_37_2_1,2023,5,37,77,2,1,0,0,,,732.97474205
4385994037,1,2023_5_37_2_1,2023,5,37,24,2,1,0,0,,,3352.4848365
4385994041,1,2023_5_37_2_1,2023,5,37,77,2,1,0,0,,,3010.6551645
4385994045,1,2023_5_37_2_1,2023,5,37,38,1,1,0,0,,,4762.2060631
4385994055,1,2023_5_37_2_1,2023,5,37,84,1,1,0,0,,,732.97474205
4385994056,1,2023_5_37_2_1,2023,5,37,44,2,1,0,0,,,4762.2060631
4385994058,1,2023_5_37_2_1,2023,5,37,81,2,1,0,0,1,,1970.7252277
4385994065,1,2023_5_37_2_1,2023,5,37,54,2,1,7.9759465749,0,,,1661.9509382
4385994070,1,2023_5_37_2_1,2023,5,37,47,1,1,0,0,,,9013.7163857
4385994072,1,2023_5_37_2_1,2023,5,37,53,1,1,3.1105504998,1.222362375,,,11302.55889
4385994074,1,2023_5_37_2_1,2023,5,37,61,1,1,0,0,,,1970.7252277
4385994083,1,2023_5_37_2_1,2023,5,37,36,1,1,0,0,,,4762.2060631
4385994084,1,2023_5_37_2_1,2023,5,37,83,2,1,0,0,,1,2735.3134158
4385994092,1,2023_5_37_2_1,2023,5,37,69,1,1,0,4.0120267126,,,788.5272139
4385994094,1,2023_5_37_2_1,2023,5,37,34,1,1,0,0,,,8189.3601256
4385994098,1,2023_5_37_2_1,2023,5,37,75,1,1,0,0,,,732.97474205
4385994099,1,2023_5_37_2_1,2023,5,37,52,2,1,0,0,,,1507.3006804
4385994106,1,2023_5_37_2_1,2023,5,37,72,1,1,0,0,,,732.97474205
4385994107,1,2023_5_37_2_1,2023,5,37,70,1,1,0,0,,,1922.8059149
4385994118,1,2023_5_37_2_1,2023,5,37,55,2,5,0,0,,,3045.8807962
4385994120,1,2023_5_37_2_1,2023,5,37,76,1,1,0,0,,1,1017.3491551
4385994125,1,2023_5_37_2_1,2023,5,37,56,1,1,0,0,,,4762.2060631
4385994127,1,2023_5_37_2_1,2023,5,37,74,1,1,0,5.0150333907,,,788.5272139
4385994129,1,2023_5_37_2_1,2023,5,37,72,1,1,0,0,,,1970.7252277
4385994135,1,2023_5_37_2_1,2023,5,37,62,1,1,0,0,,,715.15204132
4385994139,1,2023_5_37_2_1,2023,5,37,43,1,1,0,0,,,2194.4812945
4385994144,1,2023_5_37_2_1,2023,5,37,65,1,1,0,0,,,732.97474205
4385994146,1,2023_5_37_2_1,2023,5,37,53,1,1,0,0,,,2194.4812945
4385994150,1,2023_5_37_2_1,2023,5,37,75,2,1,0,0,,,1970.7252277
4385994155,1,2023_5_37_2_1,2023,5,37,41,2,1,0,0,,,4762.2060631
4385994161,1,2023_5_37_2_1,2023,5,37,45,1,1,0,0,,,4880.8876421
4385994162,1,2023_5_37_2_1,2023,5,37,42,2,1,0,0,,,2194.4812945
4385994163,1,2023_5_37_2_1,2023,5,37,38,2,1,0,0,,,4762.2060631
4385994166,1,2023_5_37_2_0,2023,5,37,33,2,1,0,0.5738861694,,,40947.032461
4385994168,1,2023_5_37_2_0,2023,5,37,67,1,1,0,4.0120267126,,,1830.5377337
4385994174,1,2023_5_37_2_0,2023,5,37,62,2,1,0,0,,,10243.177492
4385994176,1,2023_5_37_2_0,2023,5,37,91,2,1,0,0,,,31271.996589
4385994178,1,2023_5_37_2_0,2023,5,37,76,1,1,0,0,,,4574.9681539
4385994183,1,2023_5_37_2_0,2023,5,37,53,1,1,0,0,,,22228.543063
4385994184,1,2023_5_37_2_0,2023,5,37,46,2,5,0,0,,,25088.829367
4385994188,1,2023_5_37_2_0,2023,5,37,72,1,1,0,0,,,9198.751589
4385994190,1,2023_5_37_2_0,2023,5,37,63,1,1,0,0,,,9198.751589
4385994196,1,2023_5_37_2_0,2023,5,37,77,2,1,0,0,,,4748.6793317
4385994205,1,2023_5_37_2_0,2023,5,37,32,2,2,0,0,,,54444.836522
4385994207,1,2023_5_37_2_0,2023,5,37,67,1,1,0,0,,,4574.9681539
4385994213,1,2023_5_37_2_0,2023,5,37,-3,-3,-3,0,0,1,1,9994.1087632
4385994214,1,2023_5_37_2_0,2023,5,37,59,2,2,0,0,,,27540.496468
4385994219,1,2023_5_37_2_0,2023,5,37,64,1,3,0,0,,,10243.177492
4385994224,1,2023_5_37_2_0,2023,5,37,42,1,1,0,0,,,10243.177492
4385994225,1,2023_5_37_2_0,2023,5,37,67,2,1,0,0,,,4748.6793317
4385994228,1,2023_5_37_2_0,2023,5,37,48,2,2,0,0,,,23770.256854
4385994229,1,2023_5_37_2_0,2023,5,37,46,1,1,0,0,,,10243.177492
4385994236,1,2023_5_37_2_0,2023,5,37,66,1,1,0,0,,,9198.751589
4385994240,1,2023_5_37_2_0,2023,5,37,15,1,1,0,0,,,22228.543063
4385994251,1,2023_5_37_2_0,2023,5,37,67,2,1,0,0,,,8975.0786746
4385994252,1,2023_5_37_2_0,2023,5,37,66,2,1,0,0,,,18185.021721
4385994254,1,2023_5_37_2_0,2023,5,37,70,2,2,0,0,1,1,12767.618883
4385994256,1,2023_5_37_2_0,2023,5,37,57,2,1,0,0,,,38225.465635
4385994259,1,2023_5_37_2_0,2023,5,37,51,2,1,0,0,,,10243.177492
4385994266,1,2023_5_37_2_0,2023,5,37,80,1,1,0,0,,,9198.751589
4385994268,1,2023_5_37_2_0,2023,5,37,68,2,1,0,0,,,3421.3052527
4385994270,1,2023_5_37_2_0,2023,5,37,93,2,1,0,0,,,12767.618883
4385994271,1,2023_5_37_2_0,2023,5,37,89,2,1,0,0,,,4748.6793317
4385994276,1,2023_5_37_2_0,2023,5,37,78,1,1,0,0,,,3421.3052527
4385994279,1,2023_5_37_2_0,2023,5,37,30,1,1,0,0,,,14217.253841
4385994281,1,2023_5_37_2_0,2023,5,37,76,1,1,0,0,,,3421.3052527
4385994283,1,2023_5_37_2_0,2023,5,37,62,2,1,0,0,,,4970.5363685
4385994285,1,2023_5_37_2_0,2023,5,37,84,1,1,0,0,,,9198.751589
4385994297,1,2023_5_37_2_0,2023,5,37,68,2,1,0,0,,,3421.3052527
4385994305,1,2023_5_37_2_0,2023,5,37,74,2,1,0,0,,,9198.751589
4385994308,1,2023_5_37_2_0,2023,5,37,62,1,1,0,0,,,5094.4098627
4385994310,1,2023_5_37_2_0,2023,5,37,47,1,1,0,0,,,22228.543063
4385994314,1,2023_5_37_2_0,2023,5,37,43,1,1,0,0,,,10243.177492
4385994324,1,2023_5_37_2_0,2023,5,37,49,2,1,0,0,,,64294.784107
4385994335,1,2023_5_37_2_0,2023,5,37,86,1,1,0,0,,,9198.751589
4385994336,1,2023_5_37_2_0,2023,5,37,70,2,1,0,0,,,12767.618883
4385994348,1,2023_5_37_2_0,2023,5,37,74,1,1,0,0,,,9198.751589
4385994364,1,2023_5_37_2_0,2023,5,37,56,1,1,0,0,,,9994.1087632
4385994370,1,2023_5_37_2_0,2023,5,37,53,2,1,0,0,,,10243.177492
4385994371,1,2023_5_37_2_0,2023,5,37,54,2,1,0,0,,,14217.253841
4385994372,1,2023_5_37_2_0,2023,5,37,28,2,1,0,0,,,34822.617883
4385994375,1,2023_5_37_2_0,2023,5,37,70,2,1,0,0,,,19962.052399
4385994376,1,2023_5_37_2_0,2023,5,37,74,1,1,0,0,,,3421.3052527
4385994377,1,2023_5_37_2_0,2023,5,37,58,2,1,0,0,,,10243.177492
4385994378,1,2023_5_37_2_0,2023,5,37,79,2,1,0,0,,,4748.6793317
4385994380,1,2023_5_37_2_0,2023,5,37,86,1,1,0,0,,,3421.3052527
4385994384,1,2023_5_37_2_0,2023,5,37,78,1,1,0,0,,,9198.751589
4385994389,1,2023_5_37_2_0,2023,5,37,57,1,1,0,0,,,19962.052399
4385994391,1,2023_5_37_2_0,2023,5,37,61,2,1,0,0,,,10243.177492
4385994392,1,2023_5_37_2_0,2023,5,37,83,2,1,0,0,,,31271.996589
4385994395,1,2023_5_37_2_0,2023,5,37,67,1,1,0,0,,,3338.1142556
4385994396,1,2023_5_37_2_0,2023,5,37,40,2,4,0,0,,,10243.177492
4385994397,1,2023_5_37_2_0,2023,5,37,56,1,1,0,0,,,5094.4098627
4385994399,1,2023_5_37_2_0,2023,5,37,69,2,2,0,0,,,11631.039838
4385994400,1,2023_5_37_2_0,2023,5,37,62,1,3,0,0,,,10243.177492
4385994401,1,2023_5_37_2_0,2023,5,37,38,1,-3,0,0,,,14217.253841
4385994405,1,2023_5_37_2_0,2023,5,37,86,2,1,0,0,,,5951.8685494
4385994415,1,2023_5_37_2_0,2023,5,37,80,2,1,0,0,1,1,31271.996589
4385994429,1,2023_5_37_2_0,2023,5,37,42,2,1,0,0,,,18185.021721
4385994436,1,2023_5_37_2_0,2023,5,37,56,1,1,0,0,,,10243.177492
4385994443,1,2023_5_37_2_0,2023,5,37,53,2,1,0,0,,,9994.1087632
4385994444,1,2023_5_37_2_0,2023,5,37,64,2,1,0,0,,,3421.3052527
4385994456,1,2023_5_37_2_0,2023,5,37,74,2,1,0,0,,,12767.618883
4385994465,1,2023_5_37_2_0,2023,5,37,64,1,1,0,0,,,10243.177492
4385994469,1,2023_5_37_2_0,2023,5,37,40,1,3,0,0,,,34822.617883
4385994477,1,2023_5_37_2_0,2023,5,37,80,2,1,0,0,,,7939.4606507
4385994479,1,2023_5_37_2_0,2023,5,37,61,1,1,0,0,,,5094.4098627
4385994480,1,2023_5_37_2_0,2023,5,37,54,2,1,0,0,,,9994.1087632
4385994484,1,2023_5_37_2_0,2023,5,37,75,1,4,0,0,,,3421.3052527
4385994485,1,2023_5_37_2_0,2023,5,37,78,2,2,0,0,,,9198.751589
4385994494,1,2023_5_37_2_0,2023,5,37,82,2,1,0,0,1,1,6334.4733479
4385994495,1,2023_5_37_2_0,2023,5,37,26,2,1,0,0,,,8975.0786746
4385994502,1,2023_5_37_2_0,2023,5,37,88,1,1,0,0,,,11631.039838
4385994512,1,2023_5_37_2_0,2023,5,37,44,1,1,0,0,,,14217.253841
4385994516,1,2023_5_37_2_0,2023,5,37,32,2,2,0,0,,,8975.0786746
4385994528,1,2023_5_37_2_0,2023,5,37,75,1,1,0,0,,,1701.5746566
4385994529,1,2023_5_37_2_0,2023,5,37,66,1,1,0,0,,,9198.751589
4385994531,1,2023_5_37_2_0,2023,5,37,35,2,1,0,0,,,22782.512916
4385994533,1,2023_5_37_2_0,2023,5,37,62,2,1,0,0,,,1701.5746566
4385994548,1,2023_5_37_2_0,2023,5,37,25,2,2,0,0,,,9198.751589
4385994556,1,2023_5_37_2_0,2023,5,37,70,1,1,0,0,,,9198.751589
4385994569,1,2023_5_37_2_0,2023,5,37,79,1,1,0,0,,,9198.751589
4385994573,1,2023_5_37_2_0,2023,5,37,45,1,1,0,0,,,10243.177492
4385994578,1,2023_5_37_2_0,2023,5,37,54,1,1,0,2.0060133563,,,11019.512332
4385994584,1,2023_5_37_2_0,2023,5,37,46,1,1,0,0,,,22228.543063
4385994587,1,2023_5_37_2_0,2023,5,37,32,2,1,0,0,,,25088.829367
4385994589,1,2023_5_37_2_0,2023,5,37,79,2,2,0,0,,,9198.751589
4385994599,1,2023_5_37_2_0,2023,5,37,49,2,1,0,0,,,9994.1087632
4385994606,1,2023_5_37_2_0,2023,5,37,63,1,2,0,0,1,1,24478.780109
4385994608,1,2023_5_37_2_0,2023,5,37,82,1,1,0,0,,,9198.751589
4385994611,1,2023_5_37_2_0,2023,5,37,81,1,1,0,0,,,11631.039838
4385994637,1,2023_5_37_2_0,2023,5,37,37,2,2,0,0,,,22228.543063
4385994651,1,2023_5_37_2_0,2023,5,37,60,2,1,0,0,,,5094.4098627
4385994652,1,2023_5_37_2_0,2023,5,37,69,2,2,0,0,,,11631.039838
4385994657,1,2023_5_37_2_0,2023,5,37,44,1,2,0,0,,,34822.617883
4385994660,1,2023_5_37_2_0,2023,5,37,63,2,2,0,0,,,38225.465635
4385994671,1,2023_5_37_2_0,2023,5,37,34,2,1,0,0,,,22228.543063
4385994672,1,2023_5_37_2_0,2023,5,37,58,1,1,0,0,,,10243.177492
4385994673,1,2023_5_37_2_0,2023,5,37,81,2,2,0,0,,,12767.618883
4385994676,1,2023_5_37_2_0,2023,5,37,88,2,1,0,0,,,31271.996589
4385994677,1,2023_5_37_2_0,2023,5,37,49,2,1,0,0,,,22228.543063
4385994681,1,2023_5_37_2_0,2023,5,37,50,2,4,0,0,,,9994.1087632
4385994687,1,2023_5_37_2_0,2023,5,37,55,2,3,0,0,,,34822.617883
4385994698,1,2023_5_37_2_0,2023,5,37,72,1,2,0,0,,,3421.3052527
4385994705,1,2023_5_37_2_0,2023,5,37,68,1,1,0,0,,,3421.3052527
4385994719,1,2023_5_37_2_0,2023,5,37,78,1,1,0,0,,,9198.751589
4385994720,1,2023_5_37_2_0,2023,5,37,43,1,1,0,0,,,38225.465635
4385994726,1,2023_5_37_2_0,2023,5,37,-3,-3,-3,0,0,1,1,1.0054646283
4385994728,1,2023_5_37_2_0,2023,5,37,63,2,1,0,0,,,10243.177492
4385994729,1,2023_5_37_2_0,2023,5,37,70,2,1,0,0,,,4748.6793317
4385994737,1,2023_5_37_2_0,2023,5,37,65,1,1,0,0,,,11631.039838
4385994741,1,2023_5_37_2_0,2023,5,37,65,2,1,0,0,,,3421.3052527
4385994742,1,2023_5_37_2_0,2023,5,37,25,2,1,0,0,,,34822.617883
4385994751,1,2023_5_37_2_0,2023,5,37,73,2,1,0,0,,,9198.751589
4385994754,1,2023_5_37_2_0,2023,5,37,71,1,1,0,0,,,22530.695109
4385994760,1,2023_5_37_2_0,2023,5,37,31,1,1,0,0,,,5094.4098627
4385994769,1,2023_5_37_2_0,2023,5,37,54,2,1,0,0,,,10243.177492
4385994773,1,2023_5_37_2_0,2023,5,37,61,2,1,0,0,,,10243.177492
4385994782,1,2023_5_37_2_0,2023,5,37,27,2,1,0,0,,,47910.783359
4385994788,1,2023_5_37_2_0,2023,5,37,59,1,1,0,0,,,10243.177492
4385994794,1,2023_5_37_2_0,2023,5,37,60,2,1,0,0,,,24478.780109
4385994795,1,2023_5_37_2_0,2023,5,37,80,2,1,0,0,,,4748.6793317
4385994796,1,2023_5_37_2_0,2023,5,37,72,1,1,0,0,,,1701.5746566
4385994801,1,2023_5_37_2_0,2023,5,37,65,1,1,0,0,,,7424.515606
4385994802,1,2023_5_37_2_0,2023,5,37,76,2,1,0,0,1,1,9198.751589
4385994806,1,2023_5_37_2_0,2023,5,37,68,1,1,0,0,,,3421.3052527
4385994807,1,2023_5_37_2_0,2023,5,37,67,2,1,0,0,,,4748.6793317
4385994809,1,2023_5_37_2_0,2023,5,37,79,1,1,0,0,,,3421.3052527
4385994815,1,2023_5_37_2_0,2023,5,37,77,1,1,0,0,,,8975.0786746
4385994816,1,2023_5_37_2_0,2023,5,37,83,1,1,0,0,,,3421.3052527
4385994818,1,2023_5_37_2_0,2023,5,37,61,1,1,0,0,,,7070.9033645
4385994824,1,2023_5_37_2_0,2023,5,37,88,1,1,0,0,,,9198.751589
4385994825,1,2023_5_37_2_0,2023,5,37,74,2,1,0,0,,,4748.6793317
4385994826,1,2023_5_37_2_0,2023,5,37,68,1,1,0,0,,,6349.9322952
4385994827,1,2023_5_37_2_0,2023,5,37,85,1,1,0,0,,,9198.751589
4385994837,1,2023_5_37_2_0,2023,5,37,69,1,1,0,0,,,3338.1142556
4385994838,1,2023_5_37_2_0,2023,5,37,66,2,1,0,0,,,3338.1142556
4385994843,1,2023_5_37_2_0,2023,5,37,61,1,1,0,0,,,3421.3052527
4385994845,1,2023_5_37_2_0,2023,5,37,64,2,1,0,0,,,3338.1142556
4385994846,1,2023_5_37_2_0,2023,5,37,53,2,1,0,0,,,9994.1087632
4385994848,1,2023_5_37_2_0,2023,5,37,68,2,1,0,0,,,3421.3052527
4385994850,1,2023_5_37_2_0,2023,5,37,59,1,1,0,0,,,26870.83352
4385994852,1,2023_5_37_2_0,2023,5,37,33,2,1,0,0,,,54444.836522
4385994865,1,2023_5_37_2_0,2023,5,37,65,2,1,0,0,,,3421.3052527
4385994869,1,2023_5_37_2_0,2023,5,37,39,1,1,0,0,,,22228.543063
4385994870,1,2023_5_37_2_0,2023,5,37,89,2,1,0,0,,,9198.751589
4385994873,1,2023_5_37_2_0,2023,5,37,57,2,1,0,0,,,14217.253841
4385994875,1,2023_5_37_2_0,2023,5,37,36,2,1,0,0,,,10243.177492
4385994878,1,2023_5_33_1_1,2023,5,33,74,2,1,0,0,,,47.273031809
4385994880,1,2023_5_33_1_1,2023,5,33,65,1,1,10.001167297,0,,,26.555287871
4385994885,1,2023_5_33_1_1,2023,5,33,61,1,1,0,4.9994163513,,,39.275420583
4385994886,1,2023_5_33_1_1,2023,5,33,50,2,1,3.0003501892,0,,,94.412745293
4385994892,1,2023_5_33_1_1,2023,5,33,65,1,1,1.0001167297,0,,,48.788588358
4385994894,1,2023_5_33_1_1,2023,5,33,68,1,1,1.0001167297,3.999533081,,,47.273031809
4385994896,1,2023_5_33_1_1,2023,5,33,65,1,1,1.0001167297,1.9997665405,,,20.295907311
4385994903,1,2023_5_33_1_1,2023,5,33,38,2,1,0,0,,,39.275420583
4385994908,1,2023_5_33_1_1,2023,5,33,71,1,1,0,0,,,11.046920589
4385994912,1,2023_5_33_1_1,2023,5,33,64,1,1,0,1.9997665405,,,39.275420583
4385994913,1,2023_5_33_1_1,2023,5,33,39,1,1,1.0001167297,0,,,64.957587481
4385994916,1,2023_5_33_1_1,2023,5,33,57,1,1,3.0003501892,0,,,39.275420583
4385994917,1,2023_5_33_1_1,2023,5,33,65,1,1,4.000466919,0,,,20.295907311
4385994918,1,2023_5_33_1_1,2023,5,33,29,2,1,0,0,,,39.275420583
4385994921,1,2023_5_33_1_1,2023,5,33,62,2,1,0,0,,,33.567385277
4385994922,1,2023_5_33_1_1,2023,5,33,33,2,1,0,0,,,64.957587481
4385994924,1,2023_5_33_1_1,2023,5,33,60,1,1,3.0003501892,0,,,39.275420583
4385994926,1,2023_5_33_1_1,2023,5,33,59,1,1,0,1.9997665405,,,39.275420583
4385994927,1,2023_5_33_1_1,2023,5,33,60,2,1,0,0,,,64.957587481
4385994930,1,2023_5_33_1_1,2023,5,33,60,2,1,0,0,,,139.83428977
4385994932,1,2023_5_33_1_1,2023,5,33,67,2,1,0,0,,,47.273031809
4385994935,1,2023_5_33_1_1,2023,5,33,58,1,1,0,0,,,39.275420583
4385994937,1,2023_5_33_1_1,2023,5,33,69,1,1,0,1.9997665405,,,33.567385277
4385994939,1,2023_5_33_1_1,2023,5,33,66,2,1,0,0,,,20.295907311
4385994941,1,2023_5_33_1_1,2023,5,33,55,2,1,0,0,,,38.055378707
4385994949,1,2023_5_33_1_1,2023,5,33,56,2,1,0,0,,,38.055378707
4385994953,1,2023_5_33_1_1,2023,5,33,22,2,1,0,0,,,81.921867172
4385994957,1,2023_5_33_1_1,2023,5,33,29,2,1,0,0,,,64.957587481
4385994959,1,2023_5_33_1_1,2023,5,33,51,1,1,0,0,,,39.275420583
4385994960,1,2023_5_33_1_1,2023,5,33,81,1,1,6.0007003784,0,,,48.788588358
4385994966,1,2023_5_33_1_1,2023,5,33,48,2,1,0,0,,,156.14916583
4385994970,1,2023_5_33_1_1,2023,5,33,61,2,1,0,0,,,48.788588358
4385994972,1,2023_5_33_1_1,2023,5,33,74,1,1,0,0,,,31.469275705
4385994977,1,2023_5_33_1_1,2023,5,33,46,2,1,0,0,,,64.957587481
4385994978,1,2023_5_33_1_1,2023,5,33,50,2,1,0,0,,,156.14916583
4385994979,1,2023_5_33_1_1,2023,5,33,45,1,1,0,0,,,64.957587481
4385994983,1,2023_5_33_1_1,2023,5,33,29,2,1,0,0,,,84.548253032
4385994988,1,2023_5_33_1_1,2023,5,33,47,1,1,1.0001167297,1.9997665405,,,64.957587481
4385994989,1,2023_5_33_1_1,2023,5,33,57,2,1,0,0,,,39.275420583
4385994993,1,2023_5_33_1_1,2023,5,33,78,1,1,2.0002334595,0,,,47.273031809
4385994994,1,2023_5_33_1_1,2023,5,33,58,2,1,0,0,,,38.055378707
4385994999,1,2023_5_33_1_1,2023,5,33,30,2,1,0,0,,,64.957587481
4385995004,1,2023_5_33_1_1,2023,5,33,70,1,1,10.001167297,1.9997665405,,,65.428743901
4385995005,1,2023_5_33_1_1,2023,5,33,57,2,3,16.001867676,0,,,48.788588358
4385995007,1,2023_5_33_1_1,2023,5,33,67,2,1,0,0,,,48.788588358
4385995008,1,2023_5_33_1_1,2023,5,33,62,1,1,1.0001167297,6.9991828918,,,94.412745293
4385995012,1,2023_5_33_1_1,2023,5,33,85,2,1,0,0,,,43.691028163
4385995015,1,2023_5_33_1_1,2023,5,33,44,2,1,0,0,,,64.957587481
4385995016,1,2023_5_33_1_1,2023,5,33,74,1,1,0,0,,,19.665440304
4385995017,1,2023_5_33_1_1,2023,5,33,56,2,1,0,0,,,38.055378707
4385995021,1,2023_5_33_1_1,2023,5,33,63,1,1,0,0,,,39.275420583
4385995035,1,2023_5_33_1_1,2023,5,33,60,2,1,0,0,,,126.61377467
4385995049,1,2023_5_33_1_1,2023,5,33,60,2,1,0,0,,,39.275420583
4385995050,1,2023_5_33_1_1,2023,5,33,34,2,1,0,0,,,64.957587481
4385995052,1,2023_5_33_1_1,2023,5,33,68,1,4,0,5.9992996216,,,19.665440304
4385995053,1,2023_5_33_1_1,2023,5,33,74,2,1,0,0,,,33.567385277
4385995055,1,2023_5_33_1_1,2023,5,33,66,1,1,0,0,,,80.691408247
4385995056,1,2023_5_33_1_1,2023,5,33,48,2,1,0,0,,,64.957587481
4385995068,1,2023_5_33_1_1,2023,5,33,63,1,1,0,0,,,84.548253032
4385995072,1,2023_5_33_1_1,2023,5,33,64,1,1,0,0,,,48.788588358
4385995075,1,2023_5_33_1_1,2023,5,33,33,2,2,0,0,,,64.957587481
4385995077,1,2023_5_33_1_1,2023,5,33,31,1,1,0,0,,,39.275420583
4385995079,1,2023_5_33_1_1,2023,5,33,73,1,1,0,0,,,48.788588358
4385995088,1,2023_5_33_1_1,2023,5,33,29,1,1,0,0,,,64.957587481
4385995092,1,2023_5_33_1_1,2023,5,33,68,1,1,0,0,,,20.295907311
4385995095,1,2023_5_33_1_1,2023,5,33,70,1,1,0,0,,,47.273031809
4385995096,1,2023_5_33_1_1,2023,5,33,60,2,4,0,0,,,91.479931305
4385995100,1,2023_5_33_1_1,2023,5,33,43,1,1,0,0,,,64.957587481
4385995105,1,2023_5_33_1_1,2023,5,33,43,1,1,0,0,,,156.14916583
4385995106,1,2023_5_33_1_1,2023,5,33,47,1,1,0,0,,,94.412745293
4385995107,1,2023_5_33_1_1,2023,5,33,54,1,1,0,0,,,38.055378707
4385995108,1,2023_5_33_1_1,2023,5,33,85,2,1,0,0,,,58.592576433
4385995110,1,2023_5_33_1_1,2023,5,33,65,2,1,0,0,,,20.295907311
4385995114,1,2023_5_33_1_1,2023,5,33,64,1,1,1.0001167297,0,,,57.365723181
4385995117,1,2023_5_33_1_1,2023,5,33,40,1,1,0,0,,,156.14916583
4385995124,1,2023_5_33_1_1,2023,5,33,56,2,1,0,0,,,39.275420583
4385995125,1,2023_5_33_1_1,2023,5,33,68,1,1,0,0.9998832703,,,48.788588358
4385995126,1,2023_5_33_1_1,2023,5,33,47,2,1,0,0,,,81.921867172
4385995127,1,2023_5_33_1_1,2023,5,33,68,1,1,0,0.9998832703,,,20.295907311
4385995128,1,2023_5_33_1_1,2023,5,33,51,1,1,0,0,,,38.055378707
4385995131,1,2023_5_33_1_1,2023,5,33,58,2,1,0,0,,,113.38483406
4385995134,1,2023_5_33_1_1,2023,5,33,49,2,1,0,0,,,156.14916583
4385995136,1,2023_5_33_1_1,2023,5,33,59,2,1,0,1.9997665405,,,39.275420583
4385995145,1,2023_5_33_1_1,2023,5,33,72,1,1,0,0,,,47.273031809
4385995153,1,2023_5_33_1_1,2023,5,33,38,2,1,0,0,,,113.38483406
4385995154,1,2023_5_33_1_1,2023,5,33,31,1,4,0,0,,,84.548253032
4385995155,1,2023_5_33_1_1,2023,5,33,75,1,1,0,0,,,20.295907311
4385995159,1,2023_5_33_1_1,2023,5,33,69,1,1,0,1.9997665405,,,19.665440304
4385995163,1,2023_5_33_1_1,2023,5,33,60,1,1,10.001167297,14.998249054,,,47.273031809
4385995172,1,2023_5_33_1_1,2023,5,33,62,1,1,0,0,,,156.14916583
4385995176,1,2023_5_33_1_1,2023,5,33,61,2,1,0,0,,,91.479931305
4385995179,1,2023_5_33_1_1,2023,5,33,55,2,1,0,0,,,94.412745293
4385995180,1,2023_5_33_1_1,2023,5,33,54,2,1,0,0,,,91.479931305
4385995188,1,2023_5_33_1_1,2023,5,33,88,1,5,0,0.9998832703,,,47.273031809
4385995193,1,2023_5_33_1_1,2023,5,33,48,2,1,0,0,,,156.14916583
4385995194,1,2023_5_33_1_1,2023,5,33,69,2,1,0,0,,,48.788588358
4385995203,1,2023_5_33_1_1,2023,5,33,26,2,1,0,0,,,39.275420583
4385995207,1,2023_5_33_1_1,2023,5,33,52,1,1,0,0,,,336.14252852
4385995208,1,2023_5_33_1_1,2023,5,33,40,2,1,0,0,,,156.14916583
4385995211,1,2023_5_33_1_1,2023,5,33,47,2,1,0,0,,,156.14916583
4385995213,1,2023_5_33_1_1,2023,5,33,64,2,1,0,0,,,47.273031809
4385995214,1,2023_5_33_1_1,2023,5,33,77,1,1,0,0,,,65.428743901
4385995215,1,2023_5_33_1_1,2023,5,33,44,2,1,0,0,,,39.275420583
4385995220,1,2023_5_33_1_1,2023,5,33,59,2,1,0,0,,,94.412745293
4385995221,1,2023_5_33_1_1,2023,5,33,68,1,1,0,0,,,25.730381027
4385995225,1,2023_5_33_1_1,2023,5,33,72,1,5,0,0,,,32.254813474
4385995226,1,2023_5_33_1_1,2023,5,33,33,1,1,0,0.9998832703,,,64.957587481
4385995233,1,2023_5_33_1_1,2023,5,33,50,2,1,0,0,,,38.055378707
4385995235,1,2023_5_33_1_1,2023,5,33,45,2,1,0,0,,,156.14916583
4385995240,1,2023_5_33_1_1,2023,5,33,81,1,1,0,2.9996498108,,,47.273031809
4385995241,1,2023_5_33_1_1,2023,5,33,28,1,1,1.0001167297,2.9996498108,,,84.548253032
4385995244,1,2023_5_33_1_1,2023,5,33,30,2,1,0,0,,,39.275420583
4385995253,1,2023_5_33_1_1,2023,5,33,31,2,1,0,0,,,64.957587481
4385995266,1,2023_5_33_1_1,2023,5,33,63,1,1,0,0,1,1,39.275420583
4385995293,1,2023_5_33_1_1,2023,5,33,57,2,3,0,0,,,33.567385277
4385995300,1,2023_5_33_1_1,2023,5,33,68,1,1,61.007120514,29.996498108,,,65.428743901
4385995304,1,2023_5_33_1_1,2023,5,33,79,2,1,0,0,,,48.788588358
4385995305,1,2023_5_33_1_1,2023,5,33,41,1,1,0,0,,,52.670952807
4385995318,1,2023_5_33_1_1,2023,5,33,30,1,5,0,0,,,39.275420583
4385995319,1,2023_5_33_1_1,2023,5,33,65,2,1,0,0,,,20.295907311
4385995320,1,2023_5_33_1_1,2023,5,33,66,1,1,0,0.9998832703,,,19.665440304
4385995329,1,2023_5_33_1_1,2023,5,33,44,1,1,0,0,,,144.31732726
4385995333,1,2023_5_33_1_1,2023,5,33,36,1,1,0,7.9990661621,,,39.275420583
4385995334,1,2023_5_33_1_1,2023,5,33,43,1,4,0,0,,,38.055378707
4385995338,1,2023_5_33_1_1,2023,5,33,63,1,1,0,0,,,52.670952807
4385995354,1,2023_5_33_1_1,2023,5,33,56,2,1,0,2.9996498108,,1,45.097428821
4385995355,1,2023_5_33_1_1,2023,5,33,74,1,1,1.0001167297,1.9997665405,,,19.665440304
4385995358,1,2023_5_33_1_1,2023,5,33,58,2,1,0,0,,,25.730381027
4385995360,1,2023_5_33_1_1,2023,5,33,56,1,1,0,0,,,94.412745293
4385995363,1,2023_5_33_1_1,2023,5,33,54,1,1,0,0,,,38.055378707
4385995365,1,2023_5_33_1_1,2023,5,33,54,1,1,1.0001167297,0.9998832703,,,39.275420583
4385995369,1,2023_5_33_1_1,2023,5,33,37,2,1,0,0,,,156.14916583
4385995370,1,2023_5_33_1_1,2023,5,33,58,2,1,0,0,,,38.055378707
4385995374,1,2023_5_33_1_1,2023,5,33,68,2,1,0,0,,,48.788588358
4385995376,1,2023_5_33_1_1,2023,5,33,72,1,1,0,0,,,19.665440304
4385995377,1,2023_5_33_1_1,2023,5,33,71,1,1,0,0,,,19.665440304
4385995380,1,2023_5_33_1_1,2023,5,33,74,2,1,0,0,,,48.788588358
4385995381,1,2023_5_33_1_1,2023,5,33,66,2,1,0,0,,,47.273031809
4385995384,1,2023_5_33_1_1,2023,5,33,60,2,1,0,0,,,39.275420583
4385995389,1,2023_5_33_1_1,2023,5,33,47,1,1,0,0,,,91.479931305
4385995396,1,2023_5_33_1_1,2023,5,33,13,1,1,0,0,,,139.83428977
4385995397,1,2023_5_33_1_1,2023,5,33,75,2,1,0,0,,,48.788588358
4385995399,1,2023_5_33_1_1,2023,5,33,68,2,1,0,0,,,20.295907311
4385995401,1,2023_5_33_1_1,2023,5,33,55,1,1,0,0,,,94.412745293
4385995411,1,2023_5_33_1_1,2023,5,33,40,1,1,0,0,,,64.957587481
4385995416,1,2023_5_33_1_1,2023,5,33,76,1,1,0,0,,,20.295907311
4385995418,1,2023_5_33_1_1,2023,5,33,62,1,1,0,0,,,39.275420583
4385995419,1,2023_5_33_1_1,2023,5,33,52,2,1,0,0,,,39.275420583
4385995423,1,2023_5_33_1_1,2023,5,33,60,1,1,1.0001167297,2.9996498108,,,33.567385277
4385995424,1,2023_5_33_1_1,2023,5,33,42,1,1,0,0,,,64.957587481
4385995425,1,2023_5_33_1_1,2023,5,33,66,1,1,0,0,,,29.644224892
4385995427,1,2023_5_33_1_1,2023,5,33,52,1,1,0,0,,,39.275420583
4385995428,1,2023_5_33_1_1,2023,5,33,40,2,1,0,0,,,64.957587481
4385995432,1,2023_5_33_1_1,2023,5,33,74,2,1,0,0,,,48.788588358
4385995434,1,2023_5_33_1_1,2023,5,33,45,1,1,2.0002334595,2.9996498108,,,19.665440304
4385995437,1,2023_5_33_1_1,2023,5,33,70,1,1,0,0,,,27.21816241
4385995444,1,2023_5_33_1_1,2023,5,33,32,1,1,0,0,,,113.38483406
4385995449,1,2023_5_33_1_1,2023,5,33,34,1,1,0,0.9998832703,,,39.275420583
4385995451,1,2023_5_33_1_1,2023,5,33,59,2,1,0,0,,,38.055378707
4385995452,1,2023_5_33_1_1,2023,5,33,32,2,1,0,0,,,38.055378707
4385995456,1,2023_5_33_1_1,2023,5,33,44,2,1,0,0,,,64.957587481
4385995457,1,2023_5_33_1_1,2023,5,33,62,1,1,0,0,,,94.412745293
4385995461,1,2023_5_33_1_1,2023,5,33,69,2,1,0,0,,,48.788588358
4385995463,1,2023_5_33_1_1,2023,5,33,55,1,1,1.0001167297,0,,,39.275420583
4385995469,1,2023_5_33_1_1,2023,5,33,42,2,1,0,0,,,196.92897656
4385995476,1,2023_5_33_1_1,2023,5,33,64,1,1,0,0,,,94.412745293
4385995480,1,2023_5_33_1_1,2023,5,33,72,1,1,0,0,,,43.691028163
4385995486,1,2023_5_33_1_1,2023,5,33,37,2,1,0,0,,,64.957587481
4385995494,1,2023_5_33_1_1,2023,5,33,65,1,1,0,0,,,48.788588358
4385995495,1,2023_5_33_1_1,2023,5,33,57,2,1,0,0,,,39.275420583
4385995503,1,2023_5_33_1_1,2023,5,33,57,1,1,0,0,,,38.055378707
4385995504,1,2023_5_33_1_1,2023,5,33,73,1,1,0,0,,,27.21816241
4385995505,1,2023_5_33_1_1,2023,5,33,58,1,1,2.0002334595,0,,,39.275420583
4385995506,1,2023_5_33_1_1,2023,5,33,83,1,1,5.0005836487,0,,,48.788588358
4385995507,1,2023_5_33_1_1,2023,5,33,38,2,1,0,0,,,64.957587481
4385995508,1,2023_5_33_1_1,2023,5,33,73,2,1,0,0,,,48.788588358
4385995511,1,2023_5_33_1_1,2023,5,33,71,1,1,0,0,,,47.273031809
4385995516,1,2023_5_33_1_1,2023,5,33,37,2,1,0,0,,,38.055378707
4385995520,1,2023_5_33_1_1,2023,5,33,-3,-3,-3,0,0,,,46.483236847
4385995525,1,2023_5_33_1_1,2023,5,33,55,2,1,0,0,,,64.957587481
4385995526,1,2023_5_33_1_1,2023,5,33,70,2,1,0,0,,,20.295907311
4385995527,1,2023_5_33_1_1,2023,5,33,52,1,1,0,0,,,64.957587481
4385995531,1,2023_5_33_1_1,2023,5,33,72,1,1,1.0001167297,1.9997665405,,,27.21816241
4385995539,1,2023_5_33_1_1,2023,5,33,37,1,1,0,0,,,64.957587481
4385995540,1,2023_5_33_1_1,2023,5,33,30,2,1,0,0,,,84.548253032
4385995542,1,2023_5_33_1_1,2023,5,33,61,1,1,0,0,,,38.055378707
4385995543,1,2023_5_33_1_1,2023,5,33,46,1,1,0,0,,,64.957587481
4385995545,1,2023_5_33_1_1,2023,5,33,70,2,1,0,0,,,58.592576433
4385995557,1,2023_5_33_1_1,2023,5,33,53,1,1,2.0002334595,0,,,39.275420583
4385995558,1,2023_5_33_1_1,2023,5,33,62,1,1,0,0,,,94.412745293
4385995565,1,2023_5_33_1_1,2023,5,33,60,1,1,0,0.9998832703,,,39.275420583
4385995567,1,2023_5_33_1_1,2023,5,33,67,1,1,0,0,,,10.703761801
4385995576,1,2023_5_33_1_1,2023,5,33,52,2,1,0,0,,,39.275420583
4385995580,1,2023_5_33_1_1,2023,5,33,65,1,1,1.0001167297,0,,,20.295907311
4385995581,1,2023_5_33_1_1,2023,5,33,64,1,1,0,0,,,39.275420583
4385995584,1,2023_5_33_1_1,2023,5,33,61,1,1,0,0,,,39.275420583
4385995588,1,2023_5_33_1_1,2023,5,33,36,1,1,0,1.9997665405,,,64.957587481
4385995590,1,2023_5_33_1_1,2023,5,33,-3,2,1,0,0,,,83.321257105
4385995591,1,2023_5_33_1_1,2023,5,33,59,1,1,0,0,1,1,94.412745293
4385995593,1,2023_5_33_1_1,2023,5,33,52,1,1,0,0,,,64.957587481
4385995594,1,2023_5_33_1_1,2023,5,33,71,1,1,0,0,,,19.665440304
4385995595,1,2023_5_33_1_1,2023,5,33,68,2,1,0,0,,,43.691028163
4385995597,1,2023_5_33_1_1,2023,5,33,38,2,1,0,0,,,336.14252852
4385995608,1,2023_5_33_1_1,2023,5,33,27,2,1,0,0,,,84.548253032
4385995612,1,2023_5_33_1_1,2023,5,33,43,1,1,0,7.9990661621,,,84.548253032
4385995613,1,2023_5_33_1_1,2023,5,33,65,1,1,0,0,,,19.665440304
4385995615,1,2023_5_33_1_1,2023,5,33,65,2,1,0,0,,,48.788588358
4385995617,1,2023_5_33_1_1,2023,5,33,37,1,1,0,0,,,64.957587481
4385995624,1,2023_5_33_1_1,2023,5,33,72,2,1,0,0,,,43.691028163
4385995625,1,2023_5_33_1_1,2023,5,33,52,1,1,15.001750946,0,,,156.14916583
4385995628,1,2023_5_33_1_1,2023,5,33,60,2,1,2.0002334595,1.9997665405,,,39.275420583
4385995630,1,2023_5_33_1_1,2023,5,33,59,2,1,0,0,,,39.275420583
4385995631,1,2023_5_33_1_1,2023,5,33,68,1,1,0,0,,,48.788588358
4385995635,1,2023_5_33_1_1,2023,5,33,48,2,1,0,0,,,64.957587481
4385995636,1,2023_5_33_1_1,2023,5,33,80,1,1,0,0,,,20.295907311
4385995637,1,2023_5_33_1_1,2023,5,33,62,1,1,0,4.9994163513,,,113.38483406
4385995641,1,2023_5_33_1_1,2023,5,33,33,2,1,0,0,,,84.548253032
4385995643,1,2023_5_33_1_1,2023,5,33,58,2,1,0,0,,,39.275420583
4385995649,1,2023_5_33_1_1,2023,5,33,56,2,3,0,0,,,39.275420583
4385995653,1,2023_5_33_1_1,2023,5,33,53,2,1,0,9.9988327026,,,39.275420583
4385995657,1,2023_5_33_1_1,2023,5,33,75,1,1,0,0,1,1,48.788588358
4385995658,1,2023_5_33_1_1,2023,5,33,45,2,1,0,0,,,38.055378707
4385995659,1,2023_5_33_1_1,2023,5,33,49,2,1,0,0,,,64.957587481
4385995660,1,2023_5_33_1_1,2023,5,33,74,1,1,0,0.9998832703,,,47.273031809
4385995661,1,2023_5_33_1_1,2023,5,33,33,1,1,0,0,,,139.83428977
4385995662,1,2023_5_33_1_1,2023,5,33,49,2,1,0,0,,,126.61377467
4385995667,1,2023_5_33_1_1,2023,5,33,55,1,5,10.001167297,9.9988327026,,,64.957587481
4385995668,1,2023_5_33_1_1,2023,5,33,60,1,1,0,1.9997665405,,,39.275420583
4385995675,1,2023_5_33_1_1,2023,5,33,72,1,1,0,0,,,48.788588358
4385995680,1,2023_5_33_1_1,2023,5,33,46,1,5,1.0001167297,0.9998832703,,,39.275420583
4385995683,1,2023_5_33_1_1,2023,5,33,70,1,1,0,0,,,65.428743901
4385995685,1,2023_5_33_1_1,2023,5,33,56,1,1,0,0,,,94.412745293
4385995696,1,2023_5_33_1_1,2023,5,33,38,2,1,0,0,,,39.275420583
4385995702,1,2023_5_33_1_1,2023,5,33,53,1,1,0,0,,,38.055378707
4385995704,1,2023_5_33_1_1,2023,5,33,66,1,1,0,0,,,20.295907311
4385995710,1,2023_5_33_1_1,2023,5,33,38,1,1,15.001750946,0,,,64.957587481
4385995712,1,2023_5_33_1_1,2023,5,33,55,1,1,0,0,,,64.957587481
4385995716,1,2023_5_33_1_1,2023,5,33,49,1,1,0,0,,,64.957587481
4385995717,1,2023_5_33_1_1,2023,5,33,57,1,1,0,4.9994163513,,,38.055378707
4385995718,1,2023_5_33_1_1,2023,5,33,63,2,1,0,0,,,94.412745293
4385995725,1,2023_5_33_1_1,2023,5,33,40,1,1,0,0,,,64.957587481
4385995726,1,2023_5_33_1_1,2023,5,33,65,2,1,0,0,,,48.788588358
4385995728,1,2023_5_33_1_1,2023,5,33,42,1,1,0,0,,,64.957587481
4385995729,1,2023_5_33_1_1,2023,5,33,79,1,1,0,1.9997665405,,,48.788588358
4385995731,1,2023_5_33_1_1,2023,5,33,41,2,1,0,0,,,64.957587481
4385995735,1,2023_5_33_1_1,2023,5,33,74,1,1,0,0,,,18.270493349
4385995741,1,2023_5_33_1_1,2023,5,33,64,2,3,0,0,,,113.38483406
4385995748,1,2023_5_33_1_1,2023,5,33,42,2,1,1.0001167297,0,,,156.14916583
4385995749,1,2023_5_33_1_1,2023,5,33,26,1,1,0,0,,,91.479931305
4385995750,1,2023_5_33_1_1,2023,5,33,32,1,1,0,0,,,52.670952807
4385995752,1,2023_5_33_1_1,2023,5,33,64,1,1,0,0,,,20.295907311
4385995757,1,2023_5_33_1_1,2023,5,33,59,1,1,0,0,,,91.479931305
4385995758,1,2023_5_33_1_1,2023,5,33,64,1,1,0,0,,,94.412745293
4385995760,1,2023_5_33_1_1,2023,5,33,40,2,1,0,0,,,64.957587481
4385995761,1,2023_5_33_1_1,2023,5,33,49,2,1,0,0,,,156.14916583
4385995768,1,2023_5_33_1_1,2023,5,33,70,1,1,0,0,,,58.592576433
4385995769,1,2023_5_33_1_1,2023,5,33,50,1,1,0,0,,,38.055378707
4385995771,1,2023_5_33_1_1,2023,5,33,67,2,1,0,0,,,20.295907311
4385995776,1,2023_5_33_1_1,2023,5,33,75,1,1,0,0.9998832703,,,20.295907311
4385995777,1,2023_5_33_1_1,2023,5,33,60,2,1,0,0,,,48.788588358
4385995778,1,2023_5_33_1_1,2023,5,33,55,1,1,0,0,,,64.957587481
4385995783,1,2023_5_33_1_1,2023,5,33,43,2,1,1.0001167297,0,,,52.670952807
4385995785,1,2023_5_33_1_1,2023,5,33,29,2,5,0,0,,,39.275420583
4385995788,1,2023_5_33_1_1,2023,5,33,62,1,1,1.0001167297,0,,,20.295907311
4385995791,1,2023_5_33_1_1,2023,5,33,52,2,1,0,0,,,94.412745293
4385995795,1,2023_5_33_1_1,2023,5,33,46,1,1,10.001167297,0,,,64.957587481
4385995796,1,2023_5_33_1_1,2023,5,33,67,1,1,0,0,,,47.273031809
4385995805,1,2023_5_33_1_1,2023,5,33,-3,1,1,0,20.997548676,,,46.483236847
4385995806,1,2023_5_33_1_1,2023,5,33,65,1,1,0,0,,,48.788588358
4385995807,1,2023_5_33_1_1,2023,5,33,56,2,1,0,0,,,156.14916583
4385995810,1,2023_5_33_1_1,2023,5,33,43,2,1,0,0,,,38.055378707
4385995812,1,2023_5_33_1_1,2023,5,33,65,1,1,1.0001167297,0,,,25.730381027
4385995813,1,2023_5_33_1_1,2023,5,33,64,2,1,0,0,,,48.788588358
4385995818,1,2023_5_33_1_1,2023,5,33,54,1,1,2.0002334595,0,,,64.957587481
4385995819,1,2023_5_33_1_1,2023,5,33,60,1,1,0,0,,,113.38483406
4385995821,1,2023_5_33_1_1,2023,5,33,60,1,1,10.001167297,1.9997665405,,,126.61377467
4385995822,1,2023_5_33_1_1,2023,5,33,54,2,1,1.0001167297,0.9998832703,,,38.055378707
4385995823,1,2023_5_33_1_1,2023,5,33,61,1,1,0,1.9997665405,,,39.275420583
4385995824,1,2023_5_33_1_1,2023,5,33,64,1,1,20.002334595,0,,,20.295907311
4385995825,1,2023_5_33_1_1,2023,5,33,91,1,1,0,0,,,48.788588358
4385995826,1,2023_5_33_1_1,2023,5,33,66,1,1,0,0,,,20.295907311
4385995828,1,2023_5_33_1_1,2023,5,33,58,2,1,0,0,,,39.275420583
4385995829,1,2023_5_33_1_1,2023,5,33,63,2,1,0,0,,,39.275420583
4385995831,1,2023_5_33_1_1,2023,5,33,47,1,1,0,4.9994163513,,,156.14916583
4385995832,1,2023_5_33_1_1,2023,5,33,75,1,1,3.0003501892,9.9988327026,,,48.788588358
4385995833,1,2023_5_33_1_1,2023,5,33,49,1,1,2.0002334595,0,,,64.957587481
4385995834,1,2023_5_33_1_1,2023,5,33,75,1,1,0,0,,,20.295907311
4385995840,1,2023_5_33_1_1,2023,5,33,29,2,1,0,0,,,39.275420583
4385995843,1,2023_5_33_1_1,2023,5,33,55,1,1,16.001867676,0,,,39.275420583
4385995846,1,2023_5_33_1_1,2023,5,33,63,1,1,35.004085541,29.996498108,,,55.583728654
4385995847,1,2023_5_33_1_1,2023,5,33,53,1,1,15.001750946,1.9997665405,,,64.957587481
4385995851,1,2023_5_33_1_1,2023,5,33,42,2,1,0,0,,,64.957587481
4385995853,1,2023_5_33_1_1,2023,5,33,74,1,1,0,1.9997665405,,,48.788588358
4385995856,1,2023_5_33_1_1,2023,5,33,46,1,1,0,0,,,64.957587481
4385995857,1,2023_5_33_1_1,2023,5,33,73,1,1,0,0,,,19.665440304
4385995859,1,2023_5_33_1_1,2023,5,33,14,2,1,0,0,,,64.957587481
4385995863,1,2023_5_33_1_1,2023,5,33,62,1,1,2.0002334595,0,,,272.56165049
4385995873,1,2023_5_33_1_1,2023,5,33,62,2,1,0,0,,,20.295907311
4385995874,1,2023_5_33_1_1,2023,5,33,52,1,1,0,0.9998832703,,,39.275420583
4385995875,1,2023_5_33_1_1,2023,5,33,63,2,1,0,0,,,39.275420583
4385995878,1,2023_5_33_1_1,2023,5,33,66,1,1,0,0.9998832703,,,24.051612844
4385995881,1,2023_5_33_1_1,2023,5,33,64,2,1,0,0,,,84.548253032
4385995885,1,2023_5_33_1_1,2023,5,33,69,2,1,0,0,,,65.428743901
4385995886,1,2023_5_33_1_1,2023,5,33,71,1,1,0,0,,,11.046920589
4385995887,1,2023_5_33_1_1,2023,5,33,57,1,1,0,0,,,39.275420583
4385995889,1,2023_5_33_1_1,2023,5,33,64,1,1,1.0001167297,0,,,94.412745293
4385995898,1,2023_5_33_1_1,2023,5,33,50,2,1,0,0,,,38.055378707
4385995901,1,2023_5_33_1_1,2023,5,33,54,1,1,12.001400757,0,,,91.479931305
4385995902,1,2023_5_33_1_1,2023,5,33,75,1,1,0,1.9997665405,,,105.02726266
4385995903,1,2023_5_33_1_1,2023,5,33,50,1,1,0,0,,,64.957587481
4385995905,1,2023_5_33_1_1,2023,5,33,67,1,1,12.001400757,0,,,20.295907311
4385995907,1,2023_5_33_1_1,2023,5,33,25,2,3,0,0,,,84.548253032
4385995909,1,2023_5_33_1_1,2023,5,33,62,1,1,0,0,,,39.275420583
4385995910,1,2023_5_33_1_1,2023,5,33,62,1,1,0,0,,,38.055378707
4385995912,1,2023_5_33_1_1,2023,5,33,73,1,1,0,0,,,19.665440304
4385995913,1,2023_5_33_1_1,2023,5,33,53,1,1,0,0,,,94.412745293
4385995922,1,2023_5_33_1_1,2023,5,33,60,1,1,0,0,,,94.412745293
4385995923,1,2023_5_33_1_1,2023,5,33,71,1,1,0,0,,,48.788588358
4385995924,1,2023_5_33_1_1,2023,5,33,61,1,1,0,0,,,38.055378707
4385995925,1,2023_5_33_1_1,2023,5,33,43,2,1,0,0,,,33.567385277
4385995930,1,2023_5_33_1_1,2023,5,33,39,1,1,0,0.9998832703,,,113.38483406
4385995931,1,2023_5_33_1_1,2023,5,33,58,2,1,0,0,,,48.788588358
4385995937,1,2023_5_33_1_1,2023,5,33,75,1,1,40.00466919,0,,,20.295907311
4385995941,1,2023_5_33_1_1,2023,5,33,69,1,1,0,1.9997665405,,,48.788588358
4385995947,1,2023_5_33_1_1,2023,5,33,66,2,1,0,0,,,20.295907311
4385995950,1,2023_5_33_1_1,2023,5,33,66,1,1,0,0,1,,19.665440304
4385995953,1,2023_5_33_1_1,2023,5,33,64,1,1,0,0.9998832703,,,113.38483406
4385995957,1,2023_5_33_1_1,2023,5,33,68,1,1,0,1.9997665405,,,58.592576433
4385995963,1,2023_5_33_1_1,2023,5,33,67,1,1,0,43.283802456,,1,62.537960686
4385995965,1,2023_5_33_1_1,2023,5,33,73,1,1,4.000466919,0,,,20.295907311
4385995967,1,2023_5_33_1_1,2023,5,33,59,1,4,0,0,,,84.548253032
4385995969,1,2023_5_33_1_1,2023,5,33,47,2,1,0,0,,,52.670952807
4385995972,1,2023_5_33_1_1,2023,5,33,68,1,1,0,0,,,35.12981259
4385995973,1,2023_5_33_1_1,2023,5,33,61,1,1,0,0,,,94.412745293
4385995976,1,2023_5_33_1_1,2023,5,33,55,1,1,0,0,,,91.479931305
4385995980,1,2023_5_33_1_1,2023,5,33,57,1,1,0,0,,,52.670952807
4385995983,1,2023_5_33_1_1,2023,5,33,66,2,1,0,0,,,48.788588358
4385995988,1,2023_5_33_1_1,2023,5,33,35,2,1,0,0,,,64.957587481
4385995994,1,2023_5_33_1_1,2023,5,33,69,1,1,0,0,,,58.592576433
4385995995,1,2023_5_33_1_1,2023,5,33,68,1,1,0,0,,,11.046920589
4385995996,1,2023_5_33_1_1,2023,5,33,33,1,1,12.001400757,0,,,19.665440304
4385995997,1,2023_5_33_1_1,2023,5,33,64,1,1,1.0001167297,0.9998832703,,,20.295907311
4385995998,1,2023_5_33_1_1,2023,5,33,64,1,1,15.001750946,9.9988327026,,,94.412745293
4385996001,1,2023_5_33_1_1,2023,5,33,48,2,2,0,0,,,94.412745293
4385996008,1,2023_5_33_1_1,2023,5,33,55,1,1,5.0005836487,0,,,94.412745293
4385996010,1,2023_5_33_1_1,2023,5,33,61,1,1,10.001167297,0,,,39.275420583
4385996013,1,2023_5_33_1_1,2023,5,33,-3,-3,-3,0,0,1,1,79.445703792
4385996021,1,2023_5_33_1_1,2023,5,33,64,1,1,0,0,,,39.275420583
4385996023,1,2023_5_33_1_1,2023,5,33,62,1,1,4.000466919,0,,,38.055378707
4385996024,1,2023_5_33_1_1,2023,5,33,45,2,1,0,0,,,46.543236313
4385996025,1,2023_5_33_1_1,2023,5,33,68,1,1,0,1.9997665405,,,20.295907311
4385996028,1,2023_5_33_1_1,2023,5,33,70,1,1,1.0001167297,3.999533081,,,20.295907311
4385996033,1,2023_5_33_1_1,2023,5,33,73,1,1,0,0,,,65.428743901
4385996037,1,2023_5_33_1_1,2023,5,33,59,2,1,10.001167297,6.9991828918,,,84.548253032
4385996042,1,2023_5_33_1_1,2023,5,33,67,1,1,0,0,,,48.788588358
4385996044,1,2023_5_33_1_1,2023,5,33,78,1,1,0,0,,,48.788588358
4385996049,1,2023_5_33_1_1,2023,5,33,32,2,1,0,0,,,64.957587481
4385996054,1,2023_5_33_1_1,2023,5,33,67,1,1,0,0,,,48.788588358
4385996057,1,2023_5_33_1_1,2023,5,33,28,2,1,0,0,,,39.275420583
4385996058,1,2023_5_33_1_1,2023,5,33,72,1,1,0,0,,,65.428743901
4385996061,1,2023_5_33_1_1,2023,5,33,69,2,1,0,0,,,48.788588358
4385996062,1,2023_5_33_1_1,2023,5,33,70,2,-3,0,0,,,20.295907311
4385996063,1,2023_5_33_1_1,2023,5,33,67,1,1,0,0,,,48.788588358
4385996069,1,2023_5_33_1_1,2023,5,33,60,1,1,4.000466919,0,,,39.275420583
4385996074,1,2023_5_33_1_1,2023,5,33,32,2,1,0,0,,,64.957587481
4385996077,1,2023_5_33_1_0,2023,5,33,79,1,1,0,0,,,281.7822446
4385996079,1,2023_5_33_1_0,2023,5,33,70,2,1,0,0,,,290.81608292
4385996082,1,2023_5_33_1_0,2023,5,33,48,2,1,0,0,,,399.60862302
4385996084,1,2023_5_33_1_0,2023,5,33,60,1,1,10.001167297,1.9997665405,,,112.50726846
4385996086,1,2023_5_33_1_0,2023,5,33,64,1,1,0,0,1,1,262.05084598
4385996087,1,2023_5_33_1_0,2023,5,33,69,2,1,0,0,,,120.97862353
4385996089,1,2023_5_33_1_0,2023,5,33,40,1,1,0,0,,,387.19528035
4385996091,1,2023_5_33_1_0,2023,5,33,68,2,1,0,0,,,120.97862353
4385996092,1,2023_5_33_1_0,2023,5,33,75,2,1,0,0,,,390.0037212
4385996094,1,2023_5_33_1_0,2023,5,33,53,1,1,0,0,,,930.76455554
4385996098,1,2023_5_33_1_0,2023,5,33,38,1,1,0,0,,,754.71177241
4385996099,1,2023_5_33_1_0,2023,5,33,60,2,1,0,0,,,545.28807214
4385996108,1,2023_5_33_1_0,2023,5,33,71,2,1,0,0,,,120.97862353
4385996110,1,2023_5_33_1_0,2023,5,33,64,2,1,0,0,,,120.97862353
4385996112,1,2023_5_33_1_0,2023,5,33,25,1,3,0,0,,,488.31493836
4385996115,1,2023_5_33_1_0,2023,5,33,53,1,1,0,0,,,226.83821242
4385996116,1,2023_5_33_1_0,2023,5,33,47,1,1,0,0,,,313.95784741
4385996117,1,2023_5_33_1_0,2023,5,33,72,2,1,0,0,,,290.81608292
4385996118,1,2023_5_33_1_0,2023,5,33,82,1,1,0,0,,,290.81608292
4385996120,1,2023_5_33_1_0,2023,5,33,40,1,1,0,0,,,387.19528035
4385996125,1,2023_5_33_1_0,2023,5,33,75,2,1,0,0,,,390.0037212
4385996127,1,2023_5_33_1_0,2023,5,33,48,1,1,0,0,,,226.83821242
4385996136,1,2023_5_33_1_0,2023,5,33,65,2,1,0,0,,,281.7822446
4385996139,1,2023_5_33_1_0,2023,5,33,75,2,1,0,0,,,176.70151268
4385996149,1,2023_5_33_1_0,2023,5,33,63,2,1,0,0,,,313.95784741
4385996151,1,2023_5_33_1_0,2023,5,33,70,2,1,0,0,,,120.97862353
4385996152,1,2023_5_33_1_0,2023,5,33,68,1,1,0,0,,,120.97862353
4385996156,1,2023_5_33_1_0,2023,5,33,63,1,1,0,0,,,562.76981335
4385996158,1,2023_5_33_1_0,2023,5,33,63,1,1,0,0,,,234.11056465
4385996160,1,2023_5_33_1_0,2023,5,33,59,2,1,0,0,,,117.22057372
4385996161,1,2023_5_33_1_0,2023,5,33,56,2,1,0,0,,,387.19528035
4385996163,1,2023_5_33_1_0,2023,5,33,81,1,1,0,0,,,290.81608292
4385996164,1,2023_5_33_1_0,2023,5,33,61,2,1,0,0,,1,226.83821242
4385996165,1,2023_5_33_1_0,2023,5,33,45,2,1,0,0,,,387.19528035
4385996171,1,2023_5_33_1_0,2023,5,33,20,1,1,1.0001167297,0.9998832703,,,120.97862353
4385996172,1,2023_5_33_1_0,2023,5,33,68,1,1,0,0,,,117.22057372
4385996174,1,2023_5_33_1_0,2023,5,33,71,1,1,0,0,,,390.0037212
4385996179,1,2023_5_33_1_0,2023,5,33,69,2,1,0,0,,,290.81608292
4385996180,1,2023_5_33_1_0,2023,5,33,61,2,1,0,0,,,562.76981335
4385996183,1,2023_5_33_1_0,2023,5,33,68,1,1,0,0,,,120.97862353
4385996190,1,2023_5_33_1_0,2023,5,33,68,1,1,0,0,,,290.81608292
4385996192,1,2023_5_33_1_0,2023,5,33,25,1,1,0,0,,,675.85749892
4385996201,1,2023_5_33_1_0,2023,5,33,29,2,4,0,0,,,226.83821242
4385996205,1,2023_5_33_1_0,2023,5,33,67,1,5,0,0,,,120.97862353
4385996213,1,2023_5_33_1_0,2023,5,33,60,2,1,0,0,,,562.76981335
4385996214,1,2023_5_33_1_0,2023,5,33,36,2,1,0,0,,,387.19528035
4385996217,1,2023_5_33_1_0,2023,5,33,69,1,1,0,0,,,260.43085272
4385996218,1,2023_5_33_1_0,2023,5,33,67,1,1,10.001167297,0,,,349.25510535
4385996220,1,2023_5_33_1_0,2023,5,33,64,1,1,0,0,,,234.11056465
4385996222,1,2023_5_33_1_0,2023,5,33,42,2,1,0,0,,,387.19528035
4385996223,1,2023_5_33_1_0,2023,5,33,57,2,1,0,0,,,562.76981335
4385996227,1,2023_5_33_1_0,2023,5,33,40,1,1,0,0,,,117.22057372
4385996238,1,2023_5_33_1_0,2023,5,33,62,2,1,0,0,,,234.11056465
4385996243,1,2023_5_33_1_0,2023,5,33,36,1,5,0,0,,,930.76455554
4385996255,1,2023_5_33_1_0,2023,5,33,74,1,1,0,0,,,162.24038536
4385996260,1,2023_5_33_1_0,2023,5,33,60,1,1,9.0010505676,0,,,234.11056465
4385996261,1,2023_5_33_1_0,2023,5,33,42,2,1,0,0,,,234.11056465
4385996263,1,2023_5_33_1_0,2023,5,33,30,2,1,0,0,,,234.11056465
4385996268,1,2023_5_33_1_0,2023,5,33,57,1,1,0,0,,,234.11056465
4385996277,1,2023_5_33_1_0,2023,5,33,63,1,1,0,0,,,1211.4753673
4385996287,1,2023_5_33_1_0,2023,5,33,28,2,1,0,0,,,234.11056465
4385996292,1,2023_5_33_1_0,2023,5,33,43,1,1,0,0,,,387.19528035
4385996301,1,2023_5_33_1_0,2023,5,33,73,2,1,0,0,,,349.25510535
4385996307,1,2023_5_33_1_0,2023,5,33,66,2,1,0,0,,,120.97862353
4385996312,1,2023_5_33_1_0,2023,5,33,-3,-3,-3,0,0,,,206.60755587
4385996315,1,2023_5_33_1_0,2023,5,33,56,1,1,0,1.9997665405,,,313.95784741
4385996316,1,2023_5_33_1_0,2023,5,33,80,2,1,0,0,,,117.22057372
4385996322,1,2023_5_33_1_0,2023,5,33,65,1,1,0,0,,,120.97862353
4385996324,1,2023_5_33_1_0,2023,5,33,30,1,1,0,0,,,234.11056465
4385996326,1,2023_5_33_1_0,2023,5,33,38,1,1,0,0,,,234.11056465
4385996327,1,2023_5_33_1_0,2023,5,33,30,1,1,0,0,,,503.97014122
4385996332,1,2023_5_33_1_0,2023,5,33,67,1,1,0,0,,,349.25510535
4385996336,1,2023_5_33_1_0,2023,5,33,-3,1,5,0,0,,,277.0744823
4385996340,1,2023_5_33_1_0,2023,5,33,39,1,1,0,0,,,387.19528035
4385996341,1,2023_5_33_1_0,2023,5,33,-3,2,1,0,0,,,496.6563377
4385996347,1,2023_5_33_1_0,2023,5,33,87,1,1,0,0,,,120.97862353
4385996348,1,2023_5_33_1_0,2023,5,33,57,2,1,0,0,,,234.11056465
4385996350,1,2023_5_33_1_0,2023,5,33,64,1,1,0,0,,,226.83821242
4385996351,1,2023_5_33_1_0,2023,5,33,59,1,1,0,0,,,562.76981335
4385996360,1,2023_5_33_1_0,2023,5,33,69,1,1,0,0,,,290.81608292
4385996364,1,2023_5_33_1_0,2023,5,33,71,2,1,0,0,,,176.70151268
4385996369,1,2023_5_33_1_0,2023,5,33,37,1,1,0,0,,,387.19528035
4385996370,1,2023_5_33_1_0,2023,5,33,76,1,1,0,0,,,290.81608292
4385996371,1,2023_5_33_1_0,2023,5,33,41,1,1,0,0,,,675.85749892
4385996372,1,2023_5_33_1_0,2023,5,33,40,2,1,0,0,,,930.76455554
4385996373,1,2023_5_33_1_0,2023,5,33,53,1,1,0,0,,,562.76981335
4385996374,1,2023_5_33_1_0,2023,5,33,77,2,1,0,0,1,,290.81608292
4385996376,1,2023_5_33_1_0,2023,5,33,73,1,1,0,0,,,290.81608292
4385996381,1,2023_5_33_1_0,2023,5,33,38,2,1,0,0,,,234.11056465
4385996384,1,2023_5_33_1_0,2023,5,33,57,1,1,0,0,,,930.76455554
4385996390,1,2023_5_33_1_0,2023,5,33,47,2,1,0,0,,,234.11056465
4385996393,1,2023_5_33_1_0,2023,5,33,63,2,1,0,0,,,562.76981335
4385996403,1,2023_5_33_1_0,2023,5,33,79,2,1,0,0,,,290.81608292
4385996405,1,2023_5_33_1_0,2023,5,33,71,1,1,0,0,,,290.81608292
4385996412,1,2023_5_33_1_0,2023,5,33,68,1,1,0,0,,,390.0037212
4385996413,1,2023_5_33_1_0,2023,5,33,67,2,1,0,0,,,390.0037212
4385996415,1,2023_5_33_1_0,2023,5,33,74,1,1,0,0,,,281.7822446
4385996418,1,2023_5_33_1_0,2023,5,33,38,1,1,0,0,,,387.19528035
4385996424,1,2023_5_33_1_0,2023,5,33,36,1,1,0,0,,,387.19528035
4385996425,1,2023_5_33_1_0,2023,5,33,52,2,1,0,0,,,226.83821242
4385996427,1,2023_5_33_1_0,2023,5,33,37,2,1,0,0,,,387.19528035
4385996428,1,2023_5_33_1_0,2023,5,33,54,2,1,0,0,,,313.95784741
4385996430,1,2023_5_33_1_0,2023,5,33,47,2,1,0,0,1,1,226.83821242
4385996436,1,2023_5_33_1_0,2023,5,33,71,2,1,0,0,,,120.97862353
4385996437,1,2023_5_33_1_0,2023,5,33,56,2,1,0,0,,,290.81608292
4385996441,1,2023_5_33_1_0,2023,5,33,51,1,1,0,0,,,387.19528035
4385996447,1,2023_5_33_1_0,2023,5,33,59,1,1,0,0,,,480.98049281
4385996448,1,2023_5_33_1_0,2023,5,33,59,2,1,0,0,,,562.76981335
4385996449,1,2023_5_33_1_0,2023,5,33,-3,-3,1,0,0,,,328.34640379
4385996451,1,2023_5_33_1_0,2023,5,33,73,2,1,0,0,,,120.97862353
4385996457,1,2023_5_33_1_0,2023,5,33,61,2,1,0,0,,,120.97862353
4385996459,1,2023_5_33_1_0,2023,5,33,70,1,1,0,0,,,117.22057372
4385996461,1,2023_5_33_1_0,2023,5,33,67,2,1,0,0,,,290.81608292
4385996462,1,2023_5_33_1_0,2023,5,33,81,1,1,0,0,,,281.7822446
4385996464,1,2023_5_33_1_0,2023,5,33,40,2,1,0,0,,,117.22057372
4385996466,1,2023_5_33_1_0,2023,5,33,44,2,1,0,0,,,387.19528035
4385996474,1,2023_5_33_1_0,2023,5,33,63,1,1,0,0,,,503.97014122
4385996475,1,2023_5_33_1_0,2023,5,33,66,2,1,0,0,,,120.97862353
4385996476,1,2023_5_33_1_0,2023,5,33,61,1,1,0,0,,,234.11056465
4385996480,1,2023_5_33_1_0,2023,5,33,58,2,1,0,0,,,290.81608292
4385996483,1,2023_5_33_1_0,2023,5,33,55,2,1,0,0,,,226.83821242
4385996486,1,2023_5_33_1_0,2023,5,33,73,1,1,0,0,,,281.7822446
4385996491,1,2023_5_33_1_0,2023,5,33,79,2,1,0,0,1,1,390.0037212
4385996494,1,2023_5_33_1_0,2023,5,33,64,1,1,0,0,,,226.83821242
4385996496,1,2023_5_33_1_0,2023,5,33,74,1,1,0,0,,,290.81608292
4385996499,1,2023_5_33_1_0,2023,5,33,51,1,1,0,0,,,930.76455554
4385996500,1,2023_5_33_1_0,2023,5,33,58,2,1,0,0,,,234.11056465
4385996506,1,2023_5_33_1_0,2023,5,33,66,2,1,0,0,,,120.97862353
4385996507,1,2023_5_33_1_0,2023,5,33,54,2,1,0,0,,,120.97862353
4385996517,1,2023_5_33_1_0,2023,5,33,43,1,1,0,0,,,234.11056465
4385996523,1,2023_5_33_1_0,2023,5,33,34,1,1,0,0,,,234.11056465
4385996525,1,2023_5_33_1_0,2023,5,33,50,1,1,0,0,,,930.76455554
4385996526,1,2023_5_33_1_0,2023,5,33,67,1,1,0,0,,,290.81608292
4385996527,1,2023_5_33_1_0,2023,5,33,61,1,1,0,0,,,120.97862353
4385996529,1,2023_5_33_1_0,2023,5,33,60,1,1,0,0,,,234.11056465
4385996530,1,2023_5_33_1_0,2023,5,33,70,1,1,0,0,,,200.08645113
4385996531,1,2023_5_33_1_0,2023,5,33,32,2,1,0,0,,,313.95784741
4385996534,1,2023_5_33_1_0,2023,5,33,-3,2,1,0,0,,,588.56131771
4385996536,1,2023_5_33_1_0,2023,5,33,36,1,1,0,0,,,387.19528035
4385996538,1,2023_5_33_1_0,2023,5,33,62,1,1,0,0,1,1,120.97862353
4385996540,1,2023_5_33_1_0,2023,5,33,66,1,1,0,0,,,344.63085233
4385996543,1,2023_5_33_1_0,2023,5,33,65,2,1,0,0,,,162.24038536
4385996545,1,2023_5_33_1_0,2023,5,33,58,1,1,0,0,,,234.11056465
4385996546,1,2023_5_33_1_0,2023,5,33,84,1,1,0,0,,,390.0037212
4385996550,1,2023_5_33_1_0,2023,5,33,48,2,1,0,0,,,387.19528035
4385996554,1,2023_5_33_1_0,2023,5,33,42,1,1,0,0,,,833.51582364
4385996555,1,2023_5_33_1_0,2023,5,33,58,1,1,0,0,,,545.28807214
4385996561,1,2023_5_33_1_0,2023,5,33,67,1,1,0,0,,,290.81608292
4385996567,1,2023_5_33_1_0,2023,5,33,58,1,1,0,0,,,112.50726846
4385996575,1,2023_5_33_1_0,2023,5,33,78,2,1,0,0,,,390.0037212
4385996577,1,2023_5_33_1_0,2023,5,33,57,2,1,0,0,,,226.83821242
4385996578,1,2023_5_33_1_0,2023,5,33,73,2,1,0,0,,,290.81608292
4385996580,1,2023_5_33_1_0,2023,5,33,36,1,1,0,0,,,387.19528035
4385996584,1,2023_5_33_1_0,2023,5,33,-3,2,-3,0,0,1,1,277.0744823
4385996585,1,2023_5_33_1_0,2023,5,33,63,-3,-3,0,0,,,754.71177241
4385996596,1,2023_5_33_1_0,2023,5,33,45,2,1,0,0,,,545.28807214
4385996597,1,2023_5_33_1_0,2023,5,33,42,2,1,0,0,,,387.19528035
4385996601,1,2023_5_33_1_0,2023,5,33,32,2,1,0,0,,,234.11056465
4385996602,1,2023_5_33_1_0,2023,5,33,36,2,1,0,0,,,387.19528035
4385996604,1,2023_5_33_1_0,2023,5,33,52,1,4,0,0,,,545.28807214
4385996605,1,2023_5_33_1_0,2023,5,33,42,1,1,0,0,,,387.19528035
4385996606,1,2023_5_33_1_0,2023,5,33,80,2,1,0,0,,,349.25510535
4385996607,1,2023_5_33_1_0,2023,5,33,67,1,1,0,0,,,480.98049281
4385996610,1,2023_5_33_1_0,2023,5,33,44,2,1,0,0,,,387.19528035
4385996611,1,2023_5_33_1_0,2023,5,33,53,2,1,0,0,,,226.83821242
4385996613,1,2023_5_33_1_0,2023,5,33,68,2,1,0,0,1,1,290.81608292
4385996621,1,2023_5_33_1_0,2023,5,33,60,2,1,0,0,,,313.95784741
4385996622,1,2023_5_33_1_0,2023,5,33,44,1,1,0,0,,,930.76455554
4385996624,1,2023_5_33_1_0,2023,5,33,78,1,1,0,0,,,290.81608292
4385996626,1,2023_5_33_1_0,2023,5,33,68,1,1,0,0,,,120.97862353
4385996627,1,2023_5_33_1_0,2023,5,33,56,1,1,0,0,,,226.83821242
4385996628,1,2023_5_33_1_0,2023,5,33,59,1,1,0,0,,,234.11056465
4385996629,1,2023_5_33_1_0,2023,5,33,69,2,1,0,0,,,281.7822446
4385996632,1,2023_5_33_1_0,2023,5,33,56,1,1,0,0,,,226.83821242
4385996639,1,2023_5_33_1_0,2023,5,33,59,2,1,0,0,,,675.85749892
4385996647,1,2023_5_33_1_0,2023,5,33,85,2,1,0,0,,,290.81608292
4385996650,1,2023_5_33_1_0,2023,5,33,45,2,1,0,0,,,1211.4753673
4385996651,1,2023_5_33_1_0,2023,5,33,39,2,1,0,0,,,930.76455554
4385996652,1,2023_5_33_1_0,2023,5,33,72,1,1,0,0,,1,290.81608292
4385996655,1,2023_5_33_1_0,2023,5,33,71,1,1,0,0,,,290.81608292
4385996657,1,2023_5_33_1_0,2023,5,33,41,2,1,1.0001167297,0,,,675.85749892
4385996658,1,2023_5_33_1_0,2023,5,33,43,1,1,0,0,,,675.85749892
4385996659,1,2023_5_33_1_0,2023,5,33,33,2,1,0,0,,,313.95784741
4385996663,1,2023_5_33_1_0,2023,5,33,44,2,1,0,0,,,387.19528035
4385996666,1,2023_5_33_1_0,2023,5,33,42,1,1,0,0,,,387.19528035
4385996667,1,2023_5_33_1_0,2023,5,33,76,1,1,1.0001167297,0,,,281.7822446
4385996671,1,2023_5_33_1_0,2023,5,33,35,2,1,0,0,,,387.19528035
4385996672,1,2023_5_33_1_0,2023,5,33,28,2,1,0,0,,,503.97014122
4385996677,1,2023_5_33_1_0,2023,5,33,55,2,1,0,0,,,226.83821242
4385996678,1,2023_5_33_1_0,2023,5,33,45,2,1,0,0,,,387.19528035
4385996679,1,2023_5_33_1_0,2023,5,33,41,1,1,1.0001167297,0,,,930.76455554
4385996680,1,2023_5_33_1_0,2023,5,33,74,2,1,0,0,,,290.81608292
4385996681,1,2023_5_33_1_0,2023,5,33,45,2,1,0,0,,,930.76455554
4385996684,1,2023_5_33_1_0,2023,5,33,55,1,1,0,0,,,545.28807214
4385996685,1,2023_5_33_1_0,2023,5,33,70,1,1,0,0,,,281.7822446
4385996689,1,2023_5_33_1_0,2023,5,33,54,2,1,0,0,,,387.19528035
4385996691,1,2023_5_33_1_0,2023,5,33,63,2,1,0,0,,,545.28807214
4385996696,1,2023_5_33_1_0,2023,5,33,60,2,1,0,0,,,117.22057372
4385996698,1,2023_5_33_1_0,2023,5,33,37,2,1,0,0,,,200.08645113
4385996702,1,2023_5_33_1_0,2023,5,33,59,1,1,0,0,,,234.11056465
4385996703,1,2023_5_33_1_0,2023,5,33,64,2,1,0,0,,,290.81608292
4385996704,1,2023_5_33_1_0,2023,5,33,40,1,1,0,0,,,930.76455554
4385996706,1,2023_5_33_1_0,2023,5,33,66,1,1,0,0,,,290.81608292
4385996710,1,2023_5_33_1_0,2023,5,33,60,1,1,0,0,,,226.83821242
4385996713,1,2023_5_33_1_0,2023,5,33,26,2,1,0,0,,,503.97014122
4385996719,1,2023_5_33_1_0,2023,5,33,74,2,1,0,0,,,162.24038536
4385996722,1,2023_5_33_1_0,2023,5,33,69,2,1,0,0,,,252.34089362
4385996732,1,2023_5_33_1_0,2023,5,33,70,1,1,0,0,,,260.43085272
4385996733,1,2023_5_33_1_0,2023,5,33,67,1,1,0,0,,,120.97862353
4385996736,1,2023_5_33_1_0,2023,5,33,51,1,1,0,0,,,234.11056465
4385996737,1,2023_5_33_1_0,2023,5,33,27,1,1,0,0,,,754.71177241
4385996738,1,2023_5_33_1_0,2023,5,33,57,1,1,0,0,,,234.11056465
4385996740,1,2023_5_33_1_0,2023,5,33,58,1,1,0,0,,,117.22057372
4385996747,1,2023_5_33_1_0,2023,5,33,50,2,1,0,0,,,675.85749892
4385996752,1,2023_5_33_1_0,2023,5,33,70,1,1,0,0,,,290.81608292
4385996772,1,2023_5_33_1_0,2023,5,33,51,2,1,0,0,,,387.19528035
4385996773,1,2023_5_33_1_0,2023,5,33,70,1,1,0,0,,,120.97862353
4385996787,1,2023_5_33_1_0,2023,5,33,44,2,1,0,0,,,387.19528035
4385996796,1,2023_5_33_1_0,2023,5,33,74,1,1,0,0,,,290.81608292
4385996797,1,2023_5_33_1_0,2023,5,33,12,1,1,0,0,,,387.19528035
4385996798,1,2023_5_33_1_0,2023,5,33,58,1,5,0,0,,,562.76981335
4385996803,1,2023_5_33_1_0,2023,5,33,60,1,1,0,0,,,545.28807214
4385996805,1,2023_5_33_1_0,2023,5,33,75,1,2,0,0,,,290.81608292
4385996806,1,2023_5_33_1_0,2023,5,33,87,1,1,0,0,,,626.04019001
4385996821,1,2023_5_33_1_0,2023,5,33,79,1,4,0,0,,,290.81608292
4385996828,1,2023_5_33_1_0,2023,5,33,67,1,1,0,0,,,281.7822446
4385996829,1,2023_5_33_1_0,2023,5,33,34,1,1,0,0,,,387.19528035
4385996830,1,2023_5_33_1_0,2023,5,33,43,2,1,0,0,,,930.76455554
4385996835,1,2023_5_33_1_0,2023,5,33,45,2,1,0,0,,,387.19528035
4385996838,1,2023_5_33_1_0,2023,5,33,48,2,1,0,0,,,675.85749892
4385996840,1,2023_5_33_1_0,2023,5,33,79,2,1,0,0,,,390.0037212
4385996863,1,2023_5_33_1_0,2023,5,33,33,1,4,0,0,,,313.95784741
4385996867,1,2023_5_33_1_0,2023,5,33,32,2,3,0,0,1,1,503.97014122
4385996878,1,2023_5_33_1_0,2023,5,33,79,1,1,0,0,,,290.81608292
4385996881,1,2023_5_33_1_0,2023,5,33,31,2,1,0,0,,,234.11056465
4385996894,1,2023_5_33_1_0,2023,5,33,59,2,1,0,0,,,675.85749892
4385996901,1,2023_5_33_1_0,2023,5,33,40,2,1,0,0,,,387.19528035
4385996903,1,2023_5_33_1_0,2023,5,33,72,1,1,0,0,,,290.81608292
4385996906,1,2023_5_33_1_0,2023,5,33,72,2,3,0,0,,,510.12239705
4385996923,1,2023_5_33_1_0,2023,5,33,73,1,1,0,0,,,290.81608292
4385996925,1,2023_5_33_1_0,2023,5,33,84,1,1,0,0,,,290.81608292
4385996927,1,2023_5_33_1_0,2023,5,33,74,1,1,0,0,,,120.97862353
4385996930,1,2023_5_33_1_0,2023,5,33,70,2,1,0,0,,,260.43085272
4385996936,1,2023_5_33_1_0,2023,5,33,49,1,1,0,0,,,387.19528035
4385996942,1,2023_5_33_1_0,2023,5,33,68,2,1,0,0,,,200.08645113
4385996943,1,2023_5_33_1_0,2023,5,33,47,2,1,0,0,,,387.19528035
4385996946,1,2023_5_33_1_0,2023,5,33,78,2,1,0,0,,,390.0037212
4385996948,1,2023_5_33_1_0,2023,5,33,29,2,1,0,0,,,503.97014122
4385996949,1,2023_5_33_1_0,2023,5,33,25,1,1,0,0,,,503.97014122
4385996951,1,2023_5_33_1_0,2023,5,33,44,1,4,0,0,,,387.19528035
4385996953,1,2023_5_33_1_0,2023,5,33,64,2,1,0,0,,,562.76981335
4385996956,1,2023_5_33_1_0,2023,5,33,81,1,1,0,0,,,390.0037212
4385996963,1,2023_5_33_1_0,2023,5,33,85,2,1,0,0,,,390.0037212
4385996964,1,2023_5_33_1_0,2023,5,33,26,1,1,0,0,,,675.85749892
4385996966,1,2023_5_33_1_0,2023,5,33,68,2,1,0,0,,,390.0037212
4385996970,1,2023_5_33_1_0,2023,5,33,65,1,1,0,0,,,349.25510535
4385996971,1,2023_5_33_1_0,2023,5,33,73,2,1,0,0,,,290.81608292
4385996976,1,2023_5_33_1_0,2023,5,33,62,1,1,0,0,,,675.85749892
4385996981,1,2023_5_33_1_0,2023,5,33,74,2,1,0,0,,,120.97862353
4385996982,1,2023_5_33_1_0,2023,5,33,55,1,1,0,0,,,313.95784741
4385996983,1,2023_5_33_1_0,2023,5,33,57,1,1,0,0,,,675.85749892
4385996987,1,2023_5_33_1_0,2023,5,33,38,1,1,0,0,,,1624.6690921
4385996990,1,2023_5_33_1_0,2023,5,33,96,2,1,0,0,,,390.0037212
4385996991,1,2023_5_33_1_0,2023,5,33,77,2,1,0,0,,,390.0037212
4385996995,1,2023_5_33_1_0,2023,5,33,58,1,4,0,0,,,488.31493836
4385996997,1,2023_5_33_1_0,2023,5,33,47,1,1,0,0,,,387.19528035
4385997004,1,2023_5_33_1_0,2023,5,33,58,1,1,0,0,,,488.31493836
4385997009,1,2023_5_33_1_0,2023,5,33,67,2,1,0,0,,,120.97862353
4385997013,1,2023_5_33_1_0,2023,5,33,62,1,1,0,0,,,562.76981335
4385997014,1,2023_5_33_1_0,2023,5,33,50,2,1,0,0,,,545.28807214
4385997015,1,2023_5_33_1_0,2023,5,33,79,2,1,0,0,,,290.81608292
4385997017,1,2023_5_33_1_0,2023,5,33,41,1,1,0,0,,,226.83821242
4385997018,1,2023_5_33_1_0,2023,5,33,55,1,1,0,0,,,545.28807214
4385997022,1,2023_5_33_1_0,2023,5,33,62,1,1,0,0,,,313.95784741
4385997030,1,2023_5_33_1_0,2023,5,33,82,1,1,0,0,,,162.24038536
4385997033,1,2023_5_33_1_0,2023,5,33,54,1,1,0,0,,,387.19528035
4385997040,1,2023_5_33_1_0,2023,5,33,57,1,1,0,0,,,675.85749892
4385997042,1,2023_5_33_1_0,2023,5,33,65,2,1,0,0,,,117.22057372
4385997043,1,2023_5_33_1_0,2023,5,33,74,1,1,0,0,,,390.0037212
4385997045,1,2023_5_33_1_0,2023,5,33,38,1,5,0,0,,,675.85749892
4385997046,1,2023_5_33_1_0,2023,5,33,50,2,1,0,0,,,387.19528035
4385997050,1,2023_5_33_1_0,2023,5,33,53,1,4,0,0,,,545.28807214
4385997053,1,2023_5_33_1_0,2023,5,33,86,2,1,0,0,,,281.7822446
4385997057,1,2023_5_33_1_0,2023,5,33,45,1,4,1.0001167297,0,,,387.19528035
4385997058,1,2023_5_33_1_0,2023,5,33,76,1,1,0,1.9997665405,,,162.24038536
4385997060,1,2023_5_33_1_0,2023,5,33,71,2,1,0,0,,,117.22057372
4385997064,1,2023_5_33_1_0,2023,5,33,80,2,1,0,0,,,480.98049281
4385997072,1,2023_5_33_1_0,2023,5,33,70,2,1,0,0,,,162.24038536
4385997075,1,2023_5_33_1_0,2023,5,33,60,2,1,0,0,,,290.81608292
4385997080,1,2023_5_33_1_0,2023,5,33,23,2,1,0,0,,,488.31493836
4385997084,1,2023_5_33_1_0,2023,5,33,62,1,1,0,0,,,562.76981335
4385997092,1,2023_5_33_1_0,2023,5,33,54,1,1,0,0,,,234.11056465
4385997119,1,2023_5_33_1_0,2023,5,33,-3,2,1,0,0,,,496.6563377
4385997122,1,2023_5_33_1_0,2023,5,33,65,2,1,0,0,,,120.97862353
4385997123,1,2023_5_33_1_0,2023,5,33,64,1,1,0,0,1,1,675.85749892
4385997124,1,2023_5_33_1_0,2023,5,33,29,2,1,0,0,,,234.11056465
4385997129,1,2023_5_33_1_0,2023,5,33,66,2,1,0,0,,,349.25510535
4385997130,1,2023_5_33_1_0,2023,5,33,45,2,1,0,0,,,387.19528035
4385997131,1,2023_5_33_1_0,2023,5,33,73,2,1,0,0,,,390.0037212
4385997135,1,2023_5_33_1_0,2023,5,33,44,1,1,0,0,,,387.19528035
4385997138,1,2023_5_33_1_0,2023,5,33,84,1,1,0,0,,,162.24038536
4385997141,1,2023_5_33_1_0,2023,5,33,41,1,1,0,0,,,387.19528035
4385997142,1,2023_5_33_1_0,2023,5,33,46,1,1,0,0,,,387.19528035
4385997146,1,2023_5_33_1_0,2023,5,33,56,2,1,0,0,,,562.76981335
4385997147,1,2023_5_33_1_0,2023,5,33,60,1,-3,0,0,,,313.95784741
4385997152,1,2023_5_33_1_0,2023,5,33,45,1,1,0,0,,,387.19528035
4385997154,1,2023_5_33_1_0,2023,5,33,66,2,1,0,0,,,290.81608292
4385997158,1,2023_5_33_1_0,2023,5,33,75,2,1,0,0,,,290.81608292
4385997173,1,2023_5_33_1_0,2023,5,33,71,1,1,0,0,,,390.0037212
4385997179,1,2023_5_33_1_0,2023,5,33,85,1,1,0,0,,,290.81608292
4385997182,1,2023_5_33_1_0,2023,5,33,76,1,1,0,0,,,290.81608292
4385997183,1,2023_5_33_1_0,2023,5,33,42,2,1,0,0,,,930.76455554
4385997185,1,2023_5_33_1_0,2023,5,33,74,1,1,0,0,,,290.81608292
4385997190,1,2023_5_33_1_0,2023,5,33,63,2,1,0,0,,,488.31493836
4385997192,1,2023_5_33_1_0,2023,5,33,66,2,1,0,0,,,290.81608292
4385997199,1,2023_5_33_1_0,2023,5,33,65,1,1,0,0,,,117.22057372
4385997204,1,2023_5_33_1_0,2023,5,33,54,2,1,0,0,,,930.76455554
4385997212,1,2023_5_33_1_0,2023,5,33,35,1,1,0,0,,,234.11056465
4385997216,1,2023_5_33_1_0,2023,5,33,45,1,1,0,0,,,545.28807214
4385997220,1,2023_5_33_1_0,2023,5,33,47,1,1,0,0,,,387.19528035
4385997221,1,2023_5_33_1_0,2023,5,33,52,1,1,0,0,,,930.76455554
4385997223,1,2023_5_33_1_0,2023,5,33,67,2,1,0,0,,,290.81608292
4385997229,1,2023_5_33_1_0,2023,5,33,77,1,1,0,0,,,290.81608292
4385997233,1,2023_5_33_1_0,2023,5,33,45,2,1,0,0,,,226.83821242
4385997234,1,2023_5_33_1_0,2023,5,33,77,2,1,0,0,,,839.56155819
4385997235,1,2023_5_33_1_0,2023,5,33,72,1,1,0,0,,,281.7822446
4385997238,1,2023_5_33_1_0,2023,5,33,81,1,1,0,0,,,290.81608292
4385997244,1,2023_5_33_1_0,2023,5,33,89,2,1,0,0,,,839.56155819
4385997246,1,2023_5_33_1_0,2023,5,33,80,2,1,0,0,,,390.0037212
4385997248,1,2023_5_33_1_0,2023,5,33,71,2,1,0,0,,,349.25510535
4385997252,1,2023_5_33_1_0,2023,5,33,46,2,1,0,0,,,109.01237072
4385997259,1,2023_5_33_1_0,2023,5,33,76,2,1,0,0,,,290.81608292
4385997261,1,2023_5_33_1_0,2023,5,33,60,2,1,0,0,,,313.95784741
4385997267,1,2023_5_33_1_0,2023,5,33,75,1,1,0,0,,,290.81608292
4385997270,1,2023_5_33_1_0,2023,5,33,-3,1,1,0,0,,,206.60755587
4385997271,1,2023_5_33_1_0,2023,5,33,63,1,1,8.0009338379,1.9997665405,,,234.11056465
4385997273,1,2023_5_33_1_0,2023,5,33,77,2,1,0,0,,,390.0037212
4385997274,1,2023_5_33_1_0,2023,5,33,78,2,1,0,0,1,1,290.81608292
4385997276,1,2023_5_33_1_0,2023,5,33,89,2,1,0,0,,,281.7822446
4385997279,1,2023_5_33_1_0,2023,5,33,80,1,1,0,0,,,120.97862353
4385997281,1,2023_5_33_1_0,2023,5,33,54,2,1,0,0,,,226.83821242
4385997288,1,2023_5_33_1_0,2023,5,33,67,1,1,0,0,,,290.81608292
4385997289,1,2023_5_33_1_0,2023,5,33,75,2,1,0,0,1,1,290.81608292
4385997296,1,2023_5_33_1_0,2023,5,33,54,1,1,0,0,,,387.19528035
4385997303,1,2023_5_33_1_0,2023,5,33,89,2,1,0,0,,,403.47080346
4385997314,1,2023_5_33_1_0,2023,5,33,46,2,1,0,0,,,754.71177241
4385997320,1,2023_5_33_1_0,2023,5,33,82,1,1,0,0,,,290.81608292
4385997321,1,2023_5_33_1_0,2023,5,33,67,2,1,0,0,,,260.43085272
4385997323,1,2023_5_33_1_0,2023,5,33,74,1,4,0,0,,,120.97862353
4385997327,1,2023_5_33_1_0,2023,5,33,47,2,1,0,0,,,234.11056465
4385997331,1,2023_5_33_1_0,2023,5,33,67,1,1,0,0,,,281.7822446
4385997333,1,2023_5_33_1_0,2023,5,33,63,2,1,0,0,,,387.19528035
4385997336,1,2023_5_33_1_0,2023,5,33,83,1,1,0,0,,,290.81608292
4385997339,1,2023_5_33_1_0,2023,5,33,74,1,1,0,0,,,290.81608292
4385997341,1,2023_5_33_1_0,2023,5,33,81,1,1,0,0,,,290.81608292
4385997343,1,2023_5_33_1_0,2023,5,33,57,2,1,0,0,,,226.83821242
4385997344,1,2023_5_33_1_0,2023,5,33,81,2,1,0,0,,,480.98049281
4385997345,1,2023_5_33_1_0,2023,5,33,72,2,1,0,0,,,117.22057372
4385997348,1,2023_5_33_1_0,2023,5,33,69,2,4,0,0,,,162.24038536
4385997354,1,2023_5_33_1_0,2023,5,33,55,1,1,0,0.9998832703,,,226.83821242
4385997355,1,2023_5_33_1_0,2023,5,33,56,1,1,0,0,,,226.83821242
4385997358,1,2023_5_33_1_0,2023,5,33,63,2,1,0,0,,,290.81608292
4385997360,1,2023_5_33_1_0,2023,5,33,73,2,1,0,0,,,390.0037212
4385997364,1,2023_5_33_1_0,2023,5,33,74,1,1,0,0,,,162.24038536
4385997369,1,2023_5_33_1_0,2023,5,33,71,1,1,0,0,,,290.81608292
4385997372,1,2023_5_33_1_0,2023,5,33,61,2,1,0,0,,,562.76981335
4385997375,1,2023_5_33_1_0,2023,5,33,85,1,1,0,0,,,290.81608292
4385997378,1,2023_5_33_1_0,2023,5,33,56,2,1,0,0,,,234.11056465
4385997380,1,2023_5_33_1_0,2023,5,33,53,1,1,0,0,,,387.19528035
4385997381,1,2023_5_33_1_0,2023,5,33,36,2,1,0,0,,,399.60862302
4385997383,1,2023_5_33_1_0,2023,5,33,52,2,1,0,0,,,226.83821242
4385997385,1,2023_5_33_1_0,2023,5,33,53,1,1,0,0,,,226.83821242
4385997387,1,2023_5_33_1_0,2023,5,33,56,2,1,0,0,,,313.95784741
4385997391,1,2023_5_33_1_0,2023,5,33,39,1,1,0,0,,,387.19528035
4385997393,1,2023_5_33_1_0,2023,5,33,49,1,1,0,0,,,226.83821242
4385997395,1,2023_5_33_1_0,2023,5,33,-3,1,1,0,0,,,244.83975357
4385997397,1,2023_5_33_1_0,2023,5,33,35,1,1,0,0,,,387.19528035
4385997403,1,2023_5_33_1_0,2023,5,33,41,2,1,0,0,,,234.11056465
4385997404,1,2023_5_33_1_0,2023,5,33,-3,-3,-3,0,0,,,217.51682709
4385997409,1,2023_5_33_1_0,2023,5,33,46,2,1,0,0,,,387.19528035
4385997410,1,2023_5_33_1_0,2023,5,33,52,2,1,0,0,,,387.19528035
4385997416,1,2023_5_33_1_0,2023,5,33,72,2,1,0,0,,,290.81608292
4385997420,1,2023_5_33_1_0,2023,5,33,41,2,1,0,0,,,387.19528035
4385997421,1,2023_5_33_1_0,2023,5,33,34,1,1,0,0,,,387.19528035
4385997423,1,2023_5_33_1_0,2023,5,33,55,2,1,0,0,,,226.83821242
4385997424,1,2023_5_33_1_0,2023,5,33,75,1,1,0,0,,,139.75842211
4385997433,1,2023_5_33_1_0,2023,5,33,66,1,1,0,0,,,290.81608292
4385997434,1,2023_5_33_1_0,2023,5,33,26,1,1,0,0,,,313.95784741
4385997444,1,2023_5_33_1_0,2023,5,33,78,1,1,0,0,,,349.25510535
4385997453,1,2023_5_33_1_0,2023,5,33,61,1,1,0,0,,,675.85749892
4385997462,1,2023_5_33_1_0,2023,5,33,67,1,5,0,0,,,281.7822446
4385997464,1,2023_5_33_1_0,2023,5,33,89,2,3,0,0,,,260.43085272
4385997468,1,2023_5_33_1_0,2023,5,33,34,1,1,0,0,,,675.85749892
4385997471,1,2023_5_33_1_0,2023,5,33,71,2,1,0,0,,,390.0037212
4385997475,1,2023_5_33_1_0,2023,5,33,58,1,4,0,0,,,234.11056465
4385997479,1,2023_5_33_1_0,2023,5,33,92,1,1,0,0,,,290.81608292
4385997488,1,2023_5_33_1_0,2023,5,33,-3,2,1,0,0,,,1433.8050515
4385997489,1,2023_5_33_1_0,2023,5,33,33,2,1,0,0,,,675.85749892
4385997498,1,2023_5_33_1_0,2023,5,33,29,1,1,0,0,,,503.97014122
4385997501,1,2023_5_33_1_0,2023,5,33,64,2,1,0,0,,,120.97862353
4385997503,1,2023_5_33_1_0,2023,5,33,55,2,1,0,0,,1,675.85749892
4385997508,1,2023_5_33_1_0,2023,5,33,68,1,1,0,0,,,349.25510535
4385997509,1,2023_5_33_1_0,2023,5,33,66,1,1,0,0,,,349.25510535
4385997511,1,2023_5_33_1_0,2023,5,33,54,1,5,0,0,,,503.97014122
4385997522,1,2023_5_33_1_0,2023,5,33,53,1,1,0,0,,,503.97014122
4385997527,1,2023_5_33_1_0,2023,5,33,23,2,5,0,0,,,488.31493836
4385997531,1,2023_5_33_1_0,2023,5,33,78,1,1,0,0,,,290.81608292
4385997533,1,2023_5_33_1_0,2023,5,33,39,2,3,0,0,,,2003.6581655
4385997537,1,2023_5_33_1_0,2023,5,33,68,2,1,0,0,,,290.81608292
4385997544,1,2023_5_33_1_0,2023,5,33,74,1,1,0,0,,,281.7822446
4385997549,1,2023_5_33_1_0,2023,5,33,59,1,1,0,0,,,313.95784741
4385997551,1,2023_5_33_1_0,2023,5,33,97,1,1,0,0,,,290.81608292
4385997553,1,2023_5_33_1_0,2023,5,33,68,1,1,0,0,,,260.43085272
4385997555,1,2023_5_33_1_0,2023,5,33,73,1,1,0,0,,,290.81608292
4385997560,1,2023_5_33_1_0,2023,5,33,51,1,1,0,0,,,234.11056465
4385997565,1,2023_5_33_1_0,2023,5,33,55,1,1,0,0,,,1624.6690921
4385997566,1,2023_5_33_1_0,2023,5,33,58,1,1,0,0,,,234.11056465
4385997567,1,2023_5_33_1_0,2023,5,33,45,1,5,0,0,,,387.19528035
4385997569,1,2023_5_33_1_0,2023,5,33,75,1,1,0,0,,,290.81608292
4385997577,1,2023_5_33_1_0,2023,5,33,68,1,1,1.0001167297,0.9998832703,,,281.7822446
4385997584,1,2023_5_33_1_0,2023,5,33,36,2,1,0,0,,,234.11056465
4385997586,1,2023_5_33_1_0,2023,5,33,59,1,3,0,0,1,1,234.11056465
4385997588,1,2023_5_33_1_0,2023,5,33,42,2,1,0,0,,,387.19528035
4385997590,1,2023_5_33_1_0,2023,5,33,69,1,1,0,0,,,162.24038536
4385997593,1,2023_5_33_1_0,2023,5,33,72,1,1,0,0,,,290.81608292
4385997594,1,2023_5_33_1_0,2023,5,33,58,2,1,0,0,,,234.11056465
4385997595,1,2023_5_33_1_0,2023,5,33,38,2,1,1.0001167297,1.9997665405,,,387.19528035
4385997605,1,2023_5_33_1_0,2023,5,33,74,1,1,0,0,,,290.81608292
4385997608,1,2023_5_33_1_0,2023,5,33,83,1,1,0,0,,,290.81608292
4385997610,1,2023_5_33_1_0,2023,5,33,55,2,1,0,0,,,930.76455554
4385997612,1,2023_5_33_1_0,2023,5,33,31,2,1,0,0,,,503.97014122
4385997617,1,2023_5_33_1_0,2023,5,33,65,2,1,0,0,1,1,510.12239705
4385997619,1,2023_5_33_1_0,2023,5,33,31,1,1,0,0,,,675.85749892
4385997620,1,2023_5_33_1_0,2023,5,33,77,1,1,0,0,,,290.81608292
4385997626,1,2023_5_33_1_0,2023,5,33,73,2,1,0,0,,,162.24038536
4385997633,1,2023_5_33_1_0,2023,5,33,47,2,1,0,0,,,833.51582364
4385997634,1,2023_5_33_1_0,2023,5,33,34,1,4,0,0,,,488.31493836
4385997648,1,2023_5_33_1_0,2023,5,33,60,2,1,0,0,,,860.23804383
4385997649,1,2023_5_33_1_0,2023,5,33,53,1,1,0,0,,,234.11056465
4385997663,1,2023_5_33_1_0,2023,5,33,30,2,3,0,0,,,833.51582364
4385997670,1,2023_5_33_1_0,2023,5,33,44,1,1,0,0,,,930.76455554
4385997671,1,2023_5_33_1_0,2023,5,33,30,1,1,0,0,,,503.97014122
4385997672,1,2023_5_33_1_0,2023,5,33,92,1,1,0,0,,,290.81608292
4385997677,1,2023_5_33_1_0,2023,5,33,46,1,5,0,0,,,545.28807214
4385997680,1,2023_5_33_1_0,2023,5,33,71,2,1,0,0,,,162.24038536
4385997692,1,2023_5_33_1_0,2023,5,33,63,2,1,0,0,,,675.85749892
4385997695,1,2023_5_33_1_0,2023,5,33,39,1,1,0,0,,,234.11056465
4385997717,1,2023_5_33_1_0,2023,5,33,61,2,1,0,0,,,562.76981335
4385997718,1,2023_5_33_1_0,2023,5,33,-3,1,1,0,0,,,277.0744823
4385997720,1,2023_5_33_1_0,2023,5,33,30,2,1,0,0,,,675.85749892
4385997724,1,2023_5_33_1_0,2023,5,33,34,2,1,0,0,,,234.11056465
4385997730,1,2023_5_33_1_0,2023,5,33,72,2,1,0,0,,,290.81608292
4385997731,1,2023_5_33_1_0,2023,5,33,44,1,3,0,0,1,1,1624.6690921
4385997734,1,2023_5_33_1_0,2023,5,33,46,2,1,0,0,,,387.19528035
4385997737,1,2023_5_33_1_0,2023,5,33,79,2,1,0,0,1,1,281.7822446
4385997740,1,2023_5_33_1_0,2023,5,33,48,2,1,0,0,,,675.85749892
4385997756,1,2023_5_33_1_0,2023,5,33,68,2,1,0,0,,,349.25510535
4385997757,1,2023_5_33_1_0,2023,5,33,34,1,1,0,0,,,234.11056465
4385997762,1,2023_5_33_1_0,2023,5,33,61,1,1,0,0,,,313.95784741
4385997764,1,2023_5_33_1_0,2023,5,33,31,2,1,0,0,,,234.11056465
4385997765,1,2023_5_33_1_0,2023,5,33,67,1,1,0,0,,,120.97862353
4385997773,1,2023_5_33_1_0,2023,5,33,49,2,1,0,0,,,675.85749892
4385997774,1,2023_5_33_1_0,2023,5,33,31,2,1,0,0,,,313.95784741
4385997783,1,2023_5_33_1_0,2023,5,33,53,1,4,0,0,,,117.22057372
4385997789,1,2023_5_33_1_0,2023,5,33,76,2,1,0,0,,,390.0037212
4385997793,1,2023_5_33_1_0,2023,5,33,59,1,1,0,0,,,234.11056465
4385997795,1,2023_5_33_1_0,2023,5,33,49,1,1,0,0,,,387.19528035
4385997801,1,2023_5_33_1_0,2023,5,33,35,2,1,0,0,,,313.95784741
4385997808,1,2023_5_33_1_0,2023,5,33,29,1,3,3.0863329021,2.9136670979,,,1388.9742515
4385997810,1,2023_5_33_1_0,2023,5,33,52,1,1,0,0,,,234.11056465
4385997816,1,2023_5_33_1_0,2023,5,33,59,1,1,0,0,,,562.76981335
4385997828,1,2023_5_33_1_0,2023,5,33,60,1,1,0,0,,,503.97014122
4385997836,1,2023_5_33_1_0,2023,5,33,39,2,1,0,0,,,234.11056465
4385997852,1,2023_5_33_1_0,2023,5,33,54,2,1,0,0,,,754.71177241
4385997856,1,2023_5_33_1_0,2023,5,33,59,2,1,0,0,,,234.11056465
4385997858,1,2023_5_33_1_0,2023,5,33,61,2,1,0,0,,,754.71177241
4385997860,1,2023_5_33_1_0,2023,5,33,54,2,1,0,0,,,117.22057372
4385997863,1,2023_5_33_1_0,2023,5,33,82,1,1,0,0,,,162.24038536
4385997868,1,2023_5_33_1_0,2023,5,33,65,2,1,0,0,,,162.24038536
4385997869,1,2023_5_33_1_0,2023,5,33,81,2,1,0,0,,,176.70151268
4385997870,1,2023_5_33_1_0,2023,5,33,53,1,1,0,0,,,226.83821242
4385997872,1,2023_5_33_1_0,2023,5,33,58,1,1,0,0,1,1,226.83821242
4385997874,1,2023_5_33_1_0,2023,5,33,46,1,-3,0,0,,,930.76455554
4385997883,1,2023_5_33_1_0,2023,5,33,68,1,1,0,0,,,120.97862353
4385997884,1,2023_5_33_1_0,2023,5,33,59,1,1,1.0001167297,0,,,234.11056465
4385997890,1,2023_5_33_1_0,2023,5,33,67,1,1,0,0,,,120.97862353
4385997896,1,2023_5_33_1_0,2023,5,33,60,2,1,0,0,,,260.43085272
4385997900,1,2023_5_33_1_0,2023,5,33,76,2,1,0,0,,,349.25510535
4385997901,1,2023_5_33_1_0,2023,5,33,61,1,1,0,0,,,503.97014122
4385997905,1,2023_5_33_1_0,2023,5,33,39,1,1,0,0,,,387.19528035
4385997906,1,2023_5_33_1_0,2023,5,33,51,1,1,0,0,,,387.19528035
4385997908,1,2023_5_33_1_0,2023,5,33,71,2,1,0,0,,,292.24649405
4385997909,1,2023_5_33_1_0,2023,5,33,50,1,3,0,0,,,545.28807214
4385997911,1,2023_5_33_1_0,2023,5,33,61,1,1,0,0,,,545.28807214
4385997914,1,2023_5_33_1_0,2023,5,33,90,1,1,0,0,,,290.81608292
4385997916,1,2023_5_33_1_0,2023,5,33,26,2,1,0,0,,,226.83821242
4385997917,1,2023_5_33_1_0,2023,5,33,51,2,1,0,0,,,226.83821242
4385997922,1,2023_5_33_1_0,2023,5,33,42,2,1,0,0,,,387.19528035
4385997923,1,2023_5_33_1_0,2023,5,33,60,1,1,0,0,,,545.28807214
4385997931,1,2023_5_33_1_0,2023,5,33,58,2,1,0,0,,,226.83821242
4385997936,1,2023_5_33_1_0,2023,5,33,61,1,1,0,0,,,503.97014122
4385997945,1,2023_5_33_1_0,2023,5,33,47,1,1,0,0,,,387.19528035
4385997946,1,2023_5_33_1_0,2023,5,33,68,1,1,0,0,,,260.43085272
4385997947,1,2023_5_33_1_0,2023,5,33,74,1,1,0,0,,,139.75842211
4385997949,1,2023_5_33_1_0,2023,5,33,46,2,1,0,0,,,117.22057372
4385997952,1,2023_5_33_1_0,2023,5,33,76,2,1,0,0,,,390.0037212
4385997953,1,2023_5_33_1_0,2023,5,33,-3,-3,-3,0,0,,,481.22832901
4385997957,1,2023_5_33_1_0,2023,5,33,47,2,1,0,0,,,387.19528035
4385997962,1,2023_5_33_1_0,2023,5,33,49,1,1,0,0,,,387.19528035
4385997963,1,2023_5_33_1_0,2023,5,33,43,2,4,0,0,,,387.19528035
4385997964,1,2023_5_33_1_0,2023,5,33,17,1,1,0,0,,,387.19528035
4385997965,1,2023_5_33_1_0,2023,5,33,52,2,1,0,0,,,545.28807214
4385997966,1,2023_5_33_1_0,2023,5,33,64,1,1,0,0,1,1,290.81608292
4385997970,1,2023_5_33_1_0,2023,5,33,43,2,1,0,0,,,387.19528035
4385997977,1,2023_5_33_1_0,2023,5,33,77,1,1,0,0,,,120.97862353
4385997979,1,2023_5_33_1_0,2023,5,33,79,2,1,0,0,,,290.81608292
4385997984,1,2023_5_33_1_0,2023,5,33,61,2,3,0,0,,,754.71177241
4385997985,1,2023_5_33_1_0,2023,5,33,51,1,1,0,0,,,930.76455554
4385997987,1,2023_5_33_1_0,2023,5,33,87,1,1,0,0,,,300.85815149
4385997989,1,2023_5_33_1_0,2023,5,33,67,2,1,0,0,,,58.139086955
4385997993,1,2023_5_33_1_0,2023,5,33,47,1,3,0,0,,,387.19528035
4385997996,1,2023_5_33_1_0,2023,5,33,73,2,1,0,0,,,290.81608292
4385997997,1,2023_5_33_1_0,2023,5,33,51,1,1,0,0,,,387.19528035
4385998000,1,2023_5_33_1_0,2023,5,33,88,1,1,0,0,,,290.81608292
4385998003,1,2023_5_33_1_0,2023,5,33,58,2,1,0,0,,,545.28807214
4385998008,1,2023_5_33_1_0,2023,5,33,-3,1,-3,0,0,,,496.6563377
4385998010,1,2023_5_33_1_0,2023,5,33,47,2,1,0,0,,,387.19528035
4385998011,1,2023_5_33_1_0,2023,5,33,52,2,-3,0,0,,,226.83821242
4385998012,1,2023_5_33_1_0,2023,5,33,67,2,1,0,0,,,626.04019001
4385998014,1,2023_5_33_1_0,2023,5,33,66,2,1,0,0,,,290.81608292
4385998015,1,2023_5_33_1_0,2023,5,33,73,2,1,0,0,,,390.0037212
4385998016,1,2023_5_33_1_0,2023,5,33,68,1,1,0,0,,,281.7822446
4385998021,1,2023_5_33_1_0,2023,5,33,52,1,1,0,0,,,930.76455554
4385998024,1,2023_5_33_1_0,2023,5,33,76,2,1,0,0,,,290.81608292
4385998032,1,2023_5_33_1_0,2023,5,33,74,2,1,0,0,,,120.97862353
4385998034,1,2023_5_33_1_0,2023,5,33,64,2,1,0,0,,,120.97862353
4385998037,1,2023_5_33_1_0,2023,5,33,41,1,1,0,0,,,387.19528035
4385998038,1,2023_5_33_1_0,2023,5,33,56,2,1,0,0,,1,234.11056465
4385998040,1,2023_5_33_1_0,2023,5,33,43,2,1,0,0,,,387.19528035
4385998041,1,2023_5_33_1_0,2023,5,33,34,1,3,0,0,,,387.19528035
4385998042,1,2023_5_33_1_0,2023,5,33,63,2,1,0,0,,,234.11056465
4385998043,1,2023_5_33_1_0,2023,5,33,75,1,1,0,0,,,120.97862353
4385998044,1,2023_5_33_1_0,2023,5,33,69,1,1,0,0,,,143.36540717
4385998047,1,2023_5_33_1_0,2023,5,33,83,2,1,0,0,,,290.81608292
4385998053,1,2023_5_33_1_0,2023,5,33,18,2,1,0,0,,,545.28807214
4385998055,1,2023_5_33_1_0,2023,5,33,73,1,1,0,0,,,290.81608292
4385998057,1,2023_5_33_1_0,2023,5,33,80,1,1,0,0,,,290.81608292
4385998062,1,2023_5_33_1_0,2023,5,33,79,1,1,0,0,,,390.0037212
4385998065,1,2023_5_33_1_0,2023,5,33,78,2,1,0,0,,,390.0037212
4385998067,1,2023_5_33_1_0,2023,5,33,57,2,1,0,0,,,562.76981335
4385998070,1,2023_5_33_1_0,2023,5,33,86,2,1,0,0,,,390.0037212
4385998077,1,2023_5_33_1_0,2023,5,33,81,1,1,0,0,,,120.97862353
4385998082,1,2023_5_33_1_0,2023,5,33,74,2,1,0,0,,,120.97862353
4385998097,1,2023_5_33_1_0,2023,5,33,81,1,1,0,0,,,390.0037212
4385998099,1,2023_5_33_1_0,2023,5,33,52,2,1,0,0,1,1,833.51582364
4385998103,1,2023_5_33_1_0,2023,5,33,66,1,1,0,0,,,117.22057372
4385998104,1,2023_5_33_1_0,2023,5,33,51,2,1,0,0,,,387.19528035
4385998109,1,2023_5_33_1_0,2023,5,33,47,1,1,0,0,,,387.19528035
4385998110,1,2023_5_33_1_0,2023,5,33,52,2,1,0,0,,,313.95784741
4385998120,1,2023_5_33_1_0,2023,5,33,27,2,1,0,0,,,387.19528035
4385998121,1,2023_5_33_1_0,2023,5,33,53,2,1,0,0,,,120.97862353
4385998122,1,2023_5_33_1_0,2023,5,33,-3,2,1,0,0,,,588.56131771
4385998124,1,2023_5_33_1_0,2023,5,33,25,2,1,0,0,,,234.11056465
4385998126,1,2023_5_33_1_0,2023,5,33,48,1,-3,0,0,,,387.19528035
4385998133,1,2023_5_33_1_0,2023,5,33,53,2,1,0,0,,,313.95784741
4385998136,1,2023_5_33_1_0,2023,5,33,31,1,1,0,0,,,387.19528035
4385998140,1,2023_5_33_1_0,2023,5,33,69,2,1,0,0,,,290.81608292
4385998144,1,2023_5_33_1_0,2023,5,33,80,2,1,0,0,1,1,390.0037212
4385998145,1,2023_5_33_1_0,2023,5,33,76,1,1,0,0,,,120.97862353
4385998146,1,2023_5_33_1_0,2023,5,33,67,2,1,0,0,,,290.81608292
4385998150,1,2023_5_33_1_0,2023,5,33,81,1,1,0,0,,,290.81608292
4385998151,1,2023_5_33_1_0,2023,5,33,71,1,1,0,0,,,290.81608292
4385998152,1,2023_5_33_1_0,2023,5,33,67,2,1,0,0,,,120.97862353
4385998153,1,2023_5_33_1_0,2023,5,33,68,1,1,10.001167297,0,,,139.75842211
4385998155,1,2023_5_33_1_0,2023,5,33,64,1,1,0,0,,,234.11056465
4385998160,1,2023_5_33_1_0,2023,5,33,58,2,1,0,0,,,234.11056465
4385998162,1,2023_5_33_1_0,2023,5,33,67,1,1,0,0,,,120.97862353
4385998164,1,2023_5_33_1_0,2023,5,33,60,2,1,0,0,,,109.01237072
4385998166,1,2023_5_33_1_0,2023,5,33,78,1,1,0,0,,,290.81608292
4385998167,1,2023_5_33_1_0,2023,5,33,73,1,1,0,0,,,120.97862353
4385998173,1,2023_5_33_1_0,2023,5,33,55,2,1,0,0,,,1624.6690921
4385998175,1,2023_5_33_1_0,2023,5,33,61,1,3,0,0,,,234.11056465
4385998195,1,2023_5_33_1_0,2023,5,33,29,2,1,0,0,,,503.97014122
4385998198,1,2023_5_33_1_0,2023,5,33,80,2,1,0,0,,,192.26255208
4385998203,1,2023_5_33_1_0,2023,5,33,34,1,1,0,0,,,117.22057372
4385998205,1,2023_5_33_1_0,2023,5,33,79,1,1,0,0,,,290.81608292
4385998207,1,2023_5_33_1_0,2023,5,33,24,1,1,15.034303547,0,,,475.22841336
4385998209,1,2023_5_33_1_0,2023,5,33,32,1,1,0,0,,,675.85749892
4385998213,1,2023_5_33_1_0,2023,5,33,55,2,1,0,0,1,1,754.71177241
4385998216,1,2023_5_33_1_0,2023,5,33,81,2,1,0,0,,,839.56155819
4385998217,1,2023_5_33_1_0,2023,5,33,82,2,5,0,0,,,839.56155819
4385998218,1,2023_5_33_1_0,2023,5,33,66,1,1,0,0,,,290.81608292
4385998223,1,2023_5_33_1_0,2023,5,33,71,2,1,0,0,1,1,162.24038536
4385998225,1,2023_5_33_1_0,2023,5,33,69,1,1,0,0,,,120.97862353
4385998226,1,2023_5_33_1_0,2023,5,33,44,1,1,0,0,,,387.19528035
4385998228,1,2023_5_33_1_0,2023,5,33,82,1,1,0,0,,,839.56155819
4385998229,1,2023_5_33_1_0,2023,5,33,29,2,1,0,0,,,234.11056465
4385998231,1,2023_5_33_1_0,2023,5,33,70,2,1,0,0,,,349.25510535
4385998237,1,2023_5_33_1_0,2023,5,33,66,1,1,0,0,,,120.97862353
4385998241,1,2023_5_33_1_0,2023,5,33,36,1,1,0,0,,,234.11056465
4385998242,1,2023_5_33_1_0,2023,5,33,42,2,1,0,0,,,226.83821242
4385998243,1,2023_5_33_1_0,2023,5,33,76,1,1,0,0,,,281.7822446
4385998249,1,2023_5_33_1_0,2023,5,33,66,2,1,0,0,,,480.98049281
4385998250,1,2023_5_33_1_0,2023,5,33,73,2,1,0,0,,,162.24038536
4385998253,1,2023_5_33_1_0,2023,5,33,39,1,1,0,0,,,387.19528035
4385998255,1,2023_5_33_1_0,2023,5,33,57,2,1,0,0,,,234.11056465
4385998261,1,2023_5_33_1_0,2023,5,33,33,1,1,0,0,,,200.08645113
4385998266,1,2023_5_33_1_0,2023,5,33,83,1,1,0,0,,,390.0037212
4385998270,1,2023_5_33_1_0,2023,5,33,69,2,1,0,0,,,839.56155819
4385998271,1,2023_5_33_1_0,2023,5,33,71,2,1,0,0,,,290.81608292
4385998274,1,2023_5_33_1_0,2023,5,33,56,1,1,0,0,,,562.76981335
4385998276,1,2023_5_33_1_0,2023,5,33,62,2,1,0,0,,,234.11056465
4385998277,1,2023_5_33_1_0,2023,5,33,79,1,1,3.0003501892,2.9996498108,,,117.22057372
4385998280,1,2023_5_33_1_0,2023,5,33,66,1,1,0,0,,,290.81608292
4385998283,1,2023_5_33_1_0,2023,5,33,-3,1,1,0,0,,,206.60755587
4385998284,1,2023_5_33_1_0,2023,5,33,62,2,1,0,0,,,120.97862353
4385998285,1,2023_5_33_1_0,2023,5,33,67,1,1,0,0,,,390.0037212
4385998288,1,2023_5_33_1_0,2023,5,33,46,1,1,0,0,,,387.19528035
4385998290,1,2023_5_33_1_0,2023,5,33,70,2,1,0,0,,,120.97862353
4385998291,1,2023_5_33_1_0,2023,5,33,62,1,1,0,0,,,234.11056465
4385998296,1,2023_5_33_1_0,2023,5,33,40,1,1,0,0,,,387.19528035
4385998297,1,2023_5_33_1_0,2023,5,33,51,1,1,0,0,,,387.19528035
4385998298,1,2023_5_33_1_0,2023,5,33,26,1,1,0,0,,,545.28807214
4385998303,1,2023_5_33_1_0,2023,5,33,33,2,1,0,0,,,399.60862302
4385998304,1,2023_5_33_1_0,2023,5,33,83,2,1,0,0,,,390.0037212
4385998306,1,2023_5_33_1_0,2023,5,33,46,1,1,0,0,,,234.11056465
4385998307,1,2023_5_33_1_0,2023,5,33,65,2,1,0,0,,,290.81608292
4385998308,1,2023_5_33_1_0,2023,5,33,61,2,1,0,0,,,120.97862353
4385998309,1,2023_5_33_1_0,2023,5,33,47,1,1,0,0,,,387.19528035
4385998317,1,2023_5_33_1_0,2023,5,33,66,2,1,0,0,,,120.97862353
4385998318,1,2023_5_33_1_0,2023,5,33,89,2,1,0,0,,,290.81608292
4385998322,1,2023_5_33_1_0,2023,5,33,53,2,1,0,0,,,234.11056465
4385998325,1,2023_5_33_1_0,2023,5,33,-3,-3,-3,0,0,1,1,1433.8050515
4385998328,1,2023_5_33_1_0,2023,5,33,87,2,1,0,0,,,281.7822446
4385998331,1,2023_5_33_1_0,2023,5,33,61,2,1,0,0,,,1624.6690921
4385998333,1,2023_5_33_1_0,2023,5,33,40,2,1,0,0,,,503.97014122
4385998337,1,2023_5_33_1_0,2023,5,33,24,1,1,0,0,,,675.85749892
4385998340,1,2023_5_33_1_0,2023,5,33,71,2,1,0,0,,,260.43085272
4385998341,1,2023_5_33_1_0,2023,5,33,57,2,1,0,0,,,234.11056465
4385998343,1,2023_5_33_1_0,2023,5,33,63,1,1,0,0,,,277.43212351
4385998348,1,2023_5_33_1_0,2023,5,33,50,2,1,0,0,,,387.19528035
4385998354,1,2023_5_33_1_0,2023,5,33,48,2,1,0,0,,,503.97014122
4385998355,1,2023_5_33_1_0,2023,5,33,70,2,1,0,0,,,349.25510535
4385998358,1,2023_5_33_1_0,2023,5,33,24,1,5,0,0,,,503.97014122
4385998361,1,2023_5_33_1_0,2023,5,33,45,1,1,0,0,,,545.28807214
4385998365,1,2023_5_33_1_0,2023,5,33,58,2,1,0,0,,,675.85749892
4385998367,1,2023_5_33_1_0,2023,5,33,73,2,1,0,0,,,839.56155819
4385998368,1,2023_5_33_1_0,2023,5,33,65,2,1,0,0,,,290.81608292
4385998370,1,2023_5_33_1_0,2023,5,33,36,1,1,0,0,1,1,387.19528035
4385998374,1,2023_5_33_1_0,2023,5,33,80,2,1,0,0,,,349.25510535
4385998375,1,2023_5_33_1_0,2023,5,33,83,2,1,0,0,,,260.43085272
4385998377,1,2023_5_33_1_0,2023,5,33,61,2,1,0,0,,,503.97014122
4385998378,1,2023_5_33_1_0,2023,5,33,74,1,1,0,0,,,390.0037212
4385998379,1,2023_5_33_1_0,2023,5,33,47,1,1,0,0,,,387.19528035
4385998381,1,2023_5_33_1_0,2023,5,33,62,1,1,0,0,,,503.97014122
4385998382,1,2023_5_33_1_0,2023,5,33,43,2,1,0,0,,,833.51582364
4385998387,1,2023_5_33_1_0,2023,5,33,73,1,1,0,0,,,120.97862353
4385998389,1,2023_5_33_1_0,2023,5,33,33,2,1,0,0,,,473.55517262
4385998391,1,2023_5_33_1_0,2023,5,33,-3,2,-3,0,0,,,596.45862705
4385998393,1,2023_5_33_1_0,2023,5,33,65,1,1,0,0,,,120.97862353
4385998400,1,2023_5_33_1_0,2023,5,33,71,2,1,0,0,,,120.97862353
4385998411,1,2023_5_33_1_0,2023,5,33,56,1,1,0,0,,,226.83821242
4385998412,1,2023_5_33_1_0,2023,5,33,61,1,1,0,0,,,234.11056465
4385998416,1,2023_5_33_1_0,2023,5,33,52,2,1,0,0,,,387.19528035
4385998422,1,2023_5_33_1_0,2023,5,33,68,2,1,0,0,,1,120.97862353
4385998423,1,2023_5_33_1_0,2023,5,33,55,2,1,0,0,,,234.11056465
4385998429,1,2023_5_33_1_0,2023,5,33,83,1,1,0,0,,,390.0037212
4385998431,1,2023_5_33_1_0,2023,5,33,47,2,1,0,0,,,562.76981335
4385998432,1,2023_5_33_1_0,2023,5,33,72,1,1,0,0,,,390.0037212
4385998443,1,2023_5_33_1_0,2023,5,33,53,2,1,0,0,,,675.85749892
4385998445,1,2023_5_33_1_0,2023,5,33,62,2,1,0,0,,,176.70151268
4385998446,1,2023_5_33_1_0,2023,5,33,76,2,1,0,0,,,480.98049281
4385998449,1,2023_5_33_1_0,2023,5,33,75,1,1,0,0,,,290.81608292
4385998452,1,2023_5_33_1_0,2023,5,33,38,1,1,0,0,,,387.19528035
4385998455,1,2023_5_33_1_0,2023,5,33,42,2,1,0,0,,,387.19528035
4385998460,1,2023_5_33_1_0,2023,5,33,78,2,1,0,0,,,290.81608292
4385998467,1,2023_5_33_1_0,2023,5,33,68,1,1,0,0,,,120.97862353
4385998470,1,2023_5_33_1_0,2023,5,33,62,2,1,0,0,,,226.83821242
4385998472,1,2023_5_33_1_0,2023,5,33,-3,2,-3,0,0,,,444.76437561
4385998474,1,2023_5_33_1_0,2023,5,33,67,2,1,0,0,,,349.25510535
4385998476,1,2023_5_33_1_0,2023,5,33,67,2,1,0,0,,,117.22057372
4385998477,1,2023_5_33_1_0,2023,5,33,76,2,1,0,0,,,390.0037212
4385998478,1,2023_5_33_1_0,2023,5,33,72,2,1,0,0,,,290.81608292
4385998480,1,2023_5_33_1_0,2023,5,33,-3,1,1,0,0,,,496.6563377
4385998485,1,2023_5_33_1_0,2023,5,33,-3,1,2,0,0,,,596.45862705
4385998488,1,2023_5_33_1_0,2023,5,33,58,2,1,0,0,,,234.11056465
4385998491,1,2023_5_33_1_0,2023,5,33,75,1,1,0,0,,,290.81608292
4385998492,1,2023_5_33_1_0,2023,5,33,51,1,1,0,0,,,545.28807214
4385998500,1,2023_5_33_1_0,2023,5,33,49,2,1,0,0,,,562.76981335
4385998504,1,2023_5_33_1_0,2023,5,33,64,1,1,0,0,,,387.19528035
4385998513,1,2023_5_33_1_0,2023,5,33,92,2,1,0,0,,,390.0037212
4385998516,1,2023_5_33_1_0,2023,5,33,44,2,1,0,0,,,562.76981335
4385998517,1,2023_5_33_1_0,2023,5,33,61,2,1,0,0,,,675.85749892
4385998518,1,2023_5_33_1_0,2023,5,33,-3,2,1,0,0,1,1,1433.8050515
4385998523,1,2023_5_33_1_0,2023,5,33,50,1,1,0,0,,,930.76455554
4385998524,1,2023_5_33_1_0,2023,5,33,76,2,1,0,0,,,290.81608292
4385998533,1,2023_5_33_1_0,2023,5,33,75,2,1,0,0,,,120.97862353
4385998534,1,2023_5_33_1_0,2023,5,33,66,1,-3,0,0,,,290.81608292
4385998535,1,2023_5_33_1_0,2023,5,33,66,2,1,1.0001167297,0,,,290.81608292
4385998539,1,2023_5_33_1_0,2023,5,33,68,2,1,0,0,,,120.97862353
4385998541,1,2023_5_33_1_0,2023,5,33,46,2,1,0,0,,,234.11056465
4385998542,1,2023_5_33_1_0,2023,5,33,62,1,1,0,0,,,313.95784741
4385998544,1,2023_5_33_1_0,2023,5,33,-3,-3,1,0,0,,,206.60755587
4385998545,1,2023_5_33_1_0,2023,5,33,77,2,1,0,0,,,290.81608292
4385998546,1,2023_5_33_1_0,2023,5,33,71,2,1,0,0,,,390.0037212
4385998547,1,2023_5_33_1_0,2023,5,33,64,1,1,0,0,,,675.85749892
4385998550,1,2023_5_33_1_0,2023,5,33,66,2,1,0,0,,,349.25510535
4385998551,1,2023_5_33_1_0,2023,5,33,43,2,1,0,0,,,234.11056465
4385998553,1,2023_5_33_1_0,2023,5,33,55,1,1,0,0,,,562.76981335
4385998557,1,2023_5_33_1_0,2023,5,33,85,1,1,0,0,,,290.81608292
4385998559,1,2023_5_33_1_0,2023,5,33,69,1,1,0,0,,,120.97862353
4385998561,1,2023_5_33_1_0,2023,5,33,68,1,1,0,0,,,281.7822446
4385998563,1,2023_5_33_1_0,2023,5,33,67,2,1,0,0,,,162.24038536
4385998565,1,2023_5_33_1_0,2023,5,33,75,1,1,0,0,,,117.22057372
4385998566,1,2023_5_33_1_0,2023,5,33,81,2,1,0,0,,,162.24038536
4385998570,1,2023_5_33_1_0,2023,5,33,57,1,1,0,0,,,234.11056465
4385998571,1,2023_5_33_1_0,2023,5,33,55,2,1,0,0,,,930.76455554
4385998575,1,2023_5_33_1_0,2023,5,33,84,1,1,0,0,,,120.97862353
4385998576,1,2023_5_33_1_0,2023,5,33,60,1,1,0,0,,,562.76981335
4385998578,1,2023_5_33_1_0,2023,5,33,81,1,1,0,0,,,120.97862353
4385998579,1,2023_5_33_1_0,2023,5,33,70,2,1,0,0,,,120.97862353
4385998580,1,2023_5_33_1_0,2023,5,33,52,2,1,0,0,,,234.11056465
4385998581,1,2023_5_33_1_0,2023,5,33,84,1,1,0,0,,,626.04019001
4385998582,1,2023_5_33_1_0,2023,5,33,62,2,1,0,0,,,313.95784741
4385998584,1,2023_5_33_1_0,2023,5,33,56,1,1,0,0,,,545.28807214
4385998585,1,2023_5_33_1_0,2023,5,33,76,2,1,0,0,,,176.70151268
4385998588,1,2023_5_33_1_0,2023,5,33,59,2,1,0,0,,,234.11056465
4385998591,1,2023_5_33_1_0,2023,5,33,71,2,1,0,0,,,120.97862353
4385998595,1,2023_5_33_1_0,2023,5,33,71,2,1,0,0,,,349.25510535
4385998599,1,2023_5_33_1_0,2023,5,33,60,2,1,0,0,,,313.95784741
4385998604,1,2023_5_33_1_0,2023,5,33,44,1,1,0,0,,,313.95784741
4385998608,1,2023_5_33_1_0,2023,5,33,35,2,1,0,0,,,387.19528035
4385998613,1,2023_5_33_1_0,2023,5,33,32,2,1,0,0,,,930.76455554
4385998618,1,2023_5_33_1_0,2023,5,33,-3,2,-3,0,0,,,496.6563377
4385998622,1,2023_5_33_1_0,2023,5,33,76,1,1,0,0,,,290.81608292
4385998623,1,2023_5_33_1_0,2023,5,33,55,1,1,0,0,,,226.83821242
4385998626,1,2023_5_33_1_0,2023,5,33,85,1,1,0,0,,,120.97862353
4385998628,1,2023_5_33_1_0,2023,5,33,72,1,1,0,0,,,290.81608292
4385998632,1,2023_5_33_1_0,2023,5,33,60,1,1,0,0,,,234.11056465
4385998634,1,2023_5_33_1_0,2023,5,33,65,2,1,0,0,,,162.24038536
4385998636,1,2023_5_33_1_0,2023,5,33,81,2,1,0,0,,,349.25510535
4385998640,1,2023_5_33_1_0,2023,5,33,66,1,1,0,0,,,117.22057372
4385998643,1,2023_5_33_1_0,2023,5,33,70,1,1,0,0,,,290.81608292
4385998644,1,2023_5_33_1_0,2023,5,33,75,1,1,0,0,,,260.43085272
4385998650,1,2023_5_33_1_0,2023,5,33,39,2,1,0,0,,,387.19528035
4385998651,1,2023_5_33_1_0,2023,5,33,-3,2,1,0,0,,,789.29989619
4385998654,1,2023_5_33_1_0,2023,5,33,44,1,1,0,0,,,1624.6690921
4385998656,1,2023_5_33_1_0,2023,5,33,61,2,1,0,0,,,176.70151268
4385998657,1,2023_5_33_1_0,2023,5,33,55,1,1,2.0002334595,1.9997665405,,,754.71177241
4385998663,1,2023_5_33_1_0,2023,5,33,31,1,1,0,0,,,488.31493836
4385998667,1,2023_5_33_1_0,2023,5,33,42,2,1,0,1.9997665405,,,675.85749892
4385998670,1,2023_5_33_1_0,2023,5,33,45,2,1,0,0,,,833.51582364
4385998674,1,2023_5_33_1_0,2023,5,33,64,1,1,0,0,,,503.97014122
4385998676,1,2023_5_33_1_0,2023,5,33,41,2,1,0,0,,,562.76981335
4385998691,1,2023_5_33_1_0,2023,5,33,55,1,1,0,0,1,1,234.11056465
4385998694,1,2023_5_33_1_0,2023,5,33,66,1,1,0,0,,,290.81608292
4385998695,1,2023_5_33_1_0,2023,5,33,71,1,1,0,0,,,290.81608292
4385998696,1,2023_5_33_1_0,2023,5,33,-3,-3,-3,0,0,,,588.56131771
4385998697,1,2023_5_33_1_0,2023,5,33,80,1,1,0,0,,,162.24038536
4385998701,1,2023_5_33_1_0,2023,5,33,60,1,1,0,0,,,562.76981335
4385998704,1,2023_5_33_1_0,2023,5,33,69,1,1,0,0,,,120.97862353
4385998707,1,2023_5_33_1_0,2023,5,33,46,2,4,0,0,,,226.83821242
4385998709,1,2023_5_33_1_0,2023,5,33,41,2,4,0,0,,,387.19528035
4385998714,1,2023_5_33_1_0,2023,5,33,72,1,1,0,0,,,281.7822446
4385998716,1,2023_5_33_1_0,2023,5,33,62,1,1,0,0,,,387.19528035
4385998717,1,2023_5_33_1_0,2023,5,33,70,1,1,0,0,,,209.39967388
4385998723,1,2023_5_33_1_0,2023,5,33,43,2,5,1.0001167297,0,,,234.11056465
4385998725,1,2023_5_33_1_0,2023,5,33,70,1,1,0,0,,,390.0037212
4385998726,1,2023_5_33_1_0,2023,5,33,80,2,1,0,0,,,390.0037212
4385998729,1,2023_5_33_1_0,2023,5,33,67,2,1,0,0,,,162.24038536
4385998732,1,2023_5_33_1_0,2023,5,33,38,1,1,0,0,,,387.19528035
4385998733,1,2023_5_33_1_0,2023,5,33,93,2,1,0,0,,,390.0037212
4385998735,1,2023_5_33_1_0,2023,5,33,58,1,1,0,0,,,313.95784741
4385998736,1,2023_5_33_1_0,2023,5,33,54,2,1,0,0,,,545.28807214
4385998737,1,2023_5_33_1_0,2023,5,33,74,1,1,0,0,,,349.25510535
4385998738,1,2023_5_33_1_0,2023,5,33,54,1,1,0,0,,,675.85749892
4385998740,1,2023_5_33_1_0,2023,5,33,59,1,1,0,0,,,234.11056465
4385998744,1,2023_5_33_1_0,2023,5,33,35,1,1,5.0005836487,0,,,503.97014122
4385998749,1,2023_5_33_1_0,2023,5,33,71,1,1,0,0,,,390.0037212
4385998754,1,2023_5_33_1_0,2023,5,33,39,1,1,0,0,,,387.19528035
4385998760,1,2023_5_33_1_0,2023,5,33,74,1,1,0,0,,,290.81608292
4385998762,1,2023_5_33_1_0,2023,5,33,-3,2,1,0,0,,,481.22832901
4385998763,1,2023_5_33_1_0,2023,5,33,25,1,5,0,0,,,503.97014122
4385998770,1,2023_5_33_1_0,2023,5,33,55,1,1,0,0,,,675.85749892
4385998773,1,2023_5_33_1_0,2023,5,33,79,1,1,0,0,,,290.81608292
4385998775,1,2023_5_33_1_0,2023,5,33,58,1,1,0,0,,,313.95784741
4385998776,1,2023_5_33_1_0,2023,5,33,67,2,1,0,0,,1,390.0037212
4385998778,1,2023_5_33_1_0,2023,5,33,51,2,1,0,0,,,387.19528035
4385998779,1,2023_5_33_1_0,2023,5,33,41,1,1,0,0,,,234.11056465
4385998786,1,2023_5_33_1_0,2023,5,33,62,2,1,0,0,,,234.11056465
4385998790,1,2023_5_33_1_0,2023,5,33,71,2,1,0,0,,,349.25510535
4385998792,1,2023_5_33_1_0,2023,5,33,36,2,1,0,0,,,387.19528035
4385998795,1,2023_5_33_1_0,2023,5,33,73,1,1,0,1.9997665405,,,120.97862353
4385998796,1,2023_5_33_1_0,2023,5,33,47,1,1,0,0,,,503.97014122
4385998804,1,2023_5_33_1_0,2023,5,33,77,2,1,0,0,,,176.70151268
4385998805,1,2023_5_33_1_0,2023,5,33,62,1,1,0,0,,,234.11056465
4385998812,1,2023_5_33_1_0,2023,5,33,31,1,1,0,0,,,503.97014122
4385998826,1,2023_5_33_1_0,2023,5,33,70,1,1,0,0,,,290.81608292
4385998827,1,2023_5_33_1_0,2023,5,33,74,2,1,0,0,,,162.24038536
4385998831,1,2023_5_33_1_0,2023,5,33,78,2,1,0,0,,,349.25510535
4385998832,1,2023_5_33_1_0,2023,5,33,38,2,1,3.0003501892,0,,,109.01237072
4385998833,1,2023_5_33_1_0,2023,5,33,72,1,1,0,0,,,117.22057372
4385998845,1,2023_5_33_1_0,2023,5,33,57,1,1,0,0,,,226.83821242
4385998846,1,2023_5_33_1_0,2023,5,33,67,2,1,0,0,,,162.24038536
4385998847,1,2023_5_33_1_0,2023,5,33,34,2,1,0,0,,,387.19528035
4385998848,1,2023_5_33_1_0,2023,5,33,65,2,1,0,0,,,290.81608292
4385998853,1,2023_5_33_1_0,2023,5,33,74,1,1,0,0,,1,390.0037212
4385998855,1,2023_5_33_1_0,2023,5,33,38,2,1,0,0,,,313.95784741
4385998856,1,2023_5_33_1_0,2023,5,33,81,2,1,0,0,,,349.25510535
4385998860,1,2023_5_33_1_0,2023,5,33,38,1,1,0,0,,,833.51582364
4385998863,1,2023_5_33_1_0,2023,5,33,80,1,1,0,0,,,444.53531861
4385998866,1,2023_5_33_1_0,2023,5,33,-3,2,1,0,0,,,596.45862705
4385998872,1,2023_5_33_1_0,2023,5,33,45,1,1,0,0,,,387.19528035
4385998878,1,2023_5_33_1_0,2023,5,33,70,2,1,0,0,,,290.81608292
4385998881,1,2023_5_33_1_0,2023,5,33,80,2,1,0,0,,,260.43085272
4385998883,1,2023_5_33_1_0,2023,5,33,52,1,1,0,0,,,562.76981335
4385998887,1,2023_5_33_1_0,2023,5,33,57,2,1,0,0,,,930.76455554
4385998890,1,2023_5_33_1_0,2023,5,33,70,2,1,0,0,,,290.81608292
4385998893,1,2023_5_33_1_0,2023,5,33,44,1,4,0,0,,,200.08645113
4385998899,1,2023_5_33_1_0,2023,5,33,43,2,1,0,0,,,387.19528035
4385998903,1,2023_5_33_1_0,2023,5,33,29,2,1,0,0,,,313.95784741
4385998904,1,2023_5_33_1_0,2023,5,33,73,1,1,0,0,,,290.81608292
4385998906,1,2023_5_33_1_0,2023,5,33,56,1,1,0,0,,,226.83821242
4385998919,1,2023_5_33_1_0,2023,5,33,31,2,1,0,0,,,234.11056465
4385998921,1,2023_5_33_1_0,2023,5,33,69,1,1,0,0,,,120.97862353
4385998922,1,2023_5_33_1_0,2023,5,33,78,1,1,0,0,,,290.81608292
4385998925,1,2023_5_33_1_0,2023,5,33,72,2,1,0,0,,,290.81608292
4385998928,1,2023_5_33_1_0,2023,5,33,63,2,1,0,0,,,313.95784741
4385998930,1,2023_5_33_1_0,2023,5,33,70,2,1,0,0,,,58.139086955
4385998931,1,2023_5_33_1_0,2023,5,33,69,2,1,0,0,,,290.81608292
4385998935,1,2023_5_33_1_0,2023,5,33,-3,1,1,0,0,,,496.6563377
4385998939,1,2023_5_33_1_0,2023,5,33,73,2,1,0,0,,,200.08645113
4385998942,1,2023_5_33_1_0,2023,5,33,90,1,1,0,0,,,390.0037212
4385998943,1,2023_5_33_1_0,2023,5,33,76,2,1,0,0,,,120.97862353
4385998944,1,2023_5_33_1_0,2023,5,33,49,2,1,0,0,,,226.83821242
4385998949,1,2023_5_33_1_0,2023,5,33,55,1,1,0,0,,,234.11056465
4385998952,1,2023_5_33_1_0,2023,5,33,96,1,1,2.0002334595,1.9997665405,,,200.08645113
4385998956,1,2023_5_33_1_0,2023,5,33,75,1,1,0,0,,,281.7822446
4385998960,1,2023_5_33_1_0,2023,5,33,75,1,1,0,0,,,290.81608292
4385998961,1,2023_5_33_1_0,2023,5,33,55,1,1,0,1.9997665405,,,562.76981335
4385998967,1,2023_5_33_1_0,2023,5,33,83,2,1,0,0,,1,162.24038536
4385998969,1,2023_5_33_1_0,2023,5,33,60,1,1,0,0,,,313.95784741
4385998971,1,2023_5_33_1_0,2023,5,33,84,1,1,0,0,,,290.81608292
4385998973,1,2023_5_33_1_0,2023,5,33,55,2,1,0,0,,,930.76455554
4385998974,1,2023_5_33_1_0,2023,5,33,81,2,1,0,0,,,290.81608292
4385998975,1,2023_5_33_1_0,2023,5,33,54,2,1,0,0,,,234.11056465
4385998977,1,2023_5_33_1_0,2023,5,33,65,2,1,0,0,,,281.7822446
4385998978,1,2023_5_33_1_0,2023,5,33,74,1,1,0,0,,,290.81608292
4385998984,1,2023_5_33_1_0,2023,5,33,69,2,1,0,0,,,162.24038536
4385998991,1,2023_5_33_1_0,2023,5,33,75,1,1,0,0,,,120.97862353
4385998993,1,2023_5_33_1_0,2023,5,33,66,2,1,0,0,,,120.97862353
4385998998,1,2023_5_33_1_0,2023,5,33,67,1,5,0,0,,,290.81608292
4385999002,1,2023_5_33_1_0,2023,5,33,82,1,1,0,0,,,290.81608292
4385999003,1,2023_5_33_1_0,2023,5,33,64,2,1,0,0,,,234.11056465
4385999004,1,2023_5_33_1_0,2023,5,33,31,1,1,0,0,,,387.19528035
4385999006,1,2023_5_33_1_0,2023,5,33,45,1,1,0,0,,,387.19528035
4385999007,1,2023_5_33_1_0,2023,5,33,37,1,1,0,0,,,387.19528035
4385999010,1,2023_5_33_1_0,2023,5,33,70,1,1,0,0,,,120.97862353
4385999019,1,2023_5_33_1_0,2023,5,33,78,2,1,0,0,,,290.81608292
4385999031,1,2023_5_33_1_0,2023,5,33,36,2,1,0,0,,,387.19528035
4385999035,1,2023_5_33_1_0,2023,5,33,79,1,1,0,0,,,162.24038536
4385999040,1,2023_5_33_1_0,2023,5,33,55,2,1,0,0,,,545.28807214
4385999052,1,2023_5_33_1_0,2023,5,33,36,1,3,0,0,,,833.51582364
4385999053,1,2023_5_33_1_0,2023,5,33,76,1,1,0,0,,,390.0037212
4385999061,1,2023_5_33_1_0,2023,5,33,31,2,1,0,0,,,234.11056465
4385999066,1,2023_5_33_1_0,2023,5,33,69,2,1,0,0,,,390.0037212
4385999067,1,2023_5_33_1_0,2023,5,33,60,2,1,0,0,,,234.11056465
4385999068,1,2023_5_33_1_0,2023,5,33,82,2,1,0,0,,,162.24038536
4385999069,1,2023_5_33_1_0,2023,5,33,72,2,1,0,0,,,162.24038536
4385999072,1,2023_5_33_1_0,2023,5,33,67,1,1,0,0,,,290.81608292
4385999073,1,2023_5_33_1_0,2023,5,33,67,2,1,0,0,,,120.97862353
4385999075,1,2023_5_33_1_0,2023,5,33,83,1,1,0,0,,,290.81608292
4385999076,1,2023_5_33_1_0,2023,5,33,51,2,1,0,0,,,387.19528035
4385999077,1,2023_5_33_1_0,2023,5,33,45,2,1,0,0,,,387.19528035
4385999082,1,2023_5_33_1_0,2023,5,33,67,1,1,0,0,,,281.7822446
4385999087,1,2023_5_33_1_0,2023,5,33,-3,-3,-3,0,0,,,481.22832901
4385999090,1,2023_5_33_1_0,2023,5,33,-3,-3,-3,0,0,1,1,666.04920166
4385999094,1,2023_5_33_1_0,2023,5,33,93,1,1,0,0,,,290.81608292
4385999099,1,2023_5_33_1_0,2023,5,33,87,1,1,0,0,,,143.36540717
4385999102,1,2023_5_33_1_0,2023,5,33,51,1,1,0,0,1,,503.97014122
4385999103,1,2023_5_33_1_0,2023,5,33,79,1,1,0,0,,,290.81608292
4385999104,1,2023_5_33_1_0,2023,5,33,84,1,1,0,0,,,176.70151268
4385999107,1,2023_5_33_1_0,2023,5,33,52,2,1,0,0,,,545.28807214
4385999115,1,2023_5_33_1_0,2023,5,33,59,1,1,0,0,,,234.11056465
4385999121,1,2023_5_33_1_0,2023,5,33,58,1,1,0,0,,,226.83821242
4385999122,1,2023_5_33_1_0,2023,5,33,83,1,1,0,0,,,290.81608292
4385999126,1,2023_5_33_1_0,2023,5,33,43,1,1,0,0,,,387.19528035
4385999130,1,2023_5_33_1_0,2023,5,33,81,2,1,0,0,,,162.24038536
4385999131,1,2023_5_33_1_0,2023,5,33,93,2,1,0,0,,,462.17290838
4385999132,1,2023_5_33_1_0,2023,5,33,70,1,1,0,0,,,120.97862353
4385999136,1,2023_5_33_1_0,2023,5,33,73,2,1,0,0,,,626.04019001
4385999139,1,2023_5_33_1_0,2023,5,33,71,2,1,0,0,,,236.9684881
4385999141,1,2023_5_33_1_0,2023,5,33,62,2,1,0,0,,,234.11056465
4385999143,1,2023_5_33_1_0,2023,5,33,70,1,1,0,0,,,162.24038536
4385999144,1,2023_5_33_1_0,2023,5,33,68,2,1,0,0,,,162.24038536
4385999149,1,2023_5_33_1_0,2023,5,33,45,2,1,0,0,,,237.11193514
4385999150,1,2023_5_33_1_0,2023,5,33,75,1,1,0,0,,,162.24038536
4385999151,1,2023_5_33_1_0,2023,5,33,79,2,1,0,0,,,290.81608292
4385999156,1,2023_5_33_1_0,2023,5,33,54,1,1,0,0,,,488.31493836
4385999163,1,2023_5_33_1_0,2023,5,33,25,1,1,0,0,,,313.95784741
4385999166,1,2023_5_33_1_0,2023,5,33,82,1,1,0,0,,,349.25510535
4385999168,1,2023_5_33_1_0,2023,5,33,72,1,1,0,0,,,120.97862353
4385999171,1,2023_5_33_1_0,2023,5,33,79,2,1,0,0,,,290.81608292
4385999174,1,2023_5_33_1_0,2023,5,33,40,1,1,0,0,,,387.19528035
4385999175,1,2023_5_33_1_0,2023,5,33,57,2,1,0,0,,,545.28807214
4385999177,1,2023_5_33_1_0,2023,5,33,56,2,1,0,0,,,234.11056465
4385999179,1,2023_5_33_1_0,2023,5,33,75,1,1,0,0,,,176.70151268
4385999180,1,2023_5_33_1_0,2023,5,33,36,1,1,0,0,,,387.19528035
4385999184,1,2023_5_33_1_0,2023,5,33,51,1,1,0,0,,,117.22057372
4385999185,1,2023_5_33_1_0,2023,5,33,61,1,1,0,0,,,562.76981335
4385999186,1,2023_5_33_1_0,2023,5,33,55,2,1,0,0,,,562.76981335
4385999193,1,2023_5_33_1_0,2023,5,33,28,1,1,0,2.9996498108,,,562.76981335
4385999199,1,2023_5_33_1_0,2023,5,33,65,1,1,0,0,,,162.24038536
4385999203,1,2023_5_33_1_0,2023,5,33,61,1,1,0,0,,,562.76981335
4385999210,1,2023_5_33_1_0,2023,5,33,75,1,1,0,0,,,290.81608292
4385999211,1,2023_5_33_1_0,2023,5,33,80,1,1,0,0,,,290.81608292
4385999213,1,2023_5_33_1_0,2023,5,33,58,2,1,0,0,,,562.76981335
4385999216,1,2023_5_33_1_0,2023,5,33,44,2,1,0,0,,,234.11056465
4385999217,1,2023_5_33_1_0,2023,5,33,50,2,1,0,0,,,399.60862302
4385999218,1,2023_5_33_1_0,2023,5,33,55,1,1,0,0,,,562.76981335
4385999220,1,2023_5_33_1_0,2023,5,33,62,2,1,0,0,,1,270.45210269
4385999221,1,2023_5_33_1_0,2023,5,33,49,1,1,0,0,,,387.19528035
4385999225,1,2023_5_33_1_0,2023,5,33,66,1,1,0,0,,,390.0037212
4385999230,1,2023_5_33_1_0,2023,5,33,62,2,1,0,0,,,120.97862353
4385999232,1,2023_5_33_1_0,2023,5,33,-3,1,1,0,0,,,206.60755587
4385999234,1,2023_5_33_1_0,2023,5,33,55,2,1,0,0,,,313.95784741
4385999240,1,2023_5_33_1_0,2023,5,33,78,1,1,0,0,,,162.24038536
4385999241,1,2023_5_33_1_0,2023,5,33,29,2,1,0,0,,,234.11056465
4385999243,1,2023_5_33_1_0,2023,5,33,31,2,1,0,0,,,387.19528035
4385999248,1,2023_5_33_1_0,2023,5,33,35,2,1,0,0,,,387.19528035
4385999249,1,2023_5_33_1_0,2023,5,33,33,2,3,0,0,,,503.97014122
4385999251,1,2023_5_33_1_0,2023,5,33,67,2,1,0,0,,,290.81608292
4385999253,1,2023_5_33_1_0,2023,5,33,55,2,1,0,0,,,281.7822446
4385999255,1,2023_5_33_1_0,2023,5,33,57,2,1,0,0,,,313.95784741
4385999256,1,2023_5_33_1_0,2023,5,33,33,1,1,0,0,,,234.11056465
4385999258,1,2023_5_33_1_0,2023,5,33,44,2,1,0,0,,,387.19528035
4385999261,1,2023_5_33_1_0,2023,5,33,30,1,1,0,0,,,503.97014122
4385999265,1,2023_5_33_1_0,2023,5,33,58,2,1,0,0,,,562.76981335
4385999271,1,2023_5_33_1_0,2023,5,33,56,1,1,0,0,,,226.83821242
4385999281,1,2023_5_33_1_0,2023,5,33,82,1,1,0,0,,,290.81608292
4385999287,1,2023_5_33_1_0,2023,5,33,51,1,1,0,0,,,387.19528035
4385999290,1,2023_5_33_1_0,2023,5,33,-3,2,1,0,0,,,206.60755587
4385999292,1,2023_5_33_1_0,2023,5,33,47,2,1,0,0,,,387.19528035
4385999293,1,2023_5_33_1_0,2023,5,33,77,1,1,0,0,,,290.81608292
4385999294,1,2023_5_33_1_0,2023,5,33,50,2,1,0,0,,,387.19528035
4385999295,1,2023_5_33_1_0,2023,5,33,40,1,1,0,0,,,387.19528035
4385999297,1,2023_5_33_1_0,2023,5,33,63,1,1,0,0,,,675.85749892
4385999302,1,2023_5_33_1_0,2023,5,33,73,1,1,0,0,,,290.81608292
4385999307,1,2023_5_33_1_0,2023,5,33,82,1,1,0,0,,,200.08645113
4385999309,1,2023_5_33_1_0,2023,5,33,77,2,1,0,0,,,290.81608292
4385999310,1,2023_5_33_1_0,2023,5,33,42,2,1,0,0,,,387.19528035
4385999311,1,2023_5_33_1_0,2023,5,33,55,2,1,0,0,,,387.19528035
4385999313,1,2023_5_33_1_0,2023,5,33,53,2,1,0,0,,,399.60862302
4385999316,1,2023_5_33_1_0,2023,5,33,54,2,1,0,0,,,545.28807214
4385999318,1,2023_5_33_1_0,2023,5,33,72,1,1,0,0,,,290.81608292
4385999320,1,2023_5_33_1_0,2023,5,33,73,2,1,0,0,,,290.81608292
4385999324,1,2023_5_33_1_0,2023,5,33,78,1,1,0,0,,,290.81608292
4385999331,1,2023_5_33_1_0,2023,5,33,68,1,1,0,1.9997665405,,,290.81608292
4385999333,1,2023_5_33_1_0,2023,5,33,47,1,1,1.0001167297,0,,,387.19528035
4385999336,1,2023_5_33_1_0,2023,5,33,73,1,1,0,0,,,480.98049281
4385999344,1,2023_5_33_1_0,2023,5,33,72,1,1,0,0,,,349.25510535
4385999347,1,2023_5_33_1_0,2023,5,33,75,2,1,0,0,,,390.0037212
4385999352,1,2023_5_33_1_0,2023,5,33,64,1,1,0,0,,,543.42386235
4385999355,1,2023_5_33_1_0,2023,5,33,61,1,1,0,0,,,313.95784741
4385999356,1,2023_5_33_1_0,2023,5,33,74,1,1,0,0,,,290.81608292
4385999362,1,2023_5_33_1_0,2023,5,33,90,2,1,0,0,,,281.7822446
4385999364,1,2023_5_33_1_0,2023,5,33,77,2,1,0,0,1,1,349.25510535
4385999372,1,2023_5_33_1_0,2023,5,33,84,1,1,0,0,,,290.81608292
4385999373,1,2023_5_33_1_0,2023,5,33,75,1,1,0,0,,,162.24038536
4385999374,1,2023_5_33_1_0,2023,5,33,82,1,1,0,0,,,839.56155819
4385999376,1,2023_5_33_1_0,2023,5,33,42,2,1,0,0,,,387.19528035
4385999388,1,2023_5_33_1_0,2023,5,33,82,2,1,0,0,,,390.0037212
4385999393,1,2023_5_33_1_0,2023,5,33,57,2,1,0,0,,,387.19528035
4385999400,1,2023_5_33_1_0,2023,5,33,63,1,1,0,0,,,387.19528035
4385999406,1,2023_5_33_1_0,2023,5,33,32,2,1,0,0,,,562.76981335
4385999407,1,2023_5_33_1_0,2023,5,33,76,1,1,0,0,,,290.81608292
4385999408,1,2023_5_33_1_0,2023,5,33,71,2,1,0,0,,,120.97862353
4385999415,1,2023_5_33_1_0,2023,5,33,58,1,1,0,0,,,860.23804383
4385999417,1,2023_5_33_1_0,2023,5,33,60,1,1,0,0,,,234.11056465
4385999420,1,2023_5_33_1_0,2023,5,33,58,1,1,0,0,,,277.43212351
4385999421,1,2023_5_33_1_0,2023,5,33,54,2,1,0,0,,,675.85749892
4385999423,1,2023_5_33_1_0,2023,5,33,82,1,1,0,0,,,290.81608292
4385999424,1,2023_5_33_1_0,2023,5,33,36,1,1,0,0,,,387.19528035
4385999426,1,2023_5_33_1_0,2023,5,33,33,1,1,0,0,,,387.19528035
4385999430,1,2023_5_33_1_0,2023,5,33,60,2,1,0,0,,,562.76981335
4385999437,1,2023_5_33_1_0,2023,5,33,80,2,1,0,0,,,120.97862353
4385999439,1,2023_5_33_1_0,2023,5,33,81,2,1,0,0,,,290.81608292
4385999453,1,2023_5_33_1_0,2023,5,33,64,2,1,0,0,,,234.11056465
4385999455,1,2023_5_33_1_0,2023,5,33,78,1,1,0,0,,,290.81608292
4385999456,1,2023_5_33_1_0,2023,5,33,61,1,1,0,0,,,234.11056465
4385999457,1,2023_5_33_1_0,2023,5,33,65,2,1,0,0,,,344.63085233
4385999467,1,2023_5_33_1_0,2023,5,33,50,1,3,0,0,,,930.76455554
4385999468,1,2023_5_33_1_0,2023,5,33,54,1,1,0,0,,,387.19528035
4385999472,1,2023_5_33_1_0,2023,5,33,54,1,1,1.0001167297,0.9998832703,,,234.11056465
4385999477,1,2023_5_33_1_0,2023,5,33,62,2,1,0,0,,,234.11056465
4385999480,1,2023_5_33_1_0,2023,5,33,46,1,1,0,0,,,234.11056465
4385999483,1,2023_5_33_1_0,2023,5,33,99,1,-3,0,0,,,390.0037212
4385999494,1,2023_5_33_1_0,2023,5,33,70,2,1,0,0,,,281.7822446
4385999499,1,2023_5_33_1_0,2023,5,33,67,2,1,0,0,,,290.81608292
4385999504,1,2023_5_33_1_0,2023,5,33,65,1,1,0,0,,,390.0037212
4385999506,1,2023_5_33_1_0,2023,5,33,44,2,1,15.001750946,0,,,387.19528035
4385999509,1,2023_5_33_1_0,2023,5,33,67,2,2,0,0,,,281.7822446
4385999510,1,2023_5_33_1_0,2023,5,33,69,1,5,0,0,,,120.97862353
4385999515,1,2023_5_33_1_0,2023,5,33,69,2,1,0,0,,,120.97862353
4385999524,1,2023_5_33_1_0,2023,5,33,65,2,1,0,0,,,290.81608292
4385999525,1,2023_5_33_1_0,2023,5,33,73,2,1,0,0,,,260.43085272
4385999527,1,2023_5_33_1_0,2023,5,33,58,2,1,0,0,,,226.83821242
4385999529,1,2023_5_33_1_0,2023,5,33,40,1,3,0,0,,,387.19528035
4385999535,1,2023_5_33_1_0,2023,5,33,61,2,1,0,0,,,234.11056465
4385999543,1,2023_5_33_1_0,2023,5,33,63,1,1,0,0,,,503.97014122
4385999549,1,2023_5_33_1_0,2023,5,33,60,1,1,0,0,,,562.76981335
4385999552,1,2023_5_33_1_0,2023,5,33,22,2,1,0,0,,,503.97014122
4385999557,1,2023_5_33_1_0,2023,5,33,72,2,1,0,0,,,290.81608292
4385999558,1,2023_5_33_1_0,2023,5,33,35,1,4,0,0,,,675.85749892
4385999561,1,2023_5_33_1_0,2023,5,33,60,1,1,0,0,,,754.71177241
4385999562,1,2023_5_33_1_0,2023,5,33,44,1,1,0,0,,,387.19528035
4385999575,1,2023_5_33_1_0,2023,5,33,59,1,1,0,0,,,1624.6690921
4385999576,1,2023_5_33_1_0,2023,5,33,60,1,1,0,0,,,562.76981335
4385999581,1,2023_5_33_1_0,2023,5,33,72,1,1,0,0,,,290.81608292
4385999584,1,2023_5_33_1_0,2023,5,33,66,1,1,0,0,,,120.97862353
4385999586,1,2023_5_33_1_0,2023,5,33,40,1,1,0,0,,,226.83821242
4385999588,1,2023_5_33_1_0,2023,5,33,39,2,1,0,0,,,387.19528035
4385999590,1,2023_5_33_1_0,2023,5,33,34,2,1,0,0,,,387.19528035
4385999591,1,2023_5_33_1_0,2023,5,33,65,2,1,0,0,,,349.25510535
4385999593,1,2023_5_33_1_0,2023,5,33,51,1,1,0,0,,,545.28807214
4385999595,1,2023_5_33_1_0,2023,5,33,68,2,1,0,0,,,120.97862353
4385999596,1,2023_5_33_1_0,2023,5,33,31,1,1,0,0,,,503.97014122
4385999598,1,2023_5_33_1_0,2023,5,33,47,2,1,0,0,,,226.83821242
4385999599,1,2023_5_33_1_0,2023,5,33,65,1,1,0,0,,,290.81608292
4385999601,1,2023_5_33_1_0,2023,5,33,63,1,1,0,0,,,754.71177241
4385999604,1,2023_5_33_1_0,2023,5,33,66,1,1,0,0,,,162.24038536
4385999605,1,2023_5_33_1_0,2023,5,33,56,1,1,0,0,,,562.76981335
4385999607,1,2023_5_33_1_0,2023,5,33,68,2,1,0,0,,,390.0037212
4385999609,1,2023_5_33_1_0,2023,5,33,39,2,1,0,0,,,387.19528035
4385999610,1,2023_5_33_1_0,2023,5,33,68,2,1,0,0,,,120.97862353
4385999613,1,2023_5_33_1_0,2023,5,33,37,2,1,0,0,,,234.11056465
4385999618,1,2023_5_33_1_0,2023,5,33,71,1,1,0,0,,,117.22057372
4385999619,1,2023_5_33_2_1,2023,5,33,34,1,1,0,0,,,196.88642403
4385999622,1,2023_5_33_2_1,2023,5,33,36,2,1,0,0,,,151.26589438
4385999630,1,2023_5_33_2_1,2023,5,33,72,1,1,0,0,,,113.61335511
4385999639,1,2023_5_33_2_1,2023,5,33,52,1,1,2.0002334595,0,,,219.85773966
4385999640,1,2023_5_33_2_1,2023,5,33,50,1,1,0,0,,,151.26589438
4385999643,1,2023_5_33_2_1,2023,5,33,67,1,1,0,3.999533081,,,47.262817026
4385999647,1,2023_5_33_2_1,2023,5,33,70,1,1,0,0,,,47.262817026
4385999654,1,2023_5_33_2_1,2023,5,33,67,1,1,0,3.999533081,,,47.262817026
4385999656,1,2023_5_33_2_1,2023,5,33,61,1,-3,0,6.9991828918,,,260.54184985
4385999668,1,2023_5_33_2_1,2023,5,33,38,2,1,0,0,,,151.26589438
4385999672,1,2023_5_33_2_1,2023,5,33,79,1,1,0,0,,1,113.61335511
4385999673,1,2023_5_33_2_1,2023,5,33,23,2,2,0,0,,,151.26589438
4385999674,1,2023_5_33_2_1,2023,5,33,72,1,1,0,0,,,47.262817026
4385999677,1,2023_5_33_2_1,2023,5,33,64,1,1,0,0,,,14.023033623
4385999682,1,2023_5_33_2_1,2023,5,33,70,1,1,0,0,,,47.262817026
4385999685,1,2023_5_33_2_1,2023,5,33,56,2,1,0,0,,,213.02813364
4385999687,1,2023_5_33_2_1,2023,5,33,62,2,5,0,0,,,47.262817026
4385999689,1,2023_5_33_2_1,2023,5,33,46,2,3,0,0,,,363.62254422
4385999690,1,2023_5_33_2_1,2023,5,33,66,2,1,0,0,,,113.61335511
4385999691,1,2023_5_33_2_1,2023,5,33,78,1,1,0,0,,,244.57562905
4385999692,1,2023_5_33_2_1,2023,5,33,62,1,1,0,0,,,91.46016427
4385999695,1,2023_5_33_2_1,2023,5,33,59,2,5,0,0,,,69.032123349
4385999697,1,2023_5_33_2_1,2023,5,33,63,1,1,0,0,,,113.61335511
4385999702,1,2023_5_33_2_1,2023,5,33,58,1,1,0,1.9997665405,,,151.26589438
4385999703,1,2023_5_33_2_1,2023,5,33,60,1,1,30.003501892,0,,,91.46016427
4385999704,1,2023_5_33_2_1,2023,5,33,73,1,1,2.0002334595,0.9998832703,,,110.08409816
4385999707,1,2023_5_33_2_1,2023,5,33,59,1,1,0,0,,,45.794656658
4385999712,1,2023_5_33_2_1,2023,5,33,28,2,1,0,0,,,91.46016427
4385999714,1,2023_5_33_2_0,2023,5,33,30,2,1,0,0,,,520.64003201
4385999721,1,2023_5_33_2_0,2023,5,33,72,1,1,0,0,,,646.74780887
4385999726,1,2023_5_33_2_0,2023,5,33,63,2,1,0,0,,,501.31128699
4385999728,1,2023_5_33_2_0,2023,5,33,35,1,1,0,0,,,1853.6613491
4385999730,1,2023_5_33_2_0,2023,5,33,45,1,1,0,0,,,1678.4084987
4385999739,1,2023_5_33_2_0,2023,5,33,33,2,1,0,0,,,520.64003201
4385999747,1,2023_5_33_2_0,2023,5,33,77,1,1,0,0,,,1069.6556968
4385999751,1,2023_5_33_2_0,2023,5,33,50,2,1,0,0,,,504.46699982
4385999752,1,2023_5_33_2_0,2023,5,33,33,2,1,0,0,,,861.08614303
4385999761,1,2023_5_33_2_0,2023,5,33,47,1,1,0,0,,,861.08614303
4385999762,1,2023_5_33_2_0,2023,5,33,83,2,1,0,0,,,867.33185318
4385999764,1,2023_5_33_2_0,2023,5,33,76,1,1,0,0,,,269.04516043
4385999766,1,2023_5_33_2_0,2023,5,33,85,2,3,0,0,,1,360.80746528
4385999767,1,2023_5_33_2_0,2023,5,33,92,2,1,0,0,,,1867.1064981
4385999768,1,2023_5_33_2_0,2023,5,33,92,2,1,0,0,,,1392.2549162
4385999770,1,2023_5_33_2_0,2023,5,33,61,2,1,0,0,,,698.21293186
4385999772,1,2023_5_33_2_0,2023,5,33,43,2,4,0,0,,,698.21293186
4385999776,1,2023_5_33_2_0,2023,5,33,40,1,4,0,0,,,861.08614303
4385999781,1,2023_5_33_2_0,2023,5,33,60,1,1,0,0,,,520.64003201
4385999782,1,2023_5_33_2_0,2023,5,33,69,1,1,0,0,,,360.80746528
4385999787,1,2023_5_33_2_0,2023,5,33,63,1,1,0,0,,,698.21293186
4385999792,1,2023_5_33_2_0,2023,5,33,68,2,1,0,0,,,360.80746528
4385999793,1,2023_5_33_2_0,2023,5,33,62,1,1,0,1.9997665405,,,1120.7825279
4385999794,1,2023_5_33_2_0,2023,5,33,66,2,1,0,0,,,626.65739613
4385999795,1,2023_5_33_2_0,2023,5,33,73,1,1,0,0,,,269.04516043
4385999799,1,2023_5_33_2_0,2023,5,33,66,2,1,0,0,,,867.33185318
4385999800,1,2023_5_33_2_0,2023,5,33,53,1,1,0,0,,,504.46699982
4385999802,1,2023_5_33_2_0,2023,5,33,38,1,1,0,0,,,861.08614303
4385999805,1,2023_5_33_2_0,2023,5,33,70,2,1,0,0,,,646.74780887
4385999810,1,2023_5_33_2_0,2023,5,33,57,1,1,0,0,,,698.21293186
4385999811,1,2023_5_33_2_0,2023,5,33,63,2,1,0,0,,,520.64003201
4385999814,1,2023_5_33_2_0,2023,5,33,57,2,1,0,0,,,520.64003201
4385999818,1,2023_5_33_2_0,2023,5,33,63,1,1,0,0,,,520.64003201
4385999825,1,2023_5_33_2_0,2023,5,33,96,1,1,0,0,,,867.33185318
4385999827,1,2023_5_33_2_0,2023,5,33,86,1,1,0,0,,,646.74780887
4385999829,1,2023_5_33_2_0,2023,5,33,74,1,1,0,0,,,646.74780887
4385999830,1,2023_5_33_2_0,2023,5,33,-3,2,1,0,0,,,459.47590902
4385999835,1,2023_5_33_2_0,2023,5,33,71,2,1,0,0,,,465.6853187
4385999848,1,2023_5_33_2_0,2023,5,33,55,1,1,0,0,,,504.46699982
4385999850,1,2023_5_33_2_0,2023,5,33,39,2,1,0,0,,,1853.6613491
4385999858,1,2023_5_33_2_0,2023,5,33,50,1,1,0,0,,,260.68760863
4385999859,1,2023_5_33_2_0,2023,5,33,62,1,1,0,0,,,646.74780887
4385999860,1,2023_5_33_2_0,2023,5,33,52,1,1,0,0,,,2069.9334467
4385999863,1,2023_5_33_2_0,2023,5,33,71,1,1,0,0,,,646.74780887
4385999864,1,2023_5_33_2_0,2023,5,33,29,1,1,0,0,,,1120.7825279
4385999870,1,2023_5_33_2_0,2023,5,33,61,1,1,0,0,,,1503.0439587
4385999871,1,2023_5_33_2_0,2023,5,33,71,1,1,0,0,,,269.04516043
4385999874,1,2023_5_33_2_0,2023,5,33,63,1,-3,0,0,,,1212.6697475
4385999875,1,2023_5_33_2_0,2023,5,33,60,1,-3,0,0,,,520.64003201
4385999880,1,2023_5_33_2_0,2023,5,33,60,2,1,0,0,,,1503.0439587
4385999881,1,2023_5_33_2_0,2023,5,33,53,2,1,0,0,,,520.64003201
4385999885,1,2023_5_33_2_0,2023,5,33,47,2,1,0,0,,,861.08614303
4385999890,1,2023_5_33_2_0,2023,5,33,64,2,5,0,0,,,1503.0439587
4385999891,1,2023_5_33_2_0,2023,5,33,55,1,1,0,0,,,698.21293186
4385999896,1,2023_5_33_2_0,2023,5,33,52,1,1,0,0,,,1503.0439587
4385999900,1,2023_5_33_2_0,2023,5,33,78,2,1,0,0,,,867.33185318
4385999902,1,2023_5_33_2_0,2023,5,33,71,1,1,0,0,,,646.74780887
4385999903,1,2023_5_33_2_0,2023,5,33,62,2,1,0,0,,,520.64003201
4385999909,1,2023_5_33_2_0,2023,5,33,57,1,1,0,0,,,1251.5475074
4385999910,1,2023_5_33_2_0,2023,5,33,24,2,1,0,0,,,1120.7825279
4385999916,1,2023_5_33_2_0,2023,5,33,67,2,1,0,0,,,626.65739613
4385999918,1,2023_5_33_2_0,2023,5,33,80,2,1,0,0,,,867.33185318
4385999920,1,2023_5_33_2_0,2023,5,33,80,1,1,0,0,,,867.33185318
4385999921,1,2023_5_33_2_0,2023,5,33,42,1,1,0,0,,,861.08614303
4385999922,1,2023_5_33_2_0,2023,5,33,43,2,1,0,0,,,2069.9334467
4385999925,1,2023_5_33_2_0,2023,5,33,45,2,1,0,0,,,4455.9486368
4385999929,1,2023_5_33_2_0,2023,5,33,59,2,1,0,0,,,698.21293186
4385999935,1,2023_5_33_2_0,2023,5,33,42,2,1,0,0,,,698.21293186
4385999937,1,2023_5_33_2_0,2023,5,33,53,1,1,0,0,,,260.68760863
4385999949,1,2023_5_33_2_0,2023,5,33,63,1,1,0,0,,,1251.5475074
4385999953,1,2023_5_33_2_0,2023,5,33,51,1,1,0,0,,,1251.5475074
4385999955,1,2023_5_33_2_0,2023,5,33,84,2,1,0,0,,,867.33185318
4385999958,1,2023_5_33_2_0,2023,5,33,56,1,1,0,0,,,520.64003201
4385999959,1,2023_5_33_2_0,2023,5,33,63,1,1,0,0,,,520.64003201
4385999961,1,2023_5_33_2_0,2023,5,33,66,1,1,0,0,,,269.04516043
4385999963,1,2023_5_33_2_0,2023,5,33,53,1,1,0,0,,,2531.6106378
4385999964,1,2023_5_33_2_0,2023,5,33,34,1,1,0,0,,,1120.7825279
4385999966,1,2023_5_33_2_0,2023,5,33,43,1,1,0,0,,,520.64003201
4385999969,1,2023_5_33_2_0,2023,5,33,37,2,1,0,0,,,1503.0439587
4385999970,1,2023_5_33_2_0,2023,5,33,65,1,1,0,0,,,646.74780887
4385999975,1,2023_5_33_2_0,2023,5,33,39,2,1,0,0,,,861.08614303
4385999980,1,2023_5_33_2_0,2023,5,33,66,1,1,0,0,,,269.04516043
4385999981,1,2023_5_33_2_0,2023,5,33,55,1,2,0,0,,,1120.7825279
4385999995,1,2023_5_33_2_0,2023,5,33,52,2,1,0,0,,,520.64003201
4385999999,1,2023_5_33_2_0,2023,5,33,70,2,1,0,0,,,1867.1064981
4386000000,1,2023_5_33_2_0,2023,5,33,62,1,1,0,0,,,520.64003201
4386000004,1,2023_5_33_2_0,2023,5,33,71,2,1,0,0,,,867.33185318
4386000015,1,2023_5_33_2_0,2023,5,33,66,1,1,0,0,,,360.80746528
4386000018,1,2023_5_33_2_0,2023,5,33,63,2,1,0,0,,,520.64003201
4386000021,1,2023_5_33_2_0,2023,5,33,67,1,1,0,0,,,646.74780887
4386000023,1,2023_5_33_2_0,2023,5,33,52,1,1,0,0,,,2069.9334467
4386000025,1,2023_5_33_2_0,2023,5,33,56,2,1,0,0,,,626.65739613
4386000028,1,2023_5_33_2_0,2023,5,33,62,1,1,0,0,,,520.64003201
4386000030,1,2023_5_33_2_0,2023,5,33,72,1,1,2.0002334595,0,,,269.04516043
4386000037,1,2023_5_33_2_0,2023,5,33,65,1,1,0,0,,,867.33185318
4386000043,1,2023_5_33_2_0,2023,5,33,43,2,1,0,0,,,520.64003201
4386000046,1,2023_5_33_2_0,2023,5,33,-3,-3,-3,0,0,,,1755.3292558
4386000052,1,2023_5_33_2_0,2023,5,33,69,2,1,0,0,,,646.74780887
4386000053,1,2023_5_33_2_0,2023,5,33,34,1,1,1.0001167297,0,,,504.46699982
4386000055,1,2023_5_33_2_0,2023,5,33,50,1,1,0,0,,,504.46699982
4386000057,1,2023_5_33_2_0,2023,5,33,56,2,1,0,0,,,504.46699982
4386000058,1,2023_5_33_2_0,2023,5,33,59,1,1,0,0,,,520.64003201
4386000061,1,2023_5_33_2_0,2023,5,33,63,1,1,0,0,,,1212.6697475
4386000067,1,2023_5_33_2_0,2023,5,33,-3,-3,1,0,0,,,2303.8358131
4386000073,1,2023_5_33_2_0,2023,5,33,80,2,1,0,0,,,867.33185318
4386000086,1,2023_5_33_2_0,2023,5,33,77,1,1,0,0,,,626.65739613
4386000095,1,2023_5_33_2_0,2023,5,33,63,2,1,0,0,,,520.64003201
4386000098,1,2023_5_33_2_0,2023,5,33,-3,2,1,0,0,,,1481.2312216
4386000099,1,2023_5_33_2_0,2023,5,33,71,1,1,0,0,,,742.61873819
4386000100,1,2023_5_33_2_0,2023,5,33,65,2,1,0,0,,,867.33185318
4386000102,1,2023_5_33_2_0,2023,5,33,68,2,1,0,0,,,646.74780887
4386000104,1,2023_5_33_2_0,2023,5,33,67,1,1,0,0,,,646.74780887
4386000107,1,2023_5_33_2_0,2023,5,33,23,1,1,0,0,,,1503.0439587
4386000110,1,2023_5_33_2_0,2023,5,33,96,2,1,0,0,,,867.33185318
4386000114,1,2023_5_33_2_0,2023,5,33,41,1,1,0,0,,,861.08614303
4386000119,1,2023_5_33_2_0,2023,5,33,26,2,4,0,0,,,1503.0439587
4386000120,1,2023_5_33_2_0,2023,5,33,68,1,1,0,0,,,444.97358108
4386000122,1,2023_5_33_2_0,2023,5,33,33,1,4,0,0,,,1503.0439587
4386000124,1,2023_5_33_2_0,2023,5,33,68,2,1,0,0,,,776.71073707
4386000128,1,2023_5_33_2_0,2023,5,33,64,2,1,0,0,,,698.21293186
4386000131,1,2023_5_33_2_0,2023,5,33,57,1,1,0,0,,,1120.7825279
4386000133,1,2023_5_33_2_0,2023,5,33,87,1,1,0,0,,,867.33185318
4386000134,1,2023_5_33_2_0,2023,5,33,57,2,1,0,0,,,1251.5475074
4386000138,1,2023_5_33_2_0,2023,5,33,70,2,1,1.0543785344,0.9456214656,,,594.40753508
4386000143,1,2023_5_33_2_0,2023,5,33,59,2,1,0,0,,,444.97358108
4386000147,1,2023_5_33_2_0,2023,5,33,70,1,1,0,0,,,646.74780887
4386000153,1,2023_5_33_2_0,2023,5,33,43,2,1,0,0,,,2069.9334467
4386000156,1,2023_5_33_2_0,2023,5,33,52,1,4,0,0,,,520.64003201
4386000158,1,2023_5_33_2_0,2023,5,33,-3,-3,-3,0,0,,,1162.837923
4386000159,1,2023_5_33_2_0,2023,5,33,46,1,1,0,0,,,1503.0439587
4386000161,1,2023_5_33_2_0,2023,5,33,39,1,1,0,0,,,1853.6613491
4386000162,1,2023_5_33_2_0,2023,5,33,72,2,1,0,0,,,392.9676619
4386000164,1,2023_5_33_2_0,2023,5,33,58,2,1,0,0,,,504.46699982
4386000165,1,2023_5_33_2_0,2023,5,33,68,1,1,0,0,1,,360.80746528
4386000169,1,2023_5_33_2_0,2023,5,33,59,1,1,0,0,,,520.64003201
4386000177,1,2023_5_33_2_0,2023,5,33,84,1,1,0,0,,,646.74780887
4386000178,1,2023_5_33_2_0,2023,5,33,-3,1,3,0,0,,,459.47590902
4386000183,1,2023_5_33_2_0,2023,5,33,74,2,1,0,0,,,360.80746528
4386000187,1,2023_5_33_2_0,2023,5,33,45,2,1,0,0,,,2069.9334467
4386000188,1,2023_5_33_2_0,2023,5,33,75,1,1,0,0,,,269.04516043
4386000189,1,2023_5_33_2_0,2023,5,33,72,2,1,0,0,,,646.74780887
4386000192,1,2023_5_33_2_0,2023,5,33,78,1,5,0,0,,,649.92890964
4386000194,1,2023_5_33_2_0,2023,5,33,70,1,1,0,0,,,269.04516043
4386000195,1,2023_5_33_2_0,2023,5,33,62,1,1,0,0,,,1251.5475074
4386000196,1,2023_5_33_2_0,2023,5,33,58,1,1,0,0,,,520.64003201
4386000201,1,2023_5_33_2_0,2023,5,33,84,1,1,0,0,,,269.04516043
4386000202,1,2023_5_33_2_0,2023,5,33,74,1,1,0,0,,,269.04516043
4386000205,1,2023_5_33_2_0,2023,5,33,66,2,1,0,0,,,269.04516043
4386000206,1,2023_5_33_2_0,2023,5,33,29,1,5,0,0,,,1120.7825279
4386000208,1,2023_5_33_2_0,2023,5,33,51,2,1,0,0,,,520.64003201
4386000209,1,2023_5_33_2_0,2023,5,33,53,1,1,0,0,,,1251.5475074
4386000210,1,2023_5_33_2_0,2023,5,33,39,2,1,0,0,,,520.64003201
4386000212,1,2023_5_33_2_0,2023,5,33,42,1,1,0,0,,,504.46699982
4386000213,1,2023_5_33_2_0,2023,5,33,54,2,1,0,0,,,520.64003201
4386000217,1,2023_5_33_2_0,2023,5,33,64,1,1,0,0,,,269.04516043
4386000220,1,2023_5_33_2_0,2023,5,33,57,2,-3,0,0,,,504.46699982
4386000224,1,2023_5_33_2_0,2023,5,33,-3,1,-3,0,0,,,1308.9054044
4386000226,1,2023_5_33_2_0,2023,5,33,96,2,1,0,0,,,867.33185318
4386000227,1,2023_5_33_2_0,2023,5,33,76,1,1,0,0,,,646.74780887
4386000240,1,2023_5_34_1_1,2023,5,34,65,1,1,6.0001765409,1.999941153,,,460.58661116
4386000241,1,2023_5_34_1_1,2023,5,34,65,1,1,0,0,,,239.53753069
4386000244,1,2023_5_34_1_1,2023,5,34,69,1,1,0,4.9998528826,,,460.58661116
4386000245,1,2023_5_34_1_1,2023,5,34,69,1,1,0,0,,,460.58661116
4386000250,1,2023_5_34_1_1,2023,5,34,63,1,1,5.0001471174,7.9997646122,,,150.26845659
4386000252,1,2023_5_34_1_1,2023,5,34,82,1,1,15.000441352,14.999558648,,,239.53753069
4386000254,1,2023_5_34_1_1,2023,5,34,45,1,1,0,0,,,1282.5536228
4386000255,1,2023_5_34_1_1,2023,5,34,67,1,1,0,0,,,331.62214092
4386000256,1,2023_5_34_1_1,2023,5,34,64,1,1,0,0.9999705765,,,288.93860175
4386000257,1,2023_5_34_1_1,2023,5,34,63,2,1,10.000294235,0,,,483.31539162
4386000262,1,2023_5_34_1_1,2023,5,34,68,1,2,0,1.999941153,,1,331.62214092
4386000267,1,2023_5_34_1_1,2023,5,34,69,1,1,1.0000294235,0,,,143.20181063
4386000271,1,2023_5_34_1_1,2023,5,34,59,2,1,0,3.9998823061,,,208.0356558
4386000272,1,2023_5_34_1_1,2023,5,34,61,2,1,0,0,,,460.58661116
4386000274,1,2023_5_34_1_1,2023,5,34,42,2,3,0,2.9999117296,,,576.65062878
4386000280,1,2023_5_34_1_1,2023,5,34,62,1,1,0,0,,,108.19321725
4386000281,1,2023_5_34_1_1,2023,5,34,57,1,1,8.0002353878,0,,,596.55193696
4386000282,1,2023_5_34_1_1,2023,5,34,68,1,1,0,0,,,460.58661116
4386000284,1,2023_5_34_1_1,2023,5,34,72,1,1,0,0.9999705765,,,239.53753069
4386000285,1,2023_5_34_1_1,2023,5,34,78,1,1,0,0,,,514.99242352
4386000287,1,2023_5_34_1_1,2023,5,34,62,1,1,2.000058847,0,,,929.32659742
4386000289,1,2023_5_34_1_1,2023,5,34,59,1,1,4.0001176939,7.9997646122,,,288.93860175
4386000291,1,2023_5_34_1_1,2023,5,34,59,2,1,4.0001176939,0,,,483.31539162
4386000292,1,2023_5_34_1_1,2023,5,34,39,1,1,5.0001471174,0,,,288.93860175
4386000293,1,2023_5_34_1_1,2023,5,34,39,1,3,0,0,,,576.65062878
4386000297,1,2023_5_34_1_1,2023,5,34,37,2,1,0,0,,,288.93860175
4386000299,1,2023_5_34_1_1,2023,5,34,50,1,1,0,2.9999117296,,,576.65062878
4386000302,1,2023_5_34_1_1,2023,5,34,22,2,1,0,0,,,669.11470803
4386000303,1,2023_5_34_1_1,2023,5,34,68,1,1,4.0001176939,19.99941153,,,331.62214092
4386000306,1,2023_5_34_1_1,2023,5,34,69,1,1,0,0,,,143.20181063
4386000308,1,2023_5_34_1_1,2023,5,34,78,1,2,0,3.9998823061,,,635.65061883
4386000311,1,2023_5_34_1_1,2023,5,34,66,1,1,15.000441352,19.99941153,,,103.10523553
4386000312,1,2023_5_34_1_1,2023,5,34,70,2,1,0,0,,,460.58661116
4386000315,1,2023_5_34_1_1,2023,5,34,42,1,1,0,7.9997646122,,,964.57905863
4386000320,1,2023_5_34_1_1,2023,5,34,70,1,1,5.0001471174,10.999676342,,,143.20181063
4386000321,1,2023_5_34_1_1,2023,5,34,74,1,1,0,9.9997057652,,,514.99242352
4386000322,1,2023_5_34_1_1,2023,5,34,61,2,1,15.000441352,14.999558648,,,288.93860175
4386000323,1,2023_5_34_1_1,2023,5,34,62,2,1,0,0,1,1,323.06885862
4386000326,1,2023_5_34_1_1,2023,5,34,63,2,1,0,0,,,323.06885862
4386000327,1,2023_5_34_1_1,2023,5,34,65,1,4,0,0,,,460.58661116
4386000334,1,2023_5_34_1_1,2023,5,34,28,1,1,0,4.9998528826,,,1147.0596455
4386000338,1,2023_5_34_1_1,2023,5,34,65,1,1,0,0,,,239.53753069
4386000339,1,2023_5_34_1_1,2023,5,34,-3,1,1,1.0000294235,0,,,950.94194186
4386000343,1,2023_5_34_1_1,2023,5,34,64,1,1,10.000294235,0,,,74.475043946
4386000344,1,2023_5_34_1_1,2023,5,34,53,1,1,8.0002353878,1.999941153,,,1854.7081058
4386000348,1,2023_5_34_1_1,2023,5,34,33,1,1,5.0001471174,4.9998528826,,,576.65062878
4386000351,1,2023_5_34_1_1,2023,5,34,61,1,1,5.0001471174,0.9999705765,,,323.06885862
4386000355,1,2023_5_34_1_1,2023,5,34,76,1,1,3.0000882704,0,,,175.0550318
4386000358,1,2023_5_34_1_1,2023,5,34,63,1,1,2.000058847,1.999941153,,,1512.1526228
4386000365,1,2023_5_34_1_1,2023,5,34,72,1,4,0,2.9999117296,,,331.62214092
4386000369,1,2023_5_34_1_1,2023,5,34,57,1,1,6.0001765409,0,,,208.0356558
4386000370,1,2023_5_34_1_1,2023,5,34,73,1,1,17.000500199,1.999941153,,,160.11721948
4386000375,1,2023_5_34_1_1,2023,5,34,70,2,1,0,0,,,143.20181063
4386000376,1,2023_5_34_1_1,2023,5,34,74,1,1,10.000294235,0,,,239.53753069
4386000381,1,2023_5_34_1_1,2023,5,34,67,1,1,0,0,,,160.11721948
4386000382,1,2023_5_34_1_1,2023,5,34,71,1,2,0,0,,,568.49800315
4386000384,1,2023_5_34_1_1,2023,5,34,56,1,1,0,0,,,208.0356558
4386000392,1,2023_5_34_1_1,2023,5,34,28,2,1,0,0,,,288.93860175
4386000393,1,2023_5_34_1_1,2023,5,34,61,2,2,0,0,,,353.20891473
4386000398,1,2023_5_34_1_1,2023,5,34,56,1,1,0,0,,,168.01859794
4386000399,1,2023_5_34_1_1,2023,5,34,52,2,1,0,0,,,208.0356558
4386000400,1,2023_5_34_1_1,2023,5,34,69,1,1,0,5.9998234591,,,108.37983807
4386000401,1,2023_5_34_1_1,2023,5,34,55,1,2,0,0,,,208.0356558
4386000404,1,2023_5_34_1_1,2023,5,34,47,1,1,6.0001765409,0,,,576.65062878
4386000410,1,2023_5_34_1_1,2023,5,34,80,-5,1,14.000411929,11.999646918,,,239.53753069
4386000412,1,2023_5_34_1_1,2023,5,34,58,1,5,0,0,,,669.11470803
4386000414,1,2023_5_34_1_1,2023,5,34,69,1,1,2.000058847,1.999941153,,,331.62214092
4386000416,1,2023_5_34_1_1,2023,5,34,67,1,1,0,0,,,460.58661116
4386000418,1,2023_5_34_1_1,2023,5,34,71,1,1,0,0,,,143.20181063
4386000420,1,2023_5_34_1_1,2023,5,34,43,1,1,10.000294235,0,,,108.19321725
4386000422,1,2023_5_34_1_1,2023,5,34,69,1,1,0,0.9999705765,,,143.20181063
4386000433,1,2023_5_34_1_1,2023,5,34,63,2,1,0,0,,,929.32659742
4386000437,1,2023_5_34_1_1,2023,5,34,65,1,1,0,1.999941153,,,635.65061883
4386000440,1,2023_5_34_1_1,2023,5,34,82,1,1,15.000441352,0,,,267.83239126
4386000441,1,2023_5_34_1_1,2023,5,34,13,1,1,0,0,,,2289.2499023
4386000444,1,2023_5_34_1_1,2023,5,34,20,2,3,0,0,,,1147.0596455
4386000446,1,2023_5_34_1_1,2023,5,34,65,1,1,0,0,,,74.475043946
4386000448,1,2023_5_34_1_1,2023,5,34,46,1,1,6.0001765409,1.999941153,,,964.57905863
4386000450,1,2023_5_34_1_1,2023,5,34,58,1,1,6.0001765409,0,,,347.98685204
4386000455,1,2023_5_34_1_1,2023,5,34,70,1,1,0,0,,,568.49800315
4386000457,1,2023_5_34_1_1,2023,5,34,73,1,1,4.0001176939,0,,,83.272249874
4386000458,1,2023_5_34_1_1,2023,5,34,38,1,1,0,0,,,576.65062878
4386000463,1,2023_5_34_1_1,2023,5,34,65,1,1,0,0,,,74.475043946
4386000466,1,2023_5_34_1_1,2023,5,34,77,2,1,0,0,,,184.01040357
4386000468,1,2023_5_34_1_1,2023,5,34,62,1,1,0,0,,,74.475043946
4386000469,1,2023_5_34_1_1,2023,5,34,60,1,1,25.000735587,24.999264413,,,208.0356558
4386000470,1,2023_5_34_1_1,2023,5,34,26,2,1,0,0,,,288.93860175
4386000471,1,2023_5_34_1_1,2023,5,34,57,2,1,0,4.9998528826,,,288.93860175
4386000475,1,2023_5_34_1_1,2023,5,34,51,1,1,4.0001176939,0,,,299.89900779
4386000477,1,2023_5_34_1_1,2023,5,34,41,2,1,1.0000294235,0,,,919.21798377
4386000484,1,2023_5_34_1_1,2023,5,34,70,1,1,0,0,,,239.53753069
4386000485,1,2023_5_34_1_1,2023,5,34,59,2,1,0,0,,,288.93860175
4386000489,1,2023_5_34_1_1,2023,5,34,53,1,1,0,7.9997646122,,,669.11470803
4386000492,1,2023_5_34_1_1,2023,5,34,42,1,1,1.0000294235,0.9999705765,,,299.89900779
4386000497,1,2023_5_34_1_1,2023,5,34,61,1,1,2.000058847,0,,,150.26845659
4386000499,1,2023_5_34_1_1,2023,5,34,69,1,1,3.0000882704,2.9999117296,,,74.475043946
4386000503,1,2023_5_34_1_1,2023,5,34,66,1,1,0,11.999646918,,,331.62214092
4386000505,1,2023_5_34_1_1,2023,5,34,51,2,1,0,0,,,208.0356558
4386000511,1,2023_5_34_1_1,2023,5,34,65,1,1,1.0000294235,0,,,239.53753069
4386000519,1,2023_5_34_1_1,2023,5,34,45,1,1,0,6.9997940357,,,576.65062878
4386000520,1,2023_5_34_1_1,2023,5,34,60,2,1,1.0000294235,0,,,460.58661116
4386000521,1,2023_5_34_1_1,2023,5,34,65,1,1,5.0001471174,0,,,331.62214092
4386000524,1,2023_5_34_1_1,2023,5,34,61,2,1,10.000294235,9.9997057652,,,150.26845659
4386000529,1,2023_5_34_1_1,2023,5,34,57,1,1,1.0000294235,0,,,108.19321725
4386000530,1,2023_5_34_1_1,2023,5,34,59,2,1,0,2.9999117296,,,208.0356558
4386000531,1,2023_5_34_1_1,2023,5,34,60,1,1,0,0,,,150.26845659
4386000533,1,2023_5_34_1_1,2023,5,34,73,1,1,1.0000294235,1.999941153,,,460.58661116
4386000536,1,2023_5_34_1_1,2023,5,34,57,2,2,0,0,,,2289.2499023
4386000546,1,2023_5_34_1_1,2023,5,34,56,1,1,0,11.999646918,,,929.32659742
4386000550,1,2023_5_34_1_1,2023,5,34,60,2,1,0,0,,,150.26845659
4386000551,1,2023_5_34_1_1,2023,5,34,52,1,1,1.0000294235,0.9999705765,,,323.06885862
4386000553,1,2023_5_34_1_1,2023,5,34,75,2,1,0,0,,,460.58661116
4386000555,1,2023_5_34_1_1,2023,5,34,72,1,1,6.0001765409,14.999558648,,,267.83239126
4386000556,1,2023_5_34_1_1,2023,5,34,58,2,1,0,0,,,323.06885862
4386000557,1,2023_5_34_1_1,2023,5,34,52,1,1,0,0,,,299.89900779
4386000558,1,2023_5_34_1_1,2023,5,34,62,2,1,0,9.9997057652,,,103.10523553
4386000559,1,2023_5_34_1_1,2023,5,34,76,1,1,20.00058847,1.999941153,,,160.11721948
4386000562,1,2023_5_34_1_1,2023,5,34,63,1,1,7.0002059643,0,,,483.31539162
4386000564,1,2023_5_34_1_1,2023,5,34,59,1,1,0,0,,,288.93860175
4386000567,1,2023_5_34_1_1,2023,5,34,61,2,1,5.0001471174,1.999941153,,,288.93860175
4386000569,1,2023_5_34_1_1,2023,5,34,61,2,1,0,0,,,150.26845659
4386000574,1,2023_5_34_1_1,2023,5,34,38,1,1,0,2.9999117296,,,576.65062878
4386000578,1,2023_5_34_1_1,2023,5,34,55,2,1,0,0,,,150.26845659
4386000583,1,2023_5_34_1_1,2023,5,34,-3,1,-3,1.0000294235,26.999205566,,,292.82995811
4386000586,1,2023_5_34_1_1,2023,5,34,83,1,1,6.0001765409,0,,,74.475043946
4386000587,1,2023_5_34_1_1,2023,5,34,41,2,1,0,0.9999705765,,,323.06885862
4386000588,1,2023_5_34_1_1,2023,5,34,65,1,1,8.0002353878,2.9999117296,,,239.53753069
4386000591,1,2023_5_34_1_1,2023,5,34,51,1,2,0,0,,,208.0356558
4386000592,1,2023_5_34_1_1,2023,5,34,46,2,1,0,0,,,576.65062878
4386000593,1,2023_5_34_1_1,2023,5,34,86,1,1,10.000294235,9.9997057652,,,74.475043946
4386000595,1,2023_5_34_1_1,2023,5,34,52,2,4,0,0,,,576.65062878
4386000597,1,2023_5_34_1_1,2023,5,34,64,1,4,0,0.9999705765,,,825.88239905
4386000598,1,2023_5_34_1_1,2023,5,34,47,1,4,0,0,,,299.89900779
4386000601,1,2023_5_34_1_1,2023,5,34,74,1,1,0,0,,,635.65061883
4386000603,1,2023_5_34_1_1,2023,5,34,66,1,1,6.0001765409,0,,,103.10523553
4386000604,1,2023_5_34_1_1,2023,5,34,64,1,1,0,0,,,208.0356558
4386000611,1,2023_5_34_1_1,2023,5,34,73,2,3,0,0,,,568.49800315
4386000614,1,2023_5_34_1_1,2023,5,34,65,1,1,0,0,,,635.65061883
4386000616,1,2023_5_34_1_1,2023,5,34,35,2,3,2.000058847,0,,,1147.0596455
4386000617,1,2023_5_34_1_1,2023,5,34,55,2,1,0,0,,,929.32659742
4386000619,1,2023_5_34_1_1,2023,5,34,78,1,1,0,0,,,172.46690814
4386000623,1,2023_5_34_1_1,2023,5,34,69,2,1,0,0,,,460.58661116
4386000634,1,2023_5_34_1_0,2023,5,34,53,2,3,0,0,,,9645.3461792
4386000635,1,2023_5_34_1_0,2023,5,34,48,1,4,0,0,,,2429.6145797
4386000661,1,2023_5_34_1_0,2023,5,34,34,1,1,0,0,,,10903.28099
4386000663,1,2023_5_34_1_0,2023,5,34,73,1,1,0,0,,,1217.3912667
4386000669,1,2023_5_34_1_0,2023,5,34,54,2,1,0,0,,,5688.2968061
4386000679,1,2023_5_34_1_0,2023,5,34,77,2,1,0,0,,,2819.1954868
4386000685,1,2023_5_34_1_0,2023,5,34,45,1,4,0,0,,,4902.2385707
4386000688,1,2023_5_34_1_0,2023,5,34,65,2,1,0,0,,,876.52113291
4386000693,1,2023_5_34_1_0,2023,5,34,57,2,1,0,0,,,1025.1974357
4386000696,1,2023_5_34_1_0,2023,5,34,69,2,1,0,0,,,1217.3912667
4386000705,1,2023_5_34_1_0,2023,5,34,68,2,2,0,0,,,5403.8109482
4386000708,1,2023_5_34_1_0,2023,5,34,78,1,1,0,0,,,2066.9218768
4386000715,1,2023_5_34_1_0,2023,5,34,75,1,1,0,0,,,2819.1954868
4386000721,1,2023_5_34_1_0,2023,5,34,79,2,1,0,0,,,5403.8109482
4386000723,1,2023_5_34_1_0,2023,5,34,80,1,1,0,0,,,3915.5518744
4386000724,1,2023_5_34_1_0,2023,5,34,89,1,1,0,0,,,3915.5518744
4386000732,1,2023_5_34_1_0,2023,5,34,39,2,1,0,0,,,19461.435761
4386000756,1,2023_5_34_1_0,2023,5,34,49,1,3,0,0,,,16556.233925
4386000765,1,2023_5_34_1_0,2023,5,34,59,2,1,0,0,,,5688.2968061
4386000767,1,2023_5_34_1_0,2023,5,34,71,2,1,0,0,,,3915.5518744
4386000778,1,2023_5_34_1_0,2023,5,34,76,1,4,0,0,,1,1217.3912667
4386000780,1,2023_5_34_1_0,2023,5,34,82,1,3,0,0,,,1361.193017
4386000784,1,2023_5_34_1_0,2023,5,34,38,1,1,0,0,,,4902.2385707
4386000787,1,2023_5_34_1_0,2023,5,34,66,2,1,0,0,,,5403.8109482
4386000794,1,2023_5_34_1_0,2023,5,34,-3,2,1,0,0,,,8006.8183937
4386000795,1,2023_5_34_1_0,2023,5,34,54,2,1,0,0,,,1768.5585779
4386000798,1,2023_5_34_1_0,2023,5,34,68,1,1,0,0,,,4832.93124
4386000825,1,2023_5_34_1_0,2023,5,34,26,2,1,0,0,,,9751.4157729
4386000828,1,2023_5_34_1_0,2023,5,34,78,2,1,0,0,,,4378.0680991
4386000833,1,2023_5_34_1_0,2023,5,34,30,2,3,0,0,,,9751.4157729
4386000840,1,2023_5_34_1_0,2023,5,34,64,1,1,0,0,,,10903.28099
4386000841,1,2023_5_34_1_0,2023,5,34,53,1,3,0,0,,,4902.2385707
4386000843,1,2023_5_34_1_0,2023,5,34,66,2,1,0,0,,,2819.1954868
4386000852,1,2023_5_34_1_0,2023,5,34,65,1,1,0,0,,,3479.7081936
4386000865,1,2023_5_34_1_0,2023,5,34,-3,1,1,0,0,,,8006.8183937
4386000869,1,2023_5_34_1_0,2023,5,34,90,1,1,0,0,,,4378.0680991
4386000870,1,2023_5_34_1_0,2023,5,34,56,1,4,0,0,,,5688.2968061
4386000875,1,2023_5_34_1_0,2023,5,34,83,2,1,0,0,,,4378.0680991
4386000880,1,2023_5_34_1_0,2023,5,34,45,2,4,0,0,,,876.52113291
4386000882,1,2023_5_34_1_0,2023,5,34,74,1,1,0,0,,,876.52113291
4386000885,1,2023_5_34_1_0,2023,5,34,36,1,1,0,0,,,10903.28099
4386000887,1,2023_5_34_1_0,2023,5,34,36,1,1,0,0,,,4902.2385707
4386000892,1,2023_5_34_1_0,2023,5,34,64,2,3,0,0,,,1768.5585779
4386000894,1,2023_5_34_1_0,2023,5,34,89,2,1,0,0,,,4378.0680991
4386000899,1,2023_5_34_1_0,2023,5,34,95,1,4,0,0,,,876.52113291
4386000900,1,2023_5_34_1_0,2023,5,34,54,2,1,0,0,,,2647.4988525
4386000926,1,2023_5_34_1_0,2023,5,34,65,2,2,0,0,,,5403.8109482
4386000936,1,2023_5_34_1_0,2023,5,34,66,1,3,0,0,,,3915.5518744
4386000941,1,2023_5_34_1_0,2023,5,34,59,1,2,0,0,,,1768.5585779
4386000949,1,2023_5_34_1_0,2023,5,34,37,1,4,0,0,,,4902.2385707
4386000951,1,2023_5_34_1_0,2023,5,34,33,1,1,0,0,,,2456.3329811
4386000967,1,2023_5_34_1_0,2023,5,34,89,2,1,0,0,,,4378.0680991
4386000973,1,2023_5_34_1_0,2023,5,34,33,1,1,0,0,,,10903.28099
4386000978,1,2023_5_34_1_0,2023,5,34,60,1,1,0,0,,,5688.2968061
4386000979,1,2023_5_34_1_0,2023,5,34,63,2,1,0,0,,,8833.6374337
4386000980,1,2023_5_34_1_0,2023,5,34,64,1,1,0,0,,,7900.4174508
4386000981,1,2023_5_34_1_0,2023,5,34,50,2,3,0,0,,,7900.4174508
4386000990,1,2023_5_34_1_0,2023,5,34,60,1,2,0,0,,,1768.5585779
4386000994,1,2023_5_34_1_0,2023,5,34,68,1,2,0,0,,,3915.5518744
4386000997,1,2023_5_34_1_0,2023,5,34,51,1,1,0,0,,,1217.3912667
4386001012,1,2023_5_34_1_0,2023,5,34,32,1,1,0,0,,,1423.8862682
4386001013,1,2023_5_34_1_0,2023,5,34,44,2,3,0,0,,,4902.2385707
4386001017,1,2023_5_34_1_0,2023,5,34,66,1,1,0,2.9999117296,,,1217.3912667
4386001019,1,2023_5_34_1_0,2023,5,34,77,2,1,0,0,,,3915.5518744
4386001022,1,2023_5_34_1_0,2023,5,34,84,2,1,0,0,,,1361.193017
4386001029,1,2023_5_34_1_0,2023,5,34,79,1,4,0,0,,,1217.3912667
4386001031,1,2023_5_34_1_0,2023,5,34,59,1,1,0,0,,,3002.7095765
4386001033,1,2023_5_34_1_0,2023,5,34,63,2,1,0,0,,,2746.4820823
4386001035,1,2023_5_34_1_0,2023,5,34,82,1,1,0,0,,,3915.5518744
4386001038,1,2023_5_34_1_0,2023,5,34,73,2,4,0,0,,,1361.193017
4386001042,1,2023_5_34_1_0,2023,5,34,73,1,1,0,0,,,3915.5518744
4386001045,1,2023_5_34_1_0,2023,5,34,59,1,1,0,0,,,7021.0147174
4386001046,1,2023_5_34_1_0,2023,5,34,55,1,2,0,0,,,5688.2968061
4386001049,1,2023_5_34_1_0,2023,5,34,47,1,1,0,0,,,15767.2968
4386001054,1,2023_5_34_1_0,2023,5,34,58,1,1,0,0,,,5688.2968061
4386001055,1,2023_5_34_1_0,2023,5,34,51,2,1,0,0,,,4902.2385707
4386001057,1,2023_5_34_1_0,2023,5,34,77,2,1,0,0,,,17380.527251
4386001062,1,2023_5_34_1_0,2023,5,34,60,1,1,0,0,,,2746.4820823
4386001065,1,2023_5_34_1_0,2023,5,34,47,2,1,0,0,,,15767.2968
4386001070,1,2023_5_34_1_0,2023,5,34,25,1,3,0,0,,,2746.4820823
4386001072,1,2023_5_34_1_0,2023,5,34,70,1,1,1.0000294235,0,,,1217.3912667
4386001073,1,2023_5_34_1_0,2023,5,34,50,2,1,0,0,,,15767.2968
4386001079,1,2023_5_34_1_0,2023,5,34,59,2,3,0,0,,,5688.2968061
4386001093,1,2023_5_34_1_0,2023,5,34,28,2,1,0,0,,,10903.28099
4386001096,1,2023_5_34_1_0,2023,5,34,77,2,3,0,0,,,1217.3912667
4386001098,1,2023_5_34_1_0,2023,5,34,59,2,1,0,0,,,5688.2968061
4386001117,1,2023_5_34_1_0,2023,5,34,47,2,-3,0,0,,,7900.4174508
4386001120,1,2023_5_34_1_0,2023,5,34,40,2,1,0,0,,,16556.233925
4386001122,1,2023_5_34_1_0,2023,5,34,70,1,1,0,0,,,3915.5518744
4386001131,1,2023_5_34_1_0,2023,5,34,55,2,1,0,0,,,10903.28099
4386001132,1,2023_5_34_1_0,2023,5,34,38,2,1,0,0,,,2456.3329811
4386001133,1,2023_5_34_1_0,2023,5,34,58,2,3,0,0,,,9751.4157729
4386001136,1,2023_5_34_1_0,2023,5,34,57,1,1,0,0,,,2456.3329811
4386001149,1,2023_5_34_1_0,2023,5,34,81,2,1,0,0,,,1217.3912667
4386001162,1,2023_5_34_1_0,2023,5,34,60,2,2,0,0,,,10903.28099
4386001164,1,2023_5_34_1_0,2023,5,34,77,2,2,0,0,,,5403.8109482
4386001193,1,2023_5_34_1_0,2023,5,34,64,1,1,0,0,,,10903.28099
4386001196,1,2023_5_34_1_0,2023,5,34,37,1,1,0,0,,,4902.2385707
4386001204,1,2023_5_34_1_0,2023,5,34,75,2,2,0,0,,,17380.527251
4386001209,1,2023_5_34_1_0,2023,5,34,32,2,1,0,0,,,2746.4820823
4386001210,1,2023_5_34_1_0,2023,5,34,67,1,2,0,0,,,4832.93124
4386001228,1,2023_5_34_1_0,2023,5,34,64,1,2,0,0,,,18511.903791
4386001253,1,2023_5_34_1_0,2023,5,34,53,1,3,0,0,,,9751.4157729
4386001257,1,2023_5_34_1_0,2023,5,34,70,2,2,0,0,,,876.52113291
4386001273,1,2023_5_34_1_0,2023,5,34,78,2,2,0,0,,,5403.8109482
4386001274,1,2023_5_34_1_0,2023,5,34,43,2,-3,0,0,,,10903.28099
4386001279,1,2023_5_34_1_0,2023,5,34,70,1,3,0,0,,,876.52113291
4386001283,1,2023_5_34_1_0,2023,5,34,36,1,-3,0,0,,,4902.2385707
4386001296,1,2023_5_34_1_0,2023,5,34,40,1,3,0,0,,,2429.6145797
4386001300,1,2023_5_34_1_0,2023,5,34,67,1,1,0,0,,,4378.0680991
4386001311,1,2023_5_34_1_0,2023,5,34,68,2,3,0,0,,,876.52113291
4386001327,1,2023_5_34_1_0,2023,5,34,50,2,1,0,0,,,7900.4174508
4386001328,1,2023_5_34_1_0,2023,5,34,46,1,1,0,0,,,10903.28099
4386001330,1,2023_5_34_1_0,2023,5,34,49,2,4,0,0,,,4902.2385707
4386001331,1,2023_5_34_1_0,2023,5,34,70,1,1,0,0,,,4832.93124
4386001333,1,2023_5_34_1_0,2023,5,34,30,2,4,0,0,,,10903.28099
4386001341,1,2023_5_34_1_0,2023,5,34,35,1,1,0,0,,,9751.4157729
4386001346,1,2023_5_34_1_0,2023,5,34,34,1,4,0,0,,,10903.28099
4386001349,1,2023_5_34_1_0,2023,5,34,72,1,3,0,0,,,5403.8109482
4386001352,1,2023_5_34_1_0,2023,5,34,26,2,4,0,0,,,10903.28099
4386001353,1,2023_5_34_1_0,2023,5,34,34,1,1,0,0,,,10903.28099
4386001361,1,2023_5_34_1_0,2023,5,34,45,1,1,0,0,,,2456.3329811
4386001362,1,2023_5_34_1_0,2023,5,34,67,1,1,0,0,,,876.52113291
4386001364,1,2023_5_34_1_0,2023,5,34,26,2,1,0,0,,,10903.28099
4386001365,1,2023_5_34_1_0,2023,5,34,71,1,1,0,0,,,1361.193017
4386001370,1,2023_5_34_1_0,2023,5,34,45,1,4,0,0,,,2456.3329811
4386001371,1,2023_5_34_1_0,2023,5,34,45,2,2,0,0,,,4902.2385707
4386001375,1,2023_5_34_1_0,2023,5,34,69,2,2,0,0,1,1,5403.8109482
4386001409,1,2023_5_34_1_0,2023,5,34,62,1,-3,0,0,,,8833.6374337
4386001415,1,2023_5_34_1_0,2023,5,34,34,1,1,0,0,,,19461.435761
4386001423,1,2023_5_34_1_0,2023,5,34,39,1,2,0,0,,,19461.435761
4386001430,1,2023_5_34_1_0,2023,5,34,44,1,1,0,0,,,15767.2968
4386001434,1,2023_5_34_1_0,2023,5,34,64,1,1,0,0,,,5688.2968061
4386001436,1,2023_5_34_1_0,2023,5,34,78,1,1,0,0,,,3915.5518744
4386001442,1,2023_5_34_1_0,2023,5,34,70,2,1,0,0,,,3915.5518744
4386001443,1,2023_5_34_1_0,2023,5,34,88,2,1,0,0,,,15544.380424
4386001444,1,2023_5_34_1_0,2023,5,34,57,1,1,0,0,,,7900.4174508
4386001447,1,2023_5_34_1_0,2023,5,34,46,1,1,0,0,,,4902.2385707
4386001450,1,2023_5_34_1_0,2023,5,34,38,1,1,0,0,,,4902.2385707
4386001454,1,2023_5_34_1_0,2023,5,34,83,1,1,0,0,,,4832.93124
4386001456,1,2023_5_34_1_0,2023,5,34,87,1,1,0,0,,,15544.380424
4386001458,1,2023_5_34_1_0,2023,5,34,67,2,1,0,0,,,7814.4818197
4386001459,1,2023_5_34_1_0,2023,5,34,55,1,4,0,0,,,5688.2968061
4386001461,1,2023_5_34_1_0,2023,5,34,59,1,1,1.0000294235,0,,,2746.4820823
4386001463,1,2023_5_34_1_0,2023,5,34,56,1,1,0,0,,,2456.3329811
4386001474,1,2023_5_34_1_0,2023,5,34,86,1,1,0,0,,,3915.5518744
4386001478,1,2023_5_34_1_0,2023,5,34,79,1,1,0,0,,,3915.5518744
4386001480,1,2023_5_34_1_0,2023,5,34,78,2,1,0,0,,,17380.527251
4386001481,1,2023_5_34_1_0,2023,5,34,53,2,1,0,0,,,1768.5585779
4386001485,1,2023_5_34_1_0,2023,5,34,47,2,1,0,0,,,19461.435761
4386001489,1,2023_5_34_1_0,2023,5,34,71,1,1,0,0,,,3915.5518744
4386001498,1,2023_5_34_1_0,2023,5,34,62,2,1,0,0,1,1,3915.5518744
4386001500,1,2023_5_34_1_0,2023,5,34,53,1,1,0,0,,,4902.2385707
4386001505,1,2023_5_34_1_0,2023,5,34,39,1,1,0,0,,,4902.2385707
4386001506,1,2023_5_34_1_0,2023,5,34,79,1,1,0,0,,,3915.5518744
4386001509,1,2023_5_34_1_0,2023,5,34,41,1,1,0,0,,,4902.2385707
4386001510,1,2023_5_34_1_0,2023,5,34,37,1,1,0,0,,,4902.2385707
4386001512,1,2023_5_34_1_0,2023,5,34,59,1,1,0,0,,,2456.3329811
4386001516,1,2023_5_34_1_0,2023,5,34,53,2,1,0,0,,,7900.4174508
4386001521,1,2023_5_34_1_0,2023,5,34,56,1,1,0,0,,,5688.2968061
4386001522,1,2023_5_34_1_0,2023,5,34,74,2,1,0,0,,,17380.527251
4386001523,1,2023_5_34_1_0,2023,5,34,52,1,1,0,0,,,15767.2968
4386001524,1,2023_5_34_1_0,2023,5,34,75,2,1,0,0,,,3915.5518744
4386001525,1,2023_5_34_1_0,2023,5,34,67,1,1,0,0,,,3915.5518744
4386001527,1,2023_5_34_1_0,2023,5,34,69,1,1,0,0,,,3915.5518744
4386001530,1,2023_5_34_1_0,2023,5,34,83,1,1,0,0,,,1217.3912667
4386001531,1,2023_5_34_1_0,2023,5,34,52,2,1,0,0,,,2456.3329811
4386001533,1,2023_5_34_1_0,2023,5,34,48,1,1,0,0,,,4902.2385707
4386001539,1,2023_5_34_1_0,2023,5,34,65,2,1,0,0,,,2819.1954868
4386001541,1,2023_5_34_1_0,2023,5,34,55,2,1,0,0,,,2456.3329811
4386001546,1,2023_5_34_1_0,2023,5,34,48,1,1,0,0,,,4902.2385707
4386001560,1,2023_5_34_1_0,2023,5,34,58,2,3,0,0,,,1768.5585779
4386001562,1,2023_5_34_1_0,2023,5,34,52,2,2,0,0,,,10903.28099
4386001572,1,2023_5_34_1_0,2023,5,34,49,2,2,0,0,,,7021.0147174
4386001575,1,2023_5_34_1_0,2023,5,34,68,1,1,0,0,,,3915.5518744
4386001578,1,2023_5_34_1_0,2023,5,34,70,1,1,0,0,,,876.52113291
4386001581,1,2023_5_34_1_0,2023,5,34,45,2,3,0,0.9999705765,,,19461.435761
4386001583,1,2023_5_34_1_0,2023,5,34,63,2,1,0,0,,,2746.4820823
4386001593,1,2023_5_34_1_0,2023,5,34,54,1,2,0,0,,,10903.28099
4386001627,1,2023_5_34_1_0,2023,5,34,35,2,1,0,0,,,4902.2385707
4386001630,1,2023_5_34_1_0,2023,5,34,65,1,2,0,0,,,2819.1954868
4386001637,1,2023_5_34_1_0,2023,5,34,66,2,4,0,0,,,876.52113291
4386001639,1,2023_5_34_1_0,2023,5,34,81,1,1,0,0,,1,3915.5518744
4386001641,1,2023_5_34_1_0,2023,5,34,68,2,1,0,0,,,7814.4818197
4386001644,1,2023_5_34_1_0,2023,5,34,34,2,1,0,0,,,4902.2385707
4386001645,1,2023_5_34_1_0,2023,5,34,60,1,1,0,0,,,7900.4174508
4386001646,1,2023_5_34_1_0,2023,5,34,39,1,4,0,0,,,4902.2385707
4386001649,1,2023_5_34_1_0,2023,5,34,39,1,1,0,0,,,2456.3329811
4386001656,1,2023_5_34_1_0,2023,5,34,31,2,3,0,0,,,4902.2385707
4386001658,1,2023_5_34_1_0,2023,5,34,37,1,3,0,0,,,3574.5795722
4386001665,1,2023_5_34_1_0,2023,5,34,36,2,4,0,0,,,2841.7279897
4386001670,1,2023_5_34_1_0,2023,5,34,50,1,3,0,1.999941153,,,19461.435761
4386001675,1,2023_5_34_1_0,2023,5,34,57,1,4,0,0,,,2456.3329811
4386001676,1,2023_5_34_1_0,2023,5,34,86,1,1,0,0,,,5403.8109482
4386001680,1,2023_5_34_1_0,2023,5,34,47,1,4,0,0,1,1,4902.2385707
4386001686,1,2023_5_34_1_0,2023,5,34,53,2,1,0,0,,,2456.3329811
4386001694,1,2023_5_34_1_0,2023,5,34,60,1,4,0,0,,,7021.0147174
4386001700,1,2023_5_34_1_0,2023,5,34,73,2,1,0,0,,,3915.5518744
4386001703,1,2023_5_34_1_0,2023,5,34,59,2,3,0,0,,,5688.2968061
4386001704,1,2023_5_34_1_0,2023,5,34,89,1,1,0,0,,,2819.1954868
4386001705,1,2023_5_34_1_0,2023,5,34,-3,2,1,0,0,,,9882.7455209
4386001706,1,2023_5_34_1_0,2023,5,34,52,2,1,0,0,,,5688.2968061
4386001709,1,2023_5_34_1_0,2023,5,34,80,2,1,0,0,,,17380.527251
4386001714,1,2023_5_34_1_0,2023,5,34,68,1,1,0,0,,,3915.5518744
4386001715,1,2023_5_34_1_0,2023,5,34,57,1,3,0,0,,,10903.28099
4386001717,1,2023_5_34_1_0,2023,5,34,81,1,1,0,0,,,2819.1954868
4386001725,1,2023_5_34_1_0,2023,5,34,67,1,1,0,0,,,876.52113291
4386001726,1,2023_5_34_1_0,2023,5,34,51,2,3,0,0,,,21899.037802
4386001730,1,2023_5_34_1_0,2023,5,34,60,1,1,0,0,,,9751.4157729
4386001731,1,2023_5_34_1_0,2023,5,34,76,1,1,0,0,,,3915.5518744
4386001734,1,2023_5_34_1_0,2023,5,34,50,2,1,0,0,,,5688.2968061
4386001742,1,2023_5_34_1_0,2023,5,34,75,1,1,0,0,,,3915.5518744
4386001744,1,2023_5_34_1_0,2023,5,34,61,2,1,0,0,,,1768.5585779
4386001745,1,2023_5_34_1_0,2023,5,34,50,2,4,0,0,1,1,4902.2385707
4386001749,1,2023_5_34_1_0,2023,5,34,72,1,1,0,0,,,3915.5518744
4386001750,1,2023_5_34_1_0,2023,5,34,71,1,3,0,0,,,3915.5518744
4386001751,1,2023_5_34_1_0,2023,5,34,48,2,1,0,0,,,4902.2385707
4386001752,1,2023_5_34_1_0,2023,5,34,69,2,1,0,0,,,3915.5518744
4386001753,1,2023_5_34_1_0,2023,5,34,64,1,1,0,0,,,2456.3329811
4386001756,1,2023_5_34_1_0,2023,5,34,68,1,1,0,0,,,2819.1954868
4386001760,1,2023_5_34_1_0,2023,5,34,63,2,1,0,0,,,4902.2385707
4386001763,1,2023_5_34_1_0,2023,5,34,82,1,1,0,0,,,3915.5518744
4386001764,1,2023_5_34_1_0,2023,5,34,72,1,1,0,0,,,1217.3912667
4386001774,1,2023_5_34_1_0,2023,5,34,37,2,1,0,0,,,10903.28099
4386001776,1,2023_5_34_1_0,2023,5,34,66,1,1,0,0,,,1217.3912667
4386001777,1,2023_5_34_1_0,2023,5,34,41,1,1,0,0,,,9751.4157729
4386001778,1,2023_5_34_1_0,2023,5,34,32,1,1,0,0,,,10903.28099
4386001780,1,2023_5_34_1_0,2023,5,34,87,2,1,0,0,,,4378.0680991
4386001784,1,2023_5_34_1_0,2023,5,34,43,2,1,0,0,,,15767.2968
4386001788,1,2023_5_34_1_0,2023,5,34,75,2,1,0,0,,,3915.5518744
4386001792,1,2023_5_34_1_0,2023,5,34,62,1,1,12.000353082,11.999646918,,,2456.3329811
4386001793,1,2023_5_34_1_0,2023,5,34,94,2,1,0,0,,,4378.0680991
4386001797,1,2023_5_34_1_0,2023,5,34,56,2,1,0,0,,,5688.2968061
4386001802,1,2023_5_34_1_0,2023,5,34,83,2,1,0,0,,,4378.0680991
4386001803,1,2023_5_34_1_0,2023,5,34,33,2,1,0,0,,,4902.2385707
4386001808,1,2023_5_34_1_0,2023,5,34,70,2,2,0,0,,,5403.8109482
4386001809,1,2023_5_34_1_0,2023,5,34,56,2,3,0,0,,,7900.4174508
4386001818,1,2023_5_34_1_0,2023,5,34,63,1,1,0,0,,,2456.3329811
4386001819,1,2023_5_34_1_0,2023,5,34,68,1,4,0,0,,,876.52113291
4386001820,1,2023_5_34_1_0,2023,5,34,88,2,1,0,0,,,4378.0680991
4386001821,1,2023_5_34_1_0,2023,5,34,80,1,1,0,0,,,3915.5518744
4386001830,1,2023_5_34_1_0,2023,5,34,60,2,1,0,0,,,1768.5585779
4386001832,1,2023_5_34_1_0,2023,5,34,83,1,1,0,4.9998528826,,,3915.5518744
4386001835,1,2023_5_34_1_0,2023,5,34,97,1,1,0,0,,,1361.193017
4386001838,1,2023_5_34_1_0,2023,5,34,57,2,1,0,0,,,1217.3912667
4386001840,1,2023_5_34_1_0,2023,5,34,66,1,1,0,0,,,3915.5518744
4386001842,1,2023_5_34_1_0,2023,5,34,66,1,1,0,0,,,1217.3912667
4386001843,1,2023_5_34_1_0,2023,5,34,39,1,1,0,0,,,2456.3329811
4386001848,1,2023_5_34_1_0,2023,5,34,70,1,1,0,0,,,1217.3912667
4386001850,1,2023_5_34_1_0,2023,5,34,68,2,1,0,0,,,3915.5518744
4386001854,1,2023_5_34_1_0,2023,5,34,88,1,1,0,0,,,4378.0680991
4386001855,1,2023_5_34_1_0,2023,5,34,53,2,1,4.0001176939,5.9998234591,,,2746.4820823
4386001856,1,2023_5_34_1_0,2023,5,34,49,1,4,0,0,,,4902.2385707
4386001857,1,2023_5_34_1_0,2023,5,34,59,2,1,0,0,,,1768.5585779
4386001865,1,2023_5_34_1_0,2023,5,34,46,1,1,0,0,,,4902.2385707
4386001870,1,2023_5_34_1_0,2023,5,34,58,2,1,0,0,,,8833.6374337
4386001881,1,2023_5_34_1_0,2023,5,34,26,2,3,0,0,,,1768.5585779
4386001884,1,2023_5_34_1_0,2023,5,34,-3,2,5,0,0,,,7115.5720735
4386001885,1,2023_5_34_1_0,2023,5,34,79,1,1,0,0,,1,3915.5518744
4386001888,1,2023_5_34_1_0,2023,5,34,51,1,4,0,0,,,4902.2385707
4386001893,1,2023_5_34_1_0,2023,5,34,43,1,1,0,0,,,4902.2385707
4386001894,1,2023_5_34_1_0,2023,5,34,30,2,1,0,0,,,2456.3329811
4386001896,1,2023_5_34_1_0,2023,5,34,59,2,1,0,0,,,2746.4820823
4386001900,1,2023_5_34_1_0,2023,5,34,65,2,1,0,0,,,3915.5518744
4386001905,1,2023_5_34_1_0,2023,5,34,68,1,1,0,0,,,2819.1954868
4386001907,1,2023_5_34_1_0,2023,5,34,83,1,1,0,0,,,3915.5518744
4386001930,1,2023_5_34_1_0,2023,5,34,60,1,1,0,0,,,2456.3329811
4386001931,1,2023_5_34_1_0,2023,5,34,65,1,1,0,0,,,876.52113291
4386001939,1,2023_5_34_1_0,2023,5,34,81,1,1,0,0,,,3915.5518744
4386001951,1,2023_5_34_1_0,2023,5,34,53,2,1,0,0,,,1768.5585779
4386001955,1,2023_5_34_1_0,2023,5,34,36,1,1,0,0,,,1423.8862682
4386001956,1,2023_5_34_1_0,2023,5,34,45,2,1,0,0,,,15767.2968
4386001963,1,2023_5_34_1_0,2023,5,34,67,1,1,0,0,,,1217.3912667
4386001964,1,2023_5_34_1_0,2023,5,34,65,1,1,0,0,,,2819.1954868
4386001975,1,2023_5_34_1_0,2023,5,34,75,1,1,0,0,,,1217.3912667
4386001976,1,2023_5_34_1_0,2023,5,34,75,1,1,0,0,,,1217.3912667
4386001977,1,2023_5_34_1_0,2023,5,34,66,1,1,0,0,,,2429.6145797
4386001981,1,2023_5_34_1_0,2023,5,34,30,2,1,0,0,,,2456.3329811
4386001984,1,2023_5_34_1_0,2023,5,34,80,2,1,0,0,,,4378.0680991
4386001986,1,2023_5_34_1_0,2023,5,34,76,2,1,0,0,,,1361.193017
4386001989,1,2023_5_34_1_0,2023,5,34,65,2,1,0,0,,,2819.1954868
4386001990,1,2023_5_34_1_0,2023,5,34,66,1,1,0,0,,,3915.5518744
4386001991,1,2023_5_34_1_0,2023,5,34,40,2,5,0,0,,,4902.2385707
4386001992,1,2023_5_34_1_0,2023,5,34,29,1,1,0,0,,,2456.3329811
4386001996,1,2023_5_34_1_0,2023,5,34,-3,-3,-3,0,0,,,5764.9054344
4386001997,1,2023_5_34_1_0,2023,5,34,56,1,3,0,0,,,4579.7113046
4386002005,1,2023_5_34_1_0,2023,5,34,83,2,1,0,0,1,1,5403.8109482
4386002008,1,2023_5_34_1_0,2023,5,34,54,1,1,0,0,,,5688.2968061
4386002011,1,2023_5_34_1_0,2023,5,34,49,2,3,0,0,,,4902.2385707
4386002023,1,2023_5_34_1_0,2023,5,34,83,2,1,0,0,,,3915.5518744
4386002024,1,2023_5_34_1_0,2023,5,34,79,1,1,0,0,,,3915.5518744
4386002033,1,2023_5_34_1_0,2023,5,34,55,2,1,0,0,,,9751.4157729
4386002042,1,2023_5_34_1_0,2023,5,34,55,1,1,0,0,,,2456.3329811
4386002043,1,2023_5_34_1_0,2023,5,34,51,2,4,0,0,,,15767.2968
4386002045,1,2023_5_34_1_0,2023,5,34,55,1,1,0,0,,,1768.5585779
4386002050,1,2023_5_34_1_0,2023,5,34,53,2,1,0,0,,,2746.4820823
4386002058,1,2023_5_34_1_0,2023,5,34,41,1,1,0,0,,,4902.2385707
4386002060,1,2023_5_34_1_0,2023,5,34,31,2,1,0,0,,,4902.2385707
4386002062,1,2023_5_34_1_0,2023,5,34,37,1,1,0,0,,,9751.4157729
4386002065,1,2023_5_34_1_0,2023,5,34,74,2,1,0,0,,,3915.5518744
4386002066,1,2023_5_34_1_0,2023,5,34,28,1,3,0,0,,,8833.6374337
4386002067,1,2023_5_34_1_0,2023,5,34,38,2,1,0,0,,,4902.2385707
4386002069,1,2023_5_34_1_0,2023,5,34,50,2,3,0,0,,,9751.4157729
4386002076,1,2023_5_34_1_0,2023,5,34,68,2,1,0,0,,,5403.8109482
4386002078,1,2023_5_34_1_0,2023,5,34,57,1,1,0,0,,,4902.2385707
4386002079,1,2023_5_34_1_0,2023,5,34,65,2,1,0,0,,,4378.0680991
4386002081,1,2023_5_34_1_0,2023,5,34,45,1,1,0,2.9999117296,,,4902.2385707
4386002082,1,2023_5_34_1_0,2023,5,34,76,1,1,0,0,,,3915.5518744
4386002083,1,2023_5_34_1_0,2023,5,34,45,2,4,0,0,,,4902.2385707
4386002085,1,2023_5_34_1_0,2023,5,34,72,2,1,0,0,,,3915.5518744
4386002088,1,2023_5_34_1_0,2023,5,34,40,1,1,0,0,,,19461.435761
4386002089,1,2023_5_34_1_0,2023,5,34,57,1,1,0,0,,,5688.2968061
4386002095,1,2023_5_34_1_0,2023,5,34,32,1,1,0,0,,,8833.6374337
4386002101,1,2023_5_34_1_0,2023,5,34,66,1,1,0,0,,,876.52113291
4386002109,1,2023_5_34_1_0,2023,5,34,79,2,1,0,0,,,1361.193017
4386002113,1,2023_5_34_1_0,2023,5,34,32,2,1,0,0,,,4902.2385707
4386002114,1,2023_5_34_1_0,2023,5,34,60,1,1,6.0001765409,2.9999117296,,,1768.5585779
4386002120,1,2023_5_34_1_0,2023,5,34,89,1,1,0,0,,,2269.7657807
4386002128,1,2023_5_34_1_0,2023,5,34,50,2,4,0,0,,,876.52113291
4386002129,1,2023_5_34_1_0,2023,5,34,78,2,2,0,0,,,7814.4818197
4386002133,1,2023_5_34_1_0,2023,5,34,62,1,1,0,0,,,1768.5585779
4386002138,1,2023_5_34_1_0,2023,5,34,75,1,1,0,0,,,2819.1954868
4386002152,1,2023_5_34_1_0,2023,5,34,51,2,5,0,0,,,2703.0788371
4386002156,1,2023_5_34_1_0,2023,5,34,32,2,3,0,0,,,4902.2385707
4386002158,1,2023_5_34_1_0,2023,5,34,57,1,1,0,0,,,2456.3329811
4386002164,1,2023_5_34_1_0,2023,5,34,79,1,1,0,0,,,4378.0680991
4386002169,1,2023_5_34_1_0,2023,5,34,71,2,1,0,0,,,1217.3912667
4386002172,1,2023_5_34_1_0,2023,5,34,58,2,2,0,0,,,10903.28099
4386002174,1,2023_5_34_1_0,2023,5,34,36,1,1,0,0,,,4902.2385707
4386002181,1,2023_5_34_1_0,2023,5,34,59,1,1,0,0,,,2746.4820823
4386002182,1,2023_5_34_1_0,2023,5,34,-3,2,2,0,0,1,1,7900.4174508
4386002185,1,2023_5_34_1_0,2023,5,34,73,1,1,0,0,,,3915.5518744
4386002195,1,2023_5_34_1_0,2023,5,34,33,1,1,0,0,,,4902.2385707
4386002207,1,2023_5_34_1_0,2023,5,34,65,2,1,0,0,,,2819.1954868
4386002210,1,2023_5_34_1_0,2023,5,34,85,1,1,0,0,,,1217.3912667
4386002212,1,2023_5_34_1_0,2023,5,34,78,1,1,0,0,,,2165.6785798
4386002215,1,2023_5_34_1_0,2023,5,34,62,2,3,0,0,,,2456.3329811
4386002220,1,2023_5_34_1_0,2023,5,34,61,2,1,0,0,,,2456.3329811
4386002221,1,2023_5_34_1_0,2023,5,34,82,2,1,0,0,,,17380.527251
4386002223,1,2023_5_34_1_0,2023,5,34,78,2,1,0,0,,,3915.5518744
4386002229,1,2023_5_34_1_0,2023,5,34,52,1,4,0,0,,,4902.2385707
4386002230,1,2023_5_34_1_0,2023,5,34,77,1,2,2.000058847,0,,,4378.0680991
4386002235,1,2023_5_34_1_0,2023,5,34,52,2,3,0,0,,,4902.2385707
4386002246,1,2023_5_34_1_0,2023,5,34,49,1,1,0,0,,,4902.2385707
4386002247,1,2023_5_34_1_0,2023,5,34,63,2,1,0,0,,,5688.2968061
4386002250,1,2023_5_34_1_0,2023,5,34,35,2,1,0,0,,,4902.2385707
4386002253,1,2023_5_34_1_0,2023,5,34,73,2,1,0,0,,,1217.3912667
4386002258,1,2023_5_34_1_0,2023,5,34,59,2,1,0,0,,,7900.4174508
4386002268,1,2023_5_34_1_0,2023,5,34,71,2,1,0,0,,,17380.527251
4386002271,1,2023_5_34_1_0,2023,5,34,50,1,1,3.0000882704,3.9998823061,,,1025.1974357
4386002276,1,2023_5_34_1_0,2023,5,34,78,1,1,0,0,,,3915.5518744
4386002277,1,2023_5_34_1_0,2023,5,34,59,1,1,0,0,,,15767.2968
4386002278,1,2023_5_34_1_0,2023,5,34,60,2,1,1.0000294235,0,,,2456.3329811
4386002280,1,2023_5_34_1_0,2023,5,34,62,2,-3,0,0,,,2456.3329811
4386002285,1,2023_5_34_1_0,2023,5,34,71,2,1,0,0,,,2269.7657807
4386002286,1,2023_5_34_1_0,2023,5,34,62,1,1,0,0,,,2456.3329811
4386002287,1,2023_5_34_1_0,2023,5,34,46,2,2,0,0,,,8833.6374337
4386002289,1,2023_5_34_1_0,2023,5,34,65,1,1,0,0,,,4378.0680991
4386002293,1,2023_5_34_1_0,2023,5,34,55,1,1,0,0,,,2746.4820823
4386002294,1,2023_5_34_1_0,2023,5,34,60,1,1,0,0,,,5688.2968061
4386002296,1,2023_5_34_1_0,2023,5,34,84,1,1,0,0,,,4378.0680991
4386002297,1,2023_5_34_1_0,2023,5,34,73,1,1,0,0,,,1361.193017
4386002300,1,2023_5_34_1_0,2023,5,34,40,1,4,0,0,,,4902.2385707
4386002302,1,2023_5_34_1_0,2023,5,34,53,1,1,0,0,,,4902.2385707
4386002304,1,2023_5_34_1_0,2023,5,34,57,1,1,0,0,,,2819.1954868
4386002306,1,2023_5_34_1_0,2023,5,34,38,1,1,0,0,,,4902.2385707
4386002307,1,2023_5_34_1_0,2023,5,34,50,1,4,0,0,,,2456.3329811
4386002310,1,2023_5_34_1_0,2023,5,34,58,1,1,0,0,,,5688.2968061
4386002314,1,2023_5_34_1_0,2023,5,34,83,1,1,0,0,,,4378.0680991
4386002319,1,2023_5_34_1_0,2023,5,34,52,1,1,0,0,,,1768.5585779
4386002325,1,2023_5_34_1_0,2023,5,34,78,1,1,0,0,,,4378.0680991
4386002327,1,2023_5_34_1_0,2023,5,34,55,1,1,0,0,,,4902.2385707
4386002329,1,2023_5_34_1_0,2023,5,34,46,2,1,0,0,,,2746.4820823
4386002335,1,2023_5_34_1_0,2023,5,34,64,2,3,0,0,,,1768.5585779
4386002342,1,2023_5_34_1_0,2023,5,34,57,1,1,3.017427939,2.982572061,,,4046.5514943
4386002346,1,2023_5_34_1_0,2023,5,34,60,2,1,0,0,,,8833.6374337
4386002349,1,2023_5_34_1_0,2023,5,34,76,1,1,0,0,,,3915.5518744
4386002355,1,2023_5_34_1_0,2023,5,34,82,1,1,0,0,,,3915.5518744
4386002356,1,2023_5_34_1_0,2023,5,34,83,1,1,0,0,,,4378.0680991
4386002357,1,2023_5_34_1_0,2023,5,34,67,2,1,0,0,,,1217.3912667
4386002368,1,2023_5_34_1_0,2023,5,34,60,1,1,0,0,,,8833.6374337
4386002369,1,2023_5_34_1_0,2023,5,34,50,1,1,15.000441352,4.9998528826,,,2456.3329811
4386002372,1,2023_5_34_1_0,2023,5,34,65,2,1,0,0,,,4378.0680991
4386002375,1,2023_5_34_1_0,2023,5,34,69,2,1,0,0,,,3915.5518744
4386002380,1,2023_5_34_1_0,2023,5,34,49,2,4,0,0,,,4902.2385707
4386002383,1,2023_5_34_1_0,2023,5,34,66,2,1,0,0,,,4378.0680991
4386002387,1,2023_5_34_1_0,2023,5,34,63,1,1,0,0,,,15767.2968
4386002388,1,2023_5_34_1_0,2023,5,34,55,1,1,0,0,,,4902.2385707
4386002390,1,2023_5_34_1_0,2023,5,34,77,2,2,0,0,,,5403.8109482
4386002400,1,2023_5_34_1_0,2023,5,34,81,2,1,0,0,,,3915.5518744
4386002401,1,2023_5_34_1_0,2023,5,34,56,2,1,2.000058847,1.999941153,,,4902.2385707
4386002403,1,2023_5_34_1_0,2023,5,34,57,2,1,0,0,1,1,3915.5518744
4386002405,1,2023_5_34_1_0,2023,5,34,75,1,1,0,0,,,1217.3912667
4386002410,1,2023_5_34_1_0,2023,5,34,59,1,1,1.0000294235,0,,,3002.7095765
4386002415,1,2023_5_34_1_0,2023,5,34,60,1,1,0,0,,,2746.4820823
4386002416,1,2023_5_34_1_0,2023,5,34,47,2,1,0,0,,,2456.3329811
4386002419,1,2023_5_34_1_0,2023,5,34,66,1,1,0,0,,,1217.3912667
4386002421,1,2023_5_34_1_0,2023,5,34,81,1,1,0,0,,,3915.5518744
4386002425,1,2023_5_34_1_0,2023,5,34,40,2,1,0,0,,,4902.2385707
4386002428,1,2023_5_34_1_0,2023,5,34,81,1,1,0,0,,,2819.1954868
4386002429,1,2023_5_34_1_0,2023,5,34,59,1,1,0,0,,,2819.1954868
4386002434,1,2023_5_34_1_0,2023,5,34,31,2,-3,0,0.9999705765,,,2746.4820823
4386002437,1,2023_5_34_1_0,2023,5,34,78,2,1,0,0,,,4378.0680991
4386002440,1,2023_5_34_1_0,2023,5,34,69,1,1,0,0,,,508.10147263
4386002444,1,2023_5_34_1_0,2023,5,34,48,1,1,0,0,,,7900.4174508
4386002445,1,2023_5_34_1_0,2023,5,34,71,2,1,0,0,,,3915.5518744
4386002447,1,2023_5_34_1_0,2023,5,34,66,1,1,0,0,,,1217.3912667
4386002449,1,2023_5_34_1_0,2023,5,34,62,2,1,0,0,,,1768.5585779
4386002450,1,2023_5_34_1_0,2023,5,34,62,2,1,12.000353082,5.9998234591,,,1771.6091373
4386002452,1,2023_5_34_1_0,2023,5,34,30,2,1,0,0,,,2456.3329811
4386002453,1,2023_5_34_1_0,2023,5,34,77,2,1,0,0,,,5403.8109482
4386002454,1,2023_5_34_1_0,2023,5,34,48,1,1,0,0,,,4902.2385707
4386002458,1,2023_5_34_1_0,2023,5,34,87,1,1,0,0,,,3915.5518744
4386002459,1,2023_5_34_1_0,2023,5,34,21,1,1,0,0,,,876.52113291
4386002461,1,2023_5_34_1_0,2023,5,34,28,2,1,0,0,,,9751.4157729
4386002464,1,2023_5_34_1_0,2023,5,34,66,1,2,0,0,,,1217.3912667
4386002467,1,2023_5_34_1_0,2023,5,34,39,2,2,0,0,,,7021.0147174
4386002483,1,2023_5_34_1_0,2023,5,34,70,1,1,0,0.9999705765,,,1217.3912667
4386002485,1,2023_5_34_1_0,2023,5,34,46,1,1,0,0,,,10903.28099
4386002492,1,2023_5_34_1_0,2023,5,34,58,1,1,1.0000294235,2.9999117296,,,1768.5585779
4386002496,1,2023_5_34_1_0,2023,5,34,79,2,1,0,0,,,4378.0680991
4386002499,1,2023_5_34_1_0,2023,5,34,30,1,3,0,0,,,7021.0147174
4386002500,1,2023_5_34_1_0,2023,5,34,38,2,1,0,0,,,9751.4157729
4386002503,1,2023_5_34_1_0,2023,5,34,68,2,-3,0,0,,,3915.5518744
4386002507,1,2023_5_34_1_0,2023,5,34,35,2,3,0,0,,,1768.5585779
4386002512,1,2023_5_34_1_0,2023,5,34,65,1,1,0,1.999941153,,,4378.0680991
4386002516,1,2023_5_34_1_0,2023,5,34,61,1,1,0,0,,,8833.6374337
4386002526,1,2023_5_34_1_0,2023,5,34,23,2,4,0,0,,,1768.5585779
4386002537,1,2023_5_34_1_0,2023,5,34,60,1,1,0,0,,,7900.4174508
4386002538,1,2023_5_34_1_0,2023,5,34,59,1,1,8.0002353878,0,,,4579.7113046
4386002539,1,2023_5_34_1_0,2023,5,34,77,2,1,0,0,,,4378.0680991
4386002540,1,2023_5_34_1_0,2023,5,34,47,2,3,0,0,,,1768.5585779
4386002541,1,2023_5_34_1_0,2023,5,34,61,2,3,0,0,,,6785.9144432
4386002545,1,2023_5_34_1_0,2023,5,34,50,1,1,0,0,,,1217.3912667
4386002550,1,2023_5_34_1_0,2023,5,34,80,2,1,0,0,1,1,1361.193017
4386002551,1,2023_5_34_1_0,2023,5,34,57,1,1,0,0,,,2456.3329811
4386002552,1,2023_5_34_1_0,2023,5,34,80,1,1,0,0,,,1217.3912667
4386002556,1,2023_5_34_1_0,2023,5,34,79,1,1,0,0,,,2269.7657807
4386002557,1,2023_5_34_1_0,2023,5,34,82,1,1,0,0,,,876.52113291
4386002561,1,2023_5_34_1_0,2023,5,34,59,2,3,0,0,,,3002.7095765
4386002566,1,2023_5_34_1_0,2023,5,34,52,2,1,0,0,,,2819.1954868
4386002568,1,2023_5_34_1_0,2023,5,34,86,1,1,0,0,,,4378.0680991
4386002574,1,2023_5_34_1_0,2023,5,34,82,1,3,0,0,,,1217.3912667
4386002578,1,2023_5_34_1_0,2023,5,34,70,2,1,0,0,,,1217.3912667
4386002581,1,2023_5_34_1_0,2023,5,34,64,1,1,0,2.9999117296,,,10903.28099
4386002582,1,2023_5_34_1_0,2023,5,34,74,1,1,0,0,,,2819.1954868
4386002585,1,2023_5_34_1_0,2023,5,34,70,2,1,0,0,,,1217.3912667
4386002587,1,2023_5_34_1_0,2023,5,34,72,2,1,1.0000294235,0,,,3915.5518744
4386002591,1,2023_5_34_1_0,2023,5,34,69,1,1,0,0,,,1361.193017
4386002592,1,2023_5_34_1_0,2023,5,34,75,1,1,0,1.999941153,,,3915.5518744
4386002597,1,2023_5_34_1_0,2023,5,34,41,1,1,0,0,,,15767.2968
4386002605,1,2023_5_34_1_0,2023,5,34,61,1,1,0,0,,,5688.2968061
4386002610,1,2023_5_34_1_0,2023,5,34,52,2,2,0,0,,,2456.3329811
4386002630,1,2023_5_34_1_0,2023,5,34,85,2,1,0,0,,,1217.3912667
4386002641,1,2023_5_34_1_0,2023,5,34,68,1,1,0,0,,,4378.0680991
4386002643,1,2023_5_34_1_0,2023,5,34,81,1,1,0,0,,,3915.5518744
4386002645,1,2023_5_34_1_0,2023,5,34,60,1,-3,0,0,,,1768.5585779
4386002651,1,2023_5_34_1_0,2023,5,34,49,2,1,0,0,,,4902.2385707
4386002652,1,2023_5_34_1_0,2023,5,34,41,1,1,0,0,,,4902.2385707
4386002655,1,2023_5_34_1_0,2023,5,34,47,1,1,3.0000882704,0,,,3915.5518744
4386002660,1,2023_5_34_1_0,2023,5,34,76,2,1,0,0,,,3915.5518744
4386002665,1,2023_5_34_1_0,2023,5,34,91,2,2,0,0,,,4378.0680991
4386002667,1,2023_5_34_1_0,2023,5,34,32,1,1,0,0,,,2746.4820823
4386002674,1,2023_5_34_1_0,2023,5,34,-3,1,-3,0,0,,,2783.4710497
4386002676,1,2023_5_34_1_0,2023,5,34,60,1,1,0,0,,,2456.3329811
4386002684,1,2023_5_34_1_0,2023,5,34,60,1,1,0,0,,,7900.4174508
4386002695,1,2023_5_34_1_0,2023,5,34,50,1,1,0,0,,,5688.2968061
4386002698,1,2023_5_34_1_0,2023,5,34,82,1,1,0,0,,,3915.5518744
4386002701,1,2023_5_34_1_0,2023,5,34,78,2,1,0,0,,,3915.5518744
4386002706,1,2023_5_34_1_0,2023,5,34,67,1,4,0,0,,,3915.5518744
4386002707,1,2023_5_34_1_0,2023,5,34,60,1,4,0,0,,,5688.2968061
4386002708,1,2023_5_34_1_0,2023,5,34,81,1,4,0,0,,,4378.0680991
4386002715,1,2023_5_34_1_0,2023,5,34,78,1,1,0,0,,,3915.5518744
4386002716,1,2023_5_34_1_0,2023,5,34,44,1,1,0,0,,,2456.3329811
4386002717,1,2023_5_34_1_0,2023,5,34,68,1,1,0,0,,,2269.7657807
4386002719,1,2023_5_34_1_0,2023,5,34,-3,1,1,0,0,,,8006.8183937
4386002723,1,2023_5_34_1_0,2023,5,34,63,2,1,0,0,,,1423.8862682
4386002724,1,2023_5_34_1_0,2023,5,34,55,1,1,0,0,,,7900.4174508
4386002730,1,2023_5_34_1_0,2023,5,34,83,1,1,0,0,,,3915.5518744
4386002741,1,2023_5_34_1_0,2023,5,34,69,1,1,0,0,,,1217.3912667
4386002753,1,2023_5_34_1_0,2023,5,34,54,2,1,0,0,,,27029.78975
4386002755,1,2023_5_34_1_0,2023,5,34,59,1,4,0,0,,,15767.2968
4386002763,1,2023_5_34_1_0,2023,5,34,50,1,1,0,0,,,4902.2385707
4386002766,1,2023_5_34_1_0,2023,5,34,50,2,4,0,0,1,1,7900.4174508
4386002774,1,2023_5_34_1_0,2023,5,34,58,1,4,0,0,,,4902.2385707
4386002796,1,2023_5_34_1_0,2023,5,34,60,1,3,0,0,,,10903.28099
4386002801,1,2023_5_34_1_0,2023,5,34,70,1,1,0,0,,,1217.3912667
4386002810,1,2023_5_34_1_0,2023,5,34,63,2,1,0,0,,,2746.4820823
4386002813,1,2023_5_34_1_0,2023,5,34,61,2,3,0,0,,,1217.3912667
4386002815,1,2023_5_34_1_0,2023,5,34,77,1,1,0,0,,,3915.5518744
4386002822,1,2023_5_34_1_0,2023,5,34,32,2,-3,0,0,,,2456.3329811
4386002824,1,2023_5_34_1_0,2023,5,34,84,1,1,0,0,,,4378.0680991
4386002828,1,2023_5_34_1_0,2023,5,34,59,1,1,2.8236173769,0,,,5066.1954651
4386002832,1,2023_5_34_1_0,2023,5,34,63,1,2,0,0,,,7021.0147174
4386002835,1,2023_5_34_1_0,2023,5,34,32,1,5,0,0,,,19461.435761
4386002836,1,2023_5_34_1_0,2023,5,34,58,2,1,0,0,,,5688.2968061
4386002840,1,2023_5_34_1_0,2023,5,34,85,2,1,0,0,1,1,17380.527251
4386002843,1,2023_5_34_1_0,2023,5,34,62,2,1,0,0,,,8833.6374337
4386002848,1,2023_5_34_1_0,2023,5,34,39,1,1,0,0,,,2456.3329811
4386002851,1,2023_5_34_1_0,2023,5,34,44,2,1,0,0,,,4902.2385707
4386002852,1,2023_5_34_1_0,2023,5,34,62,2,1,0,0,,,2456.3329811
4386002854,1,2023_5_34_1_0,2023,5,34,46,1,1,0,0,,,7814.4818197
4386002858,1,2023_5_34_1_0,2023,5,34,66,1,1,0,0,,,4378.0680991
4386002859,1,2023_5_34_1_0,2023,5,34,45,2,1,0,0,,,15767.2968
4386002864,1,2023_5_34_1_0,2023,5,34,26,1,1,0,0,,,19461.435761
4386002879,1,2023_5_34_1_0,2023,5,34,26,1,1,0,0,,,15767.2968
4386002890,1,2023_5_34_1_0,2023,5,34,77,2,1,0,0,,,876.52113291
4386002898,1,2023_5_34_1_0,2023,5,34,-3,1,1,0,0,,,8952.6067613
4386002899,1,2023_5_34_1_0,2023,5,34,34,2,3,0,0,,,4902.2385707
4386002900,1,2023_5_34_1_0,2023,5,34,50,1,1,0,0,,,5688.2968061
4386002901,1,2023_5_34_1_0,2023,5,34,65,2,1,0,0,,,508.10147263
4386002902,1,2023_5_34_1_0,2023,5,34,70,1,1,1.0000294235,1.999941153,,,2429.6145797
4386002903,1,2023_5_34_1_0,2023,5,34,11,1,1,0,1.999941153,,,4902.2385707
4386002905,1,2023_5_34_1_0,2023,5,34,68,1,1,0,0,,,1217.3912667
4386002910,1,2023_5_34_1_0,2023,5,34,66,2,1,0,0,,,3915.5518744
4386002914,1,2023_5_34_1_0,2023,5,34,69,1,1,2.000058847,0,,,3915.5518744
4386002917,1,2023_5_34_1_0,2023,5,34,67,1,1,0,0,,,2269.7657807
4386002920,1,2023_5_34_1_0,2023,5,34,51,1,1,3.0000882704,2.9999117296,,,1768.5585779
4386002943,1,2023_5_34_1_0,2023,5,34,42,2,1,0,0,,,4902.2385707
4386002944,1,2023_5_34_1_0,2023,5,34,61,1,1,0,0,,,10903.28099
4386002945,1,2023_5_34_1_0,2023,5,34,60,2,1,0,0,,,2456.3329811
4386002951,1,2023_5_34_1_0,2023,5,34,76,1,1,0,0,,,508.10147263
4386002958,1,2023_5_34_1_0,2023,5,34,85,1,1,0,0,,1,3915.5518744
4386002961,1,2023_5_34_1_0,2023,5,34,29,1,1,0,0,,,4902.2385707
4386002963,1,2023_5_34_1_0,2023,5,34,59,1,1,0,0,,,9751.4157729
4386002972,1,2023_5_34_1_0,2023,5,34,34,1,1,0,0,,,15767.2968
4386002980,1,2023_5_34_1_0,2023,5,34,65,2,1,0,0,,,3915.5518744
4386002981,1,2023_5_34_1_0,2023,5,34,82,1,3,0,0,,,876.52113291
4386002982,1,2023_5_34_1_0,2023,5,34,-3,-3,-3,0,0,,,10232.360043
4386002983,1,2023_5_34_1_0,2023,5,34,82,1,3,0,0,,,1217.3912667
4386002986,1,2023_5_34_1_0,2023,5,34,83,2,1,0,0,,,3915.5518744
4386002987,1,2023_5_34_1_0,2023,5,34,54,1,1,0,0,,,3915.5518744
4386002991,1,2023_5_34_1_0,2023,5,34,72,1,1,2.000058847,0,,,1217.3912667
4386002996,1,2023_5_34_1_0,2023,5,34,59,1,1,0,0,,,9751.4157729
4386002998,1,2023_5_34_1_0,2023,5,34,76,2,3,0,0,,,1217.3912667
4386002999,1,2023_5_34_1_0,2023,5,34,63,2,1,1.0000294235,0.9999705765,,,2746.4820823
4386003001,1,2023_5_34_1_0,2023,5,34,74,1,1,0,0,,,1217.3912667
4386003003,1,2023_5_34_1_0,2023,5,34,81,2,1,0,0,,,4378.0680991
4386003005,1,2023_5_34_1_0,2023,5,34,74,2,1,0,0,,,1361.193017
4386003008,1,2023_5_34_1_0,2023,5,34,54,1,1,6.0001765409,9.9997057652,,,2456.3329811
4386003010,1,2023_5_34_1_0,2023,5,34,63,2,3,0,0,,,7900.4174508
4386003020,1,2023_5_34_1_0,2023,5,34,68,2,1,0,0,,,3915.5518744
4386003023,1,2023_5_34_1_0,2023,5,34,45,1,4,0,0,,,4902.2385707
4386003025,1,2023_5_34_1_0,2023,5,34,70,2,1,0,0,,,3915.5518744
4386003027,1,2023_5_34_1_0,2023,5,34,43,1,4,0,0,,,15767.2968
4386003029,1,2023_5_34_1_0,2023,5,34,79,1,1,0,0,,,3915.5518744
4386003030,1,2023_5_34_1_0,2023,5,34,63,1,3,0,0,,,2456.3329811
4386003035,1,2023_5_34_1_0,2023,5,34,66,2,1,0,0,,,1361.193017
4386003038,1,2023_5_34_1_0,2023,5,34,53,2,1,0,0,,,4902.2385707
4386003045,1,2023_5_34_1_0,2023,5,34,86,2,1,0,0,,,3915.5518744
4386003047,1,2023_5_34_1_0,2023,5,34,58,2,2,0,0,,,2819.1954868
4386003049,1,2023_5_34_1_0,2023,5,34,38,2,2,0,0,,,19461.435761
4386003050,1,2023_5_34_1_0,2023,5,34,34,2,3,0,0,,,4902.2385707
4386003054,1,2023_5_34_1_0,2023,5,34,33,1,4,0,0,1,1,19461.435761
4386003074,1,2023_5_34_1_0,2023,5,34,63,2,1,0,0,,,8833.6374337
4386003079,1,2023_5_34_1_0,2023,5,34,65,2,1,0,0,,,3915.5518744
4386003084,1,2023_5_34_1_0,2023,5,34,62,2,4,0,0,,,1217.3912667
4386003086,1,2023_5_34_1_0,2023,5,34,75,2,1,0,0,,,4378.0680991
4386003087,1,2023_5_34_1_0,2023,5,34,72,1,1,0,0,,,15544.380424
4386003097,1,2023_5_34_1_0,2023,5,34,71,1,1,0,0,,,3915.5518744
4386003098,1,2023_5_34_1_0,2023,5,34,96,2,1,0,0,,,17380.527251
4386003108,1,2023_5_34_1_0,2023,5,34,60,1,1,0,0,,,2746.4820823
4386003110,1,2023_5_34_1_0,2023,5,34,70,2,1,0,0,,,2819.1954868
4386003117,1,2023_5_34_1_0,2023,5,34,65,2,1,0,0,,,1361.193017
4386003119,1,2023_5_34_1_0,2023,5,34,-3,2,1,0,0,,,2489.4142894
4386003122,1,2023_5_34_1_0,2023,5,34,45,2,1,0,0,,,15767.2968
4386003123,1,2023_5_34_1_0,2023,5,34,70,1,1,0,0,,,3915.5518744
4386003124,1,2023_5_34_1_0,2023,5,34,47,2,1,0,0,,,4902.2385707
4386003131,1,2023_5_34_1_0,2023,5,34,89,2,1,0,0,,,4378.0680991
4386003139,1,2023_5_34_1_0,2023,5,34,75,2,1,0,0,,,2819.1954868
4386003140,1,2023_5_34_1_0,2023,5,34,51,1,4,0,0,,,15767.2968
4386003142,1,2023_5_34_1_0,2023,5,34,63,1,1,0,0,,,5688.2968061
4386003145,1,2023_5_34_1_0,2023,5,34,54,2,5,0,0,,1,2456.3329811
4386003146,1,2023_5_34_1_0,2023,5,34,36,1,4,0,0,,,19461.435761
4386003147,1,2023_5_34_1_0,2023,5,34,45,2,4,0,0,,,876.52113291
4386003148,1,2023_5_34_1_0,2023,5,34,31,2,4,0,0,,,2456.3329811
4386003149,1,2023_5_34_1_0,2023,5,34,49,1,1,0,0,,,10903.28099
4386003151,1,2023_5_34_1_0,2023,5,34,63,1,3,0,0,,,7900.4174508
4386003153,1,2023_5_34_1_0,2023,5,34,-3,2,2,0,0,,,5764.9054344
4386003155,1,2023_5_34_1_0,2023,5,34,56,1,2,0,0,,,15767.2968
4386003158,1,2023_5_34_1_0,2023,5,34,79,1,3,0,0,1,,3915.5518744
4386003160,1,2023_5_34_1_0,2023,5,34,68,1,1,0,0,,,1634.2302823
4386003162,1,2023_5_34_1_0,2023,5,34,66,2,1,0,0,,,3915.5518744
4386003165,1,2023_5_34_1_0,2023,5,34,26,2,1,0,0,1,1,9751.4157729
4386003174,1,2023_5_34_1_0,2023,5,34,83,2,2,0,0,,,17380.527251
4386003182,1,2023_5_34_1_0,2023,5,34,63,2,1,0,0,,,1217.3912667
4386003184,1,2023_5_34_1_0,2023,5,34,59,1,3,0,0,,,6069.0239202
4386003190,1,2023_5_34_1_0,2023,5,34,25,1,3,0,0,,,9751.4157729
4386003203,1,2023_5_34_1_0,2023,5,34,67,2,1,0,0,,,1217.3912667
4386003204,1,2023_5_34_1_0,2023,5,34,69,1,1,10.000294235,11.999646918,,,1217.3912667
4386003208,1,2023_5_34_1_0,2023,5,34,54,1,2,0,0,,,15767.2968
4386003209,1,2023_5_34_1_0,2023,5,34,75,2,1,0,0,,,4378.0680991
4386003212,1,2023_5_34_1_0,2023,5,34,76,2,1,0,0,,,3915.5518744
4386003216,1,2023_5_34_1_0,2023,5,34,59,2,1,0,0,,,7900.4174508
4386003218,1,2023_5_34_1_0,2023,5,34,76,2,1,0,0,,,3915.5518744
4386003220,1,2023_5_34_1_0,2023,5,34,81,2,1,0,0,,,4378.0680991
4386003225,1,2023_5_34_1_0,2023,5,34,76,1,1,0,0,,,1217.3912667
4386003230,1,2023_5_34_1_0,2023,5,34,63,1,1,0,0,,,1768.5585779
4386003234,1,2023_5_34_1_0,2023,5,34,91,2,1,0,0,,,3915.5518744
4386003237,1,2023_5_34_1_0,2023,5,34,67,1,1,0,0,,,3915.5518744
4386003238,1,2023_5_34_1_0,2023,5,34,27,2,1,0,0,,,2456.3329811
4386003242,1,2023_5_34_1_0,2023,5,34,55,1,2,0,0,,,2746.4820823
4386003247,1,2023_5_34_1_0,2023,5,34,59,2,1,1.0000294235,2.9999117296,,,4579.7113046
4386003249,1,2023_5_34_1_0,2023,5,34,36,2,1,0,0,,,4902.2385707
4386003253,1,2023_5_34_1_0,2023,5,34,32,1,4,0,0,,,2456.3329811
4386003265,1,2023_5_34_1_0,2023,5,34,47,1,1,0,0,,,2456.3329811
4386003268,1,2023_5_34_1_0,2023,5,34,72,1,1,0,0,,,1217.3912667
4386003274,1,2023_5_34_1_0,2023,5,34,52,2,5,0,0,,,22582.014581
4386003276,1,2023_5_34_1_0,2023,5,34,77,1,1,0,0,,,3915.5518744
4386003279,1,2023_5_34_2_1,2023,5,34,46,1,1,0,0,,,63.740181257
4386003280,1,2023_5_34_2_1,2023,5,34,65,1,1,0,0,,,141.11943439
4386003281,1,2023_5_34_2_1,2023,5,34,54,1,5,0,0,,,139.31215104
4386003282,1,2023_5_34_2_1,2023,5,34,66,1,1,0,0,,,43.875696839
4386003283,1,2023_5_34_2_1,2023,5,34,60,1,1,5.0001471174,0,,,43.313791124
4386003285,1,2023_5_34_2_1,2023,5,34,53,2,1,0,0,,,176.680365
4386003286,1,2023_5_34_2_1,2023,5,34,51,1,1,15.000441352,0,,,88.528088017
4386003287,1,2023_5_34_2_1,2023,5,34,36,2,1,0,0,,,176.680365
4386003294,1,2023_5_34_2_1,2023,5,34,67,2,1,0,0,,,29.815145342
4386003295,1,2023_5_34_2_1,2023,5,34,61,1,1,0,0,,,63.740181257
4386003296,1,2023_5_34_2_1,2023,5,34,64,2,1,0,0,,,101.60592563
4386003297,1,2023_5_34_2_1,2023,5,34,38,2,1,0,0,,,31.590480851
4386003298,1,2023_5_34_2_1,2023,5,34,72,1,1,3.0000882704,0,,,95.895831864
4386003303,1,2023_5_34_2_1,2023,5,34,70,1,1,0,0,,,141.11943439
4386003305,1,2023_5_34_2_1,2023,5,34,66,2,1,0,0,,,194.75741071
4386003306,1,2023_5_34_2_1,2023,5,34,62,1,1,5.0001471174,3.9998823061,,,43.313791124
4386003307,1,2023_5_34_2_1,2023,5,34,80,1,1,0,0,,,141.11943439
4386003309,1,2023_5_34_2_1,2023,5,34,73,1,1,0,0,,,101.60592563
4386003313,1,2023_5_34_2_1,2023,5,34,51,2,1,0,0,,,63.740181257
4386003314,1,2023_5_34_2_1,2023,5,34,34,1,1,0,0,,,144.04836885
4386003315,1,2023_5_34_2_1,2023,5,34,57,2,1,4.0001176939,3.9998823061,,,63.740181257
4386003317,1,2023_5_34_2_1,2023,5,34,55,1,1,6.0001765409,0,,,95.895831864
4386003322,1,2023_5_34_2_1,2023,5,34,69,1,1,0,0,,,33.336995877
4386003331,1,2023_5_34_2_0,2023,5,34,76,2,1,0,0,,,1018.3661918
4386003337,1,2023_5_34_2_0,2023,5,34,65,2,3,0,0,,,1018.3661918
4386003338,1,2023_5_34_2_0,2023,5,34,47,2,2,4.0001176939,0,,,2297.4737665
4386003340,1,2023_5_34_2_0,2023,5,34,76,2,1,0,0,,,733.2231736
4386003346,1,2023_5_34_2_0,2023,5,34,61,2,1,0,0,,,1479.4259767
4386003349,1,2023_5_34_2_0,2023,5,34,73,1,1,0,0,,,1018.3661918
4386003351,1,2023_5_34_2_0,2023,5,34,50,1,1,0,0,,,13189.582047
4386003353,1,2023_5_34_2_0,2023,5,34,62,2,1,0,0,,,2032.4093121
4386003355,1,2023_5_34_2_0,2023,5,34,52,1,1,0,0,,,1479.4259767
4386003356,1,2023_5_34_2_0,2023,5,34,59,2,1,0,0,,,4758.3462395
4386003357,1,2023_5_34_2_0,2023,5,34,76,1,1,0,0,,,2705.108397
4386003358,1,2023_5_34_2_0,2023,5,34,57,1,1,0,0,,,5873.1849122
4386003362,1,2023_5_34_2_0,2023,5,34,63,2,1,0,0,,,733.2231736
4386003367,1,2023_5_34_2_0,2023,5,34,63,2,1,0,0,,,9120.7593175
4386003381,1,2023_5_34_2_0,2023,5,34,63,2,1,0,0,,,4100.7966467
4386003385,1,2023_5_34_2_0,2023,5,34,56,2,1,0,0,,,4100.7966467
4386003387,1,2023_5_34_2_0,2023,5,34,91,1,1,0,0,,,3275.4183145
4386003391,1,2023_5_34_2_0,2023,5,34,67,1,1,0,0,,,1018.3661918
4386003394,1,2023_5_34_2_0,2023,5,34,33,2,1,0,0,,,4100.7966467
4386003395,1,2023_5_34_2_0,2023,5,34,80,1,1,0,0,,,1729.0113851
4386003400,1,2023_5_34_2_0,2023,5,34,80,1,1,0,0,,,1018.3661918
4386003403,1,2023_5_34_2_0,2023,5,34,73,1,1,0,0,,,2358.2996282
4386003405,1,2023_5_34_2_0,2023,5,34,52,2,1,0,0,,,4758.3462395
4386003406,1,2023_5_34_2_0,2023,5,34,77,2,2,0,0,,,6864.0160035
4386003412,1,2023_5_34_2_0,2023,5,34,55,1,1,0,0,,,4758.3462395
4386003413,1,2023_5_34_2_0,2023,5,34,66,1,1,0,0,,,1138.658529
4386003414,1,2023_5_34_2_0,2023,5,34,66,1,1,0,0,,,2358.2996282
4386003416,1,2023_5_34_2_0,2023,5,34,48,2,1,0,0,,,13189.582047
4386003417,1,2023_5_34_2_0,2023,5,34,48,1,1,0,0,,,8157.2066567
4386003421,1,2023_5_34_2_0,2023,5,34,77,2,1,0,0,,,3757.0974783
4386003423,1,2023_5_34_2_0,2023,5,34,44,2,1,0,0,,,4100.7966467
4386003426,1,2023_5_34_2_0,2023,5,34,64,1,1,0,0,,,4758.3462395
4386003427,1,2023_5_34_2_0,2023,5,34,63,1,1,0,0,,,9120.7593175
4386003438,1,2023_5_34_2_0,2023,5,34,67,1,1,0,0,,,1138.658529
4386003440,1,2023_5_34_2_0,2023,5,34,70,1,1,0,0,,,2358.2996282
4386003442,1,2023_5_34_2_0,2023,5,34,66,1,1,0,0,,,3275.4183145
4386003452,1,2023_5_34_2_0,2023,5,34,77,1,1,0,0,,,1138.658529
4386003458,1,2023_5_34_2_0,2023,5,34,84,1,1,0,0,,,1018.3661918
4386003464,1,2023_5_34_2_0,2023,5,34,82,2,1,0,0,,,3662.3201259
4386003465,1,2023_5_34_2_0,2023,5,34,43,2,1,0,0,,,4100.7966467
4386003467,1,2023_5_34_2_0,2023,5,34,48,2,4,0,0,,,5695.5546614
4386003472,1,2023_5_36_1_1,2023,5,36,50,1,1,0,0,,,3574.9656407
4386003477,1,2023_5_36_1_1,2023,5,36,26,2,1,0,0,,,526.1436553
4386003480,1,2023_5_36_1_1,2023,5,36,82,2,1,0,0,,,848.07304076
4386003491,1,2023_5_36_1_1,2023,5,36,49,1,3,0,0,,,2107.9996964
4386003496,1,2023_5_36_1_1,2023,5,36,70,2,1,0,0,,,618.8209746
4386003499,1,2023_5_36_1_1,2023,5,36,63,1,3,20.999579653,12.000240198,,,2975.2664477
4386003500,1,2023_5_36_1_1,2023,5,36,52,1,1,0,0,,,1715.6852051
4386003506,1,2023_5_36_1_1,2023,5,36,35,1,1,0.9999799835,8.0001601323,,,943.84030969
4386003507,1,2023_5_36_1_1,2023,5,36,35,2,1,0,0,,,2107.9996964
4386003508,1,2023_5_36_1_1,2023,5,36,61,1,1,7.9998398677,0,,,956.40848974
4386003513,1,2023_5_36_1_1,2023,5,36,21,2,5,0,0,,,428.22439048
4386003526,1,2023_5_36_1_1,2023,5,36,42,2,-3,0,0,,,943.84030969
4386003531,1,2023_5_36_1_1,2023,5,36,62,1,1,0,0,,,526.1436553
4386003533,1,2023_5_36_1_1,2023,5,36,49,2,4,0,0,,,2107.9996964
4386003536,1,2023_5_36_1_1,2023,5,36,66,2,1,0,0,,,520.05944449
4386003548,1,2023_5_36_1_1,2023,5,36,36,1,1,0,4.0000800662,,,1332.1521868
4386003552,1,2023_5_36_1_1,2023,5,36,60,2,4,0,40.000800662,,1,1175.1041508
4386003589,1,2023_5_36_1_1,2023,5,36,60,1,1,0,10.000200165,,,1255.2546054
4386003591,1,2023_5_36_1_1,2023,5,36,49,1,1,0,15.000300248,,,943.84030969
4386003593,1,2023_5_36_1_1,2023,5,36,45,1,1,0,0,,,2237.136907
4386003594,1,2023_5_36_1_1,2023,5,36,68,1,1,1.9999599669,2.0000400331,,,277.0722317
4386003604,1,2023_5_36_1_1,2023,5,36,73,1,1,0,9.0001801489,,,661.02896303
4386003605,1,2023_5_36_1_1,2023,5,36,63,1,1,0.9999799835,20.000400331,,,1255.2546054
4386003606,1,2023_5_36_1_1,2023,5,36,73,2,1,0,0,,,842.92418472
4386003607,1,2023_5_36_1_1,2023,5,36,63,1,1,0,0,,,562.03039189
4386003609,1,2023_5_36_1_1,2023,5,36,38,1,1,0.9999799835,0,,,768.18457708
4386003611,1,2023_5_36_1_1,2023,5,36,75,1,1,0,0,,,661.02896303
4386003614,1,2023_5_36_1_1,2023,5,36,50,1,1,5.9998799008,0,,,549.63308918
4386003617,1,2023_5_36_1_1,2023,5,36,37,2,1,0,0,,,4996.4849694
4386003621,1,2023_5_36_1_1,2023,5,36,59,1,2,0,0,,,2107.9996964
4386003629,1,2023_5_36_1_1,2023,5,36,57,2,3,0,0,1,1,526.1436553
4386003631,1,2023_5_36_1_1,2023,5,36,61,1,1,0,0,,,1175.1041508
4386003642,1,2023_5_36_1_1,2023,5,36,71,2,3,0,0,,1,538.00653479
4386003643,1,2023_5_36_1_1,2023,5,36,66,2,1,0,0,,,618.8209746
4386003645,1,2023_5_36_1_1,2023,5,36,64,2,1,0,0,,,1175.1041508
4386003646,1,2023_5_36_1_1,2023,5,36,30,1,1,0,0,,,943.84030969
4386003647,1,2023_5_36_1_1,2023,5,36,41,2,3,0,0,,,943.84030969
4386003649,1,2023_5_36_1_1,2023,5,36,67,1,1,0,0,,,295.97052705
4386003654,1,2023_5_36_1_1,2023,5,36,89,1,1,0,0,,,661.02896303
4386003656,1,2023_5_36_1_1,2023,5,36,65,1,1,14.999699752,2.0000400331,,,538.00653479
4386003660,1,2023_5_36_1_1,2023,5,36,63,1,1,0,0,,,2107.9996964
4386003661,1,2023_5_36_1_1,2023,5,36,43,1,1,0.9999799835,1.0000200165,,,768.18457708
4386003664,1,2023_5_36_1_1,2023,5,36,54,1,1,0,6.0001200992,,,1175.1041508
4386003669,1,2023_5_36_1_1,2023,5,36,60,1,1,0,3.0000600496,,,1255.2546054
4386003676,1,2023_5_36_1_1,2023,5,36,72,1,1,1.9999599669,3.0000600496,,,329.77564579
4386003684,1,2023_5_36_1_1,2023,5,36,51,1,5,0,0,,,4996.4849694
4386003686,1,2023_5_36_1_1,2023,5,36,67,1,1,0,0,,,295.97052705
4386003695,1,2023_5_36_1_1,2023,5,36,56,2,1,0,0,,,526.1436553
4386003696,1,2023_5_36_1_1,2023,5,36,72,1,1,0,0,1,1,1566.8034885
4386003705,1,2023_5_36_1_1,2023,5,36,58,1,1,0,0,,,1175.1041508
4386003706,1,2023_5_36_1_1,2023,5,36,59,2,1,0,0,,,2421.547135
4386003707,1,2023_5_36_1_1,2023,5,36,49,1,1,2.9999399504,10.000200165,,,768.18457708
4386003712,1,2023_5_36_1_1,2023,5,36,60,2,1,0,0,,,428.22439048
4386003714,1,2023_5_36_1_1,2023,5,36,66,1,1,0,0,,,538.00653479
4386003717,1,2023_5_36_1_1,2023,5,36,39,1,1,0,1.0000200165,,,526.1436553
4386003725,1,2023_5_36_1_1,2023,5,36,66,1,3,0,4.0000800662,,,618.8209746
4386003728,1,2023_5_36_1_1,2023,5,36,74,1,1,0,0,,,295.97052705
4386003732,1,2023_5_36_1_1,2023,5,36,63,1,-3,9.9997998346,0,,,538.00653479
4386003736,1,2023_5_36_1_1,2023,5,36,42,1,1,9.9997998346,35.000700579,,,943.84030969
4386003742,1,2023_5_36_1_1,2023,5,36,50,2,1,0,0,,,562.03039189
4386003752,1,2023_5_36_1_0,2023,5,36,81,1,4,0,0,,,4644.5027157
4386003755,1,2023_5_36_1_0,2023,5,36,27,2,1,0,0,,,7340.1434691
4386003763,1,2023_5_36_1_0,2023,5,36,80,2,3,0,0,,,10373.163992
4386003768,1,2023_5_36_1_0,2023,5,36,29,1,1,0,0,,,7340.1434691
4386003773,1,2023_5_36_1_0,2023,5,36,36,2,4,0,0,,,8819.6338582
4386003793,1,2023_5_36_1_0,2023,5,36,66,1,3,0,0,,,8633.069485
4386003796,1,2023_5_36_1_0,2023,5,36,67,1,3,0,0,,,4644.5027157
4386003798,1,2023_5_36_1_0,2023,5,36,30,1,1,0,0,,,7340.1434691
4386003800,1,2023_5_36_1_0,2023,5,36,62,1,1,0,0,,,6916.4386659
4386003802,1,2023_5_36_1_0,2023,5,36,26,1,1,0,0,,,7340.1434691
4386003806,1,2023_5_36_1_0,2023,5,36,50,2,1,0,0,,,6916.4386659
4386003807,1,2023_5_36_1_0,2023,5,36,27,1,1,0,0,,,8819.6338582
4386003809,1,2023_5_36_1_0,2023,5,36,67,1,1,0,0,,,3642.2621033
4386003818,1,2023_5_36_1_0,2023,5,36,65,1,1,0,0,,,3642.2621033
4386003822,1,2023_5_36_1_0,2023,5,36,58,1,3,0,0,,,1630.7942536
4386003824,1,2023_5_36_1_0,2023,5,36,78,2,1,0,0,1,1,10373.163992
4386003827,1,2023_5_36_1_0,2023,5,36,52,2,1,0,0,,1,8819.6338582
4386003828,1,2023_5_36_1_0,2023,5,36,35,2,1,0,0,,,8819.6338582
4386003832,1,2023_5_36_1_0,2023,5,36,46,1,4,0,0,,,8819.6338582
4386003842,1,2023_5_36_1_0,2023,5,36,68,2,3,0,0,,,5652.6452171
4386003854,1,2023_5_36_1_0,2023,5,36,29,2,1,0,0,1,1,8819.6338582
4386003857,1,2023_5_36_1_0,2023,5,36,28,1,1,0,0,,,7340.1434691
4386003858,1,2023_5_36_1_0,2023,5,36,64,2,1,0,0,,,7340.1434691
4386003876,1,2023_5_36_1_0,2023,5,36,49,2,1,0,0,,,8819.6338582
4386003879,1,2023_5_36_1_0,2023,5,36,46,1,2,0,0,,,8819.6338582
4386003882,1,2023_5_36_1_0,2023,5,36,31,2,1,0,0,,,8819.6338582
4386003889,1,2023_5_36_1_0,2023,5,36,71,2,1,0,0,,,8633.069485
4386003890,1,2023_5_36_1_0,2023,5,36,-3,1,1,0,0,,,7903.3120049
4386003893,1,2023_5_36_1_0,2023,5,36,61,2,1,0,0,,,6916.4386659
4386003902,1,2023_5_36_1_0,2023,5,36,26,2,1,0,0,,,8819.6338582
4386003919,1,2023_5_36_1_0,2023,5,36,38,1,4,0,0,,,8819.6338582
4386003922,1,2023_5_36_1_0,2023,5,36,55,1,1,0,0,,,16393.684446
4386003924,1,2023_5_36_1_0,2023,5,36,73,1,1,0,0,,,3642.2621033
4386003926,1,2023_5_36_1_0,2023,5,36,38,2,1,0,0,,,19255.608473
4386003929,1,2023_5_36_1_0,2023,5,36,59,1,4,0,0,,,3618.5764352
4386003938,1,2023_5_36_1_0,2023,5,36,36,1,1,0,0,,,12326.599033
4386003945,1,2023_5_36_1_0,2023,5,36,68,1,1,0,0,,,4644.5027157
4386003953,1,2023_5_36_1_0,2023,5,36,28,1,1,0,0,,,3720.972966
4386003962,1,2023_5_36_1_0,2023,5,36,64,2,1,0,0,,,3720.972966
4386003974,1,2023_5_36_1_0,2023,5,36,40,2,5,0,0,,,5200.5494219
4386003986,1,2023_5_36_1_0,2023,5,36,80,1,1,0,0,,,3642.2621033
4386003991,1,2023_5_36_1_0,2023,5,36,68,1,1,0,0,,,1630.7942536
4386004003,1,2023_5_36_1_0,2023,5,36,71,2,1,0,0,,,10373.163992
4386004005,1,2023_5_36_1_0,2023,5,36,30,2,3,0,0,,,7340.1434691
4386004033,1,2023_5_36_1_0,2023,5,36,60,1,1,0,0,,,4244.0328775
4386004039,1,2023_5_36_1_0,2023,5,36,76,2,1,0,0,,,4644.5027157
4386004041,1,2023_5_36_1_0,2023,5,36,26,1,1,0,0,,,8819.6338582
4386004043,1,2023_5_36_1_0,2023,5,36,40,1,1,0,0,,,8819.6338582
4386004044,1,2023_5_36_1_0,2023,5,36,91,2,3,0,0,,,10373.163992
4386004053,1,2023_5_36_1_0,2023,5,36,30,1,4,0,0,,,7340.1434691
4386004056,1,2023_5_36_1_0,2023,5,36,28,2,1,0,0,,,8819.6338582
4386004060,1,2023_5_36_1_0,2023,5,36,80,2,1,0,0,,,2865.521652
4386004072,1,2023_5_36_1_0,2023,5,36,58,2,1,0,0,,,16393.684446
4386004080,1,2023_5_36_1_0,2023,5,36,48,2,1,0,0,,,6916.4386659
4386004082,1,2023_5_36_1_0,2023,5,36,77,2,1,0,0,,,1630.7942536
4386004096,1,2023_5_36_1_0,2023,5,36,68,1,1,0.9999799835,0,,,1630.7942536
4386004099,1,2023_5_36_1_0,2023,5,36,80,2,1,0,0,,,10373.163992
4386004102,1,2023_5_36_1_0,2023,5,36,61,2,1,0,0,,,3096.781097
4386004104,1,2023_5_36_1_0,2023,5,36,73,2,1,0,0,,,4376.4019467
4386004111,1,2023_5_36_1_0,2023,5,36,39,1,4,0,0,,,8819.6338582
4386004131,1,2023_5_36_1_0,2023,5,36,32,2,1,0,0,,,8819.6338582
4386004135,1,2023_5_36_1_0,2023,5,36,25,2,3,0,0,,,7340.1434691
4386004139,1,2023_5_36_1_0,2023,5,36,46,1,4,0,0,,,5200.5494219
4386004144,1,2023_5_36_1_0,2023,5,36,68,2,1,0,0,,,4644.5027157
4386004152,1,2023_5_36_1_0,2023,5,36,80,2,1,0.9999799835,0,,,2501.5536424
4386004158,1,2023_5_36_1_0,2023,5,36,85,1,1,0,0,,,2384.8314315
4386004181,1,2023_5_36_1_0,2023,5,36,55,1,1,0,0,,,5200.5494219
4386004185,1,2023_5_36_1_0,2023,5,36,87,2,1,0,0,,,4376.4019467
4386004188,1,2023_5_36_1_0,2023,5,36,26,2,3,0,0,,,8819.6338582
4386004196,1,2023_5_36_1_0,2023,5,36,52,1,2,0,0,,,8819.6338582
4386004202,1,2023_5_36_1_0,2023,5,36,21,1,1,0,0,,,6871.4609938
4386004208,1,2023_5_36_1_0,2023,5,36,70,1,1,0,0,,,3865.3890653
4386004217,1,2023_5_36_1_0,2023,5,36,32,1,3,0,0,,,3096.781097
4386004219,1,2023_5_36_1_0,2023,5,36,30,2,4,0,0,1,1,3096.781097
4386004224,1,2023_5_36_1_0,2023,5,36,62,2,3,0,0,,,8819.6338582
4386004227,1,2023_5_36_1_0,2023,5,36,70,2,2,0,0,1,1,3618.5764352
4386004238,1,2023_5_36_1_0,2023,5,36,83,1,-3,0,0,,,4376.4019467
4386004242,1,2023_5_36_1_0,2023,5,36,50,1,3,0,0,,,5200.5494219
4386004243,1,2023_5_36_1_0,2023,5,36,87,2,1,0,0,,,10373.163992
4386004244,1,2023_5_36_1_0,2023,5,36,60,1,1,0,0,,,6916.4386659
4386004253,1,2023_5_36_1_0,2023,5,36,32,2,1,0,0,,,8819.6338582
4386004255,1,2023_5_36_1_0,2023,5,36,-3,-3,-3,0,0,,,7903.3120049
4386004261,1,2023_5_36_1_0,2023,5,36,71,1,4,0,0,,,1526.6648601
4386004267,1,2023_5_36_1_0,2023,5,36,75,2,3,0,0,,,4644.5027157
4386004269,1,2023_5_36_1_0,2023,5,36,63,1,2,0,0,1,1,8633.069485
4386004289,1,2023_5_36_1_0,2023,5,36,40,1,1,0,0,,,7340.1434691
4386004295,1,2023_5_36_1_0,2023,5,36,71,1,2,0,0,,,1959.4996032
4386004298,1,2023_5_36_1_0,2023,5,36,75,2,2,0,0,,,4376.4019467
4386004313,1,2023_5_36_1_0,2023,5,36,48,2,2,0,0,,,8819.6338582
4386004316,1,2023_5_36_1_0,2023,5,36,53,2,5,0,0,,,11615.054464
4386004317,1,2023_5_36_1_0,2023,5,36,34,1,1,0,0,,,8819.6338582
4386004327,1,2023_5_36_1_0,2023,5,36,53,2,1,0,0,,,6491.3037891
4386004328,1,2023_5_36_1_0,2023,5,36,73,1,2,0.9999799835,0,,,4644.5027157
4386004333,1,2023_5_36_1_0,2023,5,36,68,1,3,0,0,,,2092.2421238
4386004340,1,2023_5_36_1_0,2023,5,36,44,1,1,0,0,,,5200.5494219
4386004349,1,2023_5_36_1_0,2023,5,36,43,2,3,0,0,,,8819.6338582
4386004354,1,2023_5_36_1_0,2023,5,36,38,2,1,0,0,,,8819.6338582
4386004378,1,2023_5_36_1_0,2023,5,36,59,2,3,0,0,,,8633.069485
4386004381,1,2023_5_36_1_0,2023,5,36,50,2,4,0,0,,,8310.5264759
4386004390,1,2023_5_36_1_0,2023,5,36,53,2,1,0,0,,,8819.6338582
4386004395,1,2023_5_36_1_0,2023,5,36,56,2,1,0,0,,,7340.1434691
4386004422,1,2023_5_36_1_0,2023,5,36,41,1,4,0,0,,,7340.1434691
4386004431,1,2023_5_36_1_0,2023,5,36,62,2,3,0,0,,,18026.10032
4386004437,1,2023_5_36_1_0,2023,5,36,38,2,3,0,0,,,8819.6338582
4386004438,1,2023_5_36_1_0,2023,5,36,75,2,1,0,0,,,3865.3890653
4386004442,1,2023_5_36_1_0,2023,5,36,26,1,1,0,0,,,7340.1434691
4386004452,1,2023_5_36_1_0,2023,5,36,84,2,1,0,0,,,4376.4019467
4386004454,1,2023_5_36_1_0,2023,5,36,75,1,1,0,0,,,3865.3890653
4386004465,1,2023_5_36_1_0,2023,5,36,32,1,1,0,0,,,7340.1434691
4386004479,1,2023_5_36_1_0,2023,5,36,63,2,1,0,0,,,8310.5264759
4386004510,1,2023_5_36_1_0,2023,5,36,40,2,1,0,0,,,12326.599033
4386004518,1,2023_5_36_1_0,2023,5,36,83,2,1,0,0,,,8633.069485
4386004522,1,2023_5_36_1_0,2023,5,36,35,1,1,0,0,,,11615.054464
4386004529,1,2023_5_36_1_0,2023,5,36,73,2,1,0,0,,,2384.8314315
4386004534,1,2023_5_36_1_0,2023,5,36,81,2,1,0,0,,,3927.0996952
4386004535,1,2023_5_36_1_0,2023,5,36,80,2,-3,0,0,,,10373.163992
4386004574,1,2023_5_36_1_0,2023,5,36,70,2,1,0,0,,,1959.4996032
4386004579,1,2023_5_36_1_0,2023,5,36,67,1,1,0,0,,,3642.2621033
4386004581,1,2023_5_36_1_0,2023,5,36,76,2,1,0,0,,,8633.069485
4386004593,1,2023_5_36_1_0,2023,5,36,77,2,1,0,0,,,3642.2621033
4386004594,1,2023_5_36_1_0,2023,5,36,80,2,1,0,0,,,3409.6965649
4386004608,1,2023_5_36_1_0,2023,5,36,50,2,1,0,0,,,11615.054464
4386004609,1,2023_5_36_1_0,2023,5,36,37,1,3,0.9999799835,1.0000200165,,,11615.054464
4386004611,1,2023_5_36_1_0,2023,5,36,52,1,4,0,0,,,3096.781097
4386004617,1,2023_5_36_1_0,2023,5,36,54,2,1,0,0,,,19698.020211
4386004626,1,2023_5_36_1_0,2023,5,36,54,1,1,0,0,,,11615.054464
4386004637,1,2023_5_36_1_0,2023,5,36,88,2,1,0,0,,,4376.4019467
4386004639,1,2023_5_36_1_0,2023,5,36,75,1,4,0,0,,,3409.6965649
4386004640,1,2023_5_36_1_0,2023,5,36,56,1,1,0,0,,,2899.0455846
4386004653,1,2023_5_36_1_0,2023,5,36,37,2,1,0,0,,,5200.5494219
4386004655,1,2023_5_36_1_0,2023,5,36,65,2,1,0,0,,,4376.4019467
4386004662,1,2023_5_36_1_0,2023,5,36,66,1,2,0,0,,,3642.2621033
4386004666,1,2023_5_36_1_0,2023,5,36,54,2,3,0,0,,1,13167.360692
4386004671,1,2023_5_36_1_0,2023,5,36,64,2,3,0,0,,,13167.360692
4386004672,1,2023_5_36_1_0,2023,5,36,58,1,2,0,0,,,8819.6338582
4386004694,1,2023_5_36_1_0,2023,5,36,53,2,3,0,0,,,6871.4609938
4386004703,1,2023_5_36_1_0,2023,5,36,67,1,2,0,0,,,8081.8311622
4386004707,1,2023_5_36_1_0,2023,5,36,55,2,2,0,0,,,6871.4609938
4386004727,1,2023_5_36_1_0,2023,5,36,72,2,2,0,0,,,6792.0009133
4386004733,1,2023_5_36_1_0,2023,5,36,50,2,2,0,0,,,3618.5764352
4386004741,1,2023_5_36_1_0,2023,5,36,56,2,3,0,0,,,11615.054464
4386004755,1,2023_5_36_1_0,2023,5,36,-3,2,3,0,0,,,8493.9428287
4386004775,1,2023_5_36_1_0,2023,5,36,26,2,2,0,0,,,15346.915723
4386004776,1,2023_5_36_1_0,2023,5,36,55,2,2,0,0,,,19698.020211
4386004779,1,2023_5_36_1_0,2023,5,36,38,2,3,0,0,,,12326.599033
4386004787,1,2023_5_36_1_0,2023,5,36,78,2,2,0,0,,,10373.163992
4386004788,1,2023_5_36_1_0,2023,5,36,18,2,3,0,0,,,6871.4609938
4386004797,1,2023_5_36_1_0,2023,5,36,71,1,2,0,0,,,4644.5027157
4386004804,1,2023_5_36_1_0,2023,5,36,61,2,3,0,0,1,1,19698.020211
4386004805,1,2023_5_36_1_0,2023,5,36,77,1,3,0,0,,,4644.5027157
4386004826,1,2023_5_36_1_0,2023,5,36,80,2,3,0,0,,,8633.069485
4386004844,1,2023_5_36_1_0,2023,5,36,58,2,2,0,0,,,6474.8105687
4386004867,1,2023_5_36_1_0,2023,5,36,46,1,3,0,0,,,6871.4609938
4386004871,1,2023_5_36_1_0,2023,5,36,51,1,3,0,0,,,6871.4609938
4386004872,1,2023_5_36_1_0,2023,5,36,56,1,3,0,0,,,19698.020211
4386004876,1,2023_5_36_1_0,2023,5,36,75,1,2,0,0,,,4644.5027157
4386004877,1,2023_5_36_1_0,2023,5,36,62,2,3,0,0,,,8081.8311622
4386004881,1,2023_5_36_1_0,2023,5,36,60,2,4,0,0,,,3096.781097
4386004899,1,2023_5_36_1_0,2023,5,36,58,2,2,0,0,1,1,6871.4609938
4386004915,1,2023_5_36_1_0,2023,5,36,61,2,3,0,0,,,16393.684446
4386004919,1,2023_5_36_1_0,2023,5,36,68,1,1,0,0,,,10373.163992
4386004927,1,2023_5_36_1_0,2023,5,36,72,1,1,0,0,,,3642.2621033
4386004929,1,2023_5_36_1_0,2023,5,36,62,2,3,0,0,,,3409.6965649
4386004940,1,2023_5_36_1_0,2023,5,36,63,1,4,0,0,,,3642.2621033
4386004941,1,2023_5_36_1_0,2023,5,36,43,2,3,0,0,,,8819.6338582
4386004945,1,2023_5_36_1_0,2023,5,36,73,1,1,0,0,,,1630.7942536
4386004947,1,2023_5_36_1_0,2023,5,36,65,1,1,0,0,,,10373.163992
4386004948,1,2023_5_36_1_0,2023,5,36,77,1,4,0,6.0001200992,,,8633.069485
4386004956,1,2023_5_36_1_0,2023,5,36,60,1,1,0,0,,,8310.5264759
4386004962,1,2023_5_36_1_0,2023,5,36,70,1,1,0,0,,,3642.2621033
4386004971,1,2023_5_36_1_0,2023,5,36,55,1,2,0,0,,,12326.599033
4386004973,1,2023_5_36_1_0,2023,5,36,43,1,3,0,0,,,8819.6338582
4386004982,1,2023_5_36_1_0,2023,5,36,58,2,3,0,0,1,1,8819.6338582
4386004998,1,2023_5_36_1_0,2023,5,36,61,1,3,0,0,,,8819.6338582
4386005022,1,2023_5_36_1_0,2023,5,36,57,2,3,0,0,,,19698.020211
4386005043,1,2023_5_36_1_0,2023,5,36,52,2,4,0,0,,,6474.8105687
4386005049,1,2023_5_36_1_0,2023,5,36,69,2,2,0,0,,1,1630.7942536
4386005052,1,2023_5_36_1_0,2023,5,36,33,1,2,0,0,,,2899.0455846
4386005056,1,2023_5_36_1_0,2023,5,36,44,1,1,0,0,,,5200.5494219
4386005058,1,2023_5_36_1_0,2023,5,36,60,1,3,0,0,1,1,8819.6338582
4386005064,1,2023_5_36_1_0,2023,5,36,82,2,1,0,0,,,4376.4019467
4386005068,1,2023_5_36_1_0,2023,5,36,-3,-3,-3,0,0,,,14690.45146
4386005084,1,2023_5_36_1_0,2023,5,36,80,2,3,0,0,1,1,3268.3301419
4386005092,1,2023_5_36_1_0,2023,5,36,81,1,3,0,0,,,10373.163992
4386005098,1,2023_5_36_1_0,2023,5,36,54,2,3,0,0,,,11615.054464
4386005104,1,2023_5_36_1_0,2023,5,36,71,2,2,0,0,1,1,4376.4019467
4386005109,1,2023_5_36_1_0,2023,5,36,65,2,3,0,0,,,10373.163992
4386005119,1,2023_5_36_1_0,2023,5,36,51,2,2,0,0,,,12407.283727
4386005120,1,2023_5_36_1_0,2023,5,36,47,1,1,0,0,,,3096.781097
4386005129,1,2023_5_36_1_0,2023,5,36,65,2,1,0,0,,,1630.7942536
4386005130,1,2023_5_36_1_0,2023,5,36,45,1,1,0,0,,,5200.5494219
4386005140,1,2023_5_36_1_0,2023,5,36,83,2,1,0,0,,,2865.521652
4386005143,1,2023_5_36_1_0,2023,5,36,74,1,1,0,0,,,3642.2621033
4386005145,1,2023_5_36_1_0,2023,5,36,64,1,1,0,0,,,2899.0455846
4386005150,1,2023_5_36_1_0,2023,5,36,56,2,1,0,0,,,3720.972966
4386005151,1,2023_5_36_1_0,2023,5,36,35,2,1,0,0,,,3720.972966
4386005157,1,2023_5_36_1_0,2023,5,36,59,1,1,0,0,,,2126.9100941
4386005158,1,2023_5_36_1_0,2023,5,36,73,1,4,0,0,,,6116.5976807
4386005161,1,2023_5_36_1_0,2023,5,36,68,1,1,0,0,,,3642.2621033
4386005162,1,2023_5_36_1_0,2023,5,36,44,2,1,0,0,,,27530.57562
4386005163,1,2023_5_36_1_0,2023,5,36,38,2,1,0,0,,,5200.5494219
4386005167,1,2023_5_36_1_0,2023,5,36,40,2,4,0,0,,,5200.5494219
4386005171,1,2023_5_36_1_0,2023,5,36,36,1,3,0,0,,,12326.599033
4386005181,1,2023_5_36_1_0,2023,5,36,73,1,1,0,0,,,3642.2621033
4386005183,1,2023_5_36_1_0,2023,5,36,-3,1,-3,0,0,,,6197.8505705
4386005191,1,2023_5_36_1_0,2023,5,36,71,1,1,0,0,,,3642.2621033
4386005196,1,2023_5_36_1_0,2023,5,36,55,2,1,0,0,,,6474.8105687
4386005200,1,2023_5_36_1_0,2023,5,36,49,2,1,0,0,,,5200.5494219
4386005203,1,2023_5_36_1_0,2023,5,36,71,1,1,0,0,,,3642.2621033
4386005207,1,2023_5_36_1_0,2023,5,36,76,1,1,0,0,,,4376.4019467
4386005215,1,2023_5_36_1_0,2023,5,36,46,2,4,0,0,,,5555.2638527
4386005217,1,2023_5_36_1_0,2023,5,36,69,1,1,0,0,1,1,4644.5027157
4386005224,1,2023_5_36_1_0,2023,5,36,69,1,2,0,0,,,10373.163992
4386005226,1,2023_5_36_1_0,2023,5,36,60,2,2,0,0,,,2738.6585771
4386005248,1,2023_5_36_1_0,2023,5,36,60,1,1,0,0,,,6916.4386659
4386005250,1,2023_5_36_1_0,2023,5,36,-3,1,1,0,0,,,7447.0986801
4386005255,1,2023_5_36_1_0,2023,5,36,62,2,2,0,0,,,3720.972966
4386005261,1,2023_5_36_1_0,2023,5,36,75,1,1,0,0,,,3642.2621033
4386005262,1,2023_5_36_1_0,2023,5,36,58,2,1,0,0,,,8310.5264759
4386005263,1,2023_5_36_1_0,2023,5,36,77,2,1,0,0,,,4376.4019467
4386005264,1,2023_5_36_1_0,2023,5,36,74,2,1,0,0,,,3409.6965649
4386005267,1,2023_5_36_1_0,2023,5,36,66,1,1,0,0,,,3642.2621033
4386005269,1,2023_5_36_1_0,2023,5,36,64,2,1,0,0,,,3642.2621033
4386005271,1,2023_5_36_1_0,2023,5,36,59,1,1,0,0,,,5200.5494219
4386005273,1,2023_5_36_1_0,2023,5,36,47,1,1,0,0,,,11615.054464
4386005274,1,2023_5_36_1_0,2023,5,36,44,1,1,0,0,,,5200.5494219
4386005277,1,2023_5_36_1_0,2023,5,36,37,2,1,0,0,,,2126.9100941
4386005285,1,2023_5_36_1_0,2023,5,36,49,1,3,0,0,,,5200.5494219
4386005286,1,2023_5_36_1_0,2023,5,36,53,1,1,0,0,,,6474.8105687
4386005287,1,2023_5_36_1_0,2023,5,36,40,1,1,0,0,,,5200.5494219
4386005309,1,2023_5_36_1_0,2023,5,36,49,2,1,0,0,,,5200.5494219
4386005311,1,2023_5_36_1_0,2023,5,36,32,1,4,0,0,,,6871.4609938
4386005317,1,2023_5_36_1_0,2023,5,36,67,1,1,0,0,,,1630.7942536
4386005325,1,2023_5_36_1_0,2023,5,36,65,1,1,0,0,,,4644.5027157
4386005327,1,2023_5_36_1_0,2023,5,36,63,1,1,0,0,,,6916.4386659
4386005328,1,2023_5_36_1_0,2023,5,36,50,1,1,0.9999799835,4.0000800662,,,11615.054464
4386005337,1,2023_5_36_1_0,2023,5,36,47,2,1,0,0,,,11615.054464
4386005338,1,2023_5_36_1_0,2023,5,36,61,1,1,0,0,,,6916.4386659
4386005339,1,2023_5_36_1_0,2023,5,36,77,1,1,0,0,,,3642.2621033
4386005351,1,2023_5_36_1_0,2023,5,36,64,1,1,0,0,,,3642.2621033
4386005361,1,2023_5_36_1_0,2023,5,36,41,1,1,0,0,,,5200.5494219
4386005364,1,2023_5_36_1_0,2023,5,36,59,1,1,0,0,,,6474.8105687
4386005365,1,2023_5_36_1_0,2023,5,36,55,2,1,0,0,,,11615.054464
4386005373,1,2023_5_36_1_0,2023,5,36,67,2,1,0,0,,,1526.6648601
4386005384,1,2023_5_36_1_0,2023,5,36,69,2,-3,0,0,,,3865.3890653
4386005389,1,2023_5_36_1_0,2023,5,36,80,2,1,0,0,,,3642.2621033
4386005394,1,2023_5_36_1_0,2023,5,36,55,1,3,0,0,,,3720.972966
4386005398,1,2023_5_36_1_0,2023,5,36,69,1,1,0,0,,,3642.2621033
4386005404,1,2023_5_36_1_0,2023,5,36,42,2,2,0,0,,,12326.599033
4386005406,1,2023_5_36_1_0,2023,5,36,49,1,1,0,0,,,5200.5494219
4386005410,1,2023_5_36_1_0,2023,5,36,77,1,3,0,0,1,1,1630.7942536
4386005415,1,2023_5_36_1_0,2023,5,36,62,2,1,0,0,,,3096.781097
4386005418,1,2023_5_36_1_0,2023,5,36,72,1,2,0,0,1,1,4644.5027157
4386005435,1,2023_5_36_1_0,2023,5,36,75,1,1,0,0,,,3642.2621033
4386005438,1,2023_5_36_1_0,2023,5,36,43,2,1,0,0,,,5200.5494219
4386005445,1,2023_5_36_1_0,2023,5,36,55,2,1,0,0,,,6474.8105687
4386005461,1,2023_5_36_1_0,2023,5,36,79,1,1,0,0,,,3642.2621033
4386005464,1,2023_5_36_1_0,2023,5,36,63,1,1,0,0,,,3720.972966
4386005465,1,2023_5_36_1_0,2023,5,36,39,2,1,0,0,,,5200.5494219
4386005468,1,2023_5_36_1_0,2023,5,36,36,2,2,0,0,,,7340.1434691
4386005473,1,2023_5_36_1_0,2023,5,36,16,1,1,0,0,,,11615.054464
4386005476,1,2023_5_36_1_0,2023,5,36,67,2,1,0,0,,,3642.2621033
4386005484,1,2023_5_36_1_0,2023,5,36,77,2,1,0,0,,,4376.4019467
4386005486,1,2023_5_36_1_0,2023,5,36,48,2,1,0,0,,,3720.972966
4386005492,1,2023_5_36_1_0,2023,5,36,44,2,3,0,0,,,5200.5494219
4386005495,1,2023_5_36_1_0,2023,5,36,74,2,1,0,0,,,10373.163992
4386005498,1,2023_5_36_1_0,2023,5,36,67,2,1,0,0,,,1630.7942536
4386005500,1,2023_5_36_1_0,2023,5,36,68,2,1,0,0,,,1048.5335578
4386005503,1,2023_5_36_1_0,2023,5,36,49,2,1,0,0,,,3096.781097
4386005506,1,2023_5_36_1_0,2023,5,36,61,1,2,0,0,,,7340.1434691
4386005509,1,2023_5_36_1_0,2023,5,36,62,1,1,0,0,,,6916.4386659
4386005515,1,2023_5_36_1_0,2023,5,36,78,2,1,0,0,,,4376.4019467
4386005517,1,2023_5_36_1_0,2023,5,36,40,2,4,0,0,,,5200.5494219
4386005519,1,2023_5_36_1_0,2023,5,36,73,1,1,0,0,,,8633.069485
4386005526,1,2023_5_36_1_0,2023,5,36,79,2,4,0,0,1,1,3642.2621033
4386005538,1,2023_5_36_1_0,2023,5,36,71,2,3,0,0,,,1630.7942536
4386005539,1,2023_5_36_1_0,2023,5,36,66,1,1,0,0,,,3642.2621033
4386005540,1,2023_5_36_1_0,2023,5,36,50,2,1,0,0,,,6057.4408367
4386005541,1,2023_5_36_1_0,2023,5,36,47,2,1,0,0,,,6871.4609938
4386005542,1,2023_5_36_1_0,2023,5,36,63,2,1,0,0,,,8310.5264759
4386005543,1,2023_5_36_1_0,2023,5,36,83,1,1,0,0,,,3642.2621033
4386005548,1,2023_5_36_1_0,2023,5,36,-3,2,2,0,0,,,2597.8472735
4386005549,1,2023_5_36_1_0,2023,5,36,34,1,1,0,0,,,11615.054464
4386005551,1,2023_5_36_1_0,2023,5,36,52,1,1,0.9999799835,1.0000200165,,,3096.781097
4386005558,1,2023_5_36_1_0,2023,5,36,75,2,2,0,0,,,3409.6965649
4386005560,1,2023_5_36_1_0,2023,5,36,55,2,1,0,0,,,11615.054464
4386005573,1,2023_5_36_1_0,2023,5,36,54,1,1,0,0,,,2899.0455846
4386005574,1,2023_5_36_1_0,2023,5,36,39,1,3,0,1.0000200165,,,11615.054464
4386005581,1,2023_5_36_1_0,2023,5,36,58,2,1,0,0,,,6916.4386659
4386005588,1,2023_5_36_1_0,2023,5,36,71,1,1,0.9999799835,0,,,1959.4996032
4386005593,1,2023_5_36_1_0,2023,5,36,40,1,3,0,0,,,5555.2638527
4386005596,1,2023_5_36_1_0,2023,5,36,72,1,2,0,0,,,1526.6648601
4386005597,1,2023_5_36_1_0,2023,5,36,47,2,3,0,0,,,5200.5494219
4386005599,1,2023_5_36_1_0,2023,5,36,84,2,1,0,0,,,4376.4019467
4386005605,1,2023_5_36_1_0,2023,5,36,86,2,1,0,0,,,3642.2621033
4386005606,1,2023_5_36_1_0,2023,5,36,75,1,1,0,0,,,3409.6965649
4386005607,1,2023_5_36_1_0,2023,5,36,81,1,1,0,0,,,3642.2621033
4386005608,1,2023_5_36_1_0,2023,5,36,29,2,4,0,0,,,3096.781097
4386005609,1,2023_5_36_1_0,2023,5,36,81,2,1,0,0,,,1959.4996032
4386005615,1,2023_5_36_1_0,2023,5,36,70,2,1,0,0,,,4376.4019467
4386005616,1,2023_5_36_1_0,2023,5,36,50,1,1,0,0,,,6474.8105687
4386005622,1,2023_5_36_1_0,2023,5,36,54,1,1,0,0,,,3096.781097
4386005624,1,2023_5_36_1_0,2023,5,36,68,2,1,0,0,,,3642.2621033
4386005625,1,2023_5_36_1_0,2023,5,36,46,1,4,0,0,,,5200.5494219
4386005633,1,2023_5_36_1_0,2023,5,36,52,2,1,0,0,,,6916.4386659
4386005635,1,2023_5_36_1_0,2023,5,36,67,1,1,0,0,,,3409.6965649
4386005637,1,2023_5_36_1_0,2023,5,36,40,1,1,0,0,,,5200.5494219
4386005667,1,2023_5_36_1_0,2023,5,36,67,2,2,0,0,,,4644.5027157
4386005680,1,2023_5_36_1_0,2023,5,36,30,2,1,0,3.0000600496,,,7340.1434691
4386005681,1,2023_5_36_1_0,2023,5,36,89,1,1,0,0,,,8633.069485
4386005689,1,2023_5_36_1_0,2023,5,36,85,1,4,0,0,,,3865.3890653
4386005695,1,2023_5_36_1_0,2023,5,36,46,1,1,0,0,,,6916.4386659
4386005700,1,2023_5_36_1_0,2023,5,36,35,1,4,0,0,,,7340.1434691
4386005706,1,2023_5_36_1_0,2023,5,36,29,2,1,0,0,,,8819.6338582
4386005710,1,2023_5_36_1_0,2023,5,36,69,2,1,0,0,,,8633.069485
4386005712,1,2023_5_36_1_0,2023,5,36,34,2,3,0,0,1,1,7340.1434691
4386005715,1,2023_5_36_1_0,2023,5,36,34,2,4,0,0,,,6871.4609938
4386005726,1,2023_5_36_1_0,2023,5,36,28,1,1,0,0,,,6871.4609938
4386005735,1,2023_5_36_1_0,2023,5,36,37,2,1,0,0,,,3720.972966
4386005751,1,2023_5_36_1_0,2023,5,36,36,1,1,0,0,,,8819.6338582
4386005759,1,2023_5_36_1_0,2023,5,36,32,1,1,0,0,,,7340.1434691
4386005763,1,2023_5_36_1_0,2023,5,36,35,1,1,0,0,,,7340.1434691
4386005765,1,2023_5_36_1_0,2023,5,36,56,2,1,0,0,,,5200.5494219
4386005768,1,2023_5_36_1_0,2023,5,36,-3,2,-3,0,0,,,7447.0986801
4386005769,1,2023_5_36_1_0,2023,5,36,76,2,2,0,0,,,10373.163992
4386005779,1,2023_5_36_1_0,2023,5,36,56,2,2,0,0,,,13167.360692
4386005794,1,2023_5_36_1_0,2023,5,36,72,2,2,0,0,,,3409.6965649
4386005796,1,2023_5_36_1_0,2023,5,36,40,2,2,0,0,,,6491.3037891
4386005797,1,2023_5_36_1_0,2023,5,36,67,2,2,0,0,,,3409.6965649
4386005815,1,2023_5_36_1_0,2023,5,36,55,2,4,0,0,,,11615.054464
4386005816,1,2023_5_36_1_0,2023,5,36,85,1,1,0,0,,,3642.2621033
4386005819,1,2023_5_36_1_0,2023,5,36,75,1,1,0,0,,,3642.2621033
4386005822,1,2023_5_36_1_0,2023,5,36,53,2,4,0,0,,,3096.781097
4386005831,1,2023_5_36_1_0,2023,5,36,53,2,1,0,0,,,3642.2621033
4386005862,1,2023_5_36_1_0,2023,5,36,54,2,1,0,0,,,2899.0455846
4386005871,1,2023_5_36_1_0,2023,5,36,27,2,4,0,0,,,7340.1434691
4386005872,1,2023_5_36_1_0,2023,5,36,38,1,1,0,0,,,27530.57562
4386005874,1,2023_5_36_1_0,2023,5,36,76,1,3,0,0,,,1630.7942536
4386005879,1,2023_5_36_1_0,2023,5,36,53,2,3,0,0,,,6871.4609938
4386005886,1,2023_5_36_1_0,2023,5,36,66,2,2,0,0,1,1,8633.069485
4386005887,1,2023_5_36_1_0,2023,5,36,63,2,3,0,0,,,8819.6338582
4386005899,1,2023_5_36_1_0,2023,5,36,50,1,3,0,0,,,5099.4665458
4386005900,1,2023_5_36_1_0,2023,5,36,35,2,3,0,0,,,12326.599033
4386005905,1,2023_5_36_1_0,2023,5,36,56,2,3,0,0,,,8819.6338582
4386005923,1,2023_5_36_1_0,2023,5,36,48,1,4,0,0,,,5200.5494219
4386005924,1,2023_5_36_1_0,2023,5,36,93,2,1,0,0,1,1,4644.5027157
4386005926,1,2023_5_36_1_0,2023,5,36,67,1,3,0,0,,,4376.4019467
4386005927,1,2023_5_36_1_0,2023,5,36,75,1,1,0,0,,,10373.163992
4386005931,1,2023_5_36_1_0,2023,5,36,50,2,3,0,0,,,12326.599033
4386005941,1,2023_5_36_1_0,2023,5,36,65,2,1,0,0,,,1630.7942536
4386005947,1,2023_5_36_1_0,2023,5,36,75,1,1,0,0,,,4376.4019467
4386005957,1,2023_5_36_1_0,2023,5,36,60,2,2,0,0,,,1526.6648601
4386005958,1,2023_5_36_1_0,2023,5,36,-3,-3,-3,0,0,,,5802.1057246
4386005959,1,2023_5_36_1_0,2023,5,36,75,1,1,0,0,,,3409.6965649
4386005968,1,2023_5_36_1_0,2023,5,36,52,2,1,0,0,,,11615.054464
4386005975,1,2023_5_36_1_0,2023,5,36,27,2,1,0,0,,,15918.036011
4386005976,1,2023_5_36_1_0,2023,5,36,28,1,1,0,0,,,8819.6338582
4386005979,1,2023_5_36_1_0,2023,5,36,77,2,3,0,0,1,1,3865.3890653
4386005995,1,2023_5_36_1_0,2023,5,36,-3,-3,-3,0,0,1,1,13752.437485
4386005999,1,2023_5_36_1_0,2023,5,36,60,2,2,0,0,,,8819.6338582
4386006002,1,2023_5_36_1_0,2023,5,36,72,2,2,0,0,,,4644.5027157
4386006006,1,2023_5_36_1_0,2023,5,36,62,2,2,0,0,,,8819.6338582
4386006030,1,2023_5_36_1_0,2023,5,36,39,2,2,0,0,,,12326.599033
4386006034,1,2023_5_36_1_0,2023,5,36,30,2,4,0,0,,,8819.6338582
4386006045,1,2023_5_36_1_0,2023,5,36,60,1,4,0,0,,,6871.4609938
4386006046,1,2023_5_36_1_0,2023,5,36,26,1,4,0,0,,,10048.647229
4386006047,1,2023_5_36_1_0,2023,5,36,76,2,1,0,0,,,4376.4019467
4386006051,1,2023_5_36_1_0,2023,5,36,87,2,1,0,0,,,10373.163992
4386006055,1,2023_5_36_1_0,2023,5,36,85,1,1,0,0,,,3642.2621033
4386006058,1,2023_5_36_1_0,2023,5,36,31,1,4,0,0,,,2899.0455846
4386006071,1,2023_5_36_1_0,2023,5,36,53,1,1,0,0,,,5200.5494219
4386006077,1,2023_5_36_1_0,2023,5,36,69,1,1,0,0,,,1526.6648601
4386006083,1,2023_5_36_1_0,2023,5,36,85,2,3,0,0,1,1,4376.4019467
4386006084,1,2023_5_36_1_0,2023,5,36,60,2,4,0,0,,,6474.8105687
4386006085,1,2023_5_36_1_0,2023,5,36,77,1,1,0,0,,,3642.2621033
4386006086,1,2023_5_36_1_0,2023,5,36,31,-3,1,0,0,,,7340.1434691
4386006087,1,2023_5_36_1_0,2023,5,36,73,1,1,0,0,,,4376.4019467
4386006089,1,2023_5_36_1_0,2023,5,36,60,1,1,0,0,,,19698.020211
4386006093,1,2023_5_36_1_0,2023,5,36,49,1,1,0,0,,,5555.2638527
4386006105,1,2023_5_36_1_0,2023,5,36,34,1,1,0,0,,,3720.972966
4386006110,1,2023_5_36_1_0,2023,5,36,26,2,1,0,0,,,7340.1434691
4386006134,1,2023_5_36_1_0,2023,5,36,18,2,4,0,0,,,15346.915723
4386006136,1,2023_5_36_1_0,2023,5,36,46,1,1,0,0,,,8819.6338582
4386006137,1,2023_5_36_1_0,2023,5,36,40,1,1,0,0,,,7340.1434691
4386006140,1,2023_5_36_1_0,2023,5,36,57,2,1,0,0,,,6474.8105687
4386006151,1,2023_5_36_1_0,2023,5,36,46,1,1,0,0,,,15346.915723
4386006162,1,2023_5_36_1_0,2023,5,36,65,1,1,0,0,,,6116.5976807
4386006164,1,2023_5_36_1_0,2023,5,36,76,1,1,0,0,,,4376.4019467
4386006165,1,2023_5_36_1_0,2023,5,36,73,1,1,0,0,,,5652.6452171
4386006200,1,2023_5_36_1_0,2023,5,36,58,1,1,0,0,,,7340.1434691
4386006204,1,2023_5_36_1_0,2023,5,36,73,2,1,0,0,,,1526.6648601
4386006205,1,2023_5_36_1_0,2023,5,36,34,2,3,0,0,,,12326.599033
4386006206,1,2023_5_36_1_0,2023,5,36,51,1,3,0,0,,,11615.054464
4386006210,1,2023_5_36_1_0,2023,5,36,51,2,1,0,0,,,7340.1434691
4386006225,1,2023_5_36_1_0,2023,5,36,26,2,5,0,0,,,7340.1434691
4386006230,1,2023_5_36_1_0,2023,5,36,31,1,1,0,0,,,7340.1434691
4386006233,1,2023_5_36_1_0,2023,5,36,43,2,3,0,0,,,3096.781097
4386006237,1,2023_5_36_1_0,2023,5,36,36,2,1,0,0,,,7340.1434691
4386006245,1,2023_5_36_1_0,2023,5,36,49,1,4,0,0,,,12326.599033
4386006260,1,2023_5_36_1_0,2023,5,36,54,2,1,0,0,,,16393.684446
4386006263,1,2023_5_36_1_0,2023,5,36,79,2,1,0,0,,,3865.3890653
4386006264,1,2023_5_36_1_0,2023,5,36,34,1,4,0,0,,,8819.6338582
4386006277,1,2023_5_36_1_0,2023,5,36,66,1,1,0,0,,,3865.3890653
4386006281,1,2023_5_36_1_0,2023,5,36,45,2,1,0,0,,,12897.604951
4386006293,1,2023_5_36_1_0,2023,5,36,44,2,4,0,0,,,3720.972966
4386006298,1,2023_5_36_1_0,2023,5,36,-3,2,2,0,0,,,17651.481015
4386006299,1,2023_5_36_1_0,2023,5,36,69,1,2,0,0,,,10373.163992
4386006301,1,2023_5_36_1_0,2023,5,36,46,1,1,0,0,,,7340.1434691
4386006310,1,2023_5_36_1_0,2023,5,36,49,2,2,0,0,,,6871.4609938
4386006317,1,2023_5_36_1_0,2023,5,36,23,1,2,0,0,,,8819.6338582
4386006318,1,2023_5_36_1_0,2023,5,36,60,2,2,0,0,,,15346.915723
4386006324,1,2023_5_36_1_0,2023,5,36,75,1,2,0,0,,,3642.2621033
4386006327,1,2023_5_36_1_0,2023,5,36,31,1,1,0,0,,,6871.4609938
4386006329,1,2023_5_36_1_0,2023,5,36,31,2,2,0,0,,,8081.8311622
4386006333,1,2023_5_36_1_0,2023,5,36,34,2,1,0,0,,,5200.5494219
4386006337,1,2023_5_36_1_0,2023,5,36,29,1,5,0,0,,,7340.1434691
4386006348,1,2023_5_36_1_0,2023,5,36,77,2,1,0,0,,,4376.4019467
4386006351,1,2023_5_36_1_0,2023,5,36,60,2,3,0,0,,,6916.4386659
4386006352,1,2023_5_36_1_0,2023,5,36,40,1,1,0,0,,,19698.020211
4386006354,1,2023_5_36_1_0,2023,5,36,59,2,1,0,0,,,16393.684446
4386006362,1,2023_5_36_1_0,2023,5,36,45,2,4,0,0,,,16393.684446
4386006363,1,2023_5_36_1_0,2023,5,36,88,2,1,0,0,1,1,3642.2621033
4386006366,1,2023_5_36_1_0,2023,5,36,70,2,1,0,0,,,3642.2621033
4386006367,1,2023_5_36_1_0,2023,5,36,32,1,1,0,0,,,7340.1434691
4386006384,1,2023_5_36_1_0,2023,5,36,55,2,1,0,0,,,6474.8105687
4386006397,1,2023_5_36_1_0,2023,5,36,73,2,1,0,0,,,1526.6648601
4386006410,1,2023_5_36_1_0,2023,5,36,66,1,3,0,0,,,10373.163992
4386006413,1,2023_5_36_1_0,2023,5,36,70,2,1,0,0,,,3865.3890653
4386006422,1,2023_5_36_1_0,2023,5,36,60,2,2,0,0,,,16393.684446
4386006428,1,2023_5_36_1_0,2023,5,36,74,1,3,0,0,,,10373.163992
4386006432,1,2023_5_36_1_0,2023,5,36,74,2,2,0,0,,,10373.163992
4386006438,1,2023_5_36_1_0,2023,5,36,55,1,1,0,0,,1,8819.6338582
4386006447,1,2023_5_36_1_0,2023,5,36,47,1,2,0,0,,,5555.2638527
4386006451,1,2023_5_36_1_0,2023,5,36,48,2,2,0,0,,,3096.781097
4386006463,1,2023_5_36_1_0,2023,5,36,68,1,1,6.9998598842,0,1,,1120.0509984
4386006469,1,2023_5_36_1_0,2023,5,36,62,2,2,0,0,,,8310.5264759
4386006474,1,2023_5_36_1_0,2023,5,36,73,2,1,0,0,,,3642.2621033
4386006479,1,2023_5_36_1_0,2023,5,36,32,1,1,0,0,1,1,3096.781097
4386006481,1,2023_5_36_1_0,2023,5,36,75,2,1,0,0,,,1630.7942536
4386006482,1,2023_5_36_1_0,2023,5,36,78,1,1,0,0,,,3642.2621033
4386006488,1,2023_5_36_1_0,2023,5,36,62,1,4,0,0,,,8819.6338582
4386006490,1,2023_5_36_1_0,2023,5,36,60,2,1,0,0,,,6491.3037891
4386006493,1,2023_5_36_1_0,2023,5,36,53,2,3,0,0,,,7340.1434691
4386006499,1,2023_5_36_1_0,2023,5,36,-3,1,1,0,0,,,17651.481015
4386006500,1,2023_5_36_1_0,2023,5,36,52,2,1,0,0,,,12326.599033
4386006535,1,2023_5_36_1_0,2023,5,36,50,1,3,0,0,,,6871.4609938
4386006539,1,2023_5_36_1_0,2023,5,36,42,2,1,0,0,,,5200.5494219
4386006543,1,2023_5_36_1_0,2023,5,36,37,-3,1,0,0,,,3720.972966
4386006545,1,2023_5_36_1_0,2023,5,36,55,1,1,0,0,,,5200.5494219
4386006553,1,2023_5_36_1_0,2023,5,36,37,2,4,0,0,1,1,6871.4609938
4386006554,1,2023_5_36_1_0,2023,5,36,69,2,3,0,0,,,4376.4019467
4386006561,1,2023_5_36_1_0,2023,5,36,30,1,4,0,0,,,7340.1434691
4386006563,1,2023_5_36_1_0,2023,5,36,26,2,4,0,0,,,7340.1434691
4386006571,1,2023_5_36_1_0,2023,5,36,24,2,4,0,0,,,3865.3890653
4386006591,1,2023_5_36_1_0,2023,5,36,44,2,1,0,0,,,6491.3037891
4386006596,1,2023_5_36_1_0,2023,5,36,56,1,4,0,0,,,3642.2621033
4386006602,1,2023_5_36_1_0,2023,5,36,48,2,4,0,0,,,11615.054464
4386006614,1,2023_5_36_1_0,2023,5,36,81,2,1,0,0,,,2865.521652
4386006623,1,2023_5_36_1_0,2023,5,36,68,2,4,0,0,,,3409.6965649
4386006629,1,2023_5_36_1_0,2023,5,36,59,2,4,0,0,,,5441.4548403
4386006631,1,2023_5_36_1_0,2023,5,36,71,1,4,0,0,,,3642.2621033
4386006633,1,2023_5_36_1_0,2023,5,36,52,1,3,0,0,,,7340.1434691
4386006640,1,2023_5_36_1_0,2023,5,36,59,2,5,0,0,,,3096.781097
4386006643,1,2023_5_36_1_0,2023,5,36,55,1,1,0,0,,,3096.781097
4386006644,1,2023_5_36_1_0,2023,5,36,51,2,4,0,0,,,7340.1434691
4386006647,1,2023_5_36_1_0,2023,5,36,64,2,1,0,0,,,1526.6648601
4386006649,1,2023_5_36_1_0,2023,5,36,77,2,1,0,0,,,8633.069485
4386006651,1,2023_5_36_1_0,2023,5,36,76,1,-3,0.9999799835,2.0000400331,,,3865.3890653
4386006661,1,2023_5_36_1_0,2023,5,36,76,2,1,0,0,,,1630.7942536
4386006666,1,2023_5_36_1_0,2023,5,36,34,-3,4,0,0,,,3096.781097
4386006669,1,2023_5_36_1_0,2023,5,36,66,2,1,0,0,,,3409.6965649
4386006670,1,2023_5_36_1_0,2023,5,36,82,1,4,0,0,,,3268.3301419
4386006671,1,2023_5_36_1_0,2023,5,36,56,2,1,0,0,,,2899.0455846
4386006672,1,2023_5_36_1_0,2023,5,36,82,1,1,0,0,,,4376.4019467
4386006680,1,2023_5_36_1_0,2023,5,36,38,2,4,0,0,,,5200.5494219
4386006684,1,2023_5_36_1_0,2023,5,36,23,2,4,0,0,,,2899.0455846
4386006691,1,2023_5_36_1_0,2023,5,36,70,2,1,0,0,,,1630.7942536
4386006702,1,2023_5_36_1_0,2023,5,36,41,1,2,0,0,,,12326.599033
4386006708,1,2023_5_36_1_0,2023,5,36,54,1,1,0,0,,,8819.6338582
4386006709,1,2023_5_36_1_0,2023,5,36,71,2,3,0,0,,,8633.069485
4386006710,1,2023_5_36_1_0,2023,5,36,75,1,4,0,0,,,1630.7942536
4386006711,1,2023_5_36_1_0,2023,5,36,80,1,3,0,0,,,2384.8314315
4386006713,1,2023_5_36_1_0,2023,5,36,74,2,1,0,0,,,1630.7942536
4386006721,1,2023_5_36_1_0,2023,5,36,70,1,4,0,0,,,1630.7942536
4386006724,1,2023_5_36_1_0,2023,5,36,79,1,4,0,0,,,5997.7096104
4386006730,1,2023_5_36_1_0,2023,5,36,80,1,3,0,0,,,4644.5027157
4386006741,1,2023_5_36_1_0,2023,5,36,66,2,3,0,0,1,1,10373.163992
4386006745,1,2023_5_36_1_0,2023,5,36,72,2,2,0,0,,,4644.5027157
4386006751,1,2023_5_36_1_0,2023,5,36,67,1,4,0,0,,,1526.6648601
4386006754,1,2023_5_36_1_0,2023,5,36,55,2,3,0,0,1,1,3973.0431015
4386006755,1,2023_5_36_1_0,2023,5,36,70,2,1,0,0,,,1630.7942536
4386006767,1,2023_5_36_1_0,2023,5,36,50,2,3,0,0,,,2899.0455846
4386006769,1,2023_5_36_1_0,2023,5,36,44,1,1,0,0,,,11615.054464
4386006771,1,2023_5_36_1_0,2023,5,36,86,1,1,0,0,,,4376.4019467
4386006784,1,2023_5_36_1_0,2023,5,36,58,2,4,0,0,1,1,3720.972966
4386006787,1,2023_5_36_1_0,2023,5,36,46,2,3,0,0,,,27530.57562
4386006788,1,2023_5_36_1_0,2023,5,36,70,1,1,0,0,,,4644.5027157
4386006796,1,2023_5_36_1_0,2023,5,36,40,1,3,0,0,,,3618.5764352
4386006799,1,2023_5_36_1_0,2023,5,36,56,2,4,0,0,,,3618.5764352
4386006800,1,2023_5_36_1_0,2023,5,36,43,1,4,0,0,,,3720.972966
4386006802,1,2023_5_36_1_0,2023,5,36,47,1,4,0,0,,,12326.599033
4386006804,1,2023_5_36_1_0,2023,5,36,64,1,4,0,0,,,6871.4609938
4386006814,1,2023_5_36_1_0,2023,5,36,84,1,1,0,0,,,1959.4996032
4386006821,1,2023_5_36_1_0,2023,5,36,61,1,4,0,0,,,3096.781097
4386006826,1,2023_5_36_1_0,2023,5,36,37,1,4,0,0,,,7340.1434691
4386006827,1,2023_5_36_1_0,2023,5,36,40,2,4,0,0,,,16393.684446
4386006839,1,2023_5_36_1_0,2023,5,36,51,1,1,0,0,,,8310.5264759
4386006840,1,2023_5_36_1_0,2023,5,36,93,2,1,0,0,,,10373.163992
4386006841,1,2023_5_36_1_0,2023,5,36,29,1,4,0,0,,,3618.5764352
4386006856,1,2023_5_36_1_0,2023,5,36,55,1,4,0,0,,,11615.054464
4386006861,1,2023_5_36_1_0,2023,5,36,41,1,3,0,0,,,29408.356537
4386006882,1,2023_5_36_1_0,2023,5,36,60,1,3,0,0,,,5200.5494219
4386006889,1,2023_5_36_1_0,2023,5,36,55,2,1,0,0,,,8310.5264759
4386006891,1,2023_5_36_1_0,2023,5,36,57,1,1,0,0,,,6474.8105687
4386006894,1,2023_5_36_1_0,2023,5,36,70,2,1,0,0,,,10373.163992
4386006912,1,2023_5_36_1_0,2023,5,36,43,1,1,0,0,,,5200.5494219
4386006915,1,2023_5_36_1_0,2023,5,36,65,1,3,0,0,,,3865.3890653
4386006916,1,2023_5_36_1_0,2023,5,36,85,2,1,0,0,,,4376.4019467
4386006957,1,2023_5_36_1_0,2023,5,36,35,2,4,0,0,,,3720.972966
4386006973,1,2023_5_36_1_0,2023,5,36,77,2,1,0,0,1,1,1526.6648601
4386006985,1,2023_5_36_1_0,2023,5,36,63,1,4,0,0,,,2899.0455846
4386006990,1,2023_5_36_1_0,2023,5,36,63,1,4,0,0,,,6474.8105687
4386007011,1,2023_5_36_1_0,2023,5,36,64,1,2,0,0,,,2899.0455846
4386007028,1,2023_5_36_1_0,2023,5,36,43,1,1,0,0,,,2738.6585771
4386007029,1,2023_5_36_1_0,2023,5,36,-3,-3,-3,0,0,,,3897.5030752
4386007030,1,2023_5_36_1_0,2023,5,36,67,1,2,0,0,,1,4644.5027157
4386007036,1,2023_5_36_1_0,2023,5,36,61,2,2,0,0,,,3618.5764352
4386007044,1,2023_5_36_1_0,2023,5,36,79,1,1,0,0,,,10373.163992
4386007049,1,2023_5_36_1_0,2023,5,36,68,1,1,0,0,,,10373.163992
4386007078,1,2023_5_36_1_0,2023,5,36,64,1,3,0,0,1,1,8819.6338582
4386007086,1,2023_5_36_1_0,2023,5,36,93,2,2,0,0,,,10373.163992
4386007087,1,2023_5_36_1_0,2023,5,36,71,2,2,0,0,,,3642.2621033
4386007088,1,2023_5_36_1_0,2023,5,36,-3,2,2,0,0,,,7447.0986801
4386007094,1,2023_5_36_1_0,2023,5,36,48,1,3,0,0,,,8819.6338582
4386007113,1,2023_5_36_1_0,2023,5,36,51,2,3,0,0,,,5200.5494219
4386007114,1,2023_5_36_1_0,2023,5,36,82,1,1,0,0,,,3642.2621033
4386007116,1,2023_5_36_1_0,2023,5,36,40,1,4,0,0,,,1526.6648601
4386007118,1,2023_5_36_1_0,2023,5,36,63,1,1,0,0,,,8310.5264759
4386007119,1,2023_5_36_1_0,2023,5,36,75,1,1,0.9999799835,0,,,3642.2621033
4386007121,1,2023_5_36_1_0,2023,5,36,58,2,1,0,0,,,11615.054464
4386007122,1,2023_5_36_1_0,2023,5,36,71,1,1,0,0,,,1630.7942536
4386007126,1,2023_5_36_1_0,2023,5,36,86,2,1,0,0,,,3005.7705678
4386007127,1,2023_5_36_1_0,2023,5,36,75,2,1,0,0,1,1,4376.4019467
4386007128,1,2023_5_36_1_0,2023,5,36,72,1,2,0,0,,,1526.6648601
4386007129,1,2023_5_36_1_0,2023,5,36,54,2,1,0,0,,,6474.8105687
4386007136,1,2023_5_36_1_0,2023,5,36,72,1,1,0,0,,,2341.8245638
4386007142,1,2023_5_36_1_0,2023,5,36,31,2,2,0,0,,,3096.781097
4386007151,1,2023_5_36_1_0,2023,5,36,50,2,1,0,0,,,6474.8105687
4386007153,1,2023_5_36_1_0,2023,5,36,58,1,4,0,0,,,11615.054464
4386007156,1,2023_5_36_1_0,2023,5,36,40,2,3,0,0,,,11615.054464
4386007160,1,2023_5_36_1_0,2023,5,36,-3,2,1,0,0,,,6197.8505705
4386007163,1,2023_5_36_1_0,2023,5,36,62,2,1,0,0,,,3642.2621033
4386007165,1,2023_5_36_1_0,2023,5,36,53,1,1,0,0,,,5200.5494219
4386007167,1,2023_5_36_1_0,2023,5,36,35,1,1,0,0,,,3096.781097
4386007179,1,2023_5_36_1_0,2023,5,36,72,2,1,0,0,,,1959.4996032
4386007181,1,2023_5_36_1_0,2023,5,36,43,2,1,0,0,,,2738.6585771
4386007204,1,2023_5_36_1_0,2023,5,36,74,2,2,0,0,,,8081.8311622
4386007206,1,2023_5_36_1_0,2023,5,36,70,1,1,0,0,,,3642.2621033
4386007210,1,2023_5_36_1_0,2023,5,36,85,2,1,0,0,,,3642.2621033
4386007214,1,2023_5_36_1_0,2023,5,36,55,1,1,0,0,,,11615.054464
4386007215,1,2023_5_36_1_0,2023,5,36,56,2,1,0,0,,,1630.7942536
4386007218,1,2023_5_36_1_0,2023,5,36,64,2,4,0,0,,,6474.8105687
4386007226,1,2023_5_36_1_0,2023,5,36,66,2,1,0,0,,,1959.4996032
4386007227,1,2023_5_36_1_0,2023,5,36,30,1,1,0,0,,,10048.647229
4386007228,1,2023_5_36_1_0,2023,5,36,57,2,1,0,0,,,8310.5264759
4386007230,1,2023_5_36_1_0,2023,5,36,62,1,3,0,0,,,6916.4386659
4386007233,1,2023_5_36_1_0,2023,5,36,42,1,1,0,0,,,2738.6585771
4386007236,1,2023_5_36_1_0,2023,5,36,58,2,1,0,0,,,6474.8105687
4386007237,1,2023_5_36_1_0,2023,5,36,57,1,1,0,0,,,5200.5494219
4386007238,1,2023_5_36_1_0,2023,5,36,60,2,1,0,0,,,3720.972966
4386007239,1,2023_5_36_1_0,2023,5,36,76,1,1,0,0,,,4376.4019467
4386007240,1,2023_5_36_1_0,2023,5,36,62,1,4,0,0,,,6116.5976807
4386007241,1,2023_5_36_1_0,2023,5,36,45,2,1,0,1.0000200165,,,5200.5494219
4386007243,1,2023_5_36_1_0,2023,5,36,83,2,1,0,0,,,1630.7942536
4386007250,1,2023_5_36_1_0,2023,5,36,62,1,4,0,0,,,2899.0455846
4386007254,1,2023_5_36_1_0,2023,5,36,62,2,5,0,0,,,6474.8105687
4386007258,1,2023_5_36_1_0,2023,5,36,83,2,1,0,0,,,10373.163992
4386007260,1,2023_5_36_1_0,2023,5,36,80,1,1,0,0,,,3642.2621033
4386007261,1,2023_5_36_1_0,2023,5,36,72,1,1,0,0,,,3642.2621033
4386007265,1,2023_5_36_1_0,2023,5,36,59,2,1,0,0,,,1526.6648601
4386007267,1,2023_5_36_1_0,2023,5,36,86,2,1,3.9999199338,0,,,3642.2621033
4386007270,1,2023_5_36_1_0,2023,5,36,64,1,1,15.999679735,0,,,2555.6133008
4386007279,1,2023_5_36_1_0,2023,5,36,66,1,4,0,0,,,3409.6965649
4386007280,1,2023_5_36_1_0,2023,5,36,67,1,1,0,0,,,3409.6965649
4386007282,1,2023_5_36_1_0,2023,5,36,67,2,5,6.3528214927,8.470767761,,,2599.5509535
4386007283,1,2023_5_36_1_0,2023,5,36,64,2,3,0,0,,,3720.972966
4386007287,1,2023_5_36_1_0,2023,5,36,26,2,4,0,0,,,2899.0455846
4386007289,1,2023_5_36_1_0,2023,5,36,67,2,4,0,0,,,1526.6648601
4386007295,1,2023_5_36_1_0,2023,5,36,90,2,1,0,0,,,4376.4019467
4386007296,1,2023_5_36_1_0,2023,5,36,83,1,1,0,0,,,4376.4019467
4386007301,1,2023_5_36_1_0,2023,5,36,92,2,1,0,0,,,2384.8314315
4386007303,1,2023_5_36_1_0,2023,5,36,27,2,4,0,0,,,5200.5494219
4386007305,1,2023_5_36_1_0,2023,5,36,29,1,4,0,0,,,3096.781097
4386007319,1,2023_5_36_1_0,2023,5,36,65,2,1,0,0,,,1630.7942536
4386007327,1,2023_5_36_1_0,2023,5,36,38,2,1,0,0,,,3096.781097
4386007340,1,2023_5_36_1_0,2023,5,36,58,1,2,0,0,,,6916.4386659
4386007341,1,2023_5_36_1_0,2023,5,36,20,2,3,0,0,,,8081.8311622
4386007344,1,2023_5_36_1_0,2023,5,36,50,1,3,0,0,,,1526.6648601
4386007346,1,2023_5_36_1_0,2023,5,36,47,2,2,0,0,,,2899.0455846
4386007356,1,2023_5_36_1_0,2023,5,36,90,2,1,0,0,,,4376.4019467
4386007358,1,2023_5_36_1_0,2023,5,36,67,1,1,1.9999599669,0,,,2501.5536424
4386007359,1,2023_5_36_1_0,2023,5,36,63,2,1,0,0,,,6916.4386659
4386007362,1,2023_5_36_1_0,2023,5,36,25,2,1,0,0,,,5200.5494219
4386007367,1,2023_5_36_1_0,2023,5,36,78,1,1,0,0,,,2501.5536424
4386007369,1,2023_5_36_1_0,2023,5,36,75,1,1,0,0,,,1630.7942536
4386007373,1,2023_5_36_1_0,2023,5,36,62,1,1,0.9999799835,1.0000200165,,,4446.9852807
4386007378,1,2023_5_36_1_0,2023,5,36,63,2,1,0,0,,,3642.2621033
4386007387,1,2023_5_36_1_0,2023,5,36,65,2,1,0,0,,,3642.2621033
4386007388,1,2023_5_36_1_0,2023,5,36,69,1,1,0,0,,,2341.8245638
4386007389,1,2023_5_36_1_0,2023,5,36,41,1,1,5.9998799008,0,,,7977.3725716
4386007390,1,2023_5_36_1_0,2023,5,36,58,2,1,0,0,,,6474.8105687
4386007392,1,2023_5_36_1_0,2023,5,36,56,2,1,0,0,,,6474.8105687
4386007396,1,2023_5_36_1_0,2023,5,36,37,2,1,0,0,,,6116.5976807
4386007398,1,2023_5_36_1_0,2023,5,36,33,2,3,0,0,,,5200.5494219
4386007407,1,2023_5_36_1_0,2023,5,36,74,1,1,0,0,,,4376.4019467
4386007410,1,2023_5_36_1_0,2023,5,36,77,2,1,0,0,,,1630.7942536
4386007411,1,2023_5_36_1_0,2023,5,36,41,2,1,0,0,,,11615.054464
4386007413,1,2023_5_36_1_0,2023,5,36,56,2,1,0,0,,,11615.054464
4386007415,1,2023_5_36_1_0,2023,5,36,65,2,1,0,0,,,3642.2621033
4386007421,1,2023_5_36_1_0,2023,5,36,42,2,4,0,0,,,11615.054464
4386007423,1,2023_5_36_1_0,2023,5,36,64,2,1,0,0,,,1526.6648601
4386007424,1,2023_5_36_1_0,2023,5,36,69,1,1,0,0,,,3409.6965649
4386007427,1,2023_5_36_1_0,2023,5,36,50,2,1,0,0,,,11615.054464
4386007430,1,2023_5_36_1_0,2023,5,36,65,1,1,0,0,,,3642.2621033
4386007436,1,2023_5_36_1_0,2023,5,36,87,1,1,0,0,,,3642.2621033
4386007462,1,2023_5_36_1_0,2023,5,36,70,1,1,0,0,,,3642.2621033
4386007464,1,2023_5_36_1_0,2023,5,36,43,1,1,0,0,,,11615.054464
4386007465,1,2023_5_36_1_0,2023,5,36,60,1,1,0,5.0001000827,,,4446.9852807
4386007471,1,2023_5_36_1_0,2023,5,36,50,1,3,0,0,,,5555.2638527
4386007477,1,2023_5_36_1_0,2023,5,36,59,1,-3,0,0,,,8310.5264759
4386007479,1,2023_5_36_1_0,2023,5,36,59,1,1,0,0,,,3720.972966
4386007495,1,2023_5_36_1_0,2023,5,36,65,2,1,0,0,,,1630.7942536
4386007506,1,2023_5_36_1_0,2023,5,36,69,2,1,0,0,,,3642.2621033
4386007513,1,2023_5_36_1_0,2023,5,36,55,1,1,0,0,,,8310.5264759
4386007516,1,2023_5_36_1_0,2023,5,36,40,1,1,0,0,,,5200.5494219
4386007518,1,2023_5_36_1_0,2023,5,36,78,1,1,0,0,,,3642.2621033
4386007520,1,2023_5_36_1_0,2023,5,36,45,1,3,0,0,,,11615.054464
4386007530,1,2023_5_36_1_0,2023,5,36,64,1,1,0,0,,,6474.8105687
4386007536,1,2023_5_36_1_0,2023,5,36,58,1,1,0,0,,,6474.8105687
4386007541,1,2023_5_36_1_0,2023,5,36,63,2,1,0,0,,,6916.4386659
4386007543,1,2023_5_36_1_0,2023,5,36,85,1,1,0,0,,,3642.2621033
4386007545,1,2023_5_36_1_0,2023,5,36,49,1,1,0,0,,,12326.599033
4386007553,1,2023_5_36_1_0,2023,5,36,36,1,1,0,0,,,3096.781097
4386007554,1,2023_5_36_1_0,2023,5,36,65,2,1,0,0,,,3409.6965649
4386007559,1,2023_5_36_1_0,2023,5,36,66,1,3,0,0,,,1526.6648601
4386007564,1,2023_5_36_1_0,2023,5,36,57,2,1,0,0,,,7340.1434691
4386007567,1,2023_5_36_1_0,2023,5,36,58,1,1,0,1.0000200165,,,6474.8105687
4386007569,1,2023_5_36_1_0,2023,5,36,61,1,1,0.9999799835,1.0000200165,,,3720.972966
4386007576,1,2023_5_36_1_0,2023,5,36,56,2,4,0,0,,,1526.6648601
4386007578,1,2023_5_36_1_0,2023,5,36,38,1,1,0,0,,,5200.5494219
4386007579,1,2023_5_36_1_0,2023,5,36,59,2,1,0,0,,,3096.781097
4386007581,1,2023_5_36_1_0,2023,5,36,39,2,1,0,0,,,5200.5494219
4386007593,1,2023_5_36_1_0,2023,5,36,60,1,1,0,0,,,6474.8105687
4386007594,1,2023_5_36_1_0,2023,5,36,75,2,1,0,0,,,3642.2621033
4386007598,1,2023_5_36_1_0,2023,5,36,66,1,1,0.9999799835,2.0000400331,,,3409.6965649
4386007599,1,2023_5_36_1_0,2023,5,36,70,1,1,0,0,,,3642.2621033
4386007600,1,2023_5_36_1_0,2023,5,36,66,2,1,0,0,,,6116.5976807
4386007604,1,2023_5_36_1_0,2023,5,36,82,2,1,0,0,,,4376.4019467
4386007608,1,2023_5_36_1_0,2023,5,36,69,1,1,0,0,,,3642.2621033
4386007615,1,2023_5_36_1_0,2023,5,36,34,2,1,0,0,,,5200.5494219
4386007617,1,2023_5_36_1_0,2023,5,36,52,1,1,0,0,,,11615.054464
4386007624,1,2023_5_36_1_0,2023,5,36,63,1,3,2.9999399504,0,,,8819.6338582
4386007626,1,2023_5_36_1_0,2023,5,36,58,1,3,0,0,,,6916.4386659
4386007631,1,2023_5_36_1_0,2023,5,36,37,1,1,0,0,,,3096.781097
4386007636,1,2023_5_36_1_0,2023,5,36,62,2,1,0.9999799835,4.0000800662,,,2126.9100941
4386007639,1,2023_5_36_1_0,2023,5,36,59,2,1,0,0,,,1120.0509984
4386007641,1,2023_5_36_1_0,2023,5,36,88,2,1,0,0,,,3642.2621033
4386007649,1,2023_5_36_1_0,2023,5,36,79,2,1,0,0,,,4376.4019467
4386007652,1,2023_5_36_1_0,2023,5,36,71,2,1,0,0,,,1959.4996032
4386007654,1,2023_5_36_1_0,2023,5,36,72,2,1,0,0,,,4376.4019467
4386007656,1,2023_5_36_1_0,2023,5,36,64,1,3,0,0,,,3096.781097
4386007661,1,2023_5_36_1_0,2023,5,36,76,2,1,0,0,,,4376.4019467
4386007666,1,2023_5_36_1_0,2023,5,36,90,1,1,0,0,,,4376.4019467
4386007667,1,2023_5_36_1_0,2023,5,36,64,2,1,0,0,,,6916.4386659
4386007668,1,2023_5_36_1_0,2023,5,36,80,1,1,1.9999599669,0,,,3642.2621033
4386007669,1,2023_5_36_1_0,2023,5,36,64,1,1,0,0,,,3720.972966
4386007680,1,2023_5_36_1_0,2023,5,36,72,1,1,0,0,,,4644.5027157
4386007683,1,2023_5_36_1_0,2023,5,36,49,2,1,0,0,,,3571.8059216
4386007685,1,2023_5_36_1_0,2023,5,36,77,2,1,0,0,,,4376.4019467
4386007693,1,2023_5_36_1_0,2023,5,36,52,2,-3,0,0,,,27530.57562
4386007696,1,2023_5_36_1_0,2023,5,36,71,1,1,0,0,,,3642.2621033
4386007702,1,2023_5_36_1_0,2023,5,36,61,1,1,0,0,,,2899.0455846
4386007704,1,2023_5_36_1_0,2023,5,36,66,1,1,0,0,,,3642.2621033
4386007710,1,2023_5_36_1_0,2023,5,36,76,1,1,0,0,,,10373.163992
4386007716,1,2023_5_36_1_0,2023,5,36,23,2,1,0,0,,,2899.0455846
4386007717,1,2023_5_36_1_0,2023,5,36,85,1,1,0,0,,,10373.163992
4386007721,1,2023_5_36_1_0,2023,5,36,51,2,-3,0,0,,,8819.6338582
4386007727,1,2023_5_36_1_0,2023,5,36,85,1,1,0,1.0000200165,,,4376.4019467
4386007730,1,2023_5_36_1_0,2023,5,36,49,2,1,0,0,,,1991.1027367
4386007732,1,2023_5_36_1_0,2023,5,36,62,1,1,11.999759802,0,,,4750.3012816
4386007733,1,2023_5_36_1_0,2023,5,36,57,1,1,1.9999599669,0,,,6474.8105687
4386007737,1,2023_5_36_1_0,2023,5,36,71,2,1,0,0,,,1526.6648601
4386007738,1,2023_5_36_1_0,2023,5,36,76,1,1,0,0,,,3642.2621033
4386007745,1,2023_5_36_1_0,2023,5,36,59,1,1,0,0,,,6916.4386659
4386007753,1,2023_5_36_1_0,2023,5,36,47,2,1,0,0,,,3720.972966
4386007754,1,2023_5_36_1_0,2023,5,36,65,1,1,0,0,,,3642.2621033
4386007759,1,2023_5_36_1_0,2023,5,36,79,2,1,0,0,,,3642.2621033
4386007762,1,2023_5_36_1_0,2023,5,36,58,2,1,0,0,,,6474.8105687
4386007763,1,2023_5_36_1_0,2023,5,36,42,2,1,0,2.0000400331,,,4446.9852807
4386007764,1,2023_5_36_1_0,2023,5,36,72,2,1,0,0,,,3642.2621033
4386007765,1,2023_5_36_1_0,2023,5,36,67,1,1,3.9999199338,3.0000600496,,,3642.2621033
4386007766,1,2023_5_36_1_0,2023,5,36,66,2,4,0,0,,,3642.2621033
4386007770,1,2023_5_36_1_0,2023,5,36,54,2,4,0,0,,,7340.1434691
4386007771,1,2023_5_36_1_0,2023,5,36,-3,2,5,0,0,,,11615.054464
4386007773,1,2023_5_36_1_0,2023,5,36,82,1,1,0,0,,,3642.2621033
4386007777,1,2023_5_36_1_0,2023,5,36,86,1,1,0,0,,,1630.7942536
4386007782,1,2023_5_36_1_0,2023,5,36,42,2,4,0,0,,,5200.5494219
4386007784,1,2023_5_36_1_0,2023,5,36,60,2,1,0,0,,,3720.972966
4386007792,1,2023_5_36_1_0,2023,5,36,82,1,3,0,0,,,3642.2621033
4386007811,1,2023_5_36_1_0,2023,5,36,69,2,4,0,0,,,6116.5976807
4386007816,1,2023_5_36_1_0,2023,5,36,54,1,1,0,0,,,5200.5494219
4386007817,1,2023_5_36_1_0,2023,5,36,41,1,4,0,0,,,5200.5494219
4386007818,1,2023_5_36_1_0,2023,5,36,43,1,4,0,0,,,3409.6965649
4386007820,1,2023_5_36_1_0,2023,5,36,55,1,4,0,0,,,2899.0455846
4386007823,1,2023_5_36_1_0,2023,5,36,33,1,1,0,0,,,5200.5494219
4386007825,1,2023_5_36_1_0,2023,5,36,79,2,1,0,0,,,3642.2621033
4386007828,1,2023_5_36_1_0,2023,5,36,68,1,1,0,0,,,1630.7942536
4386007829,1,2023_5_36_1_0,2023,5,36,83,2,1,0,0,,,4376.4019467
4386007835,1,2023_5_36_1_0,2023,5,36,85,2,1,0.9999799835,0,,,2501.5536424
4386007838,1,2023_5_36_1_0,2023,5,36,69,1,1,3.9999199338,0,,,3409.6965649
4386007844,1,2023_5_36_1_0,2023,5,36,65,1,1,9.9997998346,0,,,2384.8314315
4386007847,1,2023_5_36_1_0,2023,5,36,-3,2,-3,0,0,1,1,7447.0986801
4386007855,1,2023_5_36_1_0,2023,5,36,66,1,1,0,0,,,3642.2621033
4386007857,1,2023_5_36_1_0,2023,5,36,66,2,1,0,0,,,3642.2621033
4386007860,1,2023_5_36_1_0,2023,5,36,75,2,1,0,0,,,1345.810167
4386007861,1,2023_5_36_1_0,2023,5,36,18,1,3,0,0,,,1991.1027367
4386007867,1,2023_5_36_1_0,2023,5,36,59,2,1,0,0,,,3720.972966
4386007869,1,2023_5_36_1_0,2023,5,36,63,2,3,0,0,,,7340.1434691
4386007883,1,2023_5_36_1_0,2023,5,36,72,1,1,0,14.000280232,,,1630.7942536
4386007888,1,2023_5_36_1_0,2023,5,36,54,2,1,0,0,,1,5200.5494219
4386007891,1,2023_5_36_1_0,2023,5,36,70,2,1,9.9997998346,0,,,1120.0509984
4386007893,1,2023_5_36_1_0,2023,5,36,75,2,1,0,0,,,1630.7942536
4386007894,1,2023_5_36_1_0,2023,5,36,76,2,1,0,0,,,4376.4019467
4386007895,1,2023_5_36_1_0,2023,5,36,63,1,1,0,0,,,6916.4386659
4386007899,1,2023_5_36_1_0,2023,5,36,95,2,1,0,0,,,3642.2621033
4386007900,1,2023_5_36_1_0,2023,5,36,79,2,1,0,0,,,3409.6965649
4386007901,1,2023_5_36_1_0,2023,5,36,73,1,1,0,0,,,3409.6965649
4386007905,1,2023_5_36_1_0,2023,5,36,80,2,1,0,0,,,4376.4019467
4386007906,1,2023_5_36_1_0,2023,5,36,75,1,1,0,0,,,2501.5536424
4386007912,1,2023_5_36_1_0,2023,5,36,53,1,1,0,2.0000400331,,,3096.781097
4386007913,1,2023_5_36_1_0,2023,5,36,55,1,1,0,0,,,3096.781097
4386007916,1,2023_5_36_1_0,2023,5,36,50,2,1,0,0,,,3096.781097
4386007922,1,2023_5_36_1_0,2023,5,36,48,2,1,0,0,,,5200.5494219
4386007923,1,2023_5_36_1_0,2023,5,36,83,1,1,0,0,,,3642.2621033
4386007931,1,2023_5_36_1_0,2023,5,36,62,2,1,1.9999599669,0,,,3096.781097
4386007933,1,2023_5_36_1_0,2023,5,36,67,2,1,0,0,,,1630.7942536
4386007935,1,2023_5_36_1_0,2023,5,36,62,1,5,0,0,,,3720.972966
4386007936,1,2023_5_36_1_0,2023,5,36,42,2,1,0,0,,,11615.054464
4386007949,1,2023_5_36_2_1,2023,5,36,62,1,1,0,0,,,1512.6516723
4386007952,1,2023_5_36_2_1,2023,5,36,42,1,1,0,0,,,1545.3407305
4386007962,1,2023_5_36_2_1,2023,5,36,52,2,1,0,0,,,6079.534275
4386007963,1,2023_5_36_2_1,2023,5,36,-3,1,-3,3.9999199338,0,,,2605.6274623
4386007967,1,2023_5_36_2_1,2023,5,36,43,2,1,0,0,,,2571.4680778
4386007970,1,2023_5_36_2_1,2023,5,36,65,1,1,0,0,,,677.27790722
4386007972,1,2023_5_36_2_1,2023,5,36,68,1,1,0,0,,,1531.2370076
4386007978,1,2023_5_36_2_1,2023,5,36,42,1,1,0,0,,,4883.0646277
4386007981,1,2023_5_36_2_1,2023,5,36,33,2,1,0,0,,,6494.2017198
4386007982,1,2023_5_36_2_1,2023,5,36,41,1,1,0,0,,,4883.0646277
4386007990,1,2023_5_36_2_1,2023,5,36,45,2,1,0,0,,,6494.2017198
4386007994,1,2023_5_36_2_1,2023,5,36,30,2,1,0,0,,,2907.7278202
4386007996,1,2023_5_36_2_1,2023,5,36,64,2,1,0,0,,,4883.0646277
4386007997,1,2023_5_36_2_1,2023,5,36,73,1,1,0,0,,,1357.3556528
4386008002,1,2023_5_36_2_1,2023,5,36,54,1,1,0,0,,,1203.989726
4386008005,1,2023_5_36_2_1,2023,5,36,64,1,1,0,0,,,677.27790722
4386008013,1,2023_5_36_2_1,2023,5,36,88,2,1,0,0,,,1512.6516723
4386008017,1,2023_5_36_2_1,2023,5,36,41,2,1,0,0,,,4883.0646277
4386008021,1,2023_5_36_2_1,2023,5,36,62,1,1,0,0,,,3493.8138256
4386008029,1,2023_5_36_2_1,2023,5,36,72,1,1,0,0,,,1839.8754485
4386008032,1,2023_5_36_2_1,2023,5,36,-3,-3,-3,0,0,,,1384.7865052
4386008033,1,2023_5_36_2_1,2023,5,36,70,2,1,0,0,,,1531.2370076
4386008034,1,2023_5_36_2_1,2023,5,36,67,2,1,0,0,,,1512.6516723
4386008037,1,2023_5_36_2_1,2023,5,36,78,2,1,0,0,,,1512.6516723
4386008038,1,2023_5_36_2_1,2023,5,36,77,1,1,0,0,,,3201.5403252
4386008041,1,2023_5_36_2_0,2023,5,36,71,1,1,0,0,,,8702.7956281
4386008052,1,2023_5_36_2_0,2023,5,36,78,1,1,0,0,,,8702.7956281
4386008054,1,2023_5_36_2_0,2023,5,36,29,2,1,0,0,,,27752.930005
4386008055,1,2023_5_36_2_0,2023,5,36,23,2,1,0,0,,,65781.365083
4386008060,1,2023_5_36_2_0,2023,5,36,66,2,3,0,0,,,5334.4520241
4386008061,1,2023_5_36_2_0,2023,5,36,31,1,1,0,0,,,29453.089626
4386008062,1,2023_5_36_2_0,2023,5,36,63,2,1,0,0,,,21073.571535
4386008069,1,2023_5_36_2_0,2023,5,36,46,1,1,0,0,,,27752.930005
4386008070,1,2023_5_36_2_0,2023,5,36,60,2,1,0,0,,,21073.571535
4386008072,1,2023_5_36_2_0,2023,5,36,62,1,5,0,0,,,6010.8517637
4386008078,1,2023_5_36_2_0,2023,5,36,81,2,5,0,0,,,10456.944242
4386008081,1,2023_5_36_2_0,2023,5,36,67,1,1,0,0,,,3647.8023529
4386008082,1,2023_5_36_2_0,2023,5,36,62,2,1,0,0,,,3647.8023529
4386008084,1,2023_5_36_2_0,2023,5,36,68,2,1,0,0,,,8702.7956281
4386008086,1,2023_5_36_2_0,2023,5,36,59,2,1,0,0,,,16526.090237
4386008091,1,2023_5_36_2_0,2023,5,36,35,1,1,0,0,,,8890.8668136
4386008092,1,2023_5_36_2_0,2023,5,36,28,1,1,0,0,,,21073.571535
4386008094,1,2023_5_36_2_0,2023,5,36,-3,2,1,0,0,,,6207.2781291
4386008103,1,2023_5_36_2_0,2023,5,36,25,2,1,0,0,,,8890.8668136
4386008106,1,2023_5_36_2_0,2023,5,36,78,1,1,0,0,,,8702.7956281
4386008108,1,2023_5_36_2_0,2023,5,36,42,2,1,0,0,,,12426.156462
4386008110,1,2023_5_36_2_0,2023,5,36,69,1,1,0,0,,,8702.7956281
4386008111,1,2023_5_36_2_0,2023,5,36,89,1,1,0,0,,,8702.7956281
4386008112,1,2023_5_36_2_0,2023,5,36,81,2,-3,0,0,,,20627.795925
4386008114,1,2023_5_36_2_0,2023,5,36,60,1,1,0,0,,,7399.4271219
4386008115,1,2023_5_36_2_0,2023,5,36,38,1,1,0,0,,,10094.265847
4386008117,1,2023_5_36_2_0,2023,5,36,-3,1,1,0,0,,,14809.100861
4386008121,1,2023_5_36_2_0,2023,5,36,34,2,1,0,0,,,12426.156462
4386008122,1,2023_5_36_2_0,2023,5,36,72,1,1,0,0,,,4682.0146646
4386008127,1,2023_5_36_2_0,2023,5,36,63,1,1,0,0,,,8702.7956281
4386008128,1,2023_5_36_2_0,2023,5,36,54,1,1,0,0,,,6926.9592698
4386008129,1,2023_5_36_2_0,2023,5,36,70,2,1,0,0,,,10456.944242
4386008138,1,2023_5_36_2_0,2023,5,36,27,1,4,0,0,,,17538.487533
4386008140,1,2023_5_36_2_0,2023,5,36,70,1,1,0,0,,,8702.7956281
4386008144,1,2023_5_36_2_0,2023,5,36,70,2,1,0,0,,,3896.6083983
4386008158,1,2023_5_36_2_0,2023,5,36,72,2,1,0,0,,,8702.7956281
4386008159,1,2023_5_36_2_0,2023,5,36,39,1,5,0,0,,,21073.571535
4386008166,1,2023_5_36_2_0,2023,5,36,43,1,1,0,0,,,21073.571535
4386008171,1,2023_5_36_2_0,2023,5,36,57,1,1,0,0,,,8890.8668136
4386008174,1,2023_5_36_2_0,2023,5,36,59,2,1,0,0,,,8890.8668136
4386008176,1,2023_5_36_2_0,2023,5,36,69,2,1,0,0,,,11097.542347
4386008177,1,2023_5_36_2_0,2023,5,36,75,2,3,0,0,,,10456.944242
4386008181,1,2023_5_36_2_0,2023,5,36,57,2,1,0,0,,,9235.9336326
4386008183,1,2023_5_36_2_0,2023,5,36,45,1,3,0,0,,,7399.4271219
4386008184,1,2023_5_36_2_0,2023,5,36,38,1,1,0,0,,,8890.8668136
4386008185,1,2023_5_36_2_0,2023,5,36,71,1,1,0,0,,,10456.944242
4386008194,1,2023_5_36_2_0,2023,5,36,53,2,1,0,0,,,13273.708646
4386008195,1,2023_5_36_2_0,2023,5,36,65,2,-3,0,0,,,24785.565585
4386008200,1,2023_5_36_2_0,2023,5,36,59,2,1,0,0,,,16526.090237
4386008201,1,2023_5_36_2_0,2023,5,36,57,1,3,0,0,,,7399.4271219
4386008203,1,2023_5_36_2_0,2023,5,36,55,1,4,0,0,,,16526.090237
4386008207,1,2023_5_36_2_0,2023,5,36,77,2,1,0,0,,,8147.1051551
4386008209,1,2023_5_36_2_0,2023,5,36,70,2,1,0,0,,,10456.944242
4386008210,1,2023_5_36_2_0,2023,5,36,80,1,1,0,0,,,8702.7956281
4386008212,1,2023_5_36_2_0,2023,5,36,63,1,1,0,0,,,7399.4271219
4386008214,1,2023_5_36_2_0,2023,5,36,66,1,1,0,0,,,3896.6083983
4386008223,1,2023_5_36_2_0,2023,5,36,57,1,3,0,0,,,6926.9592698
4386008224,1,2023_5_36_2_0,2023,5,36,68,1,1,0,0,,,3896.6083983
4386008232,1,2023_5_36_2_0,2023,5,36,55,2,1,0,0,,,7399.4271219
4386008233,1,2023_5_36_2_0,2023,5,36,43,1,1,0,0,,,12426.156462
4386008238,1,2023_5_36_2_0,2023,5,36,72,2,1,0,0,,,3896.6083983
4386008253,1,2023_5_36_2_0,2023,5,36,61,1,1,0,0,,,3896.6083983
4386008260,1,2023_5_36_2_0,2023,5,36,58,1,1,0,0,,,15470.867146
4386008271,1,2023_5_36_2_0,2023,5,36,64,2,1,0,0,,,8890.8668136
4386008275,1,2023_5_36_2_0,2023,5,36,47,2,1,0,0,,,7399.4271219
4386008280,1,2023_5_36_2_0,2023,5,36,68,1,1,0,0,,,3896.6083983
4386008281,1,2023_5_36_2_0,2023,5,36,68,2,1,0,0,,,8702.7956281
4386008285,1,2023_5_36_2_0,2023,5,36,77,1,1,0,0,,,3896.6083983
4386008288,1,2023_5_36_2_0,2023,5,36,52,1,1,1.9999599669,2.0000400331,,,16526.090237
4386008294,1,2023_5_36_2_0,2023,5,36,65,1,1,0,0,,,3165.3714642
4386008310,1,2023_5_36_2_0,2023,5,36,73,2,1,0,0,,,4682.0146646
4386008312,1,2023_5_36_2_0,2023,5,36,12,2,1,0,0,,,29453.089626
4386008313,1,2023_5_36_2_0,2023,5,36,51,2,1,0,0,,,8890.8668136
4386008315,1,2023_5_36_2_0,2023,5,36,66,1,1,0,0,,,3896.6083983
4386008325,1,2023_5_36_2_0,2023,5,36,92,1,1,0,0,,,8147.1051551
4386008326,1,2023_5_36_2_0,2023,5,36,67,1,1,0,0,,,8147.1051551
4386008327,1,2023_5_36_2_0,2023,5,36,53,2,1,0,0,,,27752.930005
4386008331,1,2023_5_36_2_0,2023,5,36,74,1,1,0,0,,,10456.944242
4386008332,1,2023_5_36_2_0,2023,5,36,41,2,1,0,0,,,12426.156462
4386008334,1,2023_5_36_2_0,2023,5,36,38,2,1,0,0,,,21073.571535
4386008339,1,2023_5_36_2_0,2023,5,36,92,2,1,0,0,,,10456.944242
4386008345,1,2023_5_36_2_0,2023,5,36,59,2,1,0,0,,,13424.806679
4386008346,1,2023_5_36_2_0,2023,5,36,63,2,1,0,0,,,13424.806679
4386008349,1,2023_5_36_2_0,2023,5,36,76,1,1,0,0,,,8702.7956281
4386008350,1,2023_5_36_2_0,2023,5,36,69,2,1,0,0,,,3896.6083983
4386008351,1,2023_5_36_2_0,2023,5,36,76,1,1,0,0,,,10456.944242
4386008356,1,2023_5_36_2_0,2023,5,36,47,2,1,0,0,,,12426.156462
4386008357,1,2023_5_36_2_0,2023,5,36,72,1,1,0,0,,,8702.7956281
4386008360,1,2023_5_36_2_0,2023,5,36,62,2,1,0,0,,,7399.4271219
4386008362,1,2023_5_36_2_0,2023,5,36,67,2,1,0,0,,,8702.7956281
4386008365,1,2023_5_36_2_0,2023,5,36,34,2,1,0,0,,,12426.156462
4386008367,1,2023_5_36_2_0,2023,5,36,75,2,1,0,0,,,10456.944242
4386008372,1,2023_5_36_2_0,2023,5,36,72,2,-3,0,0,,,8702.7956281
4386008373,1,2023_5_36_2_0,2023,5,36,72,1,1,0,0,,,10456.944242
4386008376,1,2023_5_36_2_0,2023,5,36,77,2,1,0,0,,,3896.6083983
4386008377,1,2023_5_36_2_0,2023,5,36,75,1,1,0,0,,,9235.9336326
4386008378,1,2023_5_36_2_0,2023,5,36,63,1,1,0,0,,,7399.4271219
4386008388,1,2023_5_36_2_0,2023,5,36,63,1,1,0,0,,,3896.6083983
4386008389,1,2023_5_36_2_0,2023,5,36,61,2,1,0,0,,,3896.6083983
4386008397,1,2023_5_36_2_0,2023,5,36,83,1,1,0,0,,,4682.0146646
4386008398,1,2023_5_36_2_0,2023,5,36,45,1,1,0,0,,,12426.156462
4386008399,1,2023_5_36_2_0,2023,5,36,73,2,1,0,0,,,10456.944242
4386008402,1,2023_5_36_2_0,2023,5,36,46,1,1,0,0,,,12426.156462
4386008404,1,2023_5_36_2_0,2023,5,36,72,2,1,0,0,,,8147.1051551
4386008405,1,2023_5_36_2_0,2023,5,36,69,2,1,0,0,,,3896.6083983
4386008406,1,2023_5_36_2_0,2023,5,36,77,2,1,0,0,,,8702.7956281
4386008407,1,2023_5_36_2_0,2023,5,36,57,2,1,0,0,,,12426.156462
4386008418,1,2023_5_36_2_0,2023,5,36,82,1,1,0,0,,,3896.6083983
4386008423,1,2023_5_36_2_0,2023,5,36,58,2,1,0,0,,,15470.867146
4386008427,1,2023_5_36_2_0,2023,5,36,62,2,1,0,0,,,8890.8668136
4386008428,1,2023_5_36_2_0,2023,5,36,52,2,1,0,0,,,19857.113912
4386008430,1,2023_5_36_2_0,2023,5,36,70,2,1,0,0,,,10456.944242
4386008435,1,2023_5_36_2_0,2023,5,36,63,1,1,0,0,,,7399.4271219
4386008439,1,2023_5_36_2_0,2023,5,36,82,1,1,0,0,,,10456.944242
4386008440,1,2023_5_36_2_0,2023,5,36,53,2,1,0,0,,,3896.6083983
4386008450,1,2023_5_36_2_0,2023,5,36,61,2,1,0,0,,,8890.8668136
4386008451,1,2023_5_36_2_0,2023,5,36,63,2,1,0,0,,,2963.2563232
4386008457,1,2023_5_36_2_0,2023,5,36,32,1,1,0,0,,,7399.4271219
4386008461,1,2023_5_36_2_0,2023,5,36,46,1,1,0,0,,,6010.8517637
4386008462,1,2023_5_36_2_0,2023,5,36,50,2,1,0,0,,,12426.156462
4386008470,1,2023_5_36_2_0,2023,5,36,64,2,1,0,0,,,3896.6083983
4386008472,1,2023_5_36_2_0,2023,5,36,59,1,1,0,0,,,10094.265847
4386008475,1,2023_5_36_2_0,2023,5,36,73,1,1,0,0,,,14330.885449
4386008484,1,2023_5_36_2_0,2023,5,36,72,1,4,0,0,,,8702.7956281
4386008485,1,2023_5_36_2_0,2023,5,36,73,1,1,0,0,,,3165.3714642
4386008486,1,2023_5_36_2_0,2023,5,36,30,2,1,0,0,,,12426.156462
4386008489,1,2023_5_36_2_0,2023,5,36,45,2,1,0,0,,,29453.089626
4386008495,1,2023_5_36_2_0,2023,5,36,72,2,1,0,0,,,8147.1051551
4386008497,1,2023_5_36_2_0,2023,5,36,48,1,1,0,0,,,25647.831563
4386008501,1,2023_5_36_2_0,2023,5,36,83,2,1,0,0,,,24785.565585
4386008505,1,2023_5_36_2_0,2023,5,36,29,1,1,0,0,,,7399.4271219
4386008507,1,2023_5_36_2_0,2023,5,36,74,1,1,0,0,,,13506.390998
4386008508,1,2023_5_36_2_0,2023,5,36,-3,2,1,0,0,,,14809.100861
4386008510,1,2023_5_36_2_0,2023,5,36,49,1,1,0,0,,,8890.8668136
4386008511,1,2023_5_36_2_0,2023,5,36,58,1,1,0,0,,,8890.8668136
4386008515,1,2023_5_36_2_0,2023,5,36,36,1,1,0,0,,,21073.571535
4386008518,1,2023_5_36_2_0,2023,5,36,80,2,1,0,0,,,8702.7956281
4386008519,1,2023_5_36_2_0,2023,5,36,87,1,1,0,0,,,4682.0146646
4386008520,1,2023_5_36_2_0,2023,5,36,81,1,1,0,0,,,8702.7956281
4386008522,1,2023_5_36_2_0,2023,5,36,73,2,1,0,0,,,4682.0146646
4386008523,1,2023_5_36_2_0,2023,5,36,48,2,1,0,0,,,27752.930005
4386008525,1,2023_5_36_2_0,2023,5,36,70,1,1,0,0,,,8702.7956281
4386008526,1,2023_5_36_2_0,2023,5,36,57,1,1,0,0,,,6926.9592698
4386008527,1,2023_5_36_2_0,2023,5,36,65,2,1,0,0,,,6618.2206519
4386008529,1,2023_5_36_2_0,2023,5,36,64,1,1,0,0,,,16526.090237
4386008537,1,2023_5_36_2_0,2023,5,36,48,2,1,0,0,,,13273.708646
4386008539,1,2023_5_36_2_0,2023,5,36,48,2,1,0,0,,,16526.090237
4386008540,1,2023_5_36_2_0,2023,5,36,63,2,1,0,0,,,3165.3714642
4386008541,1,2023_5_36_2_0,2023,5,36,71,2,1,0,0,,,3896.6083983
4386008545,1,2023_5_36_2_0,2023,5,36,41,2,1,0,0,,,22544.819419
4386008548,1,2023_5_36_2_0,2023,5,36,48,2,1,0,0,,,27752.930005
4386008554,1,2023_5_36_2_0,2023,5,36,66,1,1,0,0,,,8702.7956281
4386008555,1,2023_5_36_2_0,2023,5,36,69,2,1,0,0,,,8702.7956281
4386008556,1,2023_5_36_2_0,2023,5,36,80,2,1,0,0,,,11097.542347
4386008559,1,2023_5_36_2_0,2023,5,36,64,2,1,0,0,,,19857.113912
4386008561,1,2023_5_36_2_0,2023,5,36,40,2,1,0,0,,,12426.156462
4386008562,1,2023_5_36_2_0,2023,5,36,88,2,1,0,0,,,8702.7956281
4386008563,1,2023_5_36_2_0,2023,5,36,73,1,1,0,0,,,11097.542347
4386008564,1,2023_5_36_2_0,2023,5,36,42,1,1,0,0,,,12426.156462
4386008565,1,2023_5_36_2_0,2023,5,36,68,1,1,0,0,,,4682.0146646
4386008567,1,2023_5_36_2_0,2023,5,36,64,1,1,0,0,,,21073.571535
4386008571,1,2023_5_36_2_0,2023,5,36,75,2,1,0,0,,,10456.944242
4386008572,1,2023_5_36_2_0,2023,5,36,61,1,1,0,0,,,15470.867146
4386008584,1,2023_5_36_2_0,2023,5,36,65,2,1,0,0,,,6543.7316744
4386008586,1,2023_5_36_2_0,2023,5,36,-3,2,1,0,0,,,12030.027266
4386008589,1,2023_5_36_2_0,2023,5,36,27,1,1,0,0,,,7399.4271219
4386008591,1,2023_5_36_2_0,2023,5,36,42,2,1,0,0,,,8890.8668136
4386008595,1,2023_5_36_2_0,2023,5,36,90,2,1,0,0,,,10456.944242
4386008605,1,2023_5_36_2_0,2023,5,36,38,1,4,0,0,,,36669.81323
4386008606,1,2023_5_36_2_0,2023,5,36,30,2,1,0,0,,,17538.487533
4386008610,1,2023_5_36_2_0,2023,5,36,73,2,1,0,0,,,24785.565585
4386008620,1,2023_5_36_2_0,2023,5,36,45,2,2,0,0,,,12426.156462
4386008625,1,2023_5_36_2_0,2023,5,36,64,1,4,0,0,1,,6926.9592698
4386008628,1,2023_5_36_2_0,2023,5,36,76,1,1,0,0,,,4682.0146646
4386008635,1,2023_5_36_2_0,2023,5,36,24,1,5,0,0,,,21073.571535
4386008663,1,2023_5_36_2_0,2023,5,36,37,1,1,0,0,,,7399.4271219
4386008666,1,2023_5_36_2_0,2023,5,36,40,1,1,0,0,,,6926.9592698
4386008667,1,2023_5_36_2_0,2023,5,36,31,1,1,0,0,,,7222.4081117
4386008672,1,2023_5_36_2_0,2023,5,36,66,1,1,0,0,,,4682.0146646
4386008673,1,2023_5_36_2_0,2023,5,36,86,2,1,0,0,,,16228.75954
4386008674,1,2023_5_36_2_0,2023,5,36,28,2,1,0,0,,,29453.089626
4386008676,1,2023_5_36_2_0,2023,5,36,54,2,1,0,0,,,8147.1051551
4386008677,1,2023_5_36_2_0,2023,5,36,87,1,1,0,0,,,8147.1051551
4386008681,1,2023_5_36_2_0,2023,5,36,70,2,1,0,0,,,4682.0146646
4386008682,1,2023_5_36_2_0,2023,5,36,-3,1,-3,0,0,,,9087.0914894
4386008685,1,2023_5_36_2_0,2023,5,36,77,2,1,0,0,,,3896.6083983
4386008686,1,2023_5_36_2_0,2023,5,36,75,2,1,0,0,,,4682.0146646
4386008687,1,2023_5_36_2_0,2023,5,36,67,2,1,0,0,,,8702.7956281
4386008688,1,2023_5_36_2_0,2023,5,36,83,2,1,0,0,,,4682.0146646
4386008689,1,2023_5_36_2_0,2023,5,36,54,1,3,0,0,,,21073.571535
4386008690,1,2023_5_36_2_0,2023,5,36,74,2,1,0,0,,,3896.6083983
4386008693,1,2023_5_36_2_0,2023,5,36,21,1,1,0,0,,,6926.9592698
4386008695,1,2023_5_36_2_0,2023,5,36,77,1,1,0,0,,,3896.6083983
4386008696,1,2023_5_36_2_0,2023,5,36,71,2,1,0,0,,,6543.7316744
4386008701,1,2023_5_36_2_0,2023,5,36,82,2,1,0,0,,,10456.944242
4386008703,1,2023_5_36_2_0,2023,5,36,42,2,1,0,0,,,12426.156462
4386008705,1,2023_5_36_2_0,2023,5,36,52,2,1,0,0,,,6926.9592698
4386008709,1,2023_5_36_2_0,2023,5,36,36,2,1,0,0,,,12426.156462
4386008711,1,2023_5_36_2_0,2023,5,36,74,1,1,0,0,,,10456.944242
4386008712,1,2023_5_36_2_0,2023,5,36,47,1,1,0,0,,,12426.156462
4386008719,1,2023_5_36_2_0,2023,5,36,57,2,1,0,0,,,13424.806679
4386008720,1,2023_5_36_2_0,2023,5,36,63,1,1,0,0,,,7399.4271219
4386008722,1,2023_5_36_2_0,2023,5,36,92,2,1,0,0,,,10456.944242
4386008727,1,2023_5_36_2_0,2023,5,36,73,2,1,0,0,,,11097.542347
4386008728,1,2023_5_36_2_0,2023,5,36,62,2,1,0,0,,,7399.4271219
4386008733,1,2023_5_36_2_0,2023,5,36,39,1,1,0,0,,,12426.156462
4386008735,1,2023_5_36_2_0,2023,5,36,74,1,1,0,0,,,3896.6083983
4386008736,1,2023_5_36_2_0,2023,5,36,65,1,1,0,0,,,8702.7956281
4386008737,1,2023_5_36_2_0,2023,5,36,35,2,1,0,0,,,12426.156462
4386008740,1,2023_5_36_2_0,2023,5,36,64,2,1,0,0,,,19857.113912
4386008743,1,2023_5_36_2_0,2023,5,36,68,2,1,0,0,,1,4682.0146646
4386008744,1,2023_5_36_2_0,2023,5,36,72,1,1,0,0,,,8702.7956281
4386008746,1,2023_5_36_2_0,2023,5,36,59,2,1,0,0,,,7399.4271219
4386008748,1,2023_5_36_2_0,2023,5,36,78,1,-3,0,0,,,8702.7956281
4386008749,1,2023_5_36_2_0,2023,5,36,80,1,1,0,0,,,6618.2206519
4386008753,1,2023_5_36_2_0,2023,5,36,67,1,1,0,0,,,3165.3714642
4386008760,1,2023_5_36_2_0,2023,5,36,32,2,1,0,0,,,7399.4271219
4386008769,1,2023_5_36_2_0,2023,5,36,50,1,1,0,0,,,12426.156462
4386008774,1,2023_5_36_2_0,2023,5,36,70,2,3,0,0,1,1,10456.944242
4386008779,1,2023_5_36_2_0,2023,5,36,64,1,2,0,0,,,17538.487533
4386008781,1,2023_5_36_2_0,2023,5,36,46,2,1,0,0,,,12426.156462
4386008784,1,2023_5_36_2_0,2023,5,36,53,2,1,0,0,,,7399.4271219
4386008789,1,2023_5_36_2_0,2023,5,36,39,2,1,0,0,,,12426.156462
4386008791,1,2023_5_36_2_0,2023,5,36,-3,1,1,0,0,,,6630.6586126
4386008793,1,2023_5_36_2_0,2023,5,36,99,1,1,0,0,,,5698.2995641
4386008797,1,2023_5_36_2_0,2023,5,36,77,1,1,0,0,,,20627.795925
4386008799,1,2023_5_36_2_0,2023,5,36,42,2,4,0,0,,,17818.488096
4386008808,1,2023_5_36_2_0,2023,5,36,67,1,1,0,0,,,4682.0146646
4386008810,1,2023_5_36_2_0,2023,5,36,76,1,1,0,0,,,10456.944242
4386008811,1,2023_5_36_2_0,2023,5,36,48,2,1,0,0,,,6010.8517637
4386008813,1,2023_5_36_2_0,2023,5,36,66,2,1,0,0,,,3896.6083983
4386008818,1,2023_5_36_2_0,2023,5,36,-3,1,1,0,0,,,24386.132583
4386008820,1,2023_5_36_2_0,2023,5,36,53,2,1,0,0,,,21073.571535
4386008821,1,2023_5_36_2_0,2023,5,36,29,2,1,0,0,,,8890.8668136
4386008822,1,2023_5_36_2_0,2023,5,36,71,1,1,0,0,,,8702.7956281
4386008832,1,2023_5_36_2_0,2023,5,36,47,1,1,0,0,,,12426.156462
4386008833,1,2023_5_36_2_0,2023,5,36,70,1,1,0,0,,,3165.3714642
4386008836,1,2023_5_36_2_0,2023,5,36,74,1,1,0,0,,,8702.7956281
4386008837,1,2023_5_36_2_0,2023,5,36,62,2,1,0,0,,,12426.156462
4386008841,1,2023_5_36_2_0,2023,5,36,76,2,1,0,0,,,3165.3714642
4386008847,1,2023_5_36_2_0,2023,5,36,58,1,1,0,0,,,16526.090237
4386008848,1,2023_5_36_2_0,2023,5,36,77,1,1,0,0,,,10456.944242
4386008849,1,2023_5_36_2_0,2023,5,36,24,1,1,0,0,,,17538.487533
4386008855,1,2023_5_36_2_0,2023,5,36,75,2,1,0,0,,,10456.944242
4386008859,1,2023_5_36_2_0,2023,5,36,49,2,4,0,0,,,12426.156462
4386008867,1,2023_5_36_2_0,2023,5,36,82,2,1,0,0,,,8702.7956281
4386008869,1,2023_5_36_2_0,2023,5,36,59,1,1,0,0,,,7399.4271219
4386008871,1,2023_5_36_2_0,2023,5,36,34,2,1,0.9999799835,1.0000200165,,,18191.164998
4386008872,1,2023_5_36_2_0,2023,5,36,33,2,1,0,0,,,21073.571535
4386008877,1,2023_5_36_2_0,2023,5,36,60,1,1,0,0,,,19857.113912
4386008878,1,2023_5_36_2_0,2023,5,36,59,2,1,0,0,,,17538.487533
4386008883,1,2023_5_44_1_1,2023,5,44,55,2,1,0,0,,,166.42543784
4386008885,1,2023_5_44_1_1,2023,5,44,68,1,1,5.0003631961,0,,,28.880447688
4386008887,1,2023_5_44_1_1,2023,5,44,64,2,1,10.000726392,0,,,75.911080838
4386008890,1,2023_5_44_1_1,2023,5,44,50,2,1,0,0,,,223.79712386
4386008892,1,2023_5_44_1_1,2023,5,44,17,2,1,0,0,,,121.22382975
4386008894,1,2023_5_44_1_1,2023,5,44,34,1,1,0,0,,,223.79712386
4386008895,1,2023_5_44_1_1,2023,5,44,65,2,1,6.0004358353,1.9998547216,,,34.296669918
4386008897,1,2023_5_44_1_1,2023,5,44,64,1,1,15.001089588,14.998910412,,,81.747052712
4386008902,1,2023_5_44_1_1,2023,5,44,61,1,4,0,0,,,166.42543784
4386008911,1,2023_5_44_1_1,2023,5,44,40,1,1,0,0,,,223.79712386
4386008913,1,2023_5_44_1_1,2023,5,44,73,1,1,0,0,,,52.042317075
4386008915,1,2023_5_44_1_1,2023,5,44,61,1,1,2.0001452784,0.9999273608,,,81.747052712
4386008918,1,2023_5_44_1_1,2023,5,44,80,1,1,7.0005084746,0,,,130.13818546
4386008919,1,2023_5_44_1_1,2023,5,44,83,1,1,4.0002905569,0,,,130.13818546
4386008921,1,2023_5_44_1_1,2023,5,44,71,2,5,0,0,,,28.880447688
4386008924,1,2023_5_44_1_1,2023,5,44,56,2,1,0,0,,,130.13818546
4386008929,1,2023_5_44_1_1,2023,5,44,44,1,1,10.000726392,0,,,97.077847059
4386008930,1,2023_5_44_1_1,2023,5,44,82,2,1,0,0,,,130.13818546
4386008931,1,2023_5_44_1_1,2023,5,44,68,1,1,12.000871671,0,,,28.880447688
4386008932,1,2023_5_44_1_1,2023,5,44,40,2,1,0,0,,,223.79712386
4386008935,1,2023_5_44_1_1,2023,5,44,65,1,1,2.0001452784,0,,,49.511204635
4386008936,1,2023_5_44_1_1,2023,5,44,65,2,1,0,0,,,130.13818546
4386008938,1,2023_5_44_1_1,2023,5,44,44,2,1,0,0,,,223.79712386
4386008939,1,2023_5_44_1_1,2023,5,44,55,1,1,3.0002179177,4.9996368039,,,214.86879961
4386008941,1,2023_5_44_1_1,2023,5,44,34,1,1,0,0,,,223.79712386
4386008942,1,2023_5_44_1_1,2023,5,44,68,1,1,0,0,,,154.54422448
4386008949,1,2023_5_44_1_1,2023,5,44,72,1,2,6.0004358353,0,,,79.791808088
4386008951,1,2023_5_44_1_1,2023,5,44,62,2,1,10.000726392,2.9997820823,,,368.36039462
4386008952,1,2023_5_44_1_1,2023,5,44,51,2,1,0,0,,,588.24162785
4386008956,1,2023_5_44_1_1,2023,5,44,59,1,1,2.0001452784,0,,,147.30748232
4386008958,1,2023_5_44_1_1,2023,5,44,49,2,1,0,0,,,166.42543784
4386008959,1,2023_5_44_1_1,2023,5,44,62,2,1,0,0,,,368.36039462
4386008960,1,2023_5_44_1_1,2023,5,44,66,2,1,0,0,,,49.511204635
4386008962,1,2023_5_44_1_1,2023,5,44,67,2,1,1.0000726392,0,,,75.911080838
4386008963,1,2023_5_44_1_1,2023,5,44,62,1,1,0,0,,,166.42543784
4386008970,1,2023_5_44_1_1,2023,5,44,61,1,1,0,0,,,166.42543784
4386008973,1,2023_5_44_1_1,2023,5,44,68,2,1,0,0,,,49.511204635
4386008974,1,2023_5_44_1_1,2023,5,44,46,2,1,0,0,,,130.54340277
4386008975,1,2023_5_44_1_1,2023,5,44,66,1,1,20.001452784,0,,,75.911080838
4386008976,1,2023_5_44_1_1,2023,5,44,58,1,5,28.076819014,0,,,322.43318219
4386008977,1,2023_5_44_1_1,2023,5,44,28,2,3,0,0,,,140.14308569
4386008980,1,2023_5_44_1_1,2023,5,44,59,2,1,3.0002179177,0,,,49.511204635
4386008983,1,2023_5_44_1_1,2023,5,44,76,1,1,0,1.9998547216,,,130.13818546
4386008988,1,2023_5_44_1_1,2023,5,44,58,1,1,20.001452784,5.9995641647,,,93.643632929
4386008989,1,2023_5_44_1_1,2023,5,44,69,1,1,0,0,,,28.880447688
4386009000,1,2023_5_44_1_1,2023,5,44,68,1,1,5.0003631961,4.9996368039,,,52.042317075
4386009001,1,2023_5_44_1_1,2023,5,44,46,2,1,0,0,,,166.42543784
4386009013,1,2023_5_44_1_1,2023,5,44,59,1,1,0,0,,,297.77598724
4386009017,1,2023_5_44_1_1,2023,5,44,65,1,1,0,2.9997820823,,,130.13818546
4386009018,1,2023_5_44_1_1,2023,5,44,64,2,1,0,0,1,1,90.147400441
4386009022,1,2023_5_44_1_1,2023,5,44,66,2,-3,30.002179177,24.998184019,,,153.45111248
4386009023,1,2023_5_44_1_1,2023,5,44,53,2,1,0,0,,,166.42543784
4386009024,1,2023_5_44_1_1,2023,5,44,67,1,1,0,0,,,58.79650693
4386009025,1,2023_5_44_1_1,2023,5,44,31,1,1,0,0,,,140.14308569
4386009035,1,2023_5_44_1_1,2023,5,44,48,2,4,3.0002179177,4.9996368039,,,223.79712386
4386009037,1,2023_5_44_1_1,2023,5,44,28,1,1,3.0002179177,0,,,130.54340277
4386009038,1,2023_5_44_1_1,2023,5,44,31,1,1,0,0,,,140.14308569
4386009040,1,2023_5_44_1_1,2023,5,44,75,1,1,0,24.998184019,,,130.13818546
4386009044,1,2023_5_44_1_1,2023,5,44,13,2,1,0,0,,,223.79712386
4386009046,1,2023_5_44_1_1,2023,5,44,58,2,1,0,0,,,437.4424871
4386009047,1,2023_5_44_1_1,2023,5,44,56,1,-3,0,29.997820823,,,140.14308569
4386009051,1,2023_5_44_1_1,2023,5,44,78,1,1,0,0,,,49.511204635
4386009068,1,2023_5_44_1_1,2023,5,44,32,1,1,1.0000726392,0.9999273608,,,140.14308569
4386009073,1,2023_5_44_1_1,2023,5,44,74,1,1,0,3.9997094431,,,28.880447688
4386009086,1,2023_5_44_1_1,2023,5,44,60,1,1,3.0002179177,0,,,97.077847059
4386009097,1,2023_5_44_1_1,2023,5,44,70,2,1,0,0,,,34.296669918
4386009098,1,2023_5_44_1_1,2023,5,44,56,2,1,0,0,,,255.16516833
4386009099,1,2023_5_44_1_1,2023,5,44,61,1,1,0,4.9996368039,,,140.14308569
4386009100,1,2023_5_44_1_1,2023,5,44,70,2,1,0,0,,,34.296669918
4386009101,1,2023_5_44_1_1,2023,5,44,65,1,1,0,11.999128329,,,49.511204635
4386009102,1,2023_5_44_1_1,2023,5,44,50,1,1,5.0003631961,19.998547216,,,223.79712386
4386009104,1,2023_5_44_1_1,2023,5,44,67,2,1,0,0,,,49.511204635
4386009106,1,2023_5_44_1_1,2023,5,44,68,1,1,10.000726392,0,,,28.880447688
4386009118,1,2023_5_44_1_1,2023,5,44,45,2,1,1.0000726392,0,,,97.077847059
4386009120,1,2023_5_44_1_1,2023,5,44,51,1,1,0,19.998547216,,,207.82011091
4386009121,1,2023_5_44_1_1,2023,5,44,59,1,1,0,0,,,140.14308569
4386009124,1,2023_5_44_1_1,2023,5,44,27,1,1,0,0,,,140.14308569
4386009127,1,2023_5_44_1_1,2023,5,44,47,1,1,0,1.9998547216,,,588.24162785
4386009128,1,2023_5_44_1_1,2023,5,44,42,1,1,0,0,1,1,140.14308569
4386009129,1,2023_5_44_1_1,2023,5,44,33,1,1,0,0,,,223.79712386
4386009130,1,2023_5_44_1_1,2023,5,44,70,1,1,4.0002905569,0,,,154.54422448
4386009133,1,2023_5_44_1_1,2023,5,44,41,1,1,0,0,,,223.79712386
4386009136,1,2023_5_44_1_1,2023,5,44,64,1,1,0,9.9992736078,,,81.747052712
4386009137,1,2023_5_44_1_1,2023,5,44,74,1,1,0,0,,,49.511204635
4386009138,1,2023_5_44_1_1,2023,5,44,63,1,1,0,0.9999273608,,,214.86879961
4386009143,1,2023_5_44_1_1,2023,5,44,59,2,1,0,0,,,140.14308569
4386009144,1,2023_5_44_1_1,2023,5,44,62,1,1,0,23.998256659,,,147.30748232
4386009147,1,2023_5_44_1_1,2023,5,44,67,1,1,0,19.998547216,,,90.147400441
4386009148,1,2023_5_44_1_1,2023,5,44,37,2,1,0,0.9999273608,,,130.13818546
4386009149,1,2023_5_44_1_1,2023,5,44,70,1,1,10.000726392,4.9996368039,,,100.08485386
4386009150,1,2023_5_44_1_1,2023,5,44,79,1,1,20.001452784,0,,,75.911080838
4386009153,1,2023_5_44_1_1,2023,5,44,56,1,1,0,0.9999273608,,,166.42543784
4386009154,1,2023_5_44_1_1,2023,5,44,44,2,5,0,0,,,223.79712386
4386009156,1,2023_5_44_1_1,2023,5,44,85,1,1,44.003196126,43.996803874,,,130.13818546
4386009158,1,2023_5_44_1_1,2023,5,44,68,2,1,0,0,,,41.756448913
4386009159,1,2023_5_44_1_1,2023,5,44,80,1,-3,0,0,1,1,34.296669918
4386009166,1,2023_5_44_1_1,2023,5,44,58,2,1,0,0,,,166.42543784
4386009167,1,2023_5_44_1_1,2023,5,44,48,1,1,0,0,,,283.29345557
4386009169,1,2023_5_44_1_1,2023,5,44,33,1,1,0,39.997094431,,,140.14308569
4386009171,1,2023_5_44_1_1,2023,5,44,37,2,1,0,0,,,130.54340277
4386009174,1,2023_5_44_1_1,2023,5,44,68,1,1,4.0002905569,3.9997094431,,,42.308247136
4386009176,1,2023_5_44_1_1,2023,5,44,66,1,1,0,0,,,49.511204635
4386009177,1,2023_5_44_1_1,2023,5,44,26,2,1,0,0,,,283.29345557
4386009180,1,2023_5_44_1_1,2023,5,44,43,1,-3,1.0000726392,0,,,147.30748232
4386009188,1,2023_5_44_1_1,2023,5,44,52,2,1,0,0,,,368.36039462
4386009196,1,2023_5_44_1_1,2023,5,44,66,1,1,10.000726392,7.9994188862,,,75.911080838
4386009201,1,2023_5_44_1_1,2023,5,44,76,2,1,0,0,,,207.82011091
4386009202,1,2023_5_44_1_1,2023,5,44,68,1,1,3.0002179177,0,,,136.79111145
4386009209,1,2023_5_44_1_1,2023,5,44,69,1,1,0,3.9997094431,,,79.791808088
4386009210,1,2023_5_44_1_1,2023,5,44,41,2,1,0,0,,,140.14308569
4386009213,1,2023_5_44_1_1,2023,5,44,34,1,1,14.001016949,0,,,223.79712386
4386009218,1,2023_5_44_1_1,2023,5,44,28,1,1,25.001815981,0,,,85.926126591
4386009222,1,2023_5_44_1_1,2023,5,44,56,1,1,0,0,,,166.42543784
4386009223,1,2023_5_44_1_1,2023,5,44,29,1,1,0,0,,,140.14308569
4386009224,1,2023_5_44_1_1,2023,5,44,61,1,1,0,0,,,166.42543784
4386009227,1,2023_5_44_1_1,2023,5,44,64,1,1,3.2107002708,41.839495937,,,361.80877574
4386009229,1,2023_5_44_1_1,2023,5,44,35,1,1,0,0.9999273608,,,140.14308569
4386009232,1,2023_5_44_1_1,2023,5,44,55,1,1,0,25.712151033,,,294.37243083
4386009240,1,2023_5_44_1_1,2023,5,44,66,1,1,0,0,,,49.511204635
4386009241,1,2023_5_44_1_1,2023,5,44,51,1,1,0,0,,,223.79712386
4386009242,1,2023_5_44_1_1,2023,5,44,52,1,1,0,0,,1,97.077847059
4386009245,1,2023_5_44_1_1,2023,5,44,69,1,1,0,9.9992736078,,,154.54422448
4386009246,1,2023_5_44_1_1,2023,5,44,43,1,1,0,0,,,223.79712386
4386009247,1,2023_5_44_1_1,2023,5,44,50,1,2,0,0,,,223.79712386
4386009251,1,2023_5_44_1_1,2023,5,44,69,1,1,0,0,,,154.54422448
4386009255,1,2023_5_44_1_1,2023,5,44,25,1,1,0,0,,,140.14308569
4386009260,1,2023_5_44_1_1,2023,5,44,62,2,1,1.0000726392,0,,,140.14308569
4386009268,1,2023_5_44_1_1,2023,5,44,84,1,1,0,0,,,136.79111145
4386009271,1,2023_5_44_1_1,2023,5,44,58,2,1,0,0,,,368.36039462
4386009272,1,2023_5_44_1_1,2023,5,44,66,1,4,4.0002905569,0,,,90.147400441
4386009275,1,2023_5_44_1_1,2023,5,44,65,1,1,2.0001452784,11.999128329,,,49.511204635
4386009276,1,2023_5_44_1_1,2023,5,44,65,1,1,0,0.9999273608,,,154.54422448
4386009277,1,2023_5_44_1_1,2023,5,44,63,1,1,0,0,,,368.36039462
4386009278,1,2023_5_44_1_1,2023,5,44,39,1,1,0,0,,,130.54340277
4386009280,1,2023_5_44_1_1,2023,5,44,33,1,1,0,2.9997820823,,,283.29345557
4386009281,1,2023_5_44_1_1,2023,5,44,65,1,1,0,0,,,130.13818546
4386009282,1,2023_5_44_1_1,2023,5,44,61,1,1,0,0,,,173.69611355
4386009285,1,2023_5_44_1_1,2023,5,44,31,2,3,0,0,,,58.79650693
4386009286,1,2023_5_44_1_1,2023,5,44,77,1,1,0,0,,,105.20139304
4386009288,1,2023_5_44_1_1,2023,5,44,59,1,1,0,0.9999273608,,1,368.36039462
4386009294,1,2023_5_44_1_1,2023,5,44,43,1,1,4.0002905569,0.9999273608,,,223.79712386
4386009300,1,2023_5_44_1_1,2023,5,44,39,1,5,0,0,,,147.30748232
4386009306,1,2023_5_44_1_1,2023,5,44,12,1,4,0,0,,,79.065371948
4386009319,1,2023_5_44_1_1,2023,5,44,29,2,1,0,0,,,140.14308569
4386009336,1,2023_5_44_1_1,2023,5,44,84,1,5,0,9.9992736078,,,49.511204635
4386009362,1,2023_5_44_1_1,2023,5,44,50,2,3,0,0,,,166.42543784
4386009363,1,2023_5_44_1_1,2023,5,44,71,2,3,0,0,,,159.82738159
4386009364,1,2023_5_44_1_1,2023,5,44,69,1,3,0,3.9997094431,,,263.06896326
4386009367,1,2023_5_44_1_1,2023,5,44,53,2,4,0,11.999128329,,,188.45448097
4386009369,1,2023_5_44_1_1,2023,5,44,38,1,5,0,0,,,130.54340277
4386009371,1,2023_5_44_1_1,2023,5,44,43,1,3,0,0,,,223.79712386
4386009372,1,2023_5_44_1_1,2023,5,44,68,1,1,0,0,,,100.08485386
4386009378,1,2023_5_44_1_1,2023,5,44,66,1,1,25.001815981,0,,,90.147400441
4386009380,1,2023_5_44_1_1,2023,5,44,64,2,-3,0,0,,,147.30748232
4386009381,1,2023_5_44_1_1,2023,5,44,61,1,1,1.0000726392,0,,,437.4424871
4386009382,1,2023_5_44_1_1,2023,5,44,46,1,3,0,0,,,452.39663628
4386009383,1,2023_5_44_1_1,2023,5,44,64,2,1,0,4.9996368039,,,130.13818546
4386009385,1,2023_5_44_1_1,2023,5,44,60,2,1,1.0000726392,0.9999273608,,,97.077847059
4386009394,1,2023_5_44_1_1,2023,5,44,40,1,1,0,4.9996368039,,,140.14308569
4386009396,1,2023_5_44_1_1,2023,5,44,68,1,1,4.0002905569,0,,,75.911080838
4386009398,1,2023_5_44_1_1,2023,5,44,48,1,1,0,0,,,130.13818546
4386009399,1,2023_5_44_1_1,2023,5,44,73,1,1,0,0,,,58.79650693
4386009401,1,2023_5_44_1_1,2023,5,44,49,2,1,0,0,,,312.40476243
4386009404,1,2023_5_44_1_1,2023,5,44,66,1,1,0,5.9995641647,,,58.79650693
4386009407,1,2023_5_44_1_1,2023,5,44,70,1,3,0,9.9992736078,,,49.587428866
4386009408,1,2023_5_44_1_1,2023,5,44,47,2,1,0,0,,,97.077847059
4386009409,1,2023_5_44_1_1,2023,5,44,80,1,1,1.0000726392,0,,,58.79650693
4386009410,1,2023_5_44_1_1,2023,5,44,71,2,1,0,0,1,,263.06896326
4386009413,1,2023_5_44_1_1,2023,5,44,31,2,3,0,2.9997820823,,,223.79712386
4386009414,1,2023_5_44_1_1,2023,5,44,49,2,1,0,0,,,166.42543784
4386009415,1,2023_5_44_1_1,2023,5,44,49,1,1,0,0,,,343.12801892
4386009416,1,2023_5_44_1_1,2023,5,44,44,2,1,0,0,,,336.42214417
4386009419,1,2023_5_44_1_1,2023,5,44,75,2,1,0,0.9999273608,,,130.13818546
4386009424,1,2023_5_44_1_1,2023,5,44,72,2,1,0,0,,,75.911080838
4386009429,1,2023_5_44_1_1,2023,5,44,49,1,1,19.001380145,6.9994915254,,,130.54340277
4386009440,1,2023_5_44_1_0,2023,5,44,75,1,1,0,0,,,575.19339929
4386009441,1,2023_5_44_1_0,2023,5,44,33,1,1,0,0,,,2424.038969
4386009442,1,2023_5_44_1_0,2023,5,44,74,1,1,0,0,,,938.52351895
4386009443,1,2023_5_44_1_0,2023,5,44,62,2,1,0,0,,,1628.1037483
4386009444,1,2023_5_44_1_0,2023,5,44,73,1,1,0,0,,,790.30936407
4386009447,1,2023_5_44_1_0,2023,5,44,-3,2,1,0,0,,,1637.7459692
4386009448,1,2023_5_44_1_0,2023,5,44,43,1,1,0,0,,,1359.085821
4386009449,1,2023_5_44_1_0,2023,5,44,46,1,4,0,0,,,1359.085821
4386009457,1,2023_5_44_1_0,2023,5,44,73,1,3,0,0,,,300.67399903
4386009465,1,2023_5_44_1_0,2023,5,44,58,1,1,0,0,,,1933.4373708
4386009468,1,2023_5_44_1_0,2023,5,44,68,1,1,0,0,,,300.67399903
4386009470,1,2023_5_44_1_0,2023,5,44,43,1,4,4.0002905569,0,,,357.06222456
4386009474,1,2023_5_44_1_0,2023,5,44,25,1,4,0,0,,,1720.3979748
4386009476,1,2023_5_44_1_0,2023,5,44,81,2,1,0,0,,,1679.2491042
4386009477,1,2023_5_44_1_0,2023,5,44,38,2,1,0,0,,,2747.3358158
4386009478,1,2023_5_44_1_0,2023,5,44,28,2,1,0,0,,,4521.9960283
4386009481,1,2023_5_44_1_0,2023,5,44,68,1,1,0,0,,,638.87202466
4386009484,1,2023_5_44_1_0,2023,5,44,25,2,1,0,0,,,1808.3481822
4386009488,1,2023_5_44_1_0,2023,5,44,70,1,1,0,0,,,790.30936407
4386009491,1,2023_5_44_1_0,2023,5,44,73,1,1,0,0,,,790.30936407
4386009496,1,2023_5_44_1_0,2023,5,44,45,2,-3,0,0.9999273608,,,2747.3358158
4386009499,1,2023_5_44_1_0,2023,5,44,52,2,1,0,0,,,894.57588686
4386009505,1,2023_5_44_1_0,2023,5,44,65,1,1,0,0,,,575.19339929
4386009506,1,2023_5_44_1_0,2023,5,44,41,2,1,0,0,,,619.41372211
4386009508,1,2023_5_44_1_0,2023,5,44,25,1,1,0,0,,,851.06759818
4386009509,1,2023_5_44_1_0,2023,5,44,49,2,1,0,0,,,2656.5215472
4386009516,1,2023_5_44_1_0,2023,5,44,84,1,1,0,0,,,790.30936407
4386009517,1,2023_5_44_1_0,2023,5,44,52,2,1,0,0,,,1144.4553378
4386009519,1,2023_5_44_1_0,2023,5,44,37,2,1,0,0,,,1359.085821
4386009521,1,2023_5_44_1_0,2023,5,44,63,2,1,0,0,,,300.67399903
4386009522,1,2023_5_44_1_0,2023,5,44,52,1,1,0,0,,,1359.085821
4386009526,1,2023_5_44_1_0,2023,5,44,64,1,1,0,0,,,2236.9965294
4386009530,1,2023_5_44_1_0,2023,5,44,-3,1,1,0,0,,,1558.093113
4386009537,1,2023_5_44_1_0,2023,5,44,58,2,1,0,0,,,2656.5215472
4386009540,1,2023_5_44_1_0,2023,5,44,56,2,1,0,0,,,357.06222456
4386009541,1,2023_5_44_1_0,2023,5,44,76,1,1,0,0,,,300.67399903
4386009542,1,2023_5_44_1_0,2023,5,44,65,1,1,0,0,,,300.67399903
4386009554,1,2023_5_44_1_0,2023,5,44,53,2,1,0,0,,,851.06759818
4386009560,1,2023_5_44_1_0,2023,5,44,68,1,1,0,0,,,230.02009101
4386009561,1,2023_5_44_1_0,2023,5,44,78,1,1,0,0,,,790.30936407
4386009563,1,2023_5_44_1_0,2023,5,44,50,1,1,0,0,,,4753.1695673
4386009567,1,2023_5_44_1_0,2023,5,44,65,2,1,0,0,,,357.06222456
4386009570,1,2023_5_44_1_0,2023,5,44,86,2,1,0,0,,,830.71156953
4386009572,1,2023_5_44_1_0,2023,5,44,81,2,1,0,0,,,300.67399903
4386009578,1,2023_5_44_1_0,2023,5,44,61,2,1,0,0,,,1010.6763167
4386009579,1,2023_5_44_1_0,2023,5,44,88,2,1,0,0,1,1,434.72589538
4386009580,1,2023_5_44_1_0,2023,5,44,86,2,1,0,0,,,830.71156953
4386009584,1,2023_5_44_1_0,2023,5,44,76,2,1,0,0,,,830.71156953
4386009586,1,2023_5_44_1_0,2023,5,44,54,1,1,0,0,,,1144.4553378
4386009589,1,2023_5_44_1_0,2023,5,44,49,1,1,0,0,,,1720.3979748
4386009593,1,2023_5_44_1_0,2023,5,44,83,2,1,0,0,,,938.52351895
4386009600,1,2023_5_44_1_0,2023,5,44,71,1,1,0,0,,,300.67399903
4386009602,1,2023_5_44_1_0,2023,5,44,58,2,1,0,0,,,894.57588686
4386009603,1,2023_5_44_1_0,2023,5,44,65,2,1,0,0,,,316.04505907
4386009605,1,2023_5_44_1_0,2023,5,44,56,2,1,0,0,,,1010.6763167
4386009606,1,2023_5_44_1_0,2023,5,44,92,1,1,0,0,,,830.71156953
4386009608,1,2023_5_44_1_0,2023,5,44,62,1,1,0,0,,,851.06759818
4386009613,1,2023_5_44_1_0,2023,5,44,69,1,1,0,0,,,790.30936407
4386009614,1,2023_5_44_1_0,2023,5,44,26,2,1,0,0,,,1359.085821
4386009615,1,2023_5_44_1_0,2023,5,44,36,2,1,0,0,,,1720.3979748
4386009616,1,2023_5_44_1_0,2023,5,44,89,2,1,0,0,,,1679.2491042
4386009621,1,2023_5_44_1_0,2023,5,44,32,2,1,2.0001452784,0,,,894.57588686
4386009622,1,2023_5_44_1_0,2023,5,44,56,2,1,0,0,,,894.57588686
4386009623,1,2023_5_44_1_0,2023,5,44,70,1,1,0,0,,,300.67399903
4386009625,1,2023_5_44_1_0,2023,5,44,65,2,3,0,0,,,300.67399903
4386009626,1,2023_5_44_1_0,2023,5,44,58,2,1,0,0,,,2656.5215472
4386009629,1,2023_5_44_1_0,2023,5,44,83,1,1,0,0,,,830.71156953
4386009630,1,2023_5_44_1_0,2023,5,44,74,1,1,0,0,,,300.67399903
4386009631,1,2023_5_44_1_0,2023,5,44,73,1,1,0,0,,,300.67399903
4386009632,1,2023_5_44_1_0,2023,5,44,85,1,1,0,0,,,790.30936407
4386009636,1,2023_5_44_1_0,2023,5,44,77,1,1,0,0,,,357.06222456
4386009638,1,2023_5_44_1_0,2023,5,44,34,1,1,0,0,,,2043.0404025
4386009648,1,2023_5_44_1_0,2023,5,44,47,2,1,0,0,,,989.15339849
4386009654,1,2023_5_44_1_0,2023,5,44,61,1,1,1.0000726392,0.9999273608,,,735.57820847
4386009659,1,2023_5_44_1_0,2023,5,44,76,1,-3,0,0,,,830.71156953
4386009665,1,2023_5_44_1_0,2023,5,44,50,2,1,0,0,,,894.57588686
4386009667,1,2023_5_44_1_0,2023,5,44,36,1,1,0,0,,,1808.3481822
4386009668,1,2023_5_44_1_0,2023,5,44,64,2,1,0,0,,,300.67399903
4386009670,1,2023_5_44_1_0,2023,5,44,60,1,1,0,0,,,357.06222456
4386009672,1,2023_5_44_1_0,2023,5,44,62,1,1,0,0,,,2236.9965294
4386009673,1,2023_5_44_1_0,2023,5,44,54,1,1,0,0,,,2747.3358158
4386009683,1,2023_5_44_1_0,2023,5,44,38,2,1,0,0,,,2747.3358158
4386009684,1,2023_5_44_1_0,2023,5,44,67,1,1,12.000871671,0,,,316.04505907
4386009685,1,2023_5_44_1_0,2023,5,44,66,1,1,0,0,,,300.67399903
4386009686,1,2023_5_44_1_0,2023,5,44,77,1,1,0,11.999128329,,,300.67399903
4386009690,1,2023_5_44_1_0,2023,5,44,67,1,2,0,0,,,1597.5777157
4386009691,1,2023_5_44_1_0,2023,5,44,69,2,1,0,0,,,1679.2491042
4386009692,1,2023_5_44_1_0,2023,5,44,46,1,1,0,0,,,1359.085821
4386009694,1,2023_5_44_1_0,2023,5,44,59,1,1,0,0,,,2236.9965294
4386009695,1,2023_5_44_1_0,2023,5,44,69,1,1,0,0,,,790.30936407
4386009698,1,2023_5_44_1_0,2023,5,44,76,1,1,0,0,,,830.71156953
4386009699,1,2023_5_44_1_0,2023,5,44,79,2,1,0,0,,,1679.2491042
4386009704,1,2023_5_44_1_0,2023,5,44,59,2,1,0,0,,,1720.3979748
4386009706,1,2023_5_44_1_0,2023,5,44,27,2,1,0,0,,,2043.0404025
4386009711,1,2023_5_44_1_0,2023,5,44,69,1,1,0,0,,,830.71156953
4386009715,1,2023_5_44_1_0,2023,5,44,47,1,1,0,0,,,1359.085821
4386009720,1,2023_5_44_1_0,2023,5,44,57,1,4,0,0,,,2236.9965294
4386009721,1,2023_5_44_1_0,2023,5,44,89,2,1,0,0,,,830.71156953
4386009722,1,2023_5_44_1_0,2023,5,44,70,2,1,2.0001452784,2.9997820823,,,790.30936407
4386009723,1,2023_5_44_1_0,2023,5,44,35,1,1,0,0,,,851.06759818
4386009730,1,2023_5_44_1_0,2023,5,44,31,2,1,0,0,,,1720.3979748
4386009731,1,2023_5_44_1_0,2023,5,44,73,1,1,0,0,,,830.71156953
4386009732,1,2023_5_44_1_0,2023,5,44,86,1,1,0,0,,,830.71156953
4386009735,1,2023_5_44_1_0,2023,5,44,48,2,1,0,0,,,1359.085821
4386009736,1,2023_5_44_1_0,2023,5,44,-3,1,1,0,0,1,1,623.08211484
4386009737,1,2023_5_44_1_0,2023,5,44,38,2,3,0,0,,,2747.3358158
4386009738,1,2023_5_44_1_0,2023,5,44,85,1,1,0,0,,,300.67399903
4386009740,1,2023_5_44_1_0,2023,5,44,78,2,1,2.0001452784,0,,,316.04505907
4386009742,1,2023_5_44_1_0,2023,5,44,70,1,1,0,0,,,516.25413497
4386009743,1,2023_5_44_1_0,2023,5,44,72,2,1,0,0,,,316.04505907
4386009744,1,2023_5_44_1_0,2023,5,44,48,2,1,0,0,,,3572.3017435
4386009747,1,2023_5_44_1_0,2023,5,44,80,2,1,0,0,,,1062.7519743
4386009748,1,2023_5_44_1_0,2023,5,44,79,1,1,0,0,,,218.83291207
4386009749,1,2023_5_44_1_0,2023,5,44,75,1,1,0,0,,,790.30936407
4386009754,1,2023_5_44_1_0,2023,5,44,68,2,1,0,0,,,607.80006208
4386009755,1,2023_5_44_1_0,2023,5,44,59,1,1,0,0,,,1010.6763167
4386009757,1,2023_5_44_1_0,2023,5,44,55,1,1,0,0,,,851.06759818
4386009760,1,2023_5_44_1_0,2023,5,44,47,1,1,0,0,,,2656.5215472
4386009766,1,2023_5_44_1_0,2023,5,44,69,2,1,0,0,,,607.80006208
4386009768,1,2023_5_44_1_0,2023,5,44,79,2,-3,0,0,,,1679.2491042
4386009774,1,2023_5_44_1_0,2023,5,44,66,2,1,0,0,,,1679.2491042
4386009775,1,2023_5_44_1_0,2023,5,44,39,2,1,0,0.9999273608,,,1720.3979748
4386009780,1,2023_5_44_1_0,2023,5,44,35,1,1,0,0,,,851.06759818
4386009781,1,2023_5_44_1_0,2023,5,44,64,2,2,0,0,1,1,300.67399903
4386009786,1,2023_5_44_1_0,2023,5,44,32,2,1,0,0,,,894.57588686
4386009794,1,2023_5_44_1_0,2023,5,44,44,1,1,0,0,,,3572.3017435
4386009796,1,2023_5_44_1_0,2023,5,44,72,1,1,0,0,,,790.30936407
4386009797,1,2023_5_44_1_0,2023,5,44,56,1,1,0,0,,,357.06222456
4386009817,1,2023_5_44_1_0,2023,5,44,76,2,1,0,0,,,316.04505907
4386009831,1,2023_5_44_1_0,2023,5,44,-3,1,2,0,0,,,3310.6357881
4386009842,1,2023_5_44_1_0,2023,5,44,69,1,1,0,0,,,357.06222456
4386009845,1,2023_5_44_1_0,2023,5,44,33,2,1,0,0,,,851.06759818
4386009848,1,2023_5_44_1_0,2023,5,44,47,1,1,0,0,,,894.57588686
4386009850,1,2023_5_44_1_0,2023,5,44,36,1,1,0,0,,,2747.3358158
4386009851,1,2023_5_44_1_0,2023,5,44,80,1,1,0,0,,,790.30936407
4386009863,1,2023_5_44_1_0,2023,5,44,72,2,1,0,0,,,878.78043014
4386009869,1,2023_5_44_1_0,2023,5,44,75,1,3,0,0,,,790.30936407
4386009877,1,2023_5_44_1_0,2023,5,44,71,2,1,0,0,,,316.04505907
4386009878,1,2023_5_44_1_0,2023,5,44,72,2,1,0,0,,,638.87202466
4386009881,1,2023_5_44_1_0,2023,5,44,75,2,1,0,0,,,1597.5777157
4386009882,1,2023_5_44_1_0,2023,5,44,54,1,1,0,0,,,2351.3562947
4386009884,1,2023_5_44_1_0,2023,5,44,73,1,1,0,0,,,434.72589538
4386009885,1,2023_5_44_1_0,2023,5,44,82,2,1,0,0,,,1679.2491042
4386009887,1,2023_5_44_1_0,2023,5,44,80,1,1,0,0,,,300.67399903
4386009889,1,2023_5_44_1_0,2023,5,44,31,1,1,0,0,,,851.06759818
4386009891,1,2023_5_44_1_0,2023,5,44,78,2,1,0,0,,,638.87202466
4386009892,1,2023_5_44_1_0,2023,5,44,55,1,1,0,0,,,1010.6763167
4386009898,1,2023_5_44_1_0,2023,5,44,83,2,1,0,0,,,316.04505907
4386009908,1,2023_5_44_1_0,2023,5,44,84,2,1,0,0,,,638.87202466
4386009914,1,2023_5_44_1_0,2023,5,44,63,1,1,0,0,,,851.06759818
4386009919,1,2023_5_44_1_0,2023,5,44,64,2,1,0,0,,,790.30936407
4386009921,1,2023_5_44_1_0,2023,5,44,98,1,1,0,0,,,830.71156953
4386009922,1,2023_5_44_1_0,2023,5,44,48,2,1,0,0,,,2747.3358158
4386009925,1,2023_5_44_1_0,2023,5,44,58,1,1,0,0,1,1,1597.5777157
4386009926,1,2023_5_44_1_0,2023,5,44,67,2,1,0,0,,,830.71156953
4386009929,1,2023_5_44_1_0,2023,5,44,80,2,1,0,0,,,316.04505907
4386009938,1,2023_5_44_1_0,2023,5,44,72,2,1,0,0,,,316.04505907
4386009942,1,2023_5_44_1_0,2023,5,44,85,1,1,0,0,,,790.30936407
4386009946,1,2023_5_44_1_0,2023,5,44,64,1,1,0,0,,,851.06759818
4386009948,1,2023_5_44_1_0,2023,5,44,72,2,1,0,0,,,790.30936407
4386009950,1,2023_5_44_1_0,2023,5,44,48,2,1,0,0,,,1359.085821
4386009953,1,2023_5_44_1_0,2023,5,44,56,2,1,0,0,,,1144.4553378
4386009956,1,2023_5_44_1_0,2023,5,44,32,2,1,0,0,,,894.57588686
4386009959,1,2023_5_44_1_0,2023,5,44,56,2,1,0,0,,,2351.3562947
4386009960,1,2023_5_44_1_0,2023,5,44,70,2,1,0,0,,,790.30936407
4386009961,1,2023_5_44_1_0,2023,5,44,30,1,1,0,0,,,7221.26033
4386009967,1,2023_5_44_1_0,2023,5,44,49,2,1,0,0,,,1359.085821
4386009968,1,2023_5_44_1_0,2023,5,44,50,2,1,0,0,,,2599.9494331
4386009971,1,2023_5_44_1_0,2023,5,44,60,1,1,0,0,,,300.67399903
4386009974,1,2023_5_44_1_0,2023,5,44,81,2,1,0,0,,,790.30936407
4386009975,1,2023_5_44_1_0,2023,5,44,32,2,1,2.4130554431,0,,,1354.7563116
4386009978,1,2023_5_44_1_0,2023,5,44,32,1,1,0,0,,,1720.3979748
4386009981,1,2023_5_44_1_0,2023,5,44,79,2,1,0,0,,,697.94132182
4386009982,1,2023_5_44_1_0,2023,5,44,73,2,1,0,0,,,316.04505907
4386009984,1,2023_5_44_1_0,2023,5,44,81,2,1,0,0,,,1679.2491042
4386009986,1,2023_5_44_1_0,2023,5,44,53,2,1,0,0,,,851.06759818
4386009989,1,2023_5_44_1_0,2023,5,44,35,1,1,0,0,,,851.06759818
4386009990,1,2023_5_44_1_0,2023,5,44,82,2,1,0,0,,,830.71156953
4386009991,1,2023_5_44_1_0,2023,5,44,68,2,1,0,0,,,790.30936407
4386009992,1,2023_5_44_1_0,2023,5,44,47,2,1,0,0,,,851.06759818
4386009993,1,2023_5_44_1_0,2023,5,44,81,2,1,0,0,,,938.52351895
4386009994,1,2023_5_44_1_0,2023,5,44,72,2,1,0,0,,,575.19339929
4386009996,1,2023_5_44_1_0,2023,5,44,79,2,1,0,0,,,218.83291207
4386009997,1,2023_5_44_1_0,2023,5,44,80,2,1,0,0,,,316.04505907
4386009999,1,2023_5_44_1_0,2023,5,44,81,2,1,0,0,,,830.71156953
4386010001,1,2023_5_44_1_0,2023,5,44,68,1,1,0,3.9997094431,,,638.87202466
4386010003,1,2023_5_44_1_0,2023,5,44,71,1,1,0,0,,,790.30936407
4386010005,1,2023_5_44_1_0,2023,5,44,43,1,1,5.0003631961,0,,,1359.085821
4386010008,1,2023_5_44_1_0,2023,5,44,81,2,1,0,0,,,790.30936407
4386010012,1,2023_5_44_1_0,2023,5,44,26,1,1,0,0,,,1808.3481822
4386010013,1,2023_5_44_1_0,2023,5,44,51,2,1,0,0,,,894.57588686
4386010014,1,2023_5_44_1_0,2023,5,44,76,1,1,0,0,,,300.67399903
4386010015,1,2023_5_44_1_0,2023,5,44,71,2,1,0,0,,,316.04505907
4386010017,1,2023_5_44_1_0,2023,5,44,66,1,1,0,7.9994188862,,,638.87202466
4386010018,1,2023_5_44_1_0,2023,5,44,65,2,1,0,0,,1,790.30936407
4386010021,1,2023_5_44_1_0,2023,5,44,79,2,4,0,0,1,1,830.71156953
4386010023,1,2023_5_44_1_0,2023,5,44,21,2,1,0,0,,,2043.0404025
4386010028,1,2023_5_44_1_0,2023,5,44,70,2,1,0,0,,,316.04505907
4386010030,1,2023_5_44_1_0,2023,5,44,63,2,1,0,0,,,300.67399903
4386010035,1,2023_5_44_1_0,2023,5,44,56,1,1,14.001016949,0,,,619.41372211
4386010036,1,2023_5_44_1_0,2023,5,44,56,1,1,0,0,,,851.06759818
4386010037,1,2023_5_44_1_0,2023,5,44,82,2,1,0,0,,,790.30936407
4386010038,1,2023_5_44_1_0,2023,5,44,69,1,1,0,0,,,300.67399903
4386010041,1,2023_5_44_1_0,2023,5,44,62,1,1,0,0,,,851.06759818
4386010043,1,2023_5_44_1_0,2023,5,44,64,1,1,0,0,,,851.06759818
4386010045,1,2023_5_44_1_0,2023,5,44,66,1,1,0,0,,,790.30936407
4386010056,1,2023_5_44_1_0,2023,5,44,45,1,1,0,0,,,1720.3979748
4386010057,1,2023_5_44_1_0,2023,5,44,60,2,1,0,0,,,851.06759818
4386010060,1,2023_5_44_1_0,2023,5,44,70,1,1,0,0,,,300.67399903
4386010062,1,2023_5_44_1_0,2023,5,44,77,1,1,0,0,,,1679.2491042
4386010067,1,2023_5_44_1_0,2023,5,44,75,1,1,0,0,,,300.67399903
4386010069,1,2023_5_44_1_0,2023,5,44,62,2,1,0,0,,,851.06759818
4386010070,1,2023_5_44_1_0,2023,5,44,68,1,1,0,0,,,604.59844363
4386010071,1,2023_5_44_1_0,2023,5,44,55,1,1,0,0,,,1010.6763167
4386010072,1,2023_5_44_1_0,2023,5,44,61,1,1,0,0,,,894.57588686
4386010075,1,2023_5_44_1_0,2023,5,44,73,2,-3,0,0,,,316.04505907
4386010076,1,2023_5_44_1_0,2023,5,44,77,1,1,0,0,1,,1679.2491042
4386010078,1,2023_5_44_1_0,2023,5,44,89,2,1,0,0,1,1,938.52351895
4386010079,1,2023_5_44_1_0,2023,5,44,71,2,1,0,0,,,536.2762817
4386010090,1,2023_5_44_1_0,2023,5,44,75,1,1,0,0,,,300.67399903
4386010092,1,2023_5_44_1_0,2023,5,44,89,1,1,0,0,,,790.30936407
4386010096,1,2023_5_44_1_0,2023,5,44,57,2,1,0,0,,,2351.3562947
4386010098,1,2023_5_44_1_0,2023,5,44,79,2,1,0,0,,,790.30936407
4386010106,1,2023_5_44_1_0,2023,5,44,63,1,1,3.1255872189,6.706963156,,,2257.0418907
4386010110,1,2023_5_44_1_0,2023,5,44,64,2,1,0,0,,,790.30936407
4386010114,1,2023_5_44_1_0,2023,5,44,60,2,1,0,0,,,894.57588686
4386010116,1,2023_5_44_1_0,2023,5,44,66,2,1,0,0,,,300.67399903
4386010120,1,2023_5_44_1_0,2023,5,44,35,1,1,0,0,,,894.57588686
4386010125,1,2023_5_44_1_0,2023,5,44,70,1,1,0,0,,,683.06483223
4386010126,1,2023_5_44_1_0,2023,5,44,61,2,-3,0,0,,,2656.5215472
4386010127,1,2023_5_44_1_0,2023,5,44,43,2,1,0,0,,,1359.085821
4386010131,1,2023_5_44_1_0,2023,5,44,62,1,1,0,0,,,2236.9965294
4386010138,1,2023_5_44_1_0,2023,5,44,49,2,1,0,0,,,1144.4553378
4386010142,1,2023_5_44_1_0,2023,5,44,87,1,1,0,0,,,790.30936407
4386010143,1,2023_5_44_1_0,2023,5,44,83,2,1,0,0,,,300.67399903
4386010145,1,2023_5_44_1_0,2023,5,44,61,2,1,0,0,,1,894.57588686
4386010155,1,2023_5_44_1_0,2023,5,44,52,1,1,0,0,,,1359.085821
4386010166,1,2023_5_44_1_0,2023,5,44,71,1,1,0,0,,,790.30936407
4386010167,1,2023_5_44_1_0,2023,5,44,78,1,1,0,2.9997820823,,,300.67399903
4386010169,1,2023_5_44_1_0,2023,5,44,43,1,1,0,0,,,1359.085821
4386010172,1,2023_5_44_1_0,2023,5,44,37,2,1,0,0,,,1359.085821
4386010174,1,2023_5_44_1_0,2023,5,44,76,1,1,0,0,,,938.52351895
4386010175,1,2023_5_44_1_0,2023,5,44,64,2,1,0,0,,,894.57588686
4386010176,1,2023_5_44_1_0,2023,5,44,42,2,1,0,0,,,3572.3017435
4386010177,1,2023_5_44_1_0,2023,5,44,79,2,1,0,0,,,316.04505907
4386010180,1,2023_5_44_1_0,2023,5,44,66,1,1,0,0,,,1679.2491042
4386010183,1,2023_5_44_1_0,2023,5,44,72,1,-3,0,0,,,790.30936407
4386010187,1,2023_5_44_1_0,2023,5,44,81,2,1,0,0,,,638.87202466
4386010190,1,2023_5_44_1_0,2023,5,44,33,1,1,0,0,,,1808.3481822
4386010197,1,2023_5_44_1_0,2023,5,44,81,1,1,0,3.9997094431,,,300.67399903
4386010199,1,2023_5_44_1_0,2023,5,44,66,1,1,0,0,,,218.83291207
4386010200,1,2023_5_44_1_0,2023,5,44,67,1,1,0,0,,,790.30936407
4386010202,1,2023_5_44_1_0,2023,5,44,36,1,3,0,0,,,894.57588686
4386010205,1,2023_5_44_1_0,2023,5,44,58,2,1,0,0,1,1,1103.5455569
4386010209,1,2023_5_44_1_0,2023,5,44,40,2,1,0,0,,,1359.085821
4386010215,1,2023_5_44_1_0,2023,5,44,67,1,1,0,0,,,938.52351895
4386010216,1,2023_5_44_1_0,2023,5,44,59,2,1,0,0,,,1808.3481822
4386010219,1,2023_5_44_1_0,2023,5,44,70,2,1,0,0,,,434.72589538
4386010220,1,2023_5_44_1_0,2023,5,44,66,2,1,0,0,,,1597.5777157
4386010228,1,2023_5_44_1_0,2023,5,44,52,2,1,0,0,,,851.06759818
4386010231,1,2023_5_44_1_0,2023,5,44,72,2,1,0,0,,,1597.5777157
4386010233,1,2023_5_44_1_0,2023,5,44,86,2,1,0,0,1,1,1679.2491042
4386010247,1,2023_5_44_1_0,2023,5,44,70,1,1,0,0,,,218.83291207
4386010258,1,2023_5_44_1_0,2023,5,44,35,2,3,0,0,,,2747.3358158
4386010263,1,2023_5_44_1_0,2023,5,44,68,2,1,0,0,,,300.67399903
4386010268,1,2023_5_44_1_0,2023,5,44,31,2,1,0,0,,,851.06759818
4386010272,1,2023_5_44_1_0,2023,5,44,69,2,1,0,0,,,638.87202466
4386010276,1,2023_5_44_1_0,2023,5,44,56,1,3,0,0,,,1010.6763167
4386010277,1,2023_5_44_1_0,2023,5,44,58,2,1,0,0,,,851.06759818
4386010291,1,2023_5_44_1_0,2023,5,44,27,1,3,0,0,,,1720.3979748
4386010295,1,2023_5_44_1_0,2023,5,44,54,1,1,0,0,,,1010.6763167
4386010300,1,2023_5_44_1_0,2023,5,44,60,1,1,0,0,,,894.57588686
4386010303,1,2023_5_44_1_0,2023,5,44,50,2,1,0,0,,,3300.0702966
4386010306,1,2023_5_44_1_0,2023,5,44,81,1,1,0,0,,,790.30936407
4386010307,1,2023_5_44_1_0,2023,5,44,65,1,1,0,0,,,300.67399903
4386010328,1,2023_5_44_1_0,2023,5,44,67,1,2,0,0,,,638.87202466
4386010330,1,2023_5_44_1_0,2023,5,44,73,1,1,0,0,,,300.67399903
4386010332,1,2023_5_44_1_0,2023,5,44,62,1,1,0,0,,,1808.3481822
4386010334,1,2023_5_44_1_0,2023,5,44,83,1,1,0,0,,,790.30936407
4386010360,1,2023_5_44_1_0,2023,5,44,62,2,1,0,0,,,1808.3481822
4386010364,1,2023_5_44_1_0,2023,5,44,30,2,1,0,0,,,894.57588686
4386010365,1,2023_5_44_1_0,2023,5,44,64,2,3,0,0,,,894.57588686
4386010369,1,2023_5_44_1_0,2023,5,44,42,2,3,0,0,,,1359.085821
4386010370,1,2023_5_44_1_0,2023,5,44,88,1,2,0,9.9992736078,,,638.87202466
4386010372,1,2023_5_44_1_0,2023,5,44,58,1,3,0,0,,,2313.4691647
4386010376,1,2023_5_44_1_0,2023,5,44,68,2,1,0,0,,,300.67399903
4386010387,1,2023_5_44_1_0,2023,5,44,68,1,-3,0,0,,,638.87202466
4386010396,1,2023_5_44_1_0,2023,5,44,46,2,1,0,0,,,851.06759818
4386010406,1,2023_5_44_1_0,2023,5,44,73,2,2,0,0,,,316.04505907
4386010415,1,2023_5_44_1_0,2023,5,44,40,1,1,0,0,,,1808.3481822
4386010416,1,2023_5_44_1_0,2023,5,44,43,1,1,0,0,,,894.57588686
4386010422,1,2023_5_44_1_0,2023,5,44,80,2,1,0,0,,,830.71156953
4386010428,1,2023_5_44_1_0,2023,5,44,42,2,4,0,0,,,1359.085821
4386010434,1,2023_5_44_1_0,2023,5,44,-3,2,1,0,0,1,1,1558.093113
4386010435,1,2023_5_44_1_0,2023,5,44,67,1,3,0,0,,1,638.87202466
4386010436,1,2023_5_44_1_0,2023,5,44,72,2,1,0,0,,,830.71156953
4386010438,1,2023_5_44_1_0,2023,5,44,74,2,1,0,0,,,316.04505907
4386010441,1,2023_5_44_1_0,2023,5,44,73,2,3,0,0,,,316.04505907
4386010443,1,2023_5_44_1_0,2023,5,44,24,2,1,0,0,,,1720.3979748
4386010444,1,2023_5_44_1_0,2023,5,44,79,1,1,0,0,,,790.30936407
4386010460,1,2023_5_44_1_0,2023,5,44,22,2,3,0,0,,,1720.3979748
4386010478,1,2023_5_44_1_0,2023,5,44,75,2,1,0,0,,,316.04505907
4386010479,1,2023_5_44_1_0,2023,5,44,35,1,2,0,0,,,357.06222456
4386010486,1,2023_5_44_1_0,2023,5,44,49,1,1,0,0,,,1808.3481822
4386010489,1,2023_5_44_1_0,2023,5,44,33,1,1,0,0,,,1010.6763167
4386010507,1,2023_5_44_1_0,2023,5,44,46,2,1,0,0,,,1808.3481822
4386010512,1,2023_5_44_1_0,2023,5,44,69,2,1,0,0,,,316.04505907
4386010518,1,2023_5_44_1_0,2023,5,44,40,1,1,0,0,,,894.57588686
4386010519,1,2023_5_44_1_0,2023,5,44,24,1,1,0,0,,,2043.0404025
4386010545,1,2023_5_44_1_0,2023,5,44,39,1,1,0,0,,,1010.6763167
4386010550,1,2023_5_44_1_0,2023,5,44,26,2,4,0,0,,,1808.3481822
4386010552,1,2023_5_44_1_0,2023,5,44,44,1,1,0,0.9999273608,,,851.06759818
4386010557,1,2023_5_44_1_0,2023,5,44,36,2,1,0,0,,,851.06759818
4386010564,1,2023_5_44_1_0,2023,5,44,71,1,4,0,0,,,480.15195234
4386010571,1,2023_5_44_1_0,2023,5,44,46,1,3,0,0,,,7221.26033
4386010584,1,2023_5_44_1_0,2023,5,44,88,1,1,0,0,,,790.30936407
4386010586,1,2023_5_44_1_0,2023,5,44,26,2,1,0,0,,,851.06759818
4386010591,1,2023_5_44_1_0,2023,5,44,89,2,1,0,0,,,830.71156953
4386010592,1,2023_5_44_1_0,2023,5,44,58,1,1,2.0001452784,0,,,2656.5215472
4386010593,1,2023_5_44_1_0,2023,5,44,47,2,3,0,0,,,1720.3979748
4386010603,1,2023_5_44_1_0,2023,5,44,69,1,1,0,0,,,638.87202466
4386010608,1,2023_5_44_1_0,2023,5,44,90,1,1,0,0,,,790.30936407
4386010609,1,2023_5_44_1_0,2023,5,44,53,1,2,0,0,,,1965.0179342
4386010614,1,2023_5_44_1_0,2023,5,44,60,1,1,0,0,,,1010.6763167
4386010617,1,2023_5_44_1_0,2023,5,44,65,2,1,0,0,,,357.06222456
4386010627,1,2023_5_44_1_0,2023,5,44,45,2,1,0,0,,,1808.3481822
4386010630,1,2023_5_44_1_0,2023,5,44,66,2,1,0,0,,,790.30936407
4386010632,1,2023_5_44_1_0,2023,5,44,54,1,1,0,0,,,851.06759818
4386010634,1,2023_5_44_1_0,2023,5,44,54,2,1,0,0,,,1359.085821
4386010639,1,2023_5_44_1_0,2023,5,44,-3,1,1,0,0,,,592.77810495
4386010643,1,2023_5_44_1_0,2023,5,44,70,1,1,0,0,,,638.87202466
4386010644,1,2023_5_44_1_0,2023,5,44,93,1,1,0,0,,,790.30936407
4386010650,1,2023_5_44_1_0,2023,5,44,85,2,1,0,0,,,830.71156953
4386010652,1,2023_5_44_1_0,2023,5,44,75,2,1,0,0,,,790.30936407
4386010655,1,2023_5_44_1_0,2023,5,44,40,2,1,0,0,,,851.06759818
4386010656,1,2023_5_44_1_0,2023,5,44,35,2,1,0,0,,,1808.3481822
4386010663,1,2023_5_44_1_0,2023,5,44,66,2,1,0,0,,,790.30936407
4386010674,1,2023_5_44_1_0,2023,5,44,42,1,1,0,0,,,1720.3979748
4386010675,1,2023_5_44_1_0,2023,5,44,89,2,1,0,0,,,1024.7627675
4386010676,1,2023_5_44_1_0,2023,5,44,54,2,5,0,0,,,300.67399903
4386010679,1,2023_5_44_1_0,2023,5,44,38,1,1,0,0,,,2747.3358158
4386010680,1,2023_5_44_1_0,2023,5,44,73,2,1,0,0,,,218.83291207
4386010684,1,2023_5_44_1_0,2023,5,44,83,1,1,0,0,,,938.52351895
4386010690,1,2023_5_44_1_0,2023,5,44,-3,1,-3,0,0,,,1850.2969821
4386010693,1,2023_5_44_1_0,2023,5,44,62,2,4,0,0,,,619.41372211
4386010699,1,2023_5_44_1_0,2023,5,44,98,2,1,0,0,,,923.70545457
4386010700,1,2023_5_44_1_0,2023,5,44,80,2,1,0,0,,,790.30936407
4386010706,1,2023_5_44_1_0,2023,5,44,68,2,1,0,4.9996368039,,,1262.0598566
4386010708,1,2023_5_44_1_0,2023,5,44,29,2,1,0,0,,,1720.3979748
4386010711,1,2023_5_44_1_0,2023,5,44,36,1,3,0,0,,,1359.085821
4386010713,1,2023_5_44_1_0,2023,5,44,34,2,2,0,0,,,1359.085821
4386010715,1,2023_5_44_1_0,2023,5,44,36,2,1,0,0,,,894.57588686
4386010720,1,2023_5_44_1_0,2023,5,44,65,1,1,0,0,,,790.30936407
4386010721,1,2023_5_44_1_0,2023,5,44,66,1,1,0,0,,,830.71156953
4386010723,1,2023_5_44_1_0,2023,5,44,20,2,1,0,0,,,1808.3481822
4386010728,1,2023_5_44_1_0,2023,5,44,42,1,3,0,0,,,1359.085821
4386010733,1,2023_5_44_1_0,2023,5,44,28,1,1,0,0,,,894.57588686
4386010736,1,2023_5_44_1_0,2023,5,44,88,1,1,0,0,,,790.30936407
4386010747,1,2023_5_44_1_0,2023,5,44,74,2,4,0,0,,1,790.30936407
4386010757,1,2023_5_44_1_0,2023,5,44,81,2,1,0,0,,,830.71156953
4386010760,1,2023_5_44_1_0,2023,5,44,69,1,1,0,0,,,218.83291207
4386010762,1,2023_5_44_1_0,2023,5,44,71,1,1,0,0,,1,636.84922122
4386010771,1,2023_5_44_1_0,2023,5,44,58,2,1,0,0,,,851.06759818
4386010772,1,2023_5_44_1_0,2023,5,44,56,2,1,0,0,,,1010.6763167
4386010779,1,2023_5_44_1_0,2023,5,44,77,2,1,0,0,,,790.30936407
4386010780,1,2023_5_44_1_0,2023,5,44,51,2,1,0,0,,,1359.085821
4386010782,1,2023_5_44_1_0,2023,5,44,66,1,1,2.0001452784,0,,,790.30936407
4386010784,1,2023_5_44_1_0,2023,5,44,29,2,1,0,0,,,1720.3979748
4386010789,1,2023_5_45_1_1,2023,5,45,67,2,1,0,0,,,169.01364309
4386010791,1,2023_5_45_1_1,2023,5,45,26,1,1,0,0,,,93.002216155
4386010792,1,2023_5_45_1_1,2023,5,45,54,1,1,0,0,,,310.47278065
4386010798,1,2023_5_45_1_1,2023,5,45,84,1,1,0,0,,,452.18478364
4386010800,1,2023_5_45_1_1,2023,5,45,76,1,1,0,0,,,110.98476888
4386010811,1,2023_5_45_1_1,2023,5,45,49,1,1,0,0,,,195.05374777
4386010812,1,2023_5_45_1_1,2023,5,45,69,1,1,0,0,,,110.98476888
4386010813,1,2023_5_45_1_1,2023,5,45,63,1,1,0,0,,,829.27623046
4386010815,1,2023_5_45_1_1,2023,5,45,59,1,1,0,0,,,203.87555214
4386010822,1,2023_5_45_1_1,2023,5,45,69,2,1,0,0,,,110.80130799
4386010823,1,2023_5_45_1_1,2023,5,45,68,1,2,0,0,1,1,110.80130799
4386010832,1,2023_5_45_1_1,2023,5,45,-3,-3,-3,0,0,,,258.21814192
4386010836,1,2023_5_45_1_1,2023,5,45,62,1,1,2.0017491751,1.9982508249,,,209.27194359
4386010837,1,2023_5_45_1_1,2023,5,45,90,2,3,0,0,,,110.98476888
4386010839,1,2023_5_45_1_1,2023,5,45,37,2,1,0,0,,,354.47267679
4386010840,1,2023_5_45_1_1,2023,5,45,41,2,1,0,0,,,310.47278065
4386010841,1,2023_5_45_1_1,2023,5,45,29,2,3,0,0,,,232.76859423
4386010844,1,2023_5_45_1_1,2023,5,45,75,2,2,0,0,,,451.43730971
4386010846,1,2023_5_45_1_1,2023,5,45,74,1,1,0,0,,,97.208479129
4386010850,1,2023_5_45_1_1,2023,5,45,66,1,1,0,0,,,97.208479129
4386010862,1,2023_5_45_1_1,2023,5,45,79,1,2,0,0,,,110.80130799
4386010863,1,2023_5_45_1_1,2023,5,45,70,1,1,15.013118813,0,,,99.946709543
4386010864,1,2023_5_45_1_1,2023,5,45,59,2,1,0,0,,,203.87555214
4386010866,1,2023_5_45_1_1,2023,5,45,67,2,2,0,0,,,110.98476888
4386010868,1,2023_5_45_1_1,2023,5,45,34,2,1,0,0,,,232.76859423
4386010869,1,2023_5_45_1_1,2023,5,45,31,2,1,0,0,,,354.47267679
4386010870,1,2023_5_45_1_1,2023,5,45,47,1,1,2.0017491751,11.98950495,,,319.21837588
4386010874,1,2023_5_45_1_1,2023,5,45,43,1,1,0,2.9973762374,,,1106.828258
4386010876,1,2023_5_45_1_1,2023,5,45,57,2,2,0,0,,,346.54597222
4386010881,1,2023_5_45_1_1,2023,5,45,51,2,1,0,0,,,319.21837588
4386010882,1,2023_5_45_1_1,2023,5,45,74,1,1,0,0,,,110.98476888
4386010883,1,2023_5_45_1_1,2023,5,45,65,1,1,0,0,,,110.98476888
4386010887,1,2023_5_45_1_1,2023,5,45,40,1,2,0,19.982508249,,,726.81161213
4386010888,1,2023_5_45_1_1,2023,5,45,64,2,1,0,0,,,232.38382132
4386010893,1,2023_5_45_1_1,2023,5,45,53,1,1,0,0,,,232.38382132
4386010897,1,2023_5_45_1_1,2023,5,45,63,1,2,0,9.9912541246,,,364.45768914
4386010899,1,2023_5_45_1_1,2023,5,45,36,2,4,0,0,,,354.47267679
4386010900,1,2023_5_45_1_1,2023,5,45,81,1,1,0,0,,,452.18478364
4386010901,1,2023_5_45_1_1,2023,5,45,45,2,1,0,0,,,354.47267679
4386010903,1,2023_5_45_1_1,2023,5,45,59,1,1,0,0,,,946.80043962
4386010907,1,2023_5_45_1_1,2023,5,45,46,1,1,10.008745875,9.9912541246,,,319.21837588
4386010911,1,2023_5_45_1_1,2023,5,45,38,2,1,0,0,,,706.89922411
4386010914,1,2023_5_45_1_1,2023,5,45,62,1,1,3.0026237626,4.9956270623,,,726.81161213
4386010920,1,2023_5_45_1_1,2023,5,45,57,1,5,0,1.9982508249,,,209.61844867
4386010923,1,2023_5_45_1_1,2023,5,45,65,1,2,0,1.9982508249,,,464.92221291
4386010924,1,2023_5_45_1_1,2023,5,45,43,2,1,0,0,,,110.98476888
4386010925,1,2023_5_45_1_1,2023,5,45,42,1,1,0,13.987755774,,,209.61844867
4386010926,1,2023_5_45_1_1,2023,5,45,44,2,1,0,0,,,354.47267679
4386010927,1,2023_5_45_1_1,2023,5,45,75,2,1,0,0,,,110.80130799
4386010933,1,2023_5_45_1_1,2023,5,45,73,1,1,0,0,,,452.18478364
4386010936,1,2023_5_45_1_1,2023,5,45,37,1,1,10.008745875,0,,,319.21837588
4386010937,1,2023_5_45_1_1,2023,5,45,57,1,1,0,0,,,232.38382132
4386010938,1,2023_5_45_1_1,2023,5,45,41,1,2,1.0008745875,4.9956270623,,,1106.828258
4386010940,1,2023_5_45_1_1,2023,5,45,39,1,1,3.0026237626,2.9973762374,,,364.45768914
4386010941,1,2023_5_45_1_1,2023,5,45,54,2,1,0,0,,,354.47267679
4386010942,1,2023_5_45_1_1,2023,5,45,66,1,2,0,0,,1,378.91854364
4386010945,1,2023_5_45_1_1,2023,5,45,33,1,1,7.0061221128,0.9991254125,,,239.32536839
4386010946,1,2023_5_45_1_1,2023,5,45,44,1,1,2.0017491751,0.9991254125,,,319.21837588
4386010947,1,2023_5_45_1_1,2023,5,45,69,1,3,2.0017491751,1.9982508249,,,114.1110586
4386010950,1,2023_5_45_1_1,2023,5,45,59,2,1,2.0017491751,1.9982508249,,,209.27194359
4386010952,1,2023_5_45_1_1,2023,5,45,37,1,1,0,0,,,706.89922411
4386010957,1,2023_5_45_1_1,2023,5,45,89,1,1,0,0,,,97.047790831
4386010959,1,2023_5_45_1_1,2023,5,45,66,2,1,0,0,,,97.208479129
4386010960,1,2023_5_45_1_1,2023,5,45,29,1,1,6.0052475252,4.9956270623,,,209.61844867
4386010961,1,2023_5_45_1_1,2023,5,45,65,2,1,0,4.9956270623,,,114.1110586
4386010965,1,2023_5_45_1_1,2023,5,45,47,1,1,5.0043729377,23.979009899,,,319.21837588
4386010969,1,2023_5_45_1_1,2023,5,45,39,1,1,0,0,,,354.47267679
4386010970,1,2023_5_45_1_1,2023,5,45,46,2,1,10.008745875,9.9912541246,,,319.21837588
4386010971,1,2023_5_45_1_1,2023,5,45,76,2,1,0,0,,,97.208479129
4386010978,1,2023_5_45_1_1,2023,5,45,63,2,1,7.0061221128,0,,,114.1110586
4386010979,1,2023_5_45_1_1,2023,5,45,35,1,1,0,0,,,354.47267679
4386010981,1,2023_5_45_1_1,2023,5,45,83,1,1,0,0,,,97.208479129
4386010984,1,2023_5_45_1_1,2023,5,45,70,1,1,0,1.9982508249,,,114.1110586
4386010988,1,2023_5_45_1_1,2023,5,45,53,2,1,0,0,,,110.98476888
4386010989,1,2023_5_45_1_1,2023,5,45,75,2,1,0,0,,,110.80130799
4386010993,1,2023_5_45_1_1,2023,5,45,85,1,1,0,0,,,97.208479129
4386010996,1,2023_5_45_1_1,2023,5,45,71,2,1,0,0,,,110.98476888
4386010999,1,2023_5_45_1_1,2023,5,45,44,2,4,0,0,,,364.45768914
4386011000,1,2023_5_45_1_1,2023,5,45,59,1,1,2.0017491751,0,,,852.63581202
4386011003,1,2023_5_45_1_1,2023,5,45,75,2,1,0,0,,,451.43730971
4386011006,1,2023_5_45_1_1,2023,5,45,32,1,1,4.0034983501,1.9982508249,,,209.27194359
4386011009,1,2023_5_45_1_1,2023,5,45,39,2,1,0,0,,,354.47267679
4386011013,1,2023_5_45_1_1,2023,5,45,50,2,1,0,0,,,200.54814609
4386011014,1,2023_5_45_1_1,2023,5,45,75,2,1,0,0,,,395.40141177
4386011018,1,2023_5_45_1_1,2023,5,45,41,2,1,0,0,,,232.76859423
4386011021,1,2023_5_45_1_1,2023,5,45,70,1,1,0,0,,,110.80130799
4386011022,1,2023_5_45_1_1,2023,5,45,64,2,1,0,0,,,331.88423703
4386011024,1,2023_5_45_1_1,2023,5,45,75,2,1,0,0,,,110.80130799
4386011025,1,2023_5_45_1_1,2023,5,45,79,1,1,0,0,,,821.75888695
4386011026,1,2023_5_45_1_1,2023,5,45,23,1,1,0,0,,,942.88049673
4386011031,1,2023_5_45_1_1,2023,5,45,86,1,1,0,0,,,110.80130799
4386011032,1,2023_5_45_1_1,2023,5,45,62,1,1,1.0008745875,0,,,238.92975695
4386011033,1,2023_5_45_1_1,2023,5,45,75,2,1,0,0,,,110.98476888
4386011035,1,2023_5_45_1_1,2023,5,45,57,1,1,60.052475252,0,,,175.65455576
4386011037,1,2023_5_45_1_1,2023,5,45,86,1,1,0,0,,,452.18478364
4386011039,1,2023_5_45_1_1,2023,5,45,75,1,1,6.0052475252,3.9965016499,,,114.1110586
4386011044,1,2023_5_45_1_1,2023,5,45,75,1,1,0,5.9947524748,,,464.92221291
4386011045,1,2023_5_45_1_1,2023,5,45,51,1,1,0,0,,,203.87555214
4386011047,1,2023_5_45_1_1,2023,5,45,80,1,1,0,0,,,452.18478364
4386011048,1,2023_5_45_1_1,2023,5,45,74,1,2,1.0008745875,0,,,114.1110586
4386011050,1,2023_5_45_1_1,2023,5,45,61,1,1,10.008745875,4.9956270623,,,209.61844867
4386011052,1,2023_5_45_1_1,2023,5,45,65,2,1,5.0043729377,0,,,113.92242988
4386011057,1,2023_5_45_1_1,2023,5,45,-3,-3,-3,0,0,,,232.76859423
4386011058,1,2023_5_45_1_1,2023,5,45,43,2,1,0,0,,,175.65455576
4386011060,1,2023_5_45_1_1,2023,5,45,69,2,1,0,0,,,169.01364309
4386011061,1,2023_5_45_1_1,2023,5,45,64,1,1,0,0,,,232.76859423
4386011069,1,2023_5_45_1_1,2023,5,45,69,2,4,0,0,,,452.18478364
4386011070,1,2023_5_45_1_1,2023,5,45,61,2,1,0,0,,,396.05610344
4386011072,1,2023_5_45_1_1,2023,5,45,74,1,1,0,9.9912541246,,,114.1110586
4386011074,1,2023_5_45_1_1,2023,5,45,64,1,1,10.008745875,9.9912541246,,,209.61844867
4386011077,1,2023_5_45_1_1,2023,5,45,75,1,1,0,0,,,110.98476888
4386011078,1,2023_5_45_1_1,2023,5,45,24,1,3,0,0,,,232.76859423
4386011081,1,2023_5_45_1_1,2023,5,45,77,2,1,0,0,,1,110.98476888
4386011082,1,2023_5_45_1_1,2023,5,45,68,1,1,0,0,,,123.33269874
4386011086,1,2023_5_45_1_1,2023,5,45,86,2,-3,0,0,,,110.98476888
4386011090,1,2023_5_45_1_1,2023,5,45,37,1,1,0,0,,,354.47267679
4386011092,1,2023_5_45_1_1,2023,5,45,69,1,1,0,0,1,1,395.40141177
4386011093,1,2023_5_45_1_1,2023,5,45,71,1,1,10.008745875,0,,,99.946709543
4386011100,1,2023_5_45_1_1,2023,5,45,72,2,1,2.0017491751,1.9982508249,,,99.946709543
4386011103,1,2023_5_45_1_1,2023,5,45,48,1,1,2.0017491751,0,,,209.27194359
4386011105,1,2023_5_45_1_1,2023,5,45,75,1,2,0,4.9956270623,,,341.23296381
4386011108,1,2023_5_45_1_1,2023,5,45,74,1,2,0,0,,,452.18478364
4386011115,1,2023_5_45_1_1,2023,5,45,66,1,1,3.0026237626,0,,,114.1110586
4386011118,1,2023_5_45_1_1,2023,5,45,76,2,1,0,0,,,110.80130799
4386011120,1,2023_5_45_1_1,2023,5,45,40,1,1,1.0008745875,0.9991254125,,,364.45768914
4386011121,1,2023_5_45_1_1,2023,5,45,62,1,2,2.0017491751,2.9973762374,,,464.92221291
4386011125,1,2023_5_45_1_1,2023,5,45,35,2,5,0,0,,,319.21837588
4386011128,1,2023_5_45_1_1,2023,5,45,72,1,2,0,0,,,566.2129754
4386011131,1,2023_5_45_1_1,2023,5,45,68,1,1,0,0,,,110.98476888
4386011135,1,2023_5_45_1_1,2023,5,45,69,1,1,0,0,,,110.98476888
4386011137,1,2023_5_45_1_1,2023,5,45,75,1,1,0,4.9956270623,,,114.1110586
4386011144,1,2023_5_45_1_1,2023,5,45,58,2,1,0,0,,,97.208479129
4386011145,1,2023_5_45_1_1,2023,5,45,46,2,1,0,0,,,195.05374777
4386011146,1,2023_5_45_1_1,2023,5,45,62,1,1,0,0,,,232.76859423
4386011147,1,2023_5_45_1_1,2023,5,45,76,2,1,0,0,,,452.18478364
4386011150,1,2023_5_45_1_1,2023,5,45,36,2,1,0,0,,,354.47267679
4386011152,1,2023_5_45_1_1,2023,5,45,37,2,1,0,0,,,195.05374777
4386011162,1,2023_5_45_1_1,2023,5,45,47,2,1,0,0,,,203.87555214
4386011163,1,2023_5_45_1_1,2023,5,45,68,1,1,16.013993401,0,,,99.946709543
4386011173,1,2023_5_45_1_1,2023,5,45,63,1,2,0,5.9947524748,,,817.09248003
4386011174,1,2023_5_45_1_1,2023,5,45,34,2,1,0,0,,,354.47267679
4386011175,1,2023_5_45_1_1,2023,5,45,64,2,1,0,0,,,396.05610344
4386011182,1,2023_5_45_1_1,2023,5,45,64,2,1,0,0,,,81.458060231
4386011184,1,2023_5_45_1_1,2023,5,45,56,2,1,0,0.9991254125,,,725.61017248
4386011188,1,2023_5_45_1_1,2023,5,45,47,1,1,0,0,,,203.87555214
4386011190,1,2023_5_45_1_1,2023,5,45,53,1,1,3.0026237626,3.9965016499,,,319.21837588
4386011191,1,2023_5_45_1_1,2023,5,45,40,2,1,0,0,,,1076.5045904
4386011193,1,2023_5_45_1_1,2023,5,45,40,1,1,2.0017491751,7.9930032997,,,319.21837588
4386011194,1,2023_5_45_1_1,2023,5,45,78,2,1,2.0017491751,0,,,114.1110586
4386011199,1,2023_5_45_1_1,2023,5,45,80,1,1,0,0,,,452.18478364
4386011200,1,2023_5_45_1_1,2023,5,45,66,1,1,0,0,,,97.208479129
4386011202,1,2023_5_45_1_1,2023,5,45,41,1,1,1.0008745875,0.9991254125,,,364.45768914
4386011205,1,2023_5_45_1_1,2023,5,45,74,1,1,0,0,,,396.05610344
4386011210,1,2023_5_45_1_1,2023,5,45,34,1,1,5.0043729377,4.9956270623,,,364.45768914
4386011213,1,2023_5_45_1_1,2023,5,45,68,2,1,0,0,,,110.98476888
4386011216,1,2023_5_45_1_1,2023,5,45,66,2,1,0,0,,,110.80130799
4386011219,1,2023_5_45_1_1,2023,5,45,73,1,1,0,0,,,110.98476888
4386011220,1,2023_5_45_1_1,2023,5,45,63,1,1,0,0,,,232.76859423
4386011222,1,2023_5_45_1_1,2023,5,45,44,1,1,5.0043729377,2.9973762374,,,1300.5901052
4386011227,1,2023_5_45_1_1,2023,5,45,74,1,1,2.0017491751,1.9982508249,,,83.752622805
4386011228,1,2023_5_45_1_1,2023,5,45,72,1,4,0,7.9930032997,,,407.21246426
4386011231,1,2023_5_45_1_1,2023,5,45,69,1,1,3.0026237626,11.98950495,,,407.21246426
4386011235,1,2023_5_45_1_1,2023,5,45,34,2,1,0,0,,,364.45768914
4386011240,1,2023_5_45_1_1,2023,5,45,76,1,1,0,0,,,110.80130799
4386011241,1,2023_5_45_1_1,2023,5,45,34,1,1,0,0,,,232.76859423
4386011245,1,2023_5_45_1_1,2023,5,45,49,2,1,0,0,,,319.21837588
4386011249,1,2023_5_45_1_1,2023,5,45,43,2,2,0,0,,,310.47278065
4386011250,1,2023_5_45_1_1,2023,5,45,76,2,1,0,0,,,452.18478364
4386011252,1,2023_5_45_1_1,2023,5,45,55,2,1,2.0017491751,2.9973762374,,,319.21837588
4386011255,1,2023_5_45_1_1,2023,5,45,39,2,1,0,0,,,364.45768914
4386011259,1,2023_5_45_1_1,2023,5,45,67,1,1,0,0.9991254125,,,99.946709543
4386011260,1,2023_5_45_1_1,2023,5,45,62,1,1,0,0,,,706.89922411
4386011263,1,2023_5_45_1_1,2023,5,45,43,2,1,0,0,,,423.01215749
4386011264,1,2023_5_45_1_1,2023,5,45,65,1,1,0,0,,,110.98476888
4386011265,1,2023_5_45_1_1,2023,5,45,53,1,1,0,1.9982508249,,,364.45768914
4386011266,1,2023_5_45_1_1,2023,5,45,43,1,1,0,0,,,354.47267679
4386011270,1,2023_5_45_1_1,2023,5,45,81,1,1,0,0,,,395.40141177
4386011275,1,2023_5_45_1_1,2023,5,45,63,1,1,0,0,,,232.76859423
4386011283,1,2023_5_45_1_1,2023,5,45,74,1,1,2.0017491751,1.9982508249,,,407.21246426
4386011285,1,2023_5_45_1_1,2023,5,45,70,1,1,5.0043729377,14.986881187,,,99.946709543
4386011286,1,2023_5_45_1_1,2023,5,45,64,2,1,0,0,,,1373.2482845
4386011287,1,2023_5_45_1_1,2023,5,45,64,2,1,0,0,,,396.05610344
4386011288,1,2023_5_45_1_1,2023,5,45,86,2,1,0,0,,,451.43730971
4386011290,1,2023_5_45_1_1,2023,5,45,54,2,1,0,3.9965016499,,,200.54814609
4386011291,1,2023_5_45_1_1,2023,5,45,80,2,1,0,0,,,110.98476888
4386011292,1,2023_5_45_1_1,2023,5,45,75,1,1,0,0,,,567.1504908
4386011293,1,2023_5_45_1_1,2023,5,45,74,1,1,0,0,,,395.40141177
4386011296,1,2023_5_45_1_1,2023,5,45,67,1,1,0,0,,,110.98476888
4386011297,1,2023_5_45_1_1,2023,5,45,69,1,1,0,0,,,110.80130799
4386011299,1,2023_5_45_1_1,2023,5,45,77,1,1,0,0,,,452.18478364
4386011302,1,2023_5_45_1_1,2023,5,45,47,1,1,0,0,,,354.47267679
4386011303,1,2023_5_45_1_1,2023,5,45,38,1,1,0,0,,,1076.5045904
4386011304,1,2023_5_45_1_1,2023,5,45,51,1,1,4.0034983501,0,,,209.61844867
4386011306,1,2023_5_45_1_1,2023,5,45,66,2,2,0,0,,,93.002216155
4386011307,1,2023_5_45_1_1,2023,5,45,78,1,1,0,0,,,93.002216155
4386011308,1,2023_5_45_1_1,2023,5,45,70,2,1,0,0,,,395.40141177
4386011309,1,2023_5_45_1_1,2023,5,45,68,1,2,0,1.9982508249,,,114.1110586
4386011312,1,2023_5_45_1_1,2023,5,45,69,1,1,0,0,,,110.98476888
4386011314,1,2023_5_45_1_1,2023,5,45,70,1,1,0,0,,,110.98476888
4386011316,1,2023_5_45_1_1,2023,5,45,57,2,1,2.0017491751,0,,,114.1110586
4386011321,1,2023_5_45_1_1,2023,5,45,54,1,1,10.008745875,9.9912541246,,,319.21837588
4386011322,1,2023_5_45_1_1,2023,5,45,71,1,1,2.0017491751,2.9973762374,,,99.946709543
4386011323,1,2023_5_45_1_1,2023,5,45,52,1,1,0,0,,,203.87555214
4386011324,1,2023_5_45_1_1,2023,5,45,39,2,1,0,0,,,354.47267679
4386011325,1,2023_5_45_1_1,2023,5,45,37,2,1,0,0,,,354.47267679
4386011331,1,2023_5_45_1_1,2023,5,45,76,1,3,0,0,,,97.208479129
4386011335,1,2023_5_45_1_1,2023,5,45,66,2,1,0,0,,,110.98476888
4386011338,1,2023_5_45_1_1,2023,5,45,62,2,1,0,0,,,195.05374777
4386011345,1,2023_5_45_1_1,2023,5,45,35,2,1,0,0,,,364.45768914
4386011346,1,2023_5_45_1_1,2023,5,45,91,2,1,0,0,,,451.43730971
4386011349,1,2023_5_45_1_1,2023,5,45,59,2,1,0,0,,,200.54814609
4386011355,1,2023_5_45_1_1,2023,5,45,66,1,1,0,0,,,93.002216155
4386011357,1,2023_5_45_1_1,2023,5,45,56,1,1,0,0,,,232.76859423
4386011361,1,2023_5_45_1_1,2023,5,45,62,1,2,0,1.9982508249,,,239.32536839
4386011362,1,2023_5_45_1_1,2023,5,45,71,1,1,0,0,,,567.1504908
4386011363,1,2023_5_45_1_1,2023,5,45,51,1,1,0,0,,,170.84216474
4386011367,1,2023_5_45_1_1,2023,5,45,56,2,1,0,0,,,705.73070019
4386011368,1,2023_5_45_1_1,2023,5,45,42,2,1,0,0,,,310.47278065
4386011369,1,2023_5_45_1_1,2023,5,45,61,1,1,0,0,,,170.84216474
4386011370,1,2023_5_45_1_1,2023,5,45,72,2,1,0,0,,,110.98476888
4386011372,1,2023_5_45_1_1,2023,5,45,25,2,1,0,0,,,705.73070019
4386011374,1,2023_5_45_1_1,2023,5,45,48,2,1,0,0,,,948.36811828
4386011375,1,2023_5_45_1_1,2023,5,45,79,1,1,0,0,,,110.98476888
4386011378,1,2023_5_45_1_1,2023,5,45,59,1,1,0,0,,1,195.05374777
4386011379,1,2023_5_45_1_1,2023,5,45,85,1,1,0,0,,,452.18478364
4386011381,1,2023_5_45_1_1,2023,5,45,55,1,1,0,7.9930032997,,,200.54814609
4386011384,1,2023_5_45_1_1,2023,5,45,22,1,1,0,0,,,726.81161213
4386011386,1,2023_5_45_1_1,2023,5,45,61,1,1,0,0,,,310.47278065
4386011387,1,2023_5_45_1_1,2023,5,45,72,2,2,0,0,,,83.752622805
4386011388,1,2023_5_45_1_1,2023,5,45,60,1,5,0,0,,,291.46623922
4386011390,1,2023_5_45_1_1,2023,5,45,76,1,1,1.0008745875,0,,,99.946709543
4386011391,1,2023_5_45_1_1,2023,5,45,74,1,1,0,0,,,110.98476888
4386011396,1,2023_5_45_1_1,2023,5,45,61,2,1,7.0061221128,0,,,99.946709543
4386011399,1,2023_5_45_1_1,2023,5,45,59,1,1,0,0,,,354.47267679
4386011400,1,2023_5_45_1_1,2023,5,45,65,1,1,0,0,,,110.98476888
4386011405,1,2023_5_45_1_1,2023,5,45,61,2,1,0,0,,,232.38382132
4386011410,1,2023_5_45_1_1,2023,5,45,69,2,1,0,0,,,97.208479129
4386011412,1,2023_5_45_1_1,2023,5,45,59,1,1,0,0,,,232.76859423
4386011415,1,2023_5_45_1_1,2023,5,45,82,1,1,0,7.9930032997,,,126.80681283
4386011419,1,2023_5_45_1_1,2023,5,45,68,1,1,0,0,,,452.18478364
4386011425,1,2023_5_45_1_1,2023,5,45,72,2,1,0,0,,,97.208479129
4386011429,1,2023_5_45_1_1,2023,5,45,65,1,1,0,0,,,452.18478364
4386011430,1,2023_5_45_1_1,2023,5,45,28,1,1,0,0,,,239.32536839
4386011434,1,2023_5_45_1_1,2023,5,45,75,1,1,0,0,,,396.05610344
4386011435,1,2023_5_45_1_1,2023,5,45,80,1,1,0,0,,,451.43730971
4386011438,1,2023_5_45_1_1,2023,5,45,67,1,1,0,8.9921287122,,,113.92242988
4386011440,1,2023_5_45_1_1,2023,5,45,42,1,3,0,0,,,354.47267679
4386011443,1,2023_5_45_1_1,2023,5,45,76,2,1,0,0,,,452.18478364
4386011446,1,2023_5_45_1_1,2023,5,45,85,1,1,0,0,,,452.18478364
4386011447,1,2023_5_45_1_1,2023,5,45,90,1,5,0,0,1,1,1370.9782672
4386011452,1,2023_5_45_1_1,2023,5,45,76,2,1,0,0,,,396.05610344
4386011456,1,2023_5_45_1_1,2023,5,45,52,2,2,0,0,,,452.18478364
4386011457,1,2023_5_45_1_1,2023,5,45,65,2,1,3.0026237626,14.986881187,,,125.15043814
4386011458,1,2023_5_45_1_1,2023,5,45,70,2,2,0,0,,,378.91854364
4386011460,1,2023_5_45_1_1,2023,5,45,62,2,2,1.0008745875,2.9973762374,,,488.64401085
4386011461,1,2023_5_45_1_1,2023,5,45,57,1,1,3.0026237626,0.9991254125,,,715.66862817
4386011473,1,2023_5_45_1_1,2023,5,45,55,2,1,0,0,,,794.70667573
4386011475,1,2023_5_45_1_1,2023,5,45,78,2,1,0,0,,,451.43730971
4386011478,1,2023_5_45_1_1,2023,5,45,76,1,1,0,0,,,451.43730971
4386011480,1,2023_5_45_1_1,2023,5,45,78,1,1,0,0,,,337.05168546
4386011484,1,2023_5_45_1_1,2023,5,45,50,2,1,4.0034983501,0,,,319.21837588
4386011485,1,2023_5_45_1_1,2023,5,45,46,2,1,0,0,,,310.47278065
4386011486,1,2023_5_45_1_1,2023,5,45,41,2,1,0,0,,,354.47267679
4386011487,1,2023_5_45_1_1,2023,5,45,52,1,1,0,0,,,203.87555214
4386011488,1,2023_5_45_1_1,2023,5,45,71,1,1,0,0.9991254125,,,125.15043814
4386011490,1,2023_5_45_1_1,2023,5,45,68,1,1,0,0,,,110.98476888
4386011492,1,2023_5_45_1_1,2023,5,45,29,1,1,0,0,,,232.76859423
4386011493,1,2023_5_45_1_1,2023,5,45,59,2,1,0,0.9991254125,,,114.1110586
4386011494,1,2023_5_45_1_1,2023,5,45,64,1,1,1.0008745875,1.9982508249,,,239.32536839
4386011498,1,2023_5_45_1_1,2023,5,45,66,2,1,0,0,,,452.18478364
4386011499,1,2023_5_45_1_1,2023,5,45,75,2,1,0,0,,,97.047790831
4386011501,1,2023_5_45_1_1,2023,5,45,44,2,1,0,0,,,203.53854023
4386011504,1,2023_5_45_1_1,2023,5,45,51,1,1,4.0034983501,0,,,364.45768914
4386011505,1,2023_5_45_1_1,2023,5,45,68,1,1,0,0.9991254125,,,406.53933082
4386011506,1,2023_5_45_1_1,2023,5,45,77,2,1,0,0,,,201.69347453
4386011507,1,2023_5_45_1_1,2023,5,45,55,2,1,0,0,,,175.65455576
4386011509,1,2023_5_45_1_1,2023,5,45,78,1,1,0,0,,,396.05610344
4386011511,1,2023_5_45_1_1,2023,5,45,57,1,1,0,0,,,232.76859423
4386011514,1,2023_5_45_1_1,2023,5,45,82,1,1,0,0,,,452.18478364
4386011519,1,2023_5_45_1_1,2023,5,45,49,1,1,1.0008745875,0,,,319.21837588
4386011520,1,2023_5_45_1_1,2023,5,45,66,2,1,0,7.9930032997,,,95.621961872
4386011523,1,2023_5_45_1_1,2023,5,45,65,1,1,0,0,,,396.05610344
4386011524,1,2023_5_45_1_1,2023,5,45,65,2,2,0,0,,,95.621961872
4386011525,1,2023_5_45_1_1,2023,5,45,70,1,1,0,0,,,110.98476888
4386011527,1,2023_5_45_1_1,2023,5,45,64,2,1,0,0,,,946.80043962
4386011542,1,2023_5_45_1_1,2023,5,45,54,1,1,0,0,,,203.87555214
4386011545,1,2023_5_45_1_1,2023,5,45,81,1,2,0,0,,,451.43730971
4386011547,1,2023_5_45_1_1,2023,5,45,65,1,1,0,0,,,97.047790831
4386011551,1,2023_5_45_1_1,2023,5,45,60,1,1,0,0,,,696.06152341
4386011557,1,2023_5_45_1_1,2023,5,45,54,2,1,0,0,,,239.32536839
4386011561,1,2023_5_45_1_1,2023,5,45,79,1,1,0,0,,,110.80130799
4386011562,1,2023_5_45_1_1,2023,5,45,71,2,2,0,0,,,395.40141177
4386011566,1,2023_5_45_1_1,2023,5,45,73,1,2,0,0,,,452.18478364
4386011569,1,2023_5_45_1_1,2023,5,45,79,2,3,0,0,,,395.40141177
4386011570,1,2023_5_45_1_1,2023,5,45,72,1,1,0,0,,,110.80130799
4386011574,1,2023_5_45_1_1,2023,5,45,70,1,2,40.034983501,0,,,114.1110586
4386011575,1,2023_5_45_1_1,2023,5,45,68,1,1,0,0,,,396.05610344
4386011576,1,2023_5_45_1_1,2023,5,45,65,1,1,0,11.98950495,,,114.1110586
4386011579,1,2023_5_45_1_1,2023,5,45,76,2,1,0,0,,,451.43730971
4386011581,1,2023_5_45_1_1,2023,5,45,81,1,1,3.0026237626,3.9965016499,,,464.92221291
4386011583,1,2023_5_45_1_1,2023,5,45,70,1,1,2.0017491751,0,,,99.946709543
4386011584,1,2023_5_45_1_1,2023,5,45,73,1,-3,0,0,,,110.98476888
4386011585,1,2023_5_45_1_1,2023,5,45,81,1,1,0,0,,,110.98476888
4386011587,1,2023_5_45_1_1,2023,5,45,65,2,1,0,1.9982508249,,,95.621961872
4386011588,1,2023_5_45_1_1,2023,5,45,66,1,1,6.0052475252,3.9965016499,,,83.752622805
4386011589,1,2023_5_45_1_1,2023,5,45,56,2,1,0,0,,,195.05374777
4386011591,1,2023_5_45_1_1,2023,5,45,75,2,1,0,0,,,451.43730971
4386011592,1,2023_5_45_1_1,2023,5,45,56,1,1,0,0,,,203.87555214
4386011593,1,2023_5_45_1_1,2023,5,45,64,2,1,0,0,,,97.208479129
4386011596,1,2023_5_45_1_1,2023,5,45,68,1,1,0,0,,,452.18478364
4386011597,1,2023_5_45_1_1,2023,5,45,60,1,1,30.026237626,0,,,209.27194359
4386011598,1,2023_5_45_1_1,2023,5,45,-3,2,1,4.0034983501,0,,,211.67459413
4386011599,1,2023_5_45_1_1,2023,5,45,83,1,1,0,0,,,451.43730971
4386011601,1,2023_5_45_1_1,2023,5,45,76,1,1,0,0,,,452.18478364
4386011606,1,2023_5_45_1_1,2023,5,45,49,2,1,2.0017491751,1.9982508249,,,319.21837588
4386011610,1,2023_5_45_1_1,2023,5,45,77,2,1,0,0,,,110.98476888
4386011611,1,2023_5_45_1_1,2023,5,45,54,1,2,2.0017491751,0,,,973.47051803
4386011614,1,2023_5_45_1_1,2023,5,45,60,2,1,0,0,,,567.1504908
4386011617,1,2023_5_45_1_1,2023,5,45,82,2,1,0,0,,,110.80130799
4386011619,1,2023_5_45_1_1,2023,5,45,30,1,1,1.0008745875,0,,,364.45768914
4386011620,1,2023_5_45_1_1,2023,5,45,37,2,2,0,0,,,354.47267679
4386011621,1,2023_5_45_1_1,2023,5,45,73,1,1,6.0052475252,0,,,407.21246426
4386011622,1,2023_5_45_1_1,2023,5,45,66,2,1,0,0,,,110.98476888
4386011624,1,2023_5_45_1_1,2023,5,45,57,1,1,5.0043729377,3.9965016499,,,209.61844867
4386011629,1,2023_5_45_1_1,2023,5,45,73,1,2,0,0,1,1,110.98476888
4386011630,1,2023_5_45_1_1,2023,5,45,53,1,1,0,0,,,232.38382132
4386011632,1,2023_5_45_1_1,2023,5,45,-3,1,-3,0,14.986881187,,,211.67459413
4386011634,1,2023_5_45_1_1,2023,5,45,73,2,1,0,0,,,452.18478364
4386011638,1,2023_5_45_1_1,2023,5,45,49,2,1,1.0008745875,0.9991254125,,,200.54814609
4386011639,1,2023_5_45_1_1,2023,5,45,54,1,1,0,0,,,232.76859423
4386011641,1,2023_5_45_1_1,2023,5,45,37,2,1,0,0,,,706.89922411
4386011644,1,2023_5_45_1_1,2023,5,45,75,1,1,2.0017491751,0,,,99.946709543
4386011645,1,2023_5_45_1_1,2023,5,45,84,1,1,0,0,,,378.91854364
4386011648,1,2023_5_45_1_1,2023,5,45,70,2,1,0,0,,,452.18478364
4386011652,1,2023_5_45_1_1,2023,5,45,37,1,1,0,0,,,354.47267679
4386011655,1,2023_5_45_1_1,2023,5,45,76,1,1,0,0,,,452.18478364
4386011656,1,2023_5_45_1_1,2023,5,45,62,2,1,0,0,,,110.98476888
4386011661,1,2023_5_45_1_1,2023,5,45,83,1,1,0,0,,,110.80130799
4386011663,1,2023_5_45_1_1,2023,5,45,48,1,1,4.0034983501,9.9912541246,,,209.61844867
4386011664,1,2023_5_45_1_1,2023,5,45,70,1,1,2.0017491751,0,,,95.621961872
4386011666,1,2023_5_45_1_1,2023,5,45,66,1,1,0,0,,,110.98476888
4386011669,1,2023_5_45_1_1,2023,5,45,77,1,1,0,0.9991254125,,,114.1110586
4386011670,1,2023_5_45_1_1,2023,5,45,77,1,1,0,0,,,110.98476888
4386011671,1,2023_5_45_1_1,2023,5,45,72,1,1,0,0,,,110.98476888
4386011672,1,2023_5_45_1_1,2023,5,45,73,1,1,0,0,,,110.98476888
4386011673,1,2023_5_45_1_1,2023,5,45,65,2,1,0,0,,1,110.80130799
4386011676,1,2023_5_45_1_1,2023,5,45,71,1,1,7.0061221128,4.9956270623,,,99.946709543
4386011677,1,2023_5_45_1_1,2023,5,45,64,2,2,0,0,,,110.98476888
4386011680,1,2023_5_45_1_1,2023,5,45,53,1,1,1.0008745875,0,,,364.45768914
4386011681,1,2023_5_45_1_1,2023,5,45,70,2,1,0,0,,,337.05168546
4386011684,1,2023_5_45_1_1,2023,5,45,59,1,1,0,0,,,706.89922411
4386011690,1,2023_5_45_1_1,2023,5,45,47,2,1,0,0,,,310.47278065
4386011691,1,2023_5_45_1_1,2023,5,45,46,2,1,0,0.9991254125,,,175.65455576
4386011693,1,2023_5_45_1_1,2023,5,45,76,2,1,0,0,,,452.18478364
4386011695,1,2023_5_45_1_1,2023,5,45,-3,1,1,0,0,,,838.79714832
4386011705,1,2023_5_45_1_1,2023,5,45,1,1,1,30.026237626,0,,,380.31151348
4386011710,1,2023_5_45_1_1,2023,5,45,55,2,1,0,0,,,195.05374777
4386011713,1,2023_5_45_1_1,2023,5,45,77,1,1,2.0017491751,1.9982508249,,,99.946709543
4386011715,1,2023_5_45_1_1,2023,5,45,-3,1,1,0,0,,,624.19316654
4386011717,1,2023_5_45_1_1,2023,5,45,14,2,1,0,0,,,1076.5045904
4386011722,1,2023_5_45_1_1,2023,5,45,70,2,1,0,0,,,110.98476888
4386011728,1,2023_5_45_1_1,2023,5,45,62,2,1,0,0,,,200.54814609
4386011729,1,2023_5_45_1_1,2023,5,45,76,1,1,4.0034983501,2.9973762374,,,406.53933082
4386011731,1,2023_5_45_1_1,2023,5,45,35,2,1,0,0,,,239.32536839
4386011732,1,2023_5_45_1_1,2023,5,45,70,1,1,0,0,,,110.80130799
4386011735,1,2023_5_45_1_1,2023,5,45,32,1,1,0,0,,,705.73070019
4386011737,1,2023_5_45_1_1,2023,5,45,38,1,1,0,0.9991254125,,,200.54814609
4386011739,1,2023_5_45_1_1,2023,5,45,54,1,1,0,1.9982508249,,,175.65455576
4386011742,1,2023_5_45_1_1,2023,5,45,61,1,1,0,0,,,110.98476888
4386011745,1,2023_5_45_1_1,2023,5,45,58,2,1,0,0,,,232.76859423
4386011746,1,2023_5_45_1_1,2023,5,45,63,1,1,0,0.9991254125,,,200.54814609
4386011748,1,2023_5_45_1_1,2023,5,45,70,2,1,0,0,,,378.91854364
4386011749,1,2023_5_45_1_1,2023,5,45,67,2,1,0,0,,,110.98476888
4386011751,1,2023_5_45_1_1,2023,5,45,49,2,1,2.0017491751,2.9973762374,,,200.54814609
4386011755,1,2023_5_45_1_1,2023,5,45,54,2,1,0,0,,1,170.84216474
4386011756,1,2023_5_45_1_1,2023,5,45,52,1,1,0,0,,,232.38382132
4386011759,1,2023_5_45_1_1,2023,5,45,66,2,1,0,0,,,110.98476888
4386011761,1,2023_5_45_1_1,2023,5,45,70,2,1,0,0,,,110.80130799
4386011765,1,2023_5_45_1_1,2023,5,45,61,1,1,0,0,,,110.98476888
4386011783,1,2023_5_45_1_1,2023,5,45,78,1,1,0,0,,,97.208479129
4386011785,1,2023_5_45_1_1,2023,5,45,49,1,1,0,0.9991254125,,,364.45768914
4386011786,1,2023_5_45_1_1,2023,5,45,69,2,1,0,0,,,110.98476888
4386011789,1,2023_5_45_1_1,2023,5,45,53,1,1,2.0017491751,1.9982508249,,,364.45768914
4386011793,1,2023_5_45_1_1,2023,5,45,42,1,1,0,0,,,354.47267679
4386011797,1,2023_5_45_1_1,2023,5,45,75,1,1,0,0,,,110.98476888
4386011800,1,2023_5_45_1_1,2023,5,45,68,1,1,2.0017491751,1.9982508249,,,341.23296381
4386011804,1,2023_5_45_1_1,2023,5,45,92,1,1,0,0,,,110.98476888
4386011809,1,2023_5_45_1_1,2023,5,45,86,1,1,6.0052475252,12.988630362,,,464.92221291
4386011810,1,2023_5_45_1_1,2023,5,45,67,1,1,4.0034983501,5.9947524748,,,99.946709543
4386011811,1,2023_5_45_1_1,2023,5,45,53,2,1,0,0,,,200.54814609
4386011814,1,2023_5_45_1_1,2023,5,45,75,1,1,0,1.9982508249,,,113.92242988
4386011816,1,2023_5_45_1_1,2023,5,45,72,2,1,0,0,,,110.98476888
4386011818,1,2023_5_45_1_1,2023,5,45,71,1,1,0,0,,,110.98476888
4386011819,1,2023_5_45_1_1,2023,5,45,76,2,1,0,0,,,97.047790831
4386011822,1,2023_5_45_1_1,2023,5,45,50,1,1,0,0,,,170.84216474
4386011823,1,2023_5_45_1_1,2023,5,45,69,2,1,0,0,,,110.80130799
4386011825,1,2023_5_45_1_1,2023,5,45,72,1,1,0,0,,,110.98476888
4386011827,1,2023_5_45_1_1,2023,5,45,68,2,1,0,0,,,110.98476888
4386011829,1,2023_5_45_1_1,2023,5,45,85,2,1,0,0,,,452.18478364
4386011835,1,2023_5_45_1_1,2023,5,45,85,1,1,0,0,,,452.18478364
4386011836,1,2023_5_45_1_1,2023,5,45,85,2,1,0,0,,,452.18478364
4386011837,1,2023_5_45_1_1,2023,5,45,71,2,1,0,0,,,451.43730971
4386011838,1,2023_5_45_1_1,2023,5,45,69,2,1,0,0,,,110.98476888
4386011841,1,2023_5_45_1_1,2023,5,45,37,2,1,0,0.9991254125,,,364.45768914
4386011846,1,2023_5_45_1_1,2023,5,45,80,2,1,0,0,,,451.43730971
4386011849,1,2023_5_45_1_1,2023,5,45,71,2,1,0,0,,,114.1110586
4386011852,1,2023_5_45_1_1,2023,5,45,34,1,1,5.0043729377,4.9956270623,,,209.61844867
4386011854,1,2023_5_45_1_1,2023,5,45,75,1,1,0,0,,,140.81128712
4386011855,1,2023_5_45_1_1,2023,5,45,60,2,1,0,0,,,706.89922411
4386011857,1,2023_5_45_1_1,2023,5,45,71,2,1,0,0,,,110.98476888
4386011858,1,2023_5_45_1_1,2023,5,45,75,2,1,4.0034983501,3.9965016499,,,407.21246426
4386011860,1,2023_5_45_1_1,2023,5,45,60,1,1,1.0008745875,0,,,239.32536839
4386011862,1,2023_5_45_1_1,2023,5,45,58,1,1,0,0,,1,232.76859423
4386011863,1,2023_5_45_1_1,2023,5,45,40,2,1,0,0,,,354.47267679
4386011866,1,2023_5_45_1_1,2023,5,45,75,1,1,0,0,,,295.2142178
4386011867,1,2023_5_45_1_1,2023,5,45,81,1,1,0,0,,,452.18478364
4386011869,1,2023_5_45_1_1,2023,5,45,73,2,1,1.0008745875,0,,,99.781494875
4386011872,1,2023_5_45_1_1,2023,5,45,73,2,1,0,0,,,97.208479129
4386011873,1,2023_5_45_1_1,2023,5,45,79,1,1,0,0,,,168.0380189
4386011875,1,2023_5_45_1_1,2023,5,45,90,1,1,0,0,,,336.49452973
4386011876,1,2023_5_45_1_1,2023,5,45,65,2,1,0,3.9965016499,,,113.92242988
4386011878,1,2023_5_45_1_1,2023,5,45,79,1,1,3.0026237626,2.9973762374,,,464.92221291
4386011886,1,2023_5_45_1_1,2023,5,45,78,1,1,0,0,,,110.98476888
4386011889,1,2023_5_45_1_1,2023,5,45,71,1,1,0,0,,,110.98476888
4386011890,1,2023_5_45_1_1,2023,5,45,42,1,1,2.0017491751,0,,,364.45768914
4386011891,1,2023_5_45_1_1,2023,5,45,69,1,1,0,0,,,110.98476888
4386011892,1,2023_5_45_1_1,2023,5,45,66,2,1,0,0,,,97.208479129
4386011895,1,2023_5_45_1_1,2023,5,45,76,1,1,0,0,,,337.05168546
4386011897,1,2023_5_45_1_1,2023,5,45,75,1,1,20.017491751,0,,,464.92221291
4386011902,1,2023_5_45_1_1,2023,5,45,34,2,5,3.0026237626,2.9973762374,,,319.21837588
4386011908,1,2023_5_45_1_1,2023,5,45,66,2,1,0,0,,,110.98476888
4386011909,1,2023_5_45_1_1,2023,5,45,76,1,1,0,0,,,110.98476888
4386011912,1,2023_5_45_1_1,2023,5,45,90,2,1,0,0,,,1370.9782672
4386011914,1,2023_5_45_1_1,2023,5,45,44,2,1,0,0,,,1284.6533997
4386011922,1,2023_5_45_1_1,2023,5,45,66,1,2,0,0.9991254125,,,407.21246426
4386011925,1,2023_5_45_1_1,2023,5,45,79,2,1,0,0,,,451.43730971
4386011935,1,2023_5_45_1_1,2023,5,45,59,1,1,0,0,,,203.87555214
4386011937,1,2023_5_45_1_1,2023,5,45,59,2,1,0,0,,,975.08235606
4386011939,1,2023_5_45_1_1,2023,5,45,73,2,2,0,0,,,93.002216155
4386011946,1,2023_5_45_1_0,2023,5,45,30,1,1,0,0,,,2159.5470635
4386011948,1,2023_5_45_1_0,2023,5,45,73,2,1,0,0,,,676.15037044
4386011956,1,2023_5_45_1_0,2023,5,45,61,2,2,0,6.9938778872,,,1221.7956089
4386011959,1,2023_5_45_1_0,2023,5,45,48,1,3,0,0,,,1418.0916247
4386011971,1,2023_5_45_1_0,2023,5,45,62,2,1,0,0,,,1418.0916247
4386011981,1,2023_5_45_1_0,2023,5,45,56,2,1,0,0,,,6558.3681882
4386011988,1,2023_5_45_1_0,2023,5,45,60,2,2,0,0,,,1415.7474801
4386011994,1,2023_5_45_1_0,2023,5,45,71,2,2,0,0,,,4195.2151015
4386011997,1,2023_5_45_1_0,2023,5,45,77,1,1,0,0,,,2754.8366506
4386012000,1,2023_5_45_1_0,2023,5,45,56,2,2,0,0,,,1418.0916247
4386012008,1,2023_5_45_1_0,2023,5,45,69,2,2,0,0,,,2750.2828296
4386012011,1,2023_5_45_1_0,2023,5,45,38,1,1,0,0,,,6558.3681882
4386012014,1,2023_5_45_1_0,2023,5,45,68,1,1,0,0,,,675.03267522
4386012016,1,2023_5_45_1_0,2023,5,45,53,2,1,2.0017491751,0,,,1165.6670555
4386012017,1,2023_5_45_1_0,2023,5,45,95,2,1,0,0,,,1022.0425252
4386012026,1,2023_5_45_1_0,2023,5,45,29,1,1,0,0,,,4299.509556
4386012033,1,2023_5_45_1_0,2023,5,45,50,2,1,0,0,,,4306.6285318
4386012034,1,2023_5_45_1_0,2023,5,45,67,2,2,0,0,,,675.03267522
4386012037,1,2023_5_45_1_0,2023,5,45,70,1,1,0,0,,,354.96929438
4386012040,1,2023_5_45_1_0,2023,5,45,75,2,1,0,0,,,676.15037044
4386012046,1,2023_5_45_1_0,2023,5,45,69,1,-3,0,0,1,,3455.2400147
4386012050,1,2023_5_45_1_0,2023,5,45,32,1,-3,0,0,,,4299.509556
4386012051,1,2023_5_45_1_0,2023,5,45,99,2,2,0,0,1,1,1022.0425252
4386012052,1,2023_5_45_1_0,2023,5,45,55,2,2,0,0,,,6558.3681882
4386012063,1,2023_5_45_1_0,2023,5,45,46,2,1,0,0,,,1415.7474801
4386012065,1,2023_5_45_1_0,2023,5,45,63,1,2,0,0,,,4299.509556
4386012069,1,2023_5_45_1_0,2023,5,45,72,2,1,0,0,,,3449.5284076
4386012077,1,2023_5_45_1_0,2023,5,45,62,2,1,0,0,,,5768.1740878
4386012086,1,2023_5_45_1_0,2023,5,45,62,2,1,0,0,,,1418.0916247
4386012090,1,2023_5_45_1_0,2023,5,45,71,2,1,0,0,,,2754.8366506
4386012094,1,2023_5_45_1_0,2023,5,45,58,2,3,0,0,,,1418.0916247
4386012095,1,2023_5_45_1_0,2023,5,45,76,1,1,0,0,,,2754.8366506
4386012096,1,2023_5_45_1_0,2023,5,45,32,2,1,0,0,,,4299.509556
4386012101,1,2023_5_45_1_0,2023,5,45,46,2,1,0,0,,,2053.4134935
4386012110,1,2023_5_45_1_0,2023,5,45,70,1,2,0,0,,,2754.8366506
4386012112,1,2023_5_45_1_0,2023,5,45,51,2,1,0,0,,,1415.7474801
4386012116,1,2023_5_45_1_0,2023,5,45,76,2,1,0,0,,,675.03267522
4386012132,1,2023_5_45_1_0,2023,5,45,86,1,1,0,0,,,1558.99902
4386012138,1,2023_5_45_1_0,2023,5,45,29,1,1,0,0,,,2159.5470635
4386012140,1,2023_5_45_1_0,2023,5,45,-3,-3,-3,0,0,,,1573.137414
4386012142,1,2023_5_45_1_0,2023,5,45,68,2,1,0,0,,,354.96929438
4386012146,1,2023_5_45_1_0,2023,5,45,65,2,1,0,0,,,675.03267522
4386012147,1,2023_5_45_1_0,2023,5,45,64,2,1,0,0,,,1188.3221918
4386012150,1,2023_5_45_1_0,2023,5,45,53,1,3,0,0,,,2159.5470635
4386012154,1,2023_5_45_1_0,2023,5,45,58,2,1,0,0,,1,4299.509556
4386012155,1,2023_5_45_1_0,2023,5,45,54,1,1,0,0,,,2159.5470635
4386012157,1,2023_5_45_1_0,2023,5,45,45,2,1,0,0,,,2159.5470635
4386012158,1,2023_5_45_1_0,2023,5,45,46,1,4,0,1.9982508249,,,2220.378562
4386012162,1,2023_5_45_1_0,2023,5,45,79,1,1,0,0,,,2750.2828296
4386012173,1,2023_5_45_1_0,2023,5,45,63,2,1,0,0,,,354.96929438
4386012174,1,2023_5_45_1_0,2023,5,45,58,1,5,0,0,,,566.59561074
4386012176,1,2023_5_45_1_0,2023,5,45,76,1,1,0,0,,,2754.8366506
4386012179,1,2023_5_45_1_0,2023,5,45,66,2,1,0,0,,,2754.8366506
4386012181,1,2023_5_45_1_0,2023,5,45,19,2,2,0,0,,,1188.3221918
4386012184,1,2023_5_45_1_0,2023,5,45,87,1,1,0,0,,,1022.0425252
4386012187,1,2023_5_45_1_0,2023,5,45,31,1,1,0,0,,,1418.0916247
4386012193,1,2023_5_45_1_0,2023,5,45,60,1,1,0,0,,,5768.1740878
4386012198,1,2023_5_45_1_0,2023,5,45,73,1,1,0,0,,,354.96929438
4386012199,1,2023_5_45_1_0,2023,5,45,95,2,1,0,0,,,675.03267522
4386012204,1,2023_5_45_1_0,2023,5,45,61,2,2,0,0,,,3608.8375158
4386012208,1,2023_5_45_1_0,2023,5,45,55,1,1,0,0,,,743.24722134
4386012210,1,2023_5_45_1_0,2023,5,45,67,2,1,0,0,,,1211.9180805
4386012213,1,2023_5_45_1_0,2023,5,45,82,2,2,0,0,,,2050.0191443
4386012219,1,2023_5_45_1_0,2023,5,45,70,2,1,0,0,,,2754.8366506
4386012226,1,2023_5_45_1_0,2023,5,45,63,2,1,0,0,,,2053.4134935
4386012236,1,2023_5_45_1_0,2023,5,45,81,2,1,0,0,,,676.15037044
4386012244,1,2023_5_45_1_0,2023,5,45,-3,-3,-3,1.0008745875,9.9912541246,,,1287.449341
4386012246,1,2023_5_45_1_0,2023,5,45,56,2,1,0,0,,,2754.8366506
4386012249,1,2023_5_45_1_0,2023,5,45,30,2,1,0,0,,,2159.5470635
4386012254,1,2023_5_45_1_0,2023,5,45,75,2,1,0,0,,,676.15037044
4386012266,1,2023_5_45_1_0,2023,5,45,56,1,1,0,0.9991254125,,,1458.0373337
4386012271,1,2023_5_45_1_0,2023,5,45,54,2,1,0,0,,,2159.5470635
4386012272,1,2023_5_45_1_0,2023,5,45,36,2,1,0,0,,,1415.7474801
4386012297,1,2023_5_45_1_0,2023,5,45,42,1,1,0,0,,,2159.5470635
4386012302,1,2023_5_45_1_0,2023,5,45,48,2,2,0,0,,,8798.6336462
4386012303,1,2023_5_45_1_0,2023,5,45,80,1,1,0,0,,,675.03267522
4386012305,1,2023_5_45_1_0,2023,5,45,29,2,1,0,0,,,6558.3681882
4386012310,1,2023_5_45_1_0,2023,5,45,24,2,1,0,0,,,1188.3221918
4386012313,1,2023_5_45_1_0,2023,5,45,62,2,1,0,0,,,1415.7474801
4386012319,1,2023_5_45_1_0,2023,5,45,33,2,1,0,0,,,2159.5470635
4386012320,1,2023_5_45_1_0,2023,5,45,62,1,1,0,0,,,1418.0916247
4386012322,1,2023_5_45_1_0,2023,5,45,73,2,2,0,0,,,8352.3844992
4386012325,1,2023_5_45_1_0,2023,5,45,42,1,1,0,0,,,1415.7474801
4386012326,1,2023_5_45_1_0,2023,5,45,70,2,1,0,0,,,1022.0425252
4386012329,1,2023_5_45_1_0,2023,5,45,65,2,1,0,0,,,676.15037044
4386012340,1,2023_5_45_1_0,2023,5,45,44,2,1,0,0,,,2220.378562
4386012347,1,2023_5_45_1_0,2023,5,45,74,2,1,0,0,,,675.03267522
4386012351,1,2023_5_45_1_0,2023,5,45,72,2,1,0,0,,,2754.8366506
4386012353,1,2023_5_45_1_0,2023,5,45,83,2,1,0,0,,,2750.2828296
4386012354,1,2023_5_45_1_0,2023,5,45,44,2,1,0,0,,,2220.378562
4386012355,1,2023_5_45_1_0,2023,5,45,76,1,1,0,0,1,1,676.15037044
4386012356,1,2023_5_45_1_0,2023,5,45,50,2,4,0,0,,,2159.5470635
4386012357,1,2023_5_45_1_0,2023,5,45,60,1,1,0,0,,,5777.7248263
4386012363,1,2023_5_45_1_0,2023,5,45,59,2,1,0,0,,,1458.0373337
4386012369,1,2023_5_45_1_0,2023,5,45,67,1,1,0,0,,,676.15037044
4386012371,1,2023_5_45_1_0,2023,5,45,75,1,1,0,0,,,2754.8366506
4386012374,1,2023_5_45_1_0,2023,5,45,80,2,1,0,0,,,2308.4781474
4386012375,1,2023_5_45_1_0,2023,5,45,83,2,2,0,0,,,2750.2828296
4386012378,1,2023_5_45_1_0,2023,5,45,70,1,2,0,0,,,1023.734787
4386012379,1,2023_5_45_1_0,2023,5,45,44,2,2,0,0,,,4299.509556
4386012380,1,2023_5_45_1_0,2023,5,45,76,2,1,0,0,,,675.03267522
4386012381,1,2023_5_45_1_0,2023,5,45,64,2,2,0,0,,,354.96929438
4386012387,1,2023_5_45_1_0,2023,5,45,76,1,5,3.0026237626,0,,,2827.7545498
4386012389,1,2023_5_45_1_0,2023,5,45,31,2,1,0,0,,,4306.6285318
4386012390,1,2023_5_45_1_0,2023,5,45,67,1,1,0,0,,,676.15037044
4386012391,1,2023_5_45_1_0,2023,5,45,40,2,2,0,0,,,2159.5470635
4386012393,1,2023_5_45_1_0,2023,5,45,56,2,1,0,0,,,1418.0916247
4386012394,1,2023_5_45_1_0,2023,5,45,61,2,1,0,0,,,1415.7474801
4386012395,1,2023_5_45_1_0,2023,5,45,45,1,1,0,0,,,1133.731387
4386012398,1,2023_5_45_1_0,2023,5,45,43,1,1,0,0,,,6558.3681882
4386012399,1,2023_5_45_1_0,2023,5,45,56,2,2,0,0,,,1418.0916247
4386012401,1,2023_5_45_1_0,2023,5,45,87,1,1,0,0,,,2754.8366506
4386012402,1,2023_5_45_1_0,2023,5,45,69,2,1,0,0,,,676.15037044
4386012406,1,2023_5_45_1_0,2023,5,45,52,2,1,16.013993401,29.973762374,,,1.0039588307
4386012408,1,2023_5_45_1_0,2023,5,45,38,2,1,0,0,,,2159.5470635
4386012409,1,2023_5_45_1_0,2023,5,45,42,2,1,0,0,,,8798.6336462
4386012419,1,2023_5_45_1_0,2023,5,45,55,2,1,0,0,,,1188.3221918
4386012429,1,2023_5_45_1_0,2023,5,45,31,2,1,0,0,,,2159.5470635
4386012431,1,2023_5_45_1_0,2023,5,45,62,2,1,0,0,,,1418.0916247
4386012434,1,2023_5_45_1_0,2023,5,45,71,2,1,0,0,,,2754.8366506
4386012451,1,2023_5_45_1_0,2023,5,45,32,2,1,0,0,,,1418.0916247
4386012457,1,2023_5_45_1_0,2023,5,45,58,1,4,0,0,,,8798.6336462
4386012480,1,2023_5_45_1_0,2023,5,45,60,2,1,0,0,,,5768.1740878
4386012482,1,2023_5_45_1_0,2023,5,45,34,2,1,0,0,,,2159.5470635
4386012485,1,2023_5_45_1_0,2023,5,45,49,2,1,0,0,,,1418.0916247
4386012486,1,2023_5_45_1_0,2023,5,45,78,1,1,0,0,,,2754.8366506
4386012489,1,2023_5_45_1_0,2023,5,45,81,2,1,0,0,,,675.03267522
4386012502,1,2023_5_45_1_0,2023,5,45,64,2,2,0,2.9973762374,,,3710.4935518
4386012505,1,2023_5_45_1_0,2023,5,45,57,2,2,0,0,,,4299.509556
4386012514,1,2023_5_45_1_0,2023,5,45,40,1,1,0,0,,,1133.731387
4386012515,1,2023_5_45_1_0,2023,5,45,52,2,2,0,0,,,2159.5470635
4386012523,1,2023_5_45_1_0,2023,5,45,34,1,1,4.7869735329,5.2130264671,,,5201.5277233
4386012524,1,2023_5_45_1_0,2023,5,45,60,1,2,0,0,,,5777.7248263
4386012525,1,2023_5_45_1_0,2023,5,45,35,1,1,0,0,,,4841.5761786
4386012542,1,2023_5_45_1_0,2023,5,45,71,1,1,0,0,,,1446.2499242
4386012555,1,2023_5_45_1_0,2023,5,45,59,1,3,0,0,,,3033.2230734
4386012556,1,2023_5_45_1_0,2023,5,45,67,1,1,0,0,,,2750.2828296
4386012557,1,2023_5_45_1_0,2023,5,45,33,2,1,0,0,,,1165.6670555
4386012559,1,2023_5_45_1_0,2023,5,45,66,1,1,0,0,,,297.45460911
4386012561,1,2023_5_45_1_0,2023,5,45,86,2,1,0,0,,,1022.0425252
4386012562,1,2023_5_45_1_0,2023,5,45,70,2,1,0,0,,,676.15037044
4386012566,1,2023_5_45_1_0,2023,5,45,35,2,1,0,0,,,1418.0916247
4386012567,1,2023_5_45_1_0,2023,5,45,62,1,1,0,0,,,4841.5761786
4386012568,1,2023_5_45_1_0,2023,5,45,79,1,1,0,0,,,676.15037044
4386012574,1,2023_5_45_1_0,2023,5,45,70,2,1,0,0,,,2754.8366506
4386012578,1,2023_5_45_1_0,2023,5,45,54,1,1,0,0,,,744.47786379
4386012580,1,2023_5_45_1_0,2023,5,45,59,2,1,0,0,,,4299.509556
4386012592,1,2023_5_45_1_0,2023,5,45,59,1,1,0,0,,,1188.3221918
4386012596,1,2023_5_45_1_0,2023,5,45,70,2,1,0,0,,,675.03267522
4386012601,1,2023_5_45_1_0,2023,5,45,40,2,3,0,0,,,2708.6010439
4386012605,1,2023_5_45_1_0,2023,5,45,36,2,1,0,0,,,2159.5470635
4386012613,1,2023_5_45_1_0,2023,5,45,62,2,2,0,0,,,2308.4781474
4386012620,1,2023_5_45_1_0,2023,5,45,54,1,1,0,0,,,4841.5761786
4386012628,1,2023_5_45_1_0,2023,5,45,34,1,1,0,0,,,2159.5470635
4386012629,1,2023_5_45_1_0,2023,5,45,42,2,2,0,0,,,2159.5470635
4386012634,1,2023_5_45_1_0,2023,5,45,76,1,2,0,0,,,676.15037044
4386012642,1,2023_5_45_1_0,2023,5,45,62,2,2,0,0,,,676.15037044
4386012645,1,2023_5_45_1_0,2023,5,45,47,1,1,0,0,,,1415.7474801
4386012649,1,2023_5_45_1_0,2023,5,45,63,2,1,0,0,,,1415.7474801
4386012651,1,2023_5_45_1_0,2023,5,45,57,2,1,0,0,,,1188.3221918
4386012653,1,2023_5_45_1_0,2023,5,45,40,1,1,0,0,,,2159.5470635
4386012654,1,2023_5_45_1_0,2023,5,45,65,2,2,0,0,,,2754.8366506
4386012659,1,2023_5_45_1_0,2023,5,45,57,1,1,0,0,,,5768.1740878
4386012664,1,2023_5_45_1_0,2023,5,45,71,1,1,0,0,,,676.15037044
4386012668,1,2023_5_45_1_0,2023,5,45,74,1,1,0,0,,,2754.8366506
4386012670,1,2023_5_45_1_0,2023,5,45,68,1,1,0,0,,,676.15037044
4386012672,1,2023_5_45_1_0,2023,5,45,75,1,1,0,0,1,,675.03267522
4386012673,1,2023_5_45_1_0,2023,5,45,66,1,3,0,0,,,1446.2499242
4386012674,1,2023_5_45_1_0,2023,5,45,68,1,1,0,0,,,676.15037044
4386012680,1,2023_5_45_1_0,2023,5,45,60,1,1,0,0,,,1418.0916247
4386012681,1,2023_5_45_1_0,2023,5,45,-3,-3,-3,0,0,1,1,2682.7756176
4386012697,1,2023_5_45_1_0,2023,5,45,75,1,1,0,0,,,676.15037044
4386012699,1,2023_5_45_1_0,2023,5,45,78,1,1,0,0,,,676.15037044
4386012703,1,2023_5_45_1_0,2023,5,45,67,2,1,0,0,1,1,2050.0191443
4386012704,1,2023_5_45_1_0,2023,5,45,-3,-3,-3,0,0,,,3802.7600098
4386012716,1,2023_5_45_1_0,2023,5,45,63,2,1,0,0,,,3033.2230734
4386012722,1,2023_5_45_1_0,2023,5,45,79,2,1,0,0,,,676.15037044
4386012727,1,2023_5_45_1_0,2023,5,45,76,1,1,0,0,,,2750.2828296
4386012729,1,2023_5_45_1_0,2023,5,45,60,1,1,0,0,,,1418.0916247
4386012739,1,2023_5_45_1_0,2023,5,45,70,1,1,0,0,,,848.05820171
4386012741,1,2023_5_45_1_0,2023,5,45,76,1,1,0,0,,,2754.8366506
4386012743,1,2023_5_45_1_0,2023,5,45,74,2,1,0,0,,,2053.4134935
4386012745,1,2023_5_45_1_0,2023,5,45,66,1,1,0,0,,,566.59561074
4386012748,1,2023_5_45_1_0,2023,5,45,55,2,1,2.0017491751,1.9982508249,,,1455.6271577
4386012749,1,2023_5_45_1_0,2023,5,45,78,1,1,0,0,,,354.96929438
4386012750,1,2023_5_45_1_0,2023,5,45,75,1,1,0,0,,,675.03267522
4386012754,1,2023_5_45_1_0,2023,5,45,80,1,1,0,0,,,676.15037044
4386012759,1,2023_5_45_1_0,2023,5,45,6,2,2,0,0,,,1228.7732713
4386012774,1,2023_5_45_1_0,2023,5,45,31,2,1,0,0,,,744.47786379
4386012778,1,2023_5_45_1_0,2023,5,45,42,2,1,0,0,,,1415.7474801
4386012779,1,2023_5_45_1_0,2023,5,45,83,2,1,0,0,,,695.19660515
4386012802,1,2023_5_45_1_0,2023,5,45,57,1,1,4.5842875078,0,,,12220.883807
4386012807,1,2023_5_45_1_0,2023,5,45,40,2,1,0,0,,,3269.6919942
4386012811,1,2023_5_45_1_0,2023,5,45,73,1,1,0,0,,,2754.8366506
4386012812,1,2023_5_45_1_0,2023,5,45,35,2,1,0,0,,,2159.5470635
4386012814,1,2023_5_45_1_0,2023,5,45,-3,2,-3,0,0,1,1,6398.8322829
4386012818,1,2023_5_45_1_0,2023,5,45,71,1,1,0,0,,,2308.4781474
4386012821,1,2023_5_45_1_0,2023,5,45,66,1,1,0,0,,,676.15037044
4386012823,1,2023_5_45_1_0,2023,5,45,76,1,1,0,0,1,,2754.8366506
4386012824,1,2023_5_45_1_0,2023,5,45,45,2,1,0,0,,,1418.0916247
4386012826,1,2023_5_45_1_0,2023,5,45,82,1,1,0,0,,,2754.8366506
4386012828,1,2023_5_45_1_0,2023,5,45,72,1,1,0,0,,,675.03267522
4386012829,1,2023_5_45_1_0,2023,5,45,66,2,1,0,0,,,695.19660515
4386012831,1,2023_5_45_1_0,2023,5,45,76,2,1,0,0,,,675.03267522
4386012833,1,2023_5_45_1_0,2023,5,45,61,2,1,4.0034983501,0,,,582.55583713
4386012840,1,2023_5_45_1_0,2023,5,45,67,1,1,0,0,,,676.15037044
4386012848,1,2023_5_45_1_0,2023,5,45,67,2,1,0,0,,,676.15037044
4386012853,1,2023_5_45_1_0,2023,5,45,-3,2,2,0,0,,,5101.7404345
4386012858,1,2023_5_45_1_0,2023,5,45,64,1,1,0,0,,,1418.0916247
4386012860,1,2023_5_45_1_0,2023,5,45,79,2,1,0,0,,,2754.8366506
4386012862,1,2023_5_45_1_0,2023,5,45,54,1,1,0,0,,,1188.3221918
4386012864,1,2023_5_45_1_0,2023,5,45,79,1,1,2.0017491751,3.9965016499,,,1486.9888141
4386012865,1,2023_5_45_1_0,2023,5,45,83,1,1,0,0,,,2754.8366506
4386012869,1,2023_5_45_1_0,2023,5,45,66,2,-3,0,0,,,566.59561074
4386012873,1,2023_5_45_1_0,2023,5,45,75,1,1,0,0,,,2754.8366506
4386012874,1,2023_5_45_1_0,2023,5,45,40,2,1,0,0,,,566.59561074
4386012877,1,2023_5_45_1_0,2023,5,45,55,1,1,0,0,,,354.96929438
4386012878,1,2023_5_45_1_0,2023,5,45,70,1,1,0,0,,,676.15037044
4386012881,1,2023_5_45_1_0,2023,5,45,28,2,5,0,0,,,4306.6285318
4386012893,1,2023_5_45_1_0,2023,5,45,65,1,1,0,0,,,676.15037044
4386012900,1,2023_5_45_1_0,2023,5,45,68,2,2,0,0,,,566.59561074
4386012902,1,2023_5_45_1_0,2023,5,45,53,1,1,0,0,,,5777.7248263
4386012906,1,2023_5_45_1_0,2023,5,45,81,1,1,0,0,,,2754.8366506
4386012909,1,2023_5_45_1_0,2023,5,45,91,2,1,0,0,,,676.15037044
4386012915,1,2023_5_45_1_0,2023,5,45,52,1,1,0,7.5207460016,,,5408.1805884
4386012920,1,2023_5_45_1_0,2023,5,45,61,1,2,0,0,1,1,1415.7474801
4386012925,1,2023_5_45_1_0,2023,5,45,64,2,1,0,0,,,354.96929438
4386012928,1,2023_5_45_1_0,2023,5,45,52,2,1,0,0,,,1188.3221918
4386012930,1,2023_5_45_1_0,2023,5,45,59,1,1,0,0,,,5768.1740878
4386012931,1,2023_5_45_1_0,2023,5,45,64,1,1,0,0,,,676.15037044
4386012932,1,2023_5_45_1_0,2023,5,45,80,1,1,0,0,,,8352.3844992
4386012933,1,2023_5_45_1_0,2023,5,45,80,1,1,0,0,,,2050.0191443
4386012935,1,2023_5_45_1_0,2023,5,45,77,1,1,0,0,,,2750.2828296
4386012936,1,2023_5_45_1_0,2023,5,45,70,2,1,0,0,,,676.15037044
4386012938,1,2023_5_45_1_0,2023,5,45,67,2,1,0,0,,,675.03267522
4386012942,1,2023_5_45_1_0,2023,5,45,98,2,1,0,0,1,1,1022.0425252
4386012943,1,2023_5_45_1_0,2023,5,45,86,1,1,0,0,,,2754.8366506
4386012944,1,2023_5_45_1_0,2023,5,45,76,2,1,0,0,,,2754.8366506
4386012950,1,2023_5_45_1_0,2023,5,45,76,2,1,0,0,,,2754.8366506
4386012956,1,2023_5_45_1_0,2023,5,45,73,2,1,0,0,,,675.03267522
4386012957,1,2023_5_45_1_0,2023,5,45,31,1,1,0,0,,,1418.0916247
4386012958,1,2023_5_45_1_0,2023,5,45,76,1,1,0,0,,,676.15037044
4386012961,1,2023_5_45_1_0,2023,5,45,70,1,1,0,0,,,566.59561074
4386012964,1,2023_5_45_1_0,2023,5,45,61,2,1,0,0,,,1415.7474801
4386012966,1,2023_5_45_1_0,2023,5,45,75,1,1,0,0,,,675.03267522
4386012968,1,2023_5_45_1_0,2023,5,45,72,1,1,0,0,,,676.15037044
4386012972,1,2023_5_45_1_0,2023,5,45,65,2,1,0,0,,,1029.6785635
4386012973,1,2023_5_45_1_0,2023,5,45,74,2,1,0,0,,,2754.8366506
4386012981,1,2023_5_45_1_0,2023,5,45,64,1,1,0,0,,,744.47786379
4386012984,1,2023_5_45_1_0,2023,5,45,79,1,1,10.008745875,19.982508249,,,2832.4366457
4386012985,1,2023_5_45_1_0,2023,5,45,46,1,2,0,0,,,2692.9657576
4386012986,1,2023_5_45_1_0,2023,5,45,53,1,1,0,0,,,1418.0916247
4386012987,1,2023_5_45_1_0,2023,5,45,68,1,1,0,0,,,566.59561074
4386012991,1,2023_5_45_1_0,2023,5,45,71,1,1,0,0,,,676.15037044
4386012993,1,2023_5_45_1_0,2023,5,45,77,1,1,0,0,,,2754.8366506
4386012999,1,2023_5_45_1_0,2023,5,45,63,1,1,0,0,,,2220.378562
4386013000,1,2023_5_45_1_0,2023,5,45,76,1,1,0,0,,,2050.0191443
4386013007,1,2023_5_45_1_0,2023,5,45,75,2,1,0,0,,,675.03267522
4386013008,1,2023_5_45_1_0,2023,5,45,69,1,1,0,0,,,2754.8366506
4386013012,1,2023_5_45_1_0,2023,5,45,63,2,1,0,0,,,1415.7474801
4386013017,1,2023_5_45_1_0,2023,5,45,53,2,5,0,0,,,1133.731387
4386013025,1,2023_5_45_1_0,2023,5,45,75,2,1,0,0,,,2754.8366506
4386013030,1,2023_5_45_1_0,2023,5,45,98,1,1,0,0,,,676.15037044
4386013031,1,2023_5_45_1_0,2023,5,45,69,1,1,0,0,,,676.15037044
4386013044,1,2023_5_45_1_0,2023,5,45,59,2,1,3.0026237626,0,,,1828.7359932
4386013046,1,2023_5_45_1_0,2023,5,45,20,1,2,3.0026237626,0,,,11346.501001
4386013049,1,2023_5_45_1_0,2023,5,45,50,2,-3,6.0052475252,3.9965016499,,,4977.9567831
4386013051,1,2023_5_45_2_1,2023,5,45,79,2,1,0,0,,,1783.1486808
4386013056,1,2023_5_45_2_1,2023,5,45,-3,-3,-3,0,0,,,3307.7186198
4386013057,1,2023_5_45_2_1,2023,5,45,70,2,1,0,0,,,862.84620998
4386013059,1,2023_5_45_2_1,2023,5,45,74,1,1,5.0043729377,4.9956270623,,,1833.3775496
4386013062,1,2023_5_45_2_1,2023,5,45,49,1,1,0,0,,,5695.173242
4386013063,1,2023_5_45_2_1,2023,5,45,71,1,1,0,0,,,3515.4907355
4386013064,1,2023_5_45_2_1,2023,5,45,80,1,2,0,0,,,3515.4907355
4386013065,1,2023_5_45_2_1,2023,5,45,71,2,1,0,0,,,666.48959808
4386013066,1,2023_5_45_2_1,2023,5,45,49,1,1,0,0,,,3515.4907355
4386013068,1,2023_5_45_2_1,2023,5,45,56,1,1,0,0,,,1387.463837
4386013070,1,2023_5_45_2_1,2023,5,45,47,1,1,0,0,,,1397.8300661
4386013077,1,2023_5_45_2_1,2023,5,45,62,1,1,0,0,,,916.38400807
4386013078,1,2023_5_45_2_1,2023,5,45,83,1,1,0,0,,,862.84620998
4386013081,1,2023_5_45_2_1,2023,5,45,46,2,1,0,0,,,2755.8322534
4386013083,1,2023_5_45_2_1,2023,5,45,71,2,1,0,0,,,2616.0619389
4386013087,1,2023_5_45_2_1,2023,5,45,67,1,1,3.0026237626,4.9956270623,,,685.26370199
4386013090,1,2023_5_45_2_1,2023,5,45,79,2,1,0,0,,,437.65812422
4386013091,1,2023_5_45_2_1,2023,5,45,80,2,3,0,0,,,3515.4907355
4386013095,1,2023_5_45_2_1,2023,5,45,86,1,1,0,0,,,1783.1486808
4386013097,1,2023_5_45_2_1,2023,5,45,65,1,2,0,0,,,437.65812422
4386013101,1,2023_5_45_2_1,2023,5,45,90,2,1,0,0,,,3509.6795323
4386013104,1,2023_5_45_2_1,2023,5,45,56,1,2,0,0,,,1809.6492101
4386013105,1,2023_5_45_2_1,2023,5,45,64,1,1,0,0,,,6178.4121382
4386013113,1,2023_5_45_2_1,2023,5,45,71,1,1,0,0,,,862.84620998
4386013114,1,2023_5_45_2_1,2023,5,45,39,2,1,0,0,,,2755.8322534
4386013116,1,2023_5_45_2_1,2023,5,45,73,1,1,0,0,,,861.41990139
4386013120,1,2023_5_45_2_1,2023,5,45,70,2,2,0,0,,,3960.8846329
4386013122,1,2023_5_45_2_1,2023,5,45,60,1,1,0,0,,,3739.8015594
4386013128,1,2023_5_45_2_1,2023,5,45,59,2,1,0,0,,,1783.1486808
4386013130,1,2023_5_45_2_1,2023,5,45,64,1,2,0,0,,1,3733.6195643
4386013133,1,2023_5_45_2_1,2023,5,45,82,2,1,0,0,,,1783.1486808
4386013139,1,2023_5_45_2_1,2023,5,45,93,1,1,0,0,,,3515.4907355
4386013144,1,2023_5_45_2_1,2023,5,45,85,1,1,0,0,,,3515.4907355
4386013145,1,2023_5_45_2_1,2023,5,45,69,1,1,0,1.9982508249,,,887.15141212
4386013147,1,2023_5_45_2_1,2023,5,45,69,1,1,0,0,,,862.84620998
4386013149,1,2023_5_45_2_1,2023,5,45,46,2,1,0,0,,,2755.8322534
4386013151,1,2023_5_45_2_1,2023,5,45,86,1,1,0,0,,,862.84620998
4386013154,1,2023_5_45_2_1,2023,5,45,48,1,3,0,0,,,2755.8322534
4386013159,1,2023_5_45_2_1,2023,5,45,66,1,1,0,0,,,437.65812422
4386013164,1,2023_5_45_2_1,2023,5,45,69,2,1,0,0,,,862.84620998
4386013168,1,2023_5_45_2_1,2023,5,45,52,1,1,0,1.9982508249,,,1860.6245628
4386013179,1,2023_5_45_2_1,2023,5,45,63,2,1,0,0,,,723.04164382
4386013180,1,2023_5_45_2_1,2023,5,45,39,1,1,0,0,,,1806.65781
4386013182,1,2023_5_45_2_1,2023,5,45,-3,1,1,0,0,,,811.85037582
4386013184,1,2023_5_45_2_1,2023,5,45,36,1,1,3.0026237626,0,,,1437.2050345
4386013187,1,2023_5_45_2_1,2023,5,45,62,1,1,0,6.9938778872,,,1857.548899
4386013192,1,2023_5_45_2_1,2023,5,45,53,1,1,0,0,,,7373.0462729
4386013193,1,2023_5_45_2_1,2023,5,45,57,1,1,0,0,,,2755.8322534
4386013199,1,2023_5_45_2_1,2023,5,45,66,1,1,0,0,,,1306.4041959
4386013200,1,2023_5_45_2_1,2023,5,45,52,2,1,0,0,,,2755.8322534
4386013203,1,2023_5_45_2_1,2023,5,45,81,1,1,0,0,,,1494.2300707
4386013204,1,2023_5_45_2_1,2023,5,45,32,1,1,0,1.9982508249,,,1559.1527515
4386013207,1,2023_5_45_2_1,2023,5,45,75,1,1,0,0,,,3515.4907355
4386013209,1,2023_5_45_2_1,2023,5,45,44,2,1,0,0,,,1397.8300661
4386013212,1,2023_5_45_2_1,2023,5,45,58,1,2,0,1.9982508249,,,6352.4495903
4386013217,1,2023_5_45_2_1,2023,5,45,68,1,1,0,0,,,1783.1486808
4386013220,1,2023_5_45_2_1,2023,5,45,79,1,1,0,0.9991254125,,,1833.3775496
4386013224,1,2023_5_45_2_1,2023,5,45,50,1,1,0,0,,,916.38400807
4386013231,1,2023_5_45_2_1,2023,5,45,64,1,1,0,0,,,1809.6492101
4386013235,1,2023_5_45_2_1,2023,5,45,69,1,1,0,0,,,437.65812422
4386013238,1,2023_5_45_2_1,2023,5,45,52,1,1,0,0,,,2755.8322534
4386013240,1,2023_5_45_2_1,2023,5,45,92,1,1,0,0,,,1783.1486808
4386013243,1,2023_5_45_2_1,2023,5,45,52,1,1,0,0,,,1397.8300661
4386013245,1,2023_5_45_2_1,2023,5,45,68,2,1,0,0,,,862.84620998
4386013247,1,2023_5_45_2_1,2023,5,45,63,1,1,0,0,,,6178.4121382
4386013252,1,2023_5_45_2_1,2023,5,45,43,1,1,0,0,,,2755.8322534
4386013259,1,2023_5_45_2_1,2023,5,45,44,1,1,4.0034983501,0,,,2833.4602933
4386013260,1,2023_5_45_2_1,2023,5,45,72,2,1,0,0,,,1783.1486808
4386013263,1,2023_5_45_2_1,2023,5,45,70,2,3,0,0,1,1,5353.5805179
4386013266,1,2023_5_45_2_1,2023,5,45,50,2,1,0,0,,,1397.8300661
4386013267,1,2023_5_45_2_1,2023,5,45,30,1,1,0,0,,,2755.8322534
4386013268,1,2023_5_45_2_1,2023,5,45,65,1,1,0,0,,,1494.2300707
4386013269,1,2023_5_45_2_1,2023,5,45,72,1,1,0,0,,,723.04164382
4386013271,1,2023_5_45_2_1,2023,5,45,75,1,1,0,0,,,862.84620998
4386013272,1,2023_5_45_2_1,2023,5,45,71,1,1,0,0,,,862.84620998
4386013274,1,2023_5_45_2_1,2023,5,45,74,1,1,0,0,,,862.84620998
4386013275,1,2023_5_45_2_1,2023,5,45,47,2,1,0,0,,,2755.8322534
4386013278,1,2023_5_45_2_1,2023,5,45,53,2,1,0,0,,,1860.6245628
4386013279,1,2023_5_45_2_1,2023,5,45,72,1,1,0,0,,,862.84620998
4386013282,1,2023_5_45_2_1,2023,5,45,70,1,1,0,0,,,437.65812422
4386013286,1,2023_5_45_2_1,2023,5,45,76,1,1,0,0,,,3515.4907355
4386013297,1,2023_5_45_2_1,2023,5,45,66,1,1,4.0034983501,3.9965016499,,,1833.3775496
4386013299,1,2023_5_45_2_1,2023,5,45,55,1,1,0,0,,,3739.8015594
4386013309,1,2023_5_45_2_1,2023,5,45,39,1,2,0,0,,,2833.4602933
4386013311,1,2023_5_45_2_0,2023,5,45,29,2,1,0,0,,,10658.261467
4386013314,1,2023_5_45_2_0,2023,5,45,80,1,1,0,0,,,3331.5665459
4386013334,1,2023_5_45_2_0,2023,5,45,64,1,1,0,0,,,6998.8710018
4386013336,1,2023_5_45_2_0,2023,5,45,69,2,1,0,0,,,3331.5665459
4386013347,1,2023_5_45_2_0,2023,5,45,42,2,1,0,0,,,10658.261467
4386013351,1,2023_5_45_2_0,2023,5,45,52,1,2,0,0,,,10658.261467
4386013352,1,2023_5_45_2_0,2023,5,45,54,2,1,0,0,,,6998.8710018
4386013356,1,2023_5_45_2_0,2023,5,45,62,1,2,0,0,,,5081.8912639
4386013366,1,2023_5_45_2_0,2023,5,45,60,2,5,0,0,,,5864.8634432
4386013367,1,2023_5_45_2_0,2023,5,45,74,2,1,0,0,,,3331.5665459
4386013371,1,2023_5_45_2_0,2023,5,45,61,1,1,0,0,,,6998.8710018
4386013376,1,2023_5_45_2_0,2023,5,45,73,2,2,0,0,,,13573.787764
4386013378,1,2023_5_45_2_0,2023,5,45,74,1,1,0,0,,,3337.0828359
4386013384,1,2023_5_45_2_0,2023,5,45,64,1,1,0,0,,,5455.9069245
4386013387,1,2023_5_45_2_0,2023,5,45,70,1,-3,0,0,,,10616.393509
4386013391,1,2023_5_45_2_0,2023,5,45,68,2,2,0,0,,,10117.695706
4386013395,1,2023_5_45_2_0,2023,5,45,60,1,1,0,0,,,32368.270239
4386013397,1,2023_5_45_2_0,2023,5,45,60,2,2,0,0,,,6998.8710018
4386013417,1,2023_5_45_2_0,2023,5,45,79,2,1,0,0,,,13573.787764
4386013418,1,2023_5_45_2_0,2023,5,45,26,2,1,0,0,,,6987.3016749
4386013432,1,2023_5_45_2_0,2023,5,45,66,2,2,0,0,,,2875.1549508
4386013434,1,2023_5_45_2_0,2023,5,45,58,1,2,0,0,,,6998.8710018
4386013435,1,2023_5_45_2_0,2023,5,45,44,1,1,0,0,,,10658.261467
4386013442,1,2023_5_45_2_0,2023,5,45,69,2,1,0,0,,,13596.262761
4386013449,1,2023_5_45_2_0,2023,5,45,66,1,1,0,0,,,3337.0828359
4386013459,1,2023_5_45_2_0,2023,5,45,35,1,1,0,0,,,21255.000045
4386013480,1,2023_5_45_2_0,2023,5,45,67,2,1,0,0,,,5081.8912639
4386013487,1,2023_5_45_2_0,2023,5,45,63,1,1,0,0,,,5464.9406221
4386013488,1,2023_5_45_2_0,2023,5,45,55,1,1,0,0,,,5464.9406221
4386013495,1,2023_5_45_2_0,2023,5,45,34,2,1,0,0,,,10658.261467
4386013498,1,2023_5_45_2_0,2023,5,45,56,2,1,0,0,,,6987.3016749
4386013505,1,2023_5_45_2_0,2023,5,45,34,2,2,0,0,,,21255.000045
4386013511,1,2023_5_45_2_0,2023,5,45,60,2,1,0,0,,,6987.3016749
4386013524,1,2023_5_45_2_0,2023,5,45,27,2,1,0,0,,,8322.308846
4386013531,1,2023_5_45_2_0,2023,5,45,56,2,1,0,0,,,6998.8710018
4386013535,1,2023_5_45_2_0,2023,5,45,50,2,1,0,0,,,4708.4690006
4386013536,1,2023_5_45_2_0,2023,5,45,77,1,1,0,0,,,2796.3846064
4386013543,1,2023_5_45_2_0,2023,5,45,65,2,2,0,0,,,13596.262761
4386013551,1,2023_5_45_2_0,2023,5,45,70,2,1,0,0,,,13596.262761
4386013552,1,2023_5_45_2_0,2023,5,45,53,1,1,0,0,,,28515.471102
4386013555,1,2023_5_45_2_0,2023,5,45,66,1,1,0,0,,,3331.5665459
4386013557,1,2023_5_45_2_0,2023,5,45,61,1,2,0,0,,,6998.8710018
4386013565,1,2023_5_45_2_0,2023,5,45,52,2,2,0,0,,,6987.3016749
4386013569,1,2023_5_45_2_0,2023,5,45,59,2,2,0,0,,,35706.265052
4386013578,1,2023_5_45_2_0,2023,5,45,31,1,1,0,0,,,21219.864943
4386013579,1,2023_5_45_2_0,2023,5,45,35,1,1,0,0,,,10658.261467
4386013586,1,2023_5_45_2_0,2023,5,45,54,2,1,0,0,,,5864.8634432
4386013587,1,2023_5_45_2_0,2023,5,45,34,1,1,0,0,,,10658.261467
4386013600,1,2023_5_45_2_0,2023,5,45,54,2,1,0,0,,,6998.8710018
4386013605,1,2023_5_45_2_0,2023,5,45,56,2,1,0,0,,,21219.864943
4386013613,1,2023_5_45_2_0,2023,5,45,56,2,1,0,0,,,6987.3016749
4386013625,1,2023_5_45_2_0,2023,5,45,43,2,1,0,0,,,10658.261467
4386013627,1,2023_5_45_2_0,2023,5,45,35,1,1,0,0,,,6998.8710018
4386013633,1,2023_5_45_2_0,2023,5,45,62,1,1,0,0,,,8778.2987561
4386013642,1,2023_5_45_2_0,2023,5,45,59,1,1,0,0,,,5864.8634432
4386013646,1,2023_5_45_2_0,2023,5,45,22,1,1,0,0,,,17811.111638
4386013647,1,2023_5_45_2_0,2023,5,45,69,2,1,0,0,,,3331.5665459
4386013649,1,2023_5_45_2_0,2023,5,45,94,2,1,0,0,,,10117.695706
4386013659,1,2023_5_45_2_0,2023,5,45,58,1,1,1.0008745875,0.9991254125,,,7184.1244432
4386013663,1,2023_5_45_2_0,2023,5,45,70,1,2,0,0,,,3337.0828359
4386013666,1,2023_5_45_2_0,2023,5,45,63,1,1,0,0,,,6987.3016749
4386013668,1,2023_5_45_2_0,2023,5,45,19,2,1,0,0,,,10658.261467
4386013670,1,2023_5_45_2_0,2023,5,45,68,1,1,0,0,,,2796.3846064
4386013672,1,2023_5_45_2_0,2023,5,45,70,1,1,0,0,,,3337.0828359
4386013678,1,2023_5_45_2_0,2023,5,45,48,1,1,0,0,,,10658.261467
4386013683,1,2023_5_45_2_0,2023,5,45,83,2,1,0,0,,,3337.0828359
4386013691,1,2023_5_45_2_0,2023,5,45,92,2,1,0,0,,,3331.5665459
4386013694,1,2023_5_45_2_0,2023,5,45,74,2,1,0,0,,,6064.5063172
4386013711,1,2023_5_45_2_0,2023,5,45,45,1,1,0,0,,,33280.040311
4386013712,1,2023_5_45_2_0,2023,5,45,70,1,1,0,0,,,3337.0828359
4386013713,1,2023_5_45_2_0,2023,5,45,66,2,1,0,0,,,3331.5665459
4386013722,1,2023_5_45_2_0,2023,5,45,83,1,1,0,0,,,3337.0828359
4386013724,1,2023_5_45_2_0,2023,5,45,58,2,2,0,0,,,23895.188808
4386013730,1,2023_5_45_2_0,2023,5,45,50,2,1,0,0,,,6998.8710018
4386013732,1,2023_5_45_2_0,2023,5,45,71,2,1,0,0,,,13596.262761
4386013737,1,2023_5_45_2_0,2023,5,45,74,2,1,0,0,,,3337.0828359
4386013739,1,2023_5_45_2_0,2023,5,45,64,1,1,0,0,,,6998.8710018
4386013745,1,2023_5_45_2_0,2023,5,45,82,2,1,0,0,,,8492.3918328
4386013746,1,2023_5_45_2_0,2023,5,45,62,2,1,0,0,1,1,10134.448229
4386013749,1,2023_5_45_2_0,2023,5,45,68,2,1,0,0,,,3337.0828359
4386013755,1,2023_5_45_2_0,2023,5,45,54,2,1,0,0,,,5864.8634432
4386013757,1,2023_5_45_2_0,2023,5,45,43,1,1,0,0,,,21255.000045
4386013759,1,2023_5_45_2_0,2023,5,45,85,1,1,0,0,,,5052.5562591
4386013768,1,2023_5_45_2_0,2023,5,45,54,1,1,0,0,,,10958.490171
4386013773,1,2023_5_45_2_0,2023,5,45,60,2,2,0,0,,,3337.0828359
4386013783,1,2023_5_45_2_0,2023,5,45,63,1,1,0,0,,,18658.121854
4386013784,1,2023_5_45_2_0,2023,5,45,73,2,1,0,0,,,13596.262761
4386013786,1,2023_5_45_2_0,2023,5,45,45,1,1,0,0,,,6998.8710018
4386013789,1,2023_5_45_2_0,2023,5,45,45,2,2,0,0,,,32368.270239
4386013790,1,2023_5_45_2_0,2023,5,45,50,2,1,0,0,,,10658.261467
4386013794,1,2023_5_45_2_0,2023,5,45,46,2,2,0,0,,,32368.270239
4386013796,1,2023_5_45_2_0,2023,5,45,57,2,2,0,0,,,21255.000045
4386013805,1,2023_5_45_2_0,2023,5,45,35,1,2,0,0,,,21219.864943
4386013820,1,2023_5_45_2_0,2023,5,45,80,1,1,0,0,,,13596.262761
4386013826,1,2023_5_45_2_0,2023,5,45,55,1,2,0,0,,,20240.111898
4386013828,1,2023_5_45_2_0,2023,5,45,86,2,1,0,0,,,17024.855039
4386013832,1,2023_5_45_2_0,2023,5,45,60,2,2,0,0,,,6998.8710018
4386013836,1,2023_5_45_2_0,2023,5,45,59,2,1,0,0,,,6998.8710018
4386013839,1,2023_5_45_2_0,2023,5,45,44,2,1,0,0,,,6998.8710018
4386013840,1,2023_5_45_2_0,2023,5,45,44,1,1,0,0,1,1,9931.4786463
4386013841,1,2023_5_45_2_0,2023,5,45,40,1,1,0,0,,,21255.000045
4386013844,1,2023_5_45_2_0,2023,5,45,88,1,1,0,0,,,3337.0828359
4386013847,1,2023_5_45_2_0,2023,5,45,93,2,1,0,0,,,13596.262761
4386013853,1,2023_5_45_2_0,2023,5,45,44,2,1,0,0,,,10658.261467
4386013861,1,2023_5_45_2_0,2023,5,45,80,2,2,0,0,1,1,10134.448229
4386013866,1,2023_5_45_2_0,2023,5,45,-3,-3,-3,0,0,,,31580.894302
4386013869,1,2023_5_51_1_1,2023,5,51,46,2,1,0,0,,,518.04583493
4386013873,1,2023_5_51_1_1,2023,5,51,68,1,4,0,10.05796887,,,166.49932158
4386013874,1,2023_5_51_1_1,2023,5,51,67,1,1,0,0,,,421.83737782
4386013877,1,2023_5_51_1_1,2023,5,51,48,2,1,0,0,,,328.99876851
4386013878,1,2023_5_51_1_1,2023,5,51,71,2,1,0,0,,,158.40780673
4386013879,1,2023_5_51_1_1,2023,5,51,60,1,1,0,0,,,273.00348969
4386013883,1,2023_5_51_1_1,2023,5,51,75,1,1,4.9710155651,5.0289844349,,,138.16129473
4386013884,1,2023_5_51_1_1,2023,5,51,46,1,1,0,0,,,875.31794439
4386013885,1,2023_5_51_1_1,2023,5,51,66,1,1,0,0,,,158.40780673
4386013888,1,2023_5_51_1_1,2023,5,51,73,1,1,0,0,,,158.26309791
4386013891,1,2023_5_51_1_1,2023,5,51,53,2,1,0,0,,,220.90658637
4386013898,1,2023_5_51_1_1,2023,5,51,74,1,1,0,0,,,521.32024726
4386013904,1,2023_5_51_1_1,2023,5,51,27,2,1,0,0,,,328.99876851
4386013909,1,2023_5_51_1_1,2023,5,51,61,1,1,0,0,,,220.70478361
4386013911,1,2023_5_51_1_1,2023,5,51,83,2,1,0,0,,,521.32024726
4386013912,1,2023_5_51_1_1,2023,5,51,62,1,4,0,0,,,328.6982213
4386013915,1,2023_5_51_1_1,2023,5,51,64,1,1,0,0,,,158.40780673
4386013917,1,2023_5_51_1_1,2023,5,51,67,1,1,0.994203113,0,,,297.43934771
4386013919,1,2023_5_51_1_1,2023,5,51,52,2,1,0,0,,,518.04583493
4386013929,1,2023_5_51_1_1,2023,5,51,85,2,1,0,0,,,521.32024726
4386013930,1,2023_5_51_1_1,2023,5,51,56,1,1,0,0,,,328.6982213
4386013931,1,2023_5_51_1_1,2023,5,51,62,1,2,0,0,,,345.48821791
4386013932,1,2023_5_51_1_1,2023,5,51,70,1,1,5.9652186781,8.0463750959,,,443.38494846
4386013933,1,2023_5_51_1_1,2023,5,51,65,1,1,0,0,,,158.40780673
4386013940,1,2023_5_51_1_1,2023,5,51,76,1,1,0,0,,,283.24317309
4386013942,1,2023_5_51_1_1,2023,5,51,81,2,1,0,0,,,195.76548053
4386013945,1,2023_5_51_1_1,2023,5,51,32,1,1,1.988406226,0,,,615.85297669
4386013946,1,2023_5_51_1_1,2023,5,51,74,1,1,0,0,,,521.32024726
4386013947,1,2023_5_51_1_1,2023,5,51,80,1,1,0,3.0173906609,,,111.79615331
4386013948,1,2023_5_51_1_1,2023,5,51,70,1,-3,0,1.005796887,,,141.29258089
4386013949,1,2023_5_51_1_1,2023,5,51,69,1,1,1.988406226,2.011593774,,,111.79615331
4386013952,1,2023_5_51_1_1,2023,5,51,71,2,1,0,0,,,421.83737782
4386013953,1,2023_5_51_1_1,2023,5,51,44,1,1,0,0,,,1379.5475179
4386013954,1,2023_5_51_1_1,2023,5,51,43,2,2,0,0,,,347.84244784
4386013958,1,2023_5_51_1_1,2023,5,51,42,1,1,5.9652186781,5.0289844349,,,365.61033687
4386013959,1,2023_5_51_1_1,2023,5,51,72,2,2,0,0,,,421.83737782
4386013961,1,2023_5_51_1_1,2023,5,51,65,1,1,0.994203113,3.0173906609,,,111.79615331
4386013962,1,2023_5_51_1_1,2023,5,51,78,2,1,0,0,,,283.24317309
4386013963,1,2023_5_51_1_1,2023,5,51,55,2,1,1.988406226,0,,,232.19055627
4386013979,1,2023_5_51_1_1,2023,5,51,64,2,1,0,0,,,158.40780673
4386013983,1,2023_5_51_1_1,2023,5,51,68,2,1,1.988406226,10.05796887,,,111.79615331
4386013986,1,2023_5_51_1_1,2023,5,51,35,2,1,0,0,,,518.04583493
4386013988,1,2023_5_51_1_1,2023,5,51,70,1,1,5.9652186781,0,,,468.78019181
4386013992,1,2023_5_51_1_1,2023,5,51,51,1,-3,1.988406226,5.0289844349,,,617.75477562
4386014004,1,2023_5_51_1_1,2023,5,51,60,1,1,0,0,,,328.99876851
4386014008,1,2023_5_51_1_1,2023,5,51,70,1,-3,0,0,,,421.83737782
4386014013,1,2023_5_51_1_1,2023,5,51,63,1,1,0,2.011593774,,,345.80411716
4386014015,1,2023_5_51_1_1,2023,5,51,78,2,1,0,0,,,158.40780673
4386014018,1,2023_5_51_1_1,2023,5,51,68,1,2,0,0,,,421.83737782
4386014024,1,2023_5_51_1_1,2023,5,51,-3,-3,-3,0,0,1,1,950.03482506
4386014025,1,2023_5_51_1_1,2023,5,51,31,1,2,0,5.0289844349,,,1450.015189
4386014028,1,2023_5_51_1_1,2023,5,51,48,2,1,0,0,,,973.61429962
4386014029,1,2023_5_51_1_1,2023,5,51,60,2,1,9.9420311302,8.0463750959,,,111.79615331
4386014030,1,2023_5_51_1_1,2023,5,51,47,2,1,0.994203113,0,,,345.80411716
4386014033,1,2023_5_51_1_1,2023,5,51,50,1,1,1.988406226,0,,,920.87066307
4386014035,1,2023_5_51_1_1,2023,5,51,56,1,1,0,0,,,220.70478361
4386014037,1,2023_5_51_1_1,2023,5,51,65,2,1,0,0,,,664.23074342
4386014041,1,2023_5_51_1_1,2023,5,51,62,1,1,5.9652186781,8.0463750959,,,232.19055627
4386014042,1,2023_5_51_1_1,2023,5,51,55,1,1,9.9420311302,5.0289844349,,,111.79615331
4386014048,1,2023_5_51_1_1,2023,5,51,70,2,2,0,0,,,421.4520206
4386014049,1,2023_5_51_1_1,2023,5,51,68,2,1,0,4.0231875479,,,205.76523575
4386014051,1,2023_5_51_1_1,2023,5,51,73,2,5,0,0,,,664.23074342
4386014053,1,2023_5_51_1_1,2023,5,51,59,2,5,0,0,,,876.11829667
4386014054,1,2023_5_51_1_1,2023,5,51,61,1,1,3.9768124521,6.0347813219,,,232.19055627
4386014057,1,2023_5_51_1_1,2023,5,51,54,1,1,2.9826093391,3.0173906609,,,232.19055627
4386014060,1,2023_5_51_1_1,2023,5,51,41,1,1,0,0,,,518.04583493
4386014066,1,2023_5_51_1_1,2023,5,51,84,1,1,0,0,,,158.40780673
4386014069,1,2023_5_51_1_1,2023,5,51,42,1,1,0,0,,,328.99876851
4386014071,1,2023_5_51_1_1,2023,5,51,68,2,1,0,0,,,158.40780673
4386014074,1,2023_5_51_1_1,2023,5,51,48,1,1,0,0,,,518.04583493
4386014075,1,2023_5_51_1_1,2023,5,51,39,2,1,0,0,,,897.89728599
4386014083,1,2023_5_51_1_1,2023,5,51,66,1,1,0,0,,,158.40780673
4386014084,1,2023_5_51_1_1,2023,5,51,77,1,1,0,0,,,421.83737782
4386014088,1,2023_5_51_1_1,2023,5,51,77,1,2,5.9652186781,5.0289844349,,,111.79615331
4386014090,1,2023_5_51_1_1,2023,5,51,58,2,1,0,0,,,220.90658637
4386014092,1,2023_5_51_1_1,2023,5,51,37,1,1,0,0,,,518.04583493
4386014094,1,2023_5_51_1_1,2023,5,51,58,1,1,0,0,,,220.70478361
4386014096,1,2023_5_51_1_1,2023,5,51,48,1,2,0,0,,,875.31794439
4386014101,1,2023_5_51_1_1,2023,5,51,73,1,1,0,0,,,158.40780673
4386014107,1,2023_5_51_1_1,2023,5,51,66,1,1,9.9420311302,0,,,111.79615331
4386014109,1,2023_5_51_1_1,2023,5,51,62,2,1,0,0,,,328.99876851
4386014111,1,2023_5_51_1_1,2023,5,51,75,1,1,0,0,,,158.40780673
4386014124,1,2023_5_51_1_1,2023,5,51,70,1,1,0,0,,,421.83737782
4386014127,1,2023_5_51_1_1,2023,5,51,77,1,-3,29.826093391,0,,,166.34722099
4386014131,1,2023_5_51_1_1,2023,5,51,45,1,1,0,0,,,518.04583493
4386014132,1,2023_5_51_1_1,2023,5,51,75,1,1,0,0,,,421.83737782
4386014136,1,2023_5_51_1_1,2023,5,51,53,1,1,1.988406226,0,,,231.97844537
4386014140,1,2023_5_51_1_1,2023,5,51,68,2,1,0,0,,,106.36309673
4386014141,1,2023_5_51_1_1,2023,5,51,82,1,3,14.913046695,5.0289844349,,,443.38494846
4386014144,1,2023_5_51_1_1,2023,5,51,36,1,1,0,0,,,518.04583493
4386014147,1,2023_5_51_1_1,2023,5,51,75,1,-3,0,0,,,421.83737782
4386014150,1,2023_5_51_1_1,2023,5,51,66,2,1,0,0,,,195.76548053
4386014151,1,2023_5_51_1_1,2023,5,51,47,2,1,0,0,,,328.6982213
4386014154,1,2023_5_51_1_1,2023,5,51,77,2,2,0,0,,,521.32024726
4386014155,1,2023_5_51_1_1,2023,5,51,68,1,1,0.994203113,8.0463750959,,,429.79023951
4386014158,1,2023_5_51_1_1,2023,5,51,28,2,1,0,1.005796887,,,1103.1479792
4386014160,1,2023_5_51_1_1,2023,5,51,64,2,1,0,0,,,328.99876851
4386014180,1,2023_5_51_1_1,2023,5,51,40,1,1,11.930437356,1.005796887,,,286.94858391
4386014187,1,2023_5_51_1_1,2023,5,51,52,2,1,0.994203113,3.0173906609,,,544.50776033
4386014190,1,2023_5_51_1_1,2023,5,51,34,1,1,0,0,,,328.99876851
4386014196,1,2023_5_51_1_1,2023,5,51,67,1,1,0,0,,,505.33594951
4386014197,1,2023_5_51_1_1,2023,5,51,60,2,1,0,0,,,328.99876851
4386014203,1,2023_5_51_1_1,2023,5,51,50,1,1,2.9826093391,0,,,365.61033687
4386014204,1,2023_5_51_1_1,2023,5,51,94,1,1,0,0,,,421.83737782
4386014208,1,2023_5_51_1_1,2023,5,51,32,1,1,0.994203113,2.011593774,,,1405.5560017
4386014211,1,2023_5_51_1_1,2023,5,51,74,1,1,0.994203113,0,,,111.79615331
4386014212,1,2023_5_51_1_1,2023,5,51,50,1,2,0,0,,,920.02942857
4386014214,1,2023_5_51_1_1,2023,5,51,32,2,1,0,0,,,220.90658637
4386014216,1,2023_5_51_1_1,2023,5,51,60,1,1,0,2.011593774,,,231.97844537
4386014217,1,2023_5_51_1_1,2023,5,51,63,1,1,0,0,,,220.70478361
4386014218,1,2023_5_51_1_1,2023,5,51,60,2,1,0,0,,,158.40780673
4386014227,1,2023_5_51_1_1,2023,5,51,73,2,2,0,3.0173906609,,,166.34722099
4386014233,1,2023_5_51_1_1,2023,5,51,72,1,1,0,0,,,158.26309791
4386014235,1,2023_5_51_1_1,2023,5,51,37,2,3,0,0,,,518.04583493
4386014238,1,2023_5_51_1_1,2023,5,51,74,1,1,0,2.011593774,,,443.38494846
4386014243,1,2023_5_51_1_1,2023,5,51,62,1,1,0,0,,,849.25546948
4386014246,1,2023_5_51_1_1,2023,5,51,65,1,1,0,0,,,158.40780673
4386014250,1,2023_5_51_1_1,2023,5,51,77,2,1,0,0,,,106.36309673
4386014252,1,2023_5_51_1_1,2023,5,51,69,1,1,0,0,,,283.24317309
4386014261,1,2023_5_51_1_1,2023,5,51,64,1,2,0,8.0463750959,,,920.87066307
4386014263,1,2023_5_51_1_1,2023,5,51,77,2,1,0,0,,,158.40780673
4386014267,1,2023_5_51_1_1,2023,5,51,66,2,1,0,0,,,421.83737782
4386014269,1,2023_5_51_1_1,2023,5,51,66,1,1,0,0,,,158.40780673
4386014270,1,2023_5_51_1_1,2023,5,51,52,2,2,0,2.011593774,,,345.48821791
4386014271,1,2023_5_51_1_1,2023,5,51,59,1,5,0,0,,,474.112738
4386014273,1,2023_5_51_1_1,2023,5,51,43,2,1,0.994203113,0,,,345.48821791
4386014274,1,2023_5_51_1_1,2023,5,51,76,1,4,0,2.011593774,,,166.49932158
4386014280,1,2023_5_51_1_1,2023,5,51,69,1,1,0,1.005796887,,,442.97990709
4386014284,1,2023_5_51_1_1,2023,5,51,57,2,1,0,0,,,328.99876851
4386014285,1,2023_5_51_1_1,2023,5,51,44,2,1,0,0,,,220.90658637
4386014286,1,2023_5_51_1_1,2023,5,51,81,2,1,0,0,,,158.40780673
4386014288,1,2023_5_51_1_1,2023,5,51,36,2,5,0,0,,,347.84244784
4386014290,1,2023_5_51_1_1,2023,5,51,-3,1,-3,0,0,,,288.41284283
4386014293,1,2023_5_51_1_1,2023,5,51,55,2,1,0,0,,,220.90658637
4386014295,1,2023_5_51_1_1,2023,5,51,51,2,1,11.930437356,0,,,232.19055627
4386014297,1,2023_5_51_1_1,2023,5,51,54,2,2,0,0,,,1338.4716748
4386014299,1,2023_5_51_1_1,2023,5,51,63,1,1,0,0,,,1049.5373208
4386014304,1,2023_5_51_1_1,2023,5,51,55,1,1,0,1.005796887,,,365.61033687
4386014305,1,2023_5_51_1_1,2023,5,51,42,1,1,0,0,,,518.04583493
4386014308,1,2023_5_51_1_1,2023,5,51,56,2,1,0,0,,,849.25546948
4386014310,1,2023_5_51_1_1,2023,5,51,-3,1,1,0,0,,,950.03482506
4386014315,1,2023_5_51_1_1,2023,5,51,62,2,1,0,0,,,328.99876851
4386014323,1,2023_5_51_1_1,2023,5,51,60,2,1,0,1.005796887,,,345.80411716
4386014325,1,2023_5_51_1_1,2023,5,51,61,2,1,0,0,,,421.83737782
4386014328,1,2023_5_51_1_1,2023,5,51,61,1,1,13.918843582,0,,,166.49932158
4386014332,1,2023_5_51_1_1,2023,5,51,62,1,1,0,0,,,588.27059762
4386014334,1,2023_5_51_1_1,2023,5,51,81,1,1,0,0,,,166.12806425
4386014337,1,2023_5_51_1_1,2023,5,51,77,1,1,0,4.0231875479,,,166.49932158
4386014346,1,2023_5_51_1_1,2023,5,51,70,1,-3,0,1.005796887,,,111.79615331
4386014347,1,2023_5_51_1_1,2023,5,51,40,1,1,1.988406226,0,,,365.61033687
4386014349,1,2023_5_51_1_1,2023,5,51,73,1,2,0,0,,,505.33594951
4386014351,1,2023_5_51_1_1,2023,5,51,74,1,1,0,0,,,158.40780673
4386014354,1,2023_5_51_1_1,2023,5,51,34,1,1,4.9710155651,10.05796887,,,232.19055627
4386014356,1,2023_5_51_1_1,2023,5,51,27,2,1,0,0,,,328.99876851
4386014360,1,2023_5_51_1_1,2023,5,51,33,2,1,1.988406226,0,,,365.61033687
4386014361,1,2023_5_51_1_1,2023,5,51,69,1,1,0.994203113,0,,,111.79615331
4386014364,1,2023_5_51_1_1,2023,5,51,61,2,1,0,0,,,347.84244784
4386014369,1,2023_5_51_1_1,2023,5,51,71,1,1,0,0,,,283.24317309
4386014374,1,2023_5_51_1_1,2023,5,51,74,1,1,0,0,,,158.40780673
4386014375,1,2023_5_51_1_1,2023,5,51,58,2,2,0,0,,,328.6982213
4386014376,1,2023_5_51_1_1,2023,5,51,85,2,1,0,0,,,283.24317309
4386014382,1,2023_5_51_1_1,2023,5,51,39,2,1,1.988406226,0,,,365.61033687
4386014386,1,2023_5_51_1_1,2023,5,51,53,1,1,0,0,,1,231.97844537
4386014388,1,2023_5_51_1_1,2023,5,51,47,1,3,0,20.11593774,,,544.50776033
4386014394,1,2023_5_51_1_1,2023,5,51,62,1,1,0,12.069562644,,,1138.0416886
4386014396,1,2023_5_51_1_1,2023,5,51,73,2,1,0,0,,,106.26593183
4386014403,1,2023_5_51_1_1,2023,5,51,74,1,1,0,0,,,106.36309673
4386014409,1,2023_5_51_1_1,2023,5,51,51,1,1,0,0,,,220.90658637
4386014411,1,2023_5_51_1_1,2023,5,51,62,2,1,0,0,,,406.5872973
4386014415,1,2023_5_51_1_1,2023,5,51,35,1,1,0,6.0347813219,,,544.50776033
4386014417,1,2023_5_51_1_1,2023,5,51,60,1,1,0,0,,,220.90658637
4386014418,1,2023_5_51_1_1,2023,5,51,56,1,1,1.988406226,4.0231875479,,,892.63567518
4386014420,1,2023_5_51_1_1,2023,5,51,66,2,1,1.988406226,0,,,111.79615331
4386014426,1,2023_5_51_1_1,2023,5,51,32,1,1,0,10.05796887,,,365.61033687
4386014429,1,2023_5_51_1_1,2023,5,51,54,1,1,19.88406226,0,,,232.19055627
4386014433,1,2023_5_51_1_1,2023,5,51,71,1,1,0,0,,,106.36309673
4386014440,1,2023_5_51_1_1,2023,5,51,47,1,1,0,0,,,518.04583493
4386014442,1,2023_5_51_1_1,2023,5,51,51,1,3,19.88406226,12.069562644,,,544.50776033
4386014445,1,2023_5_51_1_1,2023,5,51,53,1,1,3.9768124521,0,,,920.02942857
4386014452,1,2023_5_51_1_1,2023,5,51,58,1,1,19.88406226,0,,,365.61033687
4386014458,1,2023_5_51_1_1,2023,5,51,65,2,1,0,0,,,421.83737782
4386014464,1,2023_5_51_1_1,2023,5,51,82,1,2,0,0,,,521.32024726
4386014467,1,2023_5_51_1_1,2023,5,51,65,2,1,0,0,,,158.40780673
4386014473,1,2023_5_51_1_1,2023,5,51,50,2,1,0,0,,,176.03570932
4386014474,1,2023_5_51_1_1,2023,5,51,62,1,2,0,0,,,328.99876851
4386014478,1,2023_5_51_1_1,2023,5,51,76,1,1,0,0,,,158.40780673
4386014479,1,2023_5_51_1_1,2023,5,51,45,1,1,0,1.005796887,,,544.50776033
4386014480,1,2023_5_51_1_1,2023,5,51,70,2,1,0,0,,,350.04105561
4386014482,1,2023_5_51_1_1,2023,5,51,66,2,1,0,0,,,166.49932158
4386014485,1,2023_5_51_1_1,2023,5,51,71,1,2,0,0,,,421.83737782
4386014486,1,2023_5_51_1_1,2023,5,51,76,1,1,0,0,,,421.83737782
4386014489,1,2023_5_51_1_1,2023,5,51,47,2,1,0,0,,,406.5872973
4386014491,1,2023_5_51_1_1,2023,5,51,61,1,1,0.994203113,5.0289844349,,,345.80411716
4386014496,1,2023_5_51_1_1,2023,5,51,31,2,1,0,0,,,328.99876851
4386014498,1,2023_5_51_1_1,2023,5,51,29,1,1,0.994203113,5.0289844349,,,544.50776033
4386014502,1,2023_5_51_1_1,2023,5,51,56,2,1,0,0,,,220.70478361
4386014503,1,2023_5_51_1_1,2023,5,51,65,1,2,0,0,,,195.76548053
4386014510,1,2023_5_51_1_1,2023,5,51,52,2,4,0,0,,,920.02942857
4386014516,1,2023_5_51_1_1,2023,5,51,65,2,1,0,0,,,166.49932158
4386014518,1,2023_5_51_1_1,2023,5,51,68,1,-3,0,0,,,658.86598981
4386014521,1,2023_5_51_1_1,2023,5,51,25,2,1,0,0,,,328.99876851
4386014526,1,2023_5_51_1_1,2023,5,51,75,1,2,0,0,,,158.40780673
4386014530,1,2023_5_51_1_1,2023,5,51,63,1,2,0,0,,,587.7332002
4386014536,1,2023_5_51_1_1,2023,5,51,29,1,1,0,0,,,848.47965694
4386014547,1,2023_5_51_1_1,2023,5,51,53,1,2,0,2.011593774,,,345.80411716
4386014551,1,2023_5_51_1_1,2023,5,51,46,2,1,0,2.011593774,,,1103.1479792
4386014556,1,2023_5_51_1_1,2023,5,51,66,1,1,0,0,,,408.90334296
4386014557,1,2023_5_51_1_1,2023,5,51,43,2,1,0,0,,,518.51951328
4386014561,1,2023_5_51_1_1,2023,5,51,65,2,1,11.930437356,0,,,111.6940252
4386014566,1,2023_5_51_1_1,2023,5,51,63,2,1,0,0,,,273.00348969
4386014568,1,2023_5_51_1_1,2023,5,51,57,2,1,0,0,,,220.90658637
4386014572,1,2023_5_51_1_1,2023,5,51,35,1,1,9.9420311302,30.173906609,,,345.80411716
4386014574,1,2023_5_51_1_1,2023,5,51,72,1,1,0,3.0173906609,,,443.38494846
4386014576,1,2023_5_51_1_1,2023,5,51,62,1,1,0,2.011593774,,,232.19055627
4386014593,1,2023_5_51_1_1,2023,5,51,75,1,1,0,0,,,421.83737782
4386014594,1,2023_5_51_1_1,2023,5,51,79,1,1,0,0,,,421.4520206
4386014595,1,2023_5_51_1_1,2023,5,51,57,1,2,3.9768124521,12.069562644,,,1450.015189
4386014597,1,2023_5_51_1_1,2023,5,51,59,2,1,0.994203113,0,,,365.61033687
4386014598,1,2023_5_51_1_1,2023,5,51,56,1,1,1.988406226,0,,,345.80411716
4386014600,1,2023_5_51_1_1,2023,5,51,90,2,1,0,0,,,421.83737782
4386014603,1,2023_5_51_1_1,2023,5,51,45,1,1,50.935489468,51.798382899,,,319.46630984
4386014610,1,2023_5_51_1_1,2023,5,51,62,1,1,1.988406226,1.005796887,,,232.19055627
4386014614,1,2023_5_51_1_1,2023,5,51,46,1,1,0,20.11593774,,,1450.015189
4386014618,1,2023_5_51_1_1,2023,5,51,56,1,1,11.930437356,2.011593774,,,345.80411716
4386014619,1,2023_5_51_1_1,2023,5,51,69,1,1,0,4.0231875479,,,205.76523575
4386014620,1,2023_5_51_1_1,2023,5,51,66,1,1,1.988406226,8.0463750959,,,443.38494846
4386014621,1,2023_5_51_1_1,2023,5,51,75,1,1,0,0,,,421.83737782
4386014623,1,2023_5_51_1_1,2023,5,51,58,1,1,0,4.0231875479,,,345.80411716
4386014627,1,2023_5_51_1_1,2023,5,51,79,1,2,0,0,,,228.27793341
4386014629,1,2023_5_51_1_1,2023,5,51,75,2,2,0,0,,,521.32024726
4386014630,1,2023_5_51_1_1,2023,5,51,64,2,1,0,0,,,158.26309791
4386014632,1,2023_5_51_1_1,2023,5,51,80,1,1,0,0,,,421.83737782
4386014637,1,2023_5_51_1_1,2023,5,51,65,2,1,0,0,,,421.83737782
4386014641,1,2023_5_51_1_1,2023,5,51,62,1,1,0,0,,,328.99876851
4386014642,1,2023_5_51_1_1,2023,5,51,73,2,2,0,0,,,421.83737782
4386014645,1,2023_5_51_1_1,2023,5,51,27,1,1,0,0,,,328.99876851
4386014653,1,2023_5_51_1_1,2023,5,51,36,1,1,0,0,,,348.16049969
4386014655,1,2023_5_51_1_1,2023,5,51,36,2,3,0,0,1,1,415.42234368
4386014657,1,2023_5_51_1_1,2023,5,51,41,1,1,11.930437356,8.0463750959,,,176.03570932
4386014658,1,2023_5_51_1_1,2023,5,51,77,1,4,0.994203113,1.005796887,,,166.49932158
4386014665,1,2023_5_51_1_1,2023,5,51,75,2,1,0,0,,,408.52980126
4386014669,1,2023_5_51_1_1,2023,5,51,43,2,1,0,0,,,518.04583493
4386014671,1,2023_5_51_1_1,2023,5,51,30,2,3,0,0,,,328.99876851
4386014672,1,2023_5_51_1_1,2023,5,51,60,1,1,0,0,,,220.90658637
4386014675,1,2023_5_51_1_1,2023,5,51,78,2,2,0,4.0231875479,,,443.38494846
4386014676,1,2023_5_51_1_1,2023,5,51,64,1,2,0,5.0289844349,,,345.80411716
4386014677,1,2023_5_51_1_1,2023,5,51,77,2,1,0,0,,,283.24317309
4386014687,1,2023_5_51_1_1,2023,5,51,69,2,1,0.994203113,4.0231875479,,,210.42869694
4386014694,1,2023_5_51_1_1,2023,5,51,60,2,2,0,0,,,1049.5373208
4386014696,1,2023_5_51_1_1,2023,5,51,90,2,2,1.988406226,15.086953305,,,547.94943056
4386014702,1,2023_5_51_1_1,2023,5,51,44,1,1,0,0,,,328.6982213
4386014707,1,2023_5_51_1_0,2023,5,51,15,1,4,0,0,,,3957.793539
4386014710,1,2023_5_51_1_0,2023,5,51,36,1,2,0,0,,,3106.2668008
4386014713,1,2023_5_51_1_0,2023,5,51,50,2,4,0,0,,,3957.793539
4386014718,1,2023_5_51_1_0,2023,5,51,65,2,2,0,0,,,3982.8095648
4386014719,1,2023_5_51_1_0,2023,5,51,30,2,1,0,0,,,3622.151178
4386014727,1,2023_5_51_1_0,2023,5,51,45,1,1,0,0,,,3957.793539
4386014736,1,2023_5_51_1_0,2023,5,51,36,1,5,0,0,,,2513.5019193
4386014737,1,2023_5_51_1_0,2023,5,51,-3,1,1,0,0,,,2203.4314513
4386014742,1,2023_5_51_1_0,2023,5,51,32,2,5,0,0,,,3957.793539
4386014761,1,2023_5_51_1_0,2023,5,51,70,1,1,0,0,,,8319.0567664
4386014763,1,2023_5_51_1_0,2023,5,51,41,2,1,0,0,,,3957.793539
4386014766,1,2023_5_51_1_0,2023,5,51,70,2,1,0,0,,,3219.8310877
4386014774,1,2023_5_51_1_0,2023,5,51,34,2,1,0,0,,,2513.5019193
4386014776,1,2023_5_51_1_0,2023,5,51,71,2,2,0,0,,,1210.2122085
4386014784,1,2023_5_51_1_0,2023,5,51,34,2,-3,0,0,,,3957.793539
4386014787,1,2023_5_51_1_0,2023,5,51,48,2,1,0,0,,,10539.538946
4386014793,1,2023_5_51_1_0,2023,5,51,50,2,4,0,0,,,6488.1861477
4386014797,1,2023_5_51_1_0,2023,5,51,80,2,1,0,0,,,3982.8095648
4386014798,1,2023_5_51_1_0,2023,5,51,61,2,1,0,0,,,2511.205783
4386014818,1,2023_5_51_1_0,2023,5,51,60,1,2,0,0,,,8018.3098621
4386014822,1,2023_5_51_1_0,2023,5,51,64,1,1,0,0,,,6693.4141734
4386014823,1,2023_5_51_1_0,2023,5,51,58,2,1,0,0,,,2513.5019193
4386014833,1,2023_5_51_1_0,2023,5,51,54,2,1,0,0,,,3106.2668008
4386014848,1,2023_5_51_1_0,2023,5,51,45,2,3,0,0,,,6693.4141734
4386014853,1,2023_5_51_1_0,2023,5,51,35,1,4,0,0,,,10539.538946
4386014855,1,2023_5_51_1_0,2023,5,51,83,2,4,0,0,1,1,3222.7751598
4386014860,1,2023_5_51_1_0,2023,5,51,71,1,1,0,0,,,3219.8310877
4386014861,1,2023_5_51_1_0,2023,5,51,72,1,1,0,0,,,1210.2122085
4386014872,1,2023_5_51_1_0,2023,5,51,77,2,1,0,0,,,3982.8095648
4386014875,1,2023_5_51_1_0,2023,5,51,68,2,1,0,0,,,3121.1072436
4386014879,1,2023_5_51_1_0,2023,5,51,36,1,1,0,0,,,2513.5019193
4386014881,1,2023_5_51_1_0,2023,5,51,70,2,1,0,0,,,3982.8095648
4386014885,1,2023_5_51_1_0,2023,5,51,16,2,1,0,0,,,3957.793539
4386014886,1,2023_5_51_1_0,2023,5,51,67,1,1,0,0,,,1210.2122085
4386014888,1,2023_5_51_1_0,2023,5,51,55,1,1,0,0,,,3106.2668008
4386014889,1,2023_5_51_1_0,2023,5,51,83,1,1,0,0,,,3982.8095648
4386014890,1,2023_5_51_1_0,2023,5,51,61,1,1,0,0,,,3106.2668008
4386014891,1,2023_5_51_1_0,2023,5,51,69,1,1,0,0,,,1210.2122085
4386014894,1,2023_5_51_1_0,2023,5,51,77,1,1,0,0,,,3222.7751598
4386014895,1,2023_5_51_1_0,2023,5,51,85,1,1,0,0,,,3982.8095648
4386014898,1,2023_5_51_1_0,2023,5,51,74,2,1,0,0,,,3222.7751598
4386014904,1,2023_5_51_1_0,2023,5,51,56,1,1,0,0,,,2513.5019193
4386014905,1,2023_5_51_1_0,2023,5,51,61,2,1,0,0,,,3222.7751598
4386014908,1,2023_5_51_1_0,2023,5,51,49,2,1,0,2.011593774,,,7028.8887248
4386014911,1,2023_5_51_1_0,2023,5,51,55,1,1,0,0,,,10539.538946
4386014921,1,2023_5_51_1_0,2023,5,51,65,1,1,0,0,,,660.45254387
4386014922,1,2023_5_51_1_0,2023,5,51,55,1,1,0,0,,,3222.7751598
4386014925,1,2023_5_51_1_0,2023,5,51,57,2,1,0,0,,,1209.1066545
4386014933,1,2023_5_51_1_0,2023,5,51,53,2,5,0,0,,,10539.538946
4386014935,1,2023_5_51_1_0,2023,5,51,77,2,1,0,0,,,3982.8095648
4386014939,1,2023_5_51_1_0,2023,5,51,-3,2,1,0,0,,,1203.5843999
4386014941,1,2023_5_51_1_0,2023,5,51,62,2,2,0,0,,,1210.2122085
4386014942,1,2023_5_51_1_0,2023,5,51,41,1,1,0,0,,,3957.793539
4386014951,1,2023_5_51_1_0,2023,5,51,38,2,1,0,0,,,3957.793539
4386014954,1,2023_5_51_1_0,2023,5,51,68,1,1,0,0,,,3860.6918947
4386014957,1,2023_5_51_1_0,2023,5,51,49,2,1,0,0,,,2513.5019193
4386014959,1,2023_5_51_1_0,2023,5,51,69,2,1,0,0,,1,3222.7751598
4386014965,1,2023_5_51_1_0,2023,5,51,56,1,1,0,0,,,4919.0305975
4386014968,1,2023_5_51_1_0,2023,5,51,67,2,1,0,1.005796887,,,1272.0301849
4386014973,1,2023_5_51_1_0,2023,5,51,70,1,1,0,0,1,1,1495.6193096
4386014974,1,2023_5_51_1_0,2023,5,51,35,1,1,0,0,,,3106.2668008
4386014981,1,2023_5_51_1_0,2023,5,51,65,2,1,0,0,,,3222.7751598
4386014984,1,2023_5_51_1_0,2023,5,51,61,1,1,0,0,,,2513.5019193
4386014989,1,2023_5_51_1_0,2023,5,51,58,1,2,0,0,,,6488.1861477
4386014991,1,2023_5_51_1_0,2023,5,51,47,2,1,0,0,,,1371.7005372
4386014992,1,2023_5_51_1_0,2023,5,51,79,1,1,0,0,,,1209.1066545
4386014995,1,2023_5_51_1_0,2023,5,51,79,2,1,0,0,,,3222.7751598
4386014996,1,2023_5_51_1_0,2023,5,51,75,1,1,0,0,,,1210.2122085
4386014997,1,2023_5_51_1_0,2023,5,51,37,2,1,0,0,,,3957.793539
4386015006,1,2023_5_51_1_0,2023,5,51,62,2,1,0,0,,,6482.2590548
4386015009,1,2023_5_51_1_0,2023,5,51,57,2,1,0,0,,,1209.1066545
4386015014,1,2023_5_51_1_0,2023,5,51,67,1,1,0,0,,,1495.6193096
4386015015,1,2023_5_51_1_0,2023,5,51,56,2,1,0,0,,,2513.5019193
4386015019,1,2023_5_51_1_0,2023,5,51,50,1,1,0,0,,,6687.2996004
4386015025,1,2023_5_51_1_0,2023,5,51,36,1,3,0,0,,,10216.384168
4386015029,1,2023_5_51_1_0,2023,5,51,70,2,-3,0,0,,,2155.3034047
4386015031,1,2023_5_51_1_0,2023,5,51,67,2,1,0,0,,,3222.7751598
4386015035,1,2023_5_51_1_0,2023,5,51,76,2,1,0,2.011593774,,,4186.2525857
4386015036,1,2023_5_51_1_0,2023,5,51,53,1,3,0,0,,,6482.2590548
4386015037,1,2023_5_51_1_0,2023,5,51,82,1,1,0,0,,,2173.5499694
4386015040,1,2023_5_51_1_0,2023,5,51,52,1,1,0,2.011593774,,,2641.8922967
4386015042,1,2023_5_51_1_0,2023,5,51,58,2,1,0,0,,,2511.205783
4386015043,1,2023_5_51_1_0,2023,5,51,68,1,1,0,5.0264887722,,,7447.0588009
4386015048,1,2023_5_51_1_0,2023,5,51,66,1,1,1.988406226,0,,,4057.897111
4386015052,1,2023_5_51_1_0,2023,5,51,57,1,1,0,0,,,6687.2996004
4386015055,1,2023_5_51_1_0,2023,5,51,73,1,1,0,0,,,1210.2122085
4386015056,1,2023_5_51_1_0,2023,5,51,62,1,1,1.988406226,0,,,1441.7673824
4386015084,1,2023_5_51_1_0,2023,5,51,61,1,1,0,0,,,10539.538946
4386015092,1,2023_5_51_1_0,2023,5,51,83,1,1,0,0,,,3222.7751598
4386015093,1,2023_5_51_1_0,2023,5,51,56,2,3,0,0,,,8018.3098621
4386015095,1,2023_5_51_1_0,2023,5,51,70,1,1,0,0,,,1210.2122085
4386015097,1,2023_5_51_1_0,2023,5,51,53,1,1,0,0,,,3957.793539
4386015106,1,2023_5_51_1_0,2023,5,51,74,1,1,0,0,,,3860.6918947
4386015109,1,2023_5_51_1_0,2023,5,51,29,2,5,0,0,,,1371.7005372
4386015110,1,2023_5_51_1_0,2023,5,51,71,1,1,0,0,,,1758.7742361
4386015118,1,2023_5_51_1_0,2023,5,51,63,2,1,0,0,,,2511.205783
4386015120,1,2023_5_51_1_0,2023,5,51,75,2,1,0,0,,,1209.1066545
4386015132,1,2023_5_51_1_0,2023,5,51,-3,-3,-3,0,0,1,1,3927.7455724
4386015135,1,2023_5_51_1_0,2023,5,51,37,2,4,0,0,,,3957.793539
4386015142,1,2023_5_51_1_0,2023,5,51,63,1,1,0,0,,,6687.2996004
4386015151,1,2023_5_51_1_0,2023,5,51,79,2,1,0,0,,,1758.7742361
4386015153,1,2023_5_51_1_0,2023,5,51,80,2,1,0,1.005796887,,,1572.0159602
4386015154,1,2023_5_51_1_0,2023,5,51,54,1,1,0,0,,,1440.4502979
4386015160,1,2023_5_51_1_0,2023,5,51,64,1,1,0,0,,,3176.6671996
4386015164,1,2023_5_51_1_0,2023,5,51,61,2,1,0,0,,,3622.151178
4386015165,1,2023_5_51_1_0,2023,5,51,59,1,1,0,0,,,6693.4141734
4386015176,1,2023_5_51_1_0,2023,5,51,73,1,1,0,0,,,1210.2122085
4386015181,1,2023_5_51_1_0,2023,5,51,33,2,1,0,0,,,3957.793539
4386015182,1,2023_5_51_1_0,2023,5,51,76,2,1,0,0,,,660.45254387
4386015184,1,2023_5_51_1_0,2023,5,51,42,2,1,0,0,,,3957.793539
4386015185,1,2023_5_51_1_0,2023,5,51,30,1,1,0,0,,,3957.793539
4386015189,1,2023_5_51_1_0,2023,5,51,24,2,1,0,0,,,6693.4141734
4386015192,1,2023_5_51_1_0,2023,5,51,65,2,1,0,0,,,1209.1066545
4386015194,1,2023_5_51_1_0,2023,5,51,68,1,1,0.994203113,0,,,3387.3954118
4386015197,1,2023_5_51_1_0,2023,5,51,-3,2,1,0,0,,,2205.4461723
4386015209,1,2023_5_51_1_0,2023,5,51,67,2,5,0,0,,,3860.6918947
4386015217,1,2023_5_51_1_0,2023,5,51,23,2,1,0,0,,,2513.5019193
4386015219,1,2023_5_51_1_0,2023,5,51,76,1,1,0,0,,,3982.8095648
4386015223,1,2023_5_51_1_0,2023,5,51,45,2,1,0,0,,,2159.8979026
4386015224,1,2023_5_51_1_0,2023,5,51,71,1,1,0,0,,,1495.6193096
4386015225,1,2023_5_51_1_0,2023,5,51,73,2,1,0,0,,,1210.2122085
4386015226,1,2023_5_51_1_0,2023,5,51,66,1,1,0,0,,,3982.8095648
4386015231,1,2023_5_51_1_0,2023,5,51,90,1,1,0,0,,,3222.7751598
4386015232,1,2023_5_51_1_0,2023,5,51,57,1,1,0,0,,,3957.793539
4386015235,1,2023_5_51_1_0,2023,5,51,58,1,1,0,0,,,6693.4141734
4386015243,1,2023_5_51_1_0,2023,5,51,48,1,1,0,0,,,3957.793539
4386015244,1,2023_5_51_1_0,2023,5,51,65,1,2,0,0,1,1,1209.1066545
4386015245,1,2023_5_51_1_0,2023,5,51,65,2,1,0,0,,,8319.0567664
4386015246,1,2023_5_51_1_0,2023,5,51,69,1,-3,0,0,,,1210.2122085
4386015250,1,2023_5_51_1_0,2023,5,51,53,1,2,0,0,,,6693.4141734
4386015252,1,2023_5_51_1_0,2023,5,51,31,2,1,0,0,,,10216.384168
4386015272,1,2023_5_51_1_0,2023,5,51,66,2,2,0,0,,,1495.6193096
4386015276,1,2023_5_51_1_0,2023,5,51,70,1,5,0,0,,,1495.6193096
4386015283,1,2023_5_51_1_0,2023,5,51,25,1,1,0,0,,,8018.3098621
4386015287,1,2023_5_51_1_0,2023,5,51,51,2,1,0,0,,,3106.2668008
4386015295,1,2023_5_51_1_0,2023,5,51,37,2,1,0,0,,,3957.793539
4386015310,1,2023_5_51_1_0,2023,5,51,74,2,1,0,0,,,3982.8095648
4386015312,1,2023_5_51_1_0,2023,5,51,80,2,2,0,0,,,3982.8095648
4386015317,1,2023_5_51_1_0,2023,5,51,78,2,1,0,0,,,1495.6193096
4386015321,1,2023_5_51_1_0,2023,5,51,51,2,2,0,0,,,3649.4789934
4386015322,1,2023_5_51_1_0,2023,5,51,37,1,1,0,0,,,1371.7005372
4386015323,1,2023_5_51_1_0,2023,5,51,36,1,4,0,0,,,3957.793539
4386015325,1,2023_5_51_1_0,2023,5,51,33,1,1,0,0,,,6488.1861477
4386015366,1,2023_5_51_1_0,2023,5,51,66,2,2,0,0,,,1905.6162333
4386015378,1,2023_5_51_1_0,2023,5,51,91,2,1,0,0,,,10280.958868
4386015380,1,2023_5_51_1_0,2023,5,51,44,1,1,0,0,,,2513.5019193
4386015384,1,2023_5_51_1_0,2023,5,51,54,2,2,0,0,,,2511.205783
4386015385,1,2023_5_51_1_0,2023,5,51,43,2,2,0,0,1,1,10225.725581
4386015392,1,2023_5_51_1_0,2023,5,51,67,2,1,0,0,,,659.84920673
4386015397,1,2023_5_51_1_0,2023,5,51,39,2,4,0,0,,,3106.2668008
4386015408,1,2023_5_51_1_0,2023,5,51,69,1,1,0,0,,,1758.7742361
4386015411,1,2023_5_51_1_0,2023,5,51,81,1,1,0,0,,,2723.9611707
4386015414,1,2023_5_51_1_0,2023,5,51,57,1,1,0,1.005796887,,,1440.4502979
4386015417,1,2023_5_51_1_0,2023,5,51,76,2,1,0,0,,,3982.8095648
4386015421,1,2023_5_51_1_0,2023,5,51,52,1,1,0,0,,,6693.4141734
4386015422,1,2023_5_51_1_0,2023,5,51,62,2,1,0,0,,,8018.3098621
4386015434,1,2023_5_51_1_0,2023,5,51,81,2,-3,0,0,,,10280.958868
4386015435,1,2023_5_51_1_0,2023,5,51,53,2,2,0,0,,,10539.538946
4386015443,1,2023_5_51_1_0,2023,5,51,32,2,4,0,0,,,3957.793539
4386015446,1,2023_5_51_1_0,2023,5,51,31,1,1,0,0,,,2511.205783
4386015447,1,2023_5_51_1_0,2023,5,51,61,1,1,0,0,,,6687.2996004
4386015453,1,2023_5_51_1_0,2023,5,51,86,1,1,0,0,,,3222.7751598
4386015455,1,2023_5_51_1_0,2023,5,51,69,2,1,0,0,,1,1495.6193096
4386015459,1,2023_5_51_1_0,2023,5,51,71,2,3,0,0,,,3982.8095648
4386015464,1,2023_5_51_1_0,2023,5,51,46,1,1,0,0,,,6693.4141734
4386015465,1,2023_5_51_1_0,2023,5,51,61,1,1,0,0,,,3961.4123716
4386015473,1,2023_5_51_1_0,2023,5,51,65,1,1,0,0,,,1210.2122085
4386015478,1,2023_5_51_1_0,2023,5,51,-3,-3,-3,0,0,,,2725.5615654
4386015479,1,2023_5_51_1_0,2023,5,51,53,1,1,0,0,,,1210.2122085
4386015484,1,2023_5_51_1_0,2023,5,51,85,1,1,0,0,,,10280.958868
4386015488,1,2023_5_51_1_0,2023,5,51,61,2,1,0,0,,,8271.9372805
4386015491,1,2023_5_51_1_0,2023,5,51,38,1,1,0,0,1,1,3957.793539
4386015493,1,2023_5_51_1_0,2023,5,51,46,2,4,0,0,,,1209.1066545
4386015494,1,2023_5_51_1_0,2023,5,51,33,2,1,0,0,,,2513.5019193
4386015496,1,2023_5_51_1_0,2023,5,51,55,1,1,0,0,,1,3106.2668008
4386015498,1,2023_5_51_1_0,2023,5,51,34,1,4,0,0,,,3957.793539
4386015500,1,2023_5_51_1_0,2023,5,51,64,2,2,0,0,,,6693.4141734
4386015506,1,2023_5_51_1_0,2023,5,51,40,1,1,0,0,,,2513.5019193
4386015507,1,2023_5_51_1_0,2023,5,51,43,2,1,0,0,,,10216.384168
4386015509,1,2023_5_51_1_0,2023,5,51,70,2,1,0,0,,,3222.7751598
4386015512,1,2023_5_51_1_0,2023,5,51,68,1,1,0,0,,,3222.7751598
4386015528,1,2023_5_51_1_0,2023,5,51,54,2,1,0,0,,,17277.932747
4386015531,1,2023_5_51_1_0,2023,5,51,20,1,1,0,0,,,3652.8159167
4386015533,1,2023_5_51_1_0,2023,5,51,63,1,1,0,0,,,1210.2122085
4386015538,1,2023_5_51_1_0,2023,5,51,68,1,1,0,0,,,1210.2122085
4386015549,1,2023_5_51_1_0,2023,5,51,72,1,1,0,0,,,1495.6193096
4386015550,1,2023_5_51_1_0,2023,5,51,70,1,1,0,0,,,1210.2122085
4386015553,1,2023_5_51_1_0,2023,5,51,59,1,2,0,0,,1,6687.2996004
4386015555,1,2023_5_51_1_0,2023,5,51,-3,2,5,0,0,,,5873.0667977
4386015558,1,2023_5_51_1_0,2023,5,51,71,2,1,0,0,,,1495.6193096
4386015566,1,2023_5_51_1_0,2023,5,51,52,2,1,0,0,,,3957.793539
4386015572,1,2023_5_51_1_0,2023,5,51,32,1,1,0,0,,,6488.1861477
4386015573,1,2023_5_51_1_0,2023,5,51,44,1,1,0,0,,,5751.7725065
4386015578,1,2023_5_51_1_0,2023,5,51,47,1,2,0,0,,,2511.205783
4386015579,1,2023_5_51_1_0,2023,5,51,70,1,1,0,0,,,3222.7751598
4386015583,1,2023_5_51_1_0,2023,5,51,76,1,1,0,0,,,1209.1066545
4386015586,1,2023_5_51_1_0,2023,5,51,68,1,1,0,0,,,3222.7751598
4386015589,1,2023_5_51_1_0,2023,5,51,86,2,1,0,0,,,3982.8095648
4386015593,1,2023_5_51_1_0,2023,5,51,48,1,5,0,0,,,10539.538946
4386015597,1,2023_5_51_1_0,2023,5,51,64,1,2,0,0,,,3106.2668008
4386015601,1,2023_5_51_1_0,2023,5,51,45,2,2,0,0,,,3957.793539
4386015609,1,2023_5_51_1_0,2023,5,51,45,1,3,0,0,,,3957.793539
4386015616,1,2023_5_51_1_0,2023,5,51,42,2,2,0,0,,1,3106.2668008
4386015621,1,2023_5_51_1_0,2023,5,51,37,2,3,0,0,,,3106.2668008
4386015623,1,2023_5_51_1_0,2023,5,51,81,2,1,0,0,,,4073.0759198
4386015625,1,2023_5_51_1_0,2023,5,51,59,2,2,0,0,,,10539.538946
4386015630,1,2023_5_51_1_0,2023,5,51,58,1,1,0,0,,,2513.5019193
4386015637,1,2023_5_51_1_0,2023,5,51,85,2,2,0,0,1,1,10280.958868
4386015638,1,2023_5_51_1_0,2023,5,51,64,1,1,2.9826093391,5.0289844349,,,2639.4788732
4386015639,1,2023_5_51_1_0,2023,5,51,66,2,1,0,0,,,1495.6193096
4386015641,1,2023_5_51_1_0,2023,5,51,68,1,1,0,40.231875479,,,1572.0159602
4386015642,1,2023_5_51_1_0,2023,5,51,51,1,1,0,0,,,2513.5019193
4386015645,1,2023_5_51_1_0,2023,5,51,83,1,1,0,0,,,3982.8095648
4386015648,1,2023_5_51_1_0,2023,5,51,65,1,2,0,0,,,3222.7751598
4386015649,1,2023_5_51_1_0,2023,5,51,70,1,1,0,5.0289844349,,,1272.0301849
4386015654,1,2023_5_51_1_0,2023,5,51,28,2,3,0,0,,,3106.2668008
4386015659,1,2023_5_51_1_0,2023,5,51,42,2,1,0,0,,,10216.384168
4386015665,1,2023_5_51_1_0,2023,5,51,57,2,1,0,0,,,6482.2590548
4386015669,1,2023_5_51_1_0,2023,5,51,69,2,2,0,0,,,8311.4571351
4386015671,1,2023_5_51_1_0,2023,5,51,-3,2,2,0,0,,,7035.5827691
4386015673,1,2023_5_51_1_0,2023,5,51,66,1,3,0,0,,,1905.6162333
4386015674,1,2023_5_51_1_0,2023,5,51,30,2,1,0,0,,,8018.3098621
4386015677,1,2023_5_51_1_0,2023,5,51,40,2,1,0,0,,,3957.793539
4386015684,1,2023_5_51_1_0,2023,5,51,63,1,1,0,0,,,2513.5019193
4386015685,1,2023_5_51_1_0,2023,5,51,43,2,1,0,0,,,3957.793539
4386015693,1,2023_5_51_1_0,2023,5,51,90,1,1,0,4.0231875479,,,2265.3969023
4386015694,1,2023_5_51_1_0,2023,5,51,80,1,1,0,0,,,1210.2122085
4386015695,1,2023_5_51_1_0,2023,5,51,49,2,1,0,0,,,6819.6045016
4386015706,1,2023_5_51_1_0,2023,5,51,31,2,1,0,0,,,2513.5019193
4386015711,1,2023_5_51_1_0,2023,5,51,60,1,1,0,0,,,2513.5019193
4386015717,1,2023_5_51_1_0,2023,5,51,58,2,1,0,0,,,2513.5019193
4386015745,1,2023_5_51_1_0,2023,5,51,79,1,1,0,0,,,3222.7751598
4386015746,1,2023_5_51_1_0,2023,5,51,52,2,5,0,0,,,2511.205783
4386015747,1,2023_5_51_1_0,2023,5,51,32,2,5,0,0,,,10216.384168
4386015748,1,2023_5_51_1_0,2023,5,51,33,1,1,0,3.0173906609,,,10738.239915
4386015756,1,2023_5_51_1_0,2023,5,51,23,2,1,0,0,,,6482.2590548
4386015760,1,2023_5_51_1_0,2023,5,51,42,2,5,0,0,,,3957.793539
4386015763,1,2023_5_51_1_0,2023,5,51,53,1,1,0,0,,,3957.793539
4386015764,1,2023_5_51_1_0,2023,5,51,27,2,1,0,0,,,2513.5019193
4386015766,1,2023_5_51_1_0,2023,5,51,63,1,3,0,0,,,2511.205783
4386015772,1,2023_5_51_1_0,2023,5,51,75,1,1,0,0,,,660.45254387
4386015776,1,2023_5_51_1_0,2023,5,51,41,2,1,0,2.011593774,,,4159.9587343
4386015777,1,2023_5_51_1_0,2023,5,51,63,2,5,0.994203113,1.005796887,,,1272.0301849
4386015778,1,2023_5_51_1_0,2023,5,51,53,1,1,0,0,,,2513.5019193
4386015779,1,2023_5_51_1_0,2023,5,51,30,2,1,0,0,,,2513.5019193
4386015780,1,2023_5_51_1_0,2023,5,51,61,1,-3,0,0,,,8018.3098621
4386015781,1,2023_5_51_1_0,2023,5,51,61,1,1,0,0,,,1209.1066545
4386015784,1,2023_5_51_1_0,2023,5,51,75,2,2,0,0,,,3222.7751598
4386015795,1,2023_5_51_1_0,2023,5,51,56,1,2,0,0,,,10539.538946
4386015796,1,2023_5_51_1_0,2023,5,51,60,2,4,0,0,,,2511.205783
4386015802,1,2023_5_51_1_0,2023,5,51,67,2,1,0,0,,,3222.7751598
4386015803,1,2023_5_51_1_0,2023,5,51,67,1,1,0,0,,,1495.6193096
4386015804,1,2023_5_51_1_0,2023,5,51,67,1,1,0,0,,,1210.2122085
4386015807,1,2023_5_51_1_0,2023,5,51,84,1,2,0,0,,,1742.4164507
4386015808,1,2023_5_51_1_0,2023,5,51,25,1,1,0,0,,,2511.205783
4386015813,1,2023_5_51_1_0,2023,5,51,53,1,1,0,0,,,6488.1861477
4386015817,1,2023_5_51_1_0,2023,5,51,62,1,1,0,0,,,17277.932747
4386015819,1,2023_5_51_1_0,2023,5,51,45,2,4,0,0,,,1209.1066545
4386015821,1,2023_5_51_1_0,2023,5,51,67,2,1,0,0,,,1495.6193096
4386015830,1,2023_5_51_1_0,2023,5,51,25,1,1,0.994203113,3.0173906609,,,8427.8873612
4386015834,1,2023_5_51_1_0,2023,5,51,34,1,3,0,0,,,2511.205783
4386015836,1,2023_5_51_1_0,2023,5,51,26,2,1,0,0,,,2511.205783
4386015838,1,2023_5_51_1_0,2023,5,51,69,1,1,0,0,,,3222.7751598
4386015849,1,2023_5_51_1_0,2023,5,51,64,1,1,0,0,,,3222.7751598
4386015855,1,2023_5_51_1_0,2023,5,51,53,1,1,0,0,,,10539.538946
4386015856,1,2023_5_51_1_0,2023,5,51,60,1,1,0,0,,,6693.4141734
4386015857,1,2023_5_51_1_0,2023,5,51,70,2,2,0,0,,,5074.6246133
4386015858,1,2023_5_51_1_0,2023,5,51,79,1,1,0,0,,,3982.8095648
4386015860,1,2023_5_51_1_0,2023,5,51,76,2,1,0,0,,,1744.0096398
4386015868,1,2023_5_51_1_0,2023,5,51,75,1,1,0,0,,,1210.2122085
4386015871,1,2023_5_51_1_0,2023,5,51,71,2,1,0,0,,,3123.961047
4386015874,1,2023_5_51_1_0,2023,5,51,77,1,1,0,0,,,1905.6162333
4386015878,1,2023_5_51_1_0,2023,5,51,74,2,1,0,0,,,3982.8095648
4386015885,1,2023_5_51_1_0,2023,5,51,77,1,2,0,0,1,1,1890.2252541
4386015896,1,2023_5_51_1_0,2023,5,51,65,1,1,0,0,,,1495.6193096
4386015897,1,2023_5_51_1_0,2023,5,51,70,1,1,0,0,,,1210.2122085
4386015908,1,2023_5_51_1_0,2023,5,51,71,1,3,2.9826093391,15.086953305,,,1.0068889643
4386015913,1,2023_5_51_1_0,2023,5,51,51,1,1,0,0,,,6693.4141734
4386015917,1,2023_5_51_1_0,2023,5,51,40,1,3,0,0,,,8018.3098621
4386015919,1,2023_5_51_1_0,2023,5,51,34,2,1,0,0,,,2513.5019193
4386015923,1,2023_5_51_1_0,2023,5,51,85,1,1,0,0,,,3222.7751598
4386015931,1,2023_5_51_1_0,2023,5,51,34,2,1,0,0,,,3957.793539
4386015935,1,2023_5_51_1_0,2023,5,51,68,2,2,0,0,,,1209.1066545
4386015937,1,2023_5_51_1_0,2023,5,51,28,2,5,0,0,,,10216.384168
4386015940,1,2023_5_51_1_0,2023,5,51,49,1,2,0,0,,,3957.793539
4386015942,1,2023_5_51_1_0,2023,5,51,86,1,1,0,0,,,3982.8095648
4386015943,1,2023_5_51_1_0,2023,5,51,22,1,1,2.9826093391,6.0347813219,,,6819.6045016
4386015949,1,2023_5_51_1_0,2023,5,51,44,1,1,1.988406226,4.0231875479,,,4159.9587343
4386015952,1,2023_5_51_1_0,2023,5,51,58,2,1,0,0,,,6488.1861477
4386015955,1,2023_5_51_1_0,2023,5,51,72,1,2,0,0,,,3219.8310877
4386015963,1,2023_5_51_1_0,2023,5,51,65,1,2,0,0,,,1209.1066545
4386015969,1,2023_5_51_1_0,2023,5,51,72,2,1,0,0,,,1210.2122085
4386015970,1,2023_5_51_1_0,2023,5,51,61,2,1,0,0,,,3222.7751598
4386015972,1,2023_5_51_1_0,2023,5,51,58,2,1,0,0,,,3123.961047
4386015973,1,2023_5_51_1_0,2023,5,51,71,1,1,0,0,,,1210.2122085
4386015976,1,2023_5_51_1_0,2023,5,51,55,2,2,0,0,,,8018.3098621
4386015977,1,2023_5_51_1_0,2023,5,51,63,2,2,0,0,,,8018.3098621
4386015979,1,2023_5_51_1_0,2023,5,51,76,1,1,0,0,,,3982.8095648
4386015981,1,2023_5_51_1_0,2023,5,51,45,2,3,0,0,,,2513.5019193
4386015985,1,2023_5_51_1_0,2023,5,51,26,2,2,0,0,,,10216.384168
4386015992,1,2023_5_51_1_0,2023,5,51,69,2,2,0,0,,,1209.1066545
4386016000,1,2023_5_51_1_0,2023,5,51,40,2,1,0,0,,,3957.793539
4386016003,1,2023_5_51_1_0,2023,5,51,72,2,1,0,0,,,3860.6918947
4386016008,1,2023_5_51_1_0,2023,5,51,31,2,1,0,0,,,2513.5019193
4386016018,1,2023_5_51_1_0,2023,5,51,39,1,1,0,0,,,3957.793539
4386016019,1,2023_5_51_1_0,2023,5,51,59,1,2,0,0,,,3957.793539
4386016044,1,2023_5_51_1_0,2023,5,51,34,2,1,0,0,,,3957.793539
4386016046,1,2023_5_51_1_0,2023,5,51,-3,-3,-3,0,0,1,1,6482.2590548
4386016047,1,2023_5_51_1_0,2023,5,51,60,1,3,0,0,,,2511.205783
4386016067,1,2023_5_51_1_0,2023,5,51,-3,1,1,9.9420311302,0,,,2864.7840086
4386016068,1,2023_5_51_1_0,2023,5,51,60,1,1,4.6306667102,1.3384761843,,,5124.5864954
4386016098,1,2023_5_51_1_0,2023,5,51,85,1,1,0,0,,,1757.1675593
4386016103,1,2023_5_51_1_0,2023,5,51,81,1,1,0,0,,,3982.8095648
4386016115,1,2023_5_51_1_0,2023,5,51,57,2,1,0,0,,,3106.2668008
4386016119,1,2023_5_51_1_0,2023,5,51,64,2,1,0,0,,,3106.2668008
4386016123,1,2023_5_51_1_0,2023,5,51,41,1,1,0,0,,,3219.8310877
4386016125,1,2023_5_51_1_0,2023,5,51,50,2,1,0,0,,,3957.793539
4386016128,1,2023_5_51_1_0,2023,5,51,47,2,3,0,0,1,1,3106.2668008
4386016133,1,2023_5_51_1_0,2023,5,51,56,1,1,0,0,,,1371.7005372
4386016137,1,2023_5_51_1_0,2023,5,51,70,1,1,1.988406226,1.005796887,,,5333.8378507
4386016138,1,2023_5_51_1_0,2023,5,51,83,1,1,0,0,,,1742.4164507
4386016142,1,2023_5_51_1_0,2023,5,51,34,2,1,0,1.005796887,,,4159.9587343
4386016151,1,2023_5_51_1_0,2023,5,51,62,2,2,0,0,,,6488.1861477
4386016157,1,2023_5_51_1_0,2023,5,51,72,1,1,0,0,,,3222.7751598
4386016161,1,2023_5_51_1_0,2023,5,51,38,2,1,0,0,,,2513.5019193
4386016179,1,2023_5_51_1_0,2023,5,51,26,1,2,0,0,,,8018.3098621
4386016184,1,2023_5_51_1_0,2023,5,51,87,2,1,0,0,,,1495.6193096
4386016186,1,2023_5_51_1_0,2023,5,51,30,1,1,0,0,,,10216.384168
4386016191,1,2023_5_51_1_0,2023,5,51,75,1,2,0,9.0521719828,,,10806.113108
4386016200,1,2023_5_51_1_0,2023,5,51,51,2,2,0,0,,,3106.2668008
4386016201,1,2023_5_51_1_0,2023,5,51,57,1,1,0,1.005796887,,,7035.315632
4386016204,1,2023_5_51_1_0,2023,5,51,60,2,1,0,0,,,8018.3098621
4386016212,1,2023_5_51_1_0,2023,5,51,58,2,2,0,0,,,6693.4141734
4386016213,1,2023_5_51_1_0,2023,5,51,55,1,2,0,0,,,6488.1861477
4386016219,1,2023_5_51_1_0,2023,5,51,27,2,1,0,0,1,1,2513.5019193
4386016220,1,2023_5_51_1_0,2023,5,51,54,1,1,0,0,,,2513.5019193
4386016233,1,2023_5_51_1_0,2023,5,51,30,2,2,0,0,,,2513.5019193
4386016234,1,2023_5_51_1_0,2023,5,51,58,2,1,0,0,,,3961.4123716
4386016236,1,2023_5_51_1_0,2023,5,51,-3,2,1,0,0,,,5873.0667977
4386016240,1,2023_5_51_1_0,2023,5,51,64,2,1,0,0,,,3106.2668008
4386016247,1,2023_5_51_1_0,2023,5,51,72,1,1,0,0,,,1210.2122085
4386016260,1,2023_5_51_1_0,2023,5,51,67,2,2,0,0,,,1272.0301849
4386016261,1,2023_5_51_1_0,2023,5,51,46,2,2,0,0,,,2641.8922967
4386016265,1,2023_5_51_1_0,2023,5,51,68,1,1,0,0,,,3222.7751598
4386016272,1,2023_5_51_1_0,2023,5,51,60,2,1,0,0,,,2513.5019193
4386016273,1,2023_5_51_1_0,2023,5,51,43,1,1,0,0,,,5074.6246133
4386016274,1,2023_5_51_1_0,2023,5,51,50,1,2,0,0,,,2513.5019193
4386016280,1,2023_5_51_1_0,2023,5,51,60,1,1,0,0,,,1210.2122085
4386016288,1,2023_5_51_1_0,2023,5,51,51,2,1,0,0,,,2511.205783
4386016292,1,2023_5_51_1_0,2023,5,51,88,2,1,0,0,,,3982.8095648
4386016300,1,2023_5_51_1_0,2023,5,51,52,1,1,0,0,,,8271.9372805
4386016301,1,2023_5_51_1_0,2023,5,51,74,1,3,0,0,,,3222.7751598
4386016304,1,2023_5_51_1_0,2023,5,51,61,1,1,0,0,,,2513.5019193
4386016306,1,2023_5_51_1_0,2023,5,51,60,1,1,0,0,,,3957.793539
4386016310,1,2023_5_51_2_1,2023,5,51,68,1,1,0,0,,,649.8145451
4386016314,1,2023_5_51_2_1,2023,5,51,64,2,4,0,0,,,1350.8403913
4386016318,1,2023_5_51_2_1,2023,5,51,47,2,1,0,0,,,798.74743058
4386016320,1,2023_5_51_2_1,2023,5,51,58,1,1,0,0,,,1349.6063705
4386016323,1,2023_5_51_2_1,2023,5,51,45,2,1,0,0,,,507.26577321
4386016325,1,2023_5_51_2_1,2023,5,51,43,1,1,0,0,,,798.74743058
4386016331,1,2023_5_51_2_1,2023,5,51,75,1,1,0,0,,,154.48953988
4386016337,1,2023_5_51_2_1,2023,5,51,42,1,1,0.994203113,1.005796887,,,2167.1523429
4386016338,1,2023_5_51_2_1,2023,5,51,65,1,4,0,4.0231875479,,,683.00725289
4386016340,1,2023_5_51_2_1,2023,5,51,46,2,1,0,0,,,854.44723544
4386016343,1,2023_5_51_2_1,2023,5,51,53,1,4,0,0,,,506.80237538
4386016346,1,2023_5_51_2_1,2023,5,51,51,1,3,0,0,,,1618.2259981
4386016348,1,2023_5_51_2_1,2023,5,51,37,2,1,0,0,,,505.2318085
4386016349,1,2023_5_51_2_1,2023,5,51,55,2,1,0,0,,,532.68998174
4386016354,1,2023_5_51_2_1,2023,5,51,39,2,1,0,0,,,798.74743058
4386016355,1,2023_5_51_2_1,2023,5,51,52,1,3,0,0,1,1,507.26577321
4386016357,1,2023_5_51_2_1,2023,5,51,58,2,1,0,0,,,533.17705006
4386016375,1,2023_5_51_2_1,2023,5,51,74,2,1,0,0,,,650.40870698
4386016377,1,2023_5_51_2_1,2023,5,51,73,1,1,0,0,,,629.89045962
4386016379,1,2023_5_51_2_1,2023,5,51,74,1,1,0,0,,,244.24060591
4386016385,1,2023_5_51_2_1,2023,5,51,76,1,1,0,0,,,244.24060591
4386016386,1,2023_5_51_2_1,2023,5,51,59,1,1,0,0,,,507.26577321
4386016388,1,2023_5_51_2_1,2023,5,51,64,1,1,7.9536249041,0,,,337.25054372
4386016390,1,2023_5_51_2_1,2023,5,51,43,2,3,0,0,,,798.74743058
4386016391,1,2023_5_51_2_1,2023,5,51,56,2,1,0,0,,,244.01748704
4386016392,1,2023_5_51_2_1,2023,5,51,77,1,1,0.994203113,2.011593774,,,256.71648403
4386016393,1,2023_5_51_2_1,2023,5,51,44,1,1,0,0,,,798.74743058
4386016394,1,2023_5_51_2_1,2023,5,51,80,1,1,0,0,,,301.8404242
4386016399,1,2023_5_51_2_1,2023,5,51,58,1,1,0,0,,,506.80237538
4386016401,1,2023_5_51_2_1,2023,5,51,64,1,1,0,0,,,507.26577321
4386016404,1,2023_5_51_2_1,2023,5,51,66,1,1,0.994203113,1.005796887,,,162.38090857
4386016407,1,2023_5_51_2_1,2023,5,51,83,1,2,0,0,,,411.40309779
4386016408,1,2023_5_51_2_1,2023,5,51,51,1,1,0,0,,,506.80237538
4386016412,1,2023_5_51_2_1,2023,5,51,23,1,1,0,0,,,1009.489885
4386016414,1,2023_5_51_2_1,2023,5,51,65,1,1,0,1.005796887,,,162.23257023
4386016419,1,2023_5_51_2_1,2023,5,51,71,1,1,1.988406226,3.0173906609,,,432.41768251
4386016420,1,2023_5_51_2_1,2023,5,51,44,2,2,0,0,,,532.68998174
4386016422,1,2023_5_51_2_1,2023,5,51,33,1,1,0,0,,,799.47777014
4386016425,1,2023_5_51_2_1,2023,5,51,59,1,1,0,0,,,320.86088064
4386016431,1,2023_5_51_2_1,2023,5,51,70,1,1,0,0,,,803.79607349
4386016437,1,2023_5_51_2_1,2023,5,51,79,1,2,0,0,,,301.8404242
4386016438,1,2023_5_51_2_1,2023,5,51,67,1,1,0,0,,,244.24060591
4386016444,1,2023_5_51_2_1,2023,5,51,85,1,1,0,0,,,803.79607349
4386016445,1,2023_5_51_2_1,2023,5,51,74,1,1,0,0,,,411.40309779
4386016450,1,2023_5_51_2_1,2023,5,51,41,2,1,0,0,,,798.74743058
4386016452,1,2023_5_51_2_1,2023,5,51,72,1,1,0,0,,,411.40309779
4386016455,1,2023_5_51_2_1,2023,5,51,66,2,1,0,0,,,411.02727251
4386016457,1,2023_5_51_2_1,2023,5,51,72,1,1,0,0,,,650.40870698
4386016458,1,2023_5_51_2_1,2023,5,51,45,1,1,0,0,,,5495.648537
4386016459,1,2023_5_51_2_1,2023,5,51,72,1,1,0,0,,,411.40309779
4386016463,1,2023_5_51_2_1,2023,5,51,67,2,1,0,0,,,154.48953988
4386016465,1,2023_5_51_2_1,2023,5,51,73,2,1,0,0,,,154.48953988
4386016469,1,2023_5_51_2_1,2023,5,51,73,1,1,0,0,,,244.24060591
4386016471,1,2023_5_51_2_1,2023,5,51,76,1,1,0,2.011593774,,,256.71648403
4386016474,1,2023_5_51_2_1,2023,5,51,61,2,1,0,0,,,505.2318085
4386016481,1,2023_5_51_2_1,2023,5,51,67,1,1,0,0,,,301.8404242
4386016483,1,2023_5_51_2_1,2023,5,51,61,2,1,0,0,,,1707.2476969
4386016485,1,2023_5_51_2_1,2023,5,51,63,1,1,0,4.0231875479,,,2235.7016087
4386016486,1,2023_5_51_2_1,2023,5,51,70,1,2,0,0,,,384.93615242
4386016487,1,2023_5_51_2_1,2023,5,51,70,2,1,0,0,,,244.24060591
4386016491,1,2023_5_51_2_1,2023,5,51,67,1,1,0,0,,,244.24060591
4386016495,1,2023_5_51_2_1,2023,5,51,31,1,1,0,0,,,244.01748704
4386016498,1,2023_5_51_2_1,2023,5,51,63,1,1,19.88406226,20.11593774,,,1.0068889643
4386016501,1,2023_5_51_2_1,2023,5,51,41,2,1,0,0,,,798.74743058
4386016503,1,2023_5_51_2_1,2023,5,51,72,2,2,0,0,,,1024.1421972
4386016507,1,2023_5_51_2_1,2023,5,51,73,1,2,0,0,,,411.40309779
4386016514,1,2023_5_51_2_1,2023,5,51,58,2,1,0,0,,,1418.5446394
4386016515,1,2023_5_51_2_1,2023,5,51,72,1,1,0,0,,,803.79607349
4386016518,1,2023_5_51_2_1,2023,5,51,73,2,1,0,0,,,508.42522721
4386016519,1,2023_5_51_2_1,2023,5,51,68,1,1,0,0,,,154.48953988
4386016529,1,2023_5_51_2_0,2023,5,51,59,1,4,0,0,,,10020.359244
4386016537,1,2023_5_51_2_0,2023,5,51,48,2,3,0,0,,,7815.0633978
4386016540,1,2023_5_51_2_0,2023,5,51,61,1,1,0,0,,,7815.0633978
4386016543,1,2023_5_51_2_0,2023,5,51,86,1,1,0,0,,,14552.08928
4386016547,1,2023_5_51_2_0,2023,5,51,91,2,1,0,0,,,31965.89775
4386016550,1,2023_5_51_2_0,2023,5,51,-3,1,2,0,0,,,6850.9820313
4386016555,1,2023_5_51_2_0,2023,5,51,30,2,2,0,0,,,15778.190885
4386016557,1,2023_5_51_2_0,2023,5,51,44,2,1,0,0,,,12305.702727
4386016559,1,2023_5_51_2_0,2023,5,51,91,2,1,0,0,,,12383.483383
4386016564,1,2023_5_51_2_0,2023,5,51,61,1,1,0,0,,,7815.0633978
4386016574,1,2023_5_51_2_0,2023,5,51,61,1,4,0,0,,,7815.0633978
4386016579,1,2023_5_51_2_0,2023,5,51,50,2,1,0,3.0173906609,,,10522.580597
4386016580,1,2023_5_51_2_0,2023,5,51,57,1,3,0,0,,,12305.702727
4386016581,1,2023_5_51_2_0,2023,5,51,35,2,3,0,0,,,31794.164585
4386016583,1,2023_5_51_2_0,2023,5,51,71,1,1,0,0,,1,10011.205437
4386016584,1,2023_5_51_2_0,2023,5,51,49,1,4,0,0,,,31765.119955
4386016585,1,2023_5_51_2_0,2023,5,51,23,2,1,0,0,,,7815.0633978
4386016592,1,2023_5_51_2_0,2023,5,51,65,2,1,0,0,,,9713.123132
4386016595,1,2023_5_51_2_0,2023,5,51,81,2,1,0,0,,,4650.2290825
4386016600,1,2023_5_51_2_0,2023,5,51,63,2,1,0,0,,,3759.3944478
4386016602,1,2023_5_51_2_0,2023,5,51,38,1,1,0,0,,,12305.702727
4386016606,1,2023_5_51_2_0,2023,5,51,56,2,1,0,0,,,5925.0050939
4386016609,1,2023_5_51_2_0,2023,5,51,75,2,1,0,0,,,12003.791079
4386016610,1,2023_5_51_2_0,2023,5,51,76,1,4,0,0,,,5925.0050939
4386016611,1,2023_5_51_2_0,2023,5,51,68,1,1,0,0,,,10020.359244
4386016614,1,2023_5_51_2_0,2023,5,51,34,1,1,0,0,,,12305.702727
4386016618,1,2023_5_51_2_0,2023,5,51,56,1,1,0,0,,,20792.373356
4386016621,1,2023_5_51_2_0,2023,5,51,77,2,1,0,0,,,10020.359244
4386016629,1,2023_5_51_2_0,2023,5,51,-3,2,1,0,0,,,22567.204192
4386016630,1,2023_5_51_2_0,2023,5,51,9,2,1,0,0,,,12305.702727
4386016631,1,2023_5_51_2_0,2023,5,51,69,1,1,0,0,,,10011.205437
4386016634,1,2023_5_51_2_0,2023,5,51,51,1,4,0,0,,,20811.384989
4386016641,1,2023_5_51_2_0,2023,5,51,73,1,4,0,0,,,12003.791079
4386016642,1,2023_5_51_2_0,2023,5,51,68,1,1,0,0,,,12383.483383
4386016644,1,2023_5_51_2_0,2023,5,51,45,1,-3,0,0,,,12305.702727
4386016647,1,2023_5_51_2_0,2023,5,51,53,2,4,0,0,,,20792.373356
4386016651,1,2023_5_51_2_0,2023,5,51,53,2,1,0,0,,,12305.702727
4386016652,1,2023_5_51_2_0,2023,5,51,57,2,1,0,0,,,25719.381304
4386016658,1,2023_5_51_2_0,2023,5,51,57,2,1,0,0,,,20811.384989
4386016664,1,2023_5_51_2_0,2023,5,51,82,2,1,0,0,1,1,4650.2290825
4386016667,1,2023_5_51_2_0,2023,5,51,49,1,4,0,0,,,7807.9241748
4386016670,1,2023_5_51_2_0,2023,5,51,40,1,4,0,0,,,12305.702727
4386016672,1,2023_5_51_2_0,2023,5,51,72,1,1,0,0,,,12383.483383
4386016676,1,2023_5_51_2_0,2023,5,51,57,2,1,0,0,,,9658.1075957
4386016678,1,2023_5_51_2_0,2023,5,51,84,2,1,0,0,,,10011.205437
4386016680,1,2023_5_51_2_0,2023,5,51,49,1,1,0,0,,,7815.0633978
4386016685,1,2023_5_51_2_0,2023,5,51,57,1,3,0,0,,,31765.119955
4386016694,1,2023_5_51_2_0,2023,5,51,29,1,1,0,0,,,20173.283216
4386016697,1,2023_5_51_2_0,2023,5,51,49,2,3,0,0,,,20173.283216
4386016698,1,2023_5_51_2_0,2023,5,51,39,1,1,0,0,,,15778.190885
4386016703,1,2023_5_51_2_0,2023,5,51,46,1,1,0,0,,,24930.794536
4386016708,1,2023_5_51_2_0,2023,5,51,35,1,3,0,0,,,20173.283216
4386016712,1,2023_5_51_2_0,2023,5,51,73,1,1,0,0,,,12383.483383
4386016715,1,2023_5_51_2_0,2023,5,51,54,2,2,0,0,,,31765.119955
4386016716,1,2023_5_51_2_0,2023,5,51,29,1,1,0,0,,,20173.283216
4386016719,1,2023_5_51_2_0,2023,5,51,49,2,3,0,0,,,12305.702727
4386016720,1,2023_5_51_2_0,2023,5,51,39,1,1,0,0,,,7815.0633978
4386016726,1,2023_5_51_2_0,2023,5,51,64,2,1,0,0,,,9713.123132
4386016728,1,2023_5_51_2_0,2023,5,51,45,2,1,0,0,,,7815.0633978
4386016731,1,2023_5_51_2_0,2023,5,51,26,1,1,0,0,,,20173.283216
4386016741,1,2023_5_51_2_0,2023,5,51,46,2,1,0,0,,,13918.081994
4386016751,1,2023_5_51_2_0,2023,5,51,69,1,1,0,0,,,12003.791079
4386016754,1,2023_5_51_2_0,2023,5,51,76,1,1,0,0,,,10020.359244
4386016759,1,2023_5_51_2_0,2023,5,51,60,2,1,0,0,,,20792.373356
4386016760,1,2023_5_51_2_0,2023,5,51,58,1,1,0,0,,,10020.359244
4386016763,1,2023_5_51_2_0,2023,5,51,22,1,3,0,0,,,20173.283216
4386016768,1,2023_5_51_2_0,2023,5,51,27,2,1,0,0,,,20173.283216
4386016771,1,2023_5_51_2_0,2023,5,51,42,2,1,0,0,,,12305.702727
4386016783,1,2023_5_51_2_0,2023,5,51,65,2,1,0,0,,,3759.3944478
4386016786,1,2023_5_51_2_0,2023,5,51,46,2,1,0,0,,,12305.702727
4386016788,1,2023_5_51_2_0,2023,5,51,32,2,1,0,0,,,17870.984501
4386016799,1,2023_5_51_2_0,2023,5,51,58,1,1,0,1.005796887,,,8206.7551144
4386016803,1,2023_5_51_2_0,2023,5,51,50,1,1,0,0,,,12305.702727
4386016807,1,2023_5_51_2_0,2023,5,51,36,2,1,0,0,,,12305.702727
4386016820,1,2023_5_51_2_0,2023,5,51,65,1,1,0,0,,,3762.831873
4386016833,1,2023_5_51_2_0,2023,5,51,77,2,1,0,0,,,12383.483383
4386016834,1,2023_5_51_2_0,2023,5,51,37,1,1,0,0,,,31765.119955
4386016841,1,2023_5_51_2_0,2023,5,51,43,1,1,0,0,,,20173.283216
4386016842,1,2023_5_51_2_0,2023,5,51,62,2,1,0,0,,,7815.0633978
4386016843,1,2023_5_51_2_0,2023,5,51,78,1,1,0,0,,,12383.483383
4386016845,1,2023_5_51_2_0,2023,5,51,84,1,1,0,0,,,3762.831873
4386016847,1,2023_5_51_2_0,2023,5,51,61,2,1,0,0,,,9658.1075957
4386016855,1,2023_5_51_2_0,2023,5,51,57,1,1,0,0,,,7815.0633978
4386016862,1,2023_5_51_2_0,2023,5,51,56,2,1,0,0,,,7815.0633978
4386016865,1,2023_5_51_2_0,2023,5,51,61,1,1,0,0,,,25719.381304
4386016867,1,2023_5_51_2_0,2023,5,51,29,2,1,0,0,,,12305.702727
4386016875,1,2023_5_51_2_0,2023,5,51,66,2,1,0,0,,,3762.831873
4386016886,1,2023_5_51_2_0,2023,5,51,70,2,2,0,0,,,12003.791079
4386016887,1,2023_5_51_2_0,2023,5,51,31,1,1,0,0,,,12305.702727
4386016895,1,2023_5_51_2_0,2023,5,51,78,2,1,0,0,,,10020.359244
4386016901,1,2023_5_51_2_0,2023,5,51,70,2,1,0,0,,,4650.2290825
4386016905,1,2023_5_51_2_0,2023,5,51,42,2,1,0,0,,,7807.9241748
4386016920,1,2023_5_51_2_0,2023,5,51,78,1,1,0,1.005796887,,,10532.201982
4386016921,1,2023_5_51_2_0,2023,5,51,38,2,1,0,0,,,12305.702727
4386016928,1,2023_5_51_2_0,2023,5,51,26,1,4,0,0,,,24930.794536
4386016929,1,2023_5_51_2_0,2023,5,51,39,1,1,0,0,,,12305.702727
4386016939,1,2023_5_51_2_0,2023,5,51,83,2,1,0,0,,,4650.2290825
4386016952,1,2023_5_51_2_0,2023,5,51,65,1,1,0,0,1,1,5877.1509516
4386016955,1,2023_5_51_2_0,2023,5,51,67,2,1,0,0,,,3762.831873
4386016957,1,2023_5_51_2_0,2023,5,51,68,2,1,0,0,,,3762.831873
4386016967,1,2023_5_51_2_0,2023,5,51,30,1,1,0,2.3046900393,,,48725.716011
4386016971,1,2023_5_51_2_0,2023,5,51,65,2,1,0,0,,,10020.359244
4386016977,1,2023_5_51_2_0,2023,5,51,66,1,1,0,0,,,4650.2290825
4386016985,1,2023_5_51_2_0,2023,5,51,77,2,1,0,0,,,12383.483383
4386016987,1,2023_5_51_2_0,2023,5,51,61,1,1,0,0,,,20811.384989
4386016989,1,2023_5_51_2_0,2023,5,51,66,1,1,0,0,,,15778.190885
4386016990,1,2023_5_51_2_0,2023,5,51,72,2,1,0,0,,,3762.831873
4386017006,1,2023_5_51_2_0,2023,5,51,18,1,1,0,0,,,14233.521261
4386017010,1,2023_5_51_2_0,2023,5,51,80,1,1,0,0,,,3759.3944478
4386017015,1,2023_5_51_2_0,2023,5,51,63,1,1,0,0,,,25719.381304
4386017016,1,2023_5_51_2_0,2023,5,51,59,2,1,0,0,,,3759.3944478
4386017023,1,2023_5_51_2_0,2023,5,51,64,1,1,0,0,,,7815.0633978
4386017024,1,2023_5_51_2_0,2023,5,51,27,1,1,0,0,,,7815.0633978
4386017025,1,2023_5_51_2_0,2023,5,51,67,1,1,0,0,,,3759.3944478
4386017034,1,2023_5_51_2_0,2023,5,51,29,2,1,0,0,,,20811.384989
4386017036,1,2023_5_51_2_0,2023,5,51,89,1,1,0,0,,,12383.483383
4386017037,1,2023_5_51_2_0,2023,5,51,84,1,1,0,0,,,5417.5789257
4386017040,1,2023_5_51_2_0,2023,5,51,35,2,1,0,0,,,12305.702727
4386017042,1,2023_5_51_2_0,2023,5,51,61,1,1,0,0,,,30223.380723
4386017044,1,2023_5_51_2_0,2023,5,51,-3,1,1,0,0,,,23057.584233
4386017054,1,2023_5_51_2_0,2023,5,51,55,1,1,0,0,,,14026.008508
4386017055,1,2023_5_51_2_0,2023,5,51,38,1,1,0,0,,,12305.702727
4386017062,1,2023_5_51_2_0,2023,5,51,81,1,1,0,0,,,4650.2290825
4386017069,1,2023_5_51_2_0,2023,5,51,62,1,1,0,0,,,24930.794536
4386017073,1,2023_5_51_2_0,2023,5,51,80,1,1,0,0,,,10020.359244
4386017076,1,2023_5_51_2_0,2023,5,51,39,1,1,0,0,,,3762.831873
4386017085,1,2023_5_51_2_0,2023,5,51,48,2,1,0,0,,,32769.88349
4386017096,1,2023_5_51_2_0,2023,5,51,59,2,1,0,0,,,20811.384989
4385944829,2,2023_5_1_1_1,2023,5,1,29,2,1,0,0,,,170.90348577
4385944832,2,2023_5_1_1_1,2023,5,1,32,2,1,0,0,,,151.81310985
4385944839,2,2023_5_1_1_1,2023,5,1,43,1,1,0,0,,,674.86422834
4385944845,2,2023_5_1_1_1,2023,5,1,60,2,4,0,0,,,170.90348577
4385944847,2,2023_5_1_1_1,2023,5,1,69,1,1,0,0,,,55.968645877
4385944855,2,2023_5_1_1_1,2023,5,1,56,2,1,0,0,,,170.90348577
4385944858,2,2023_5_1_1_1,2023,5,1,60,2,1,0,0,,,155.19855416
4385944859,2,2023_5_1_1_1,2023,5,1,78,2,1,0,0,,,62.150809388
4385944862,2,2023_5_1_1_1,2023,5,1,-3,-3,-3,0,0,,,129.05689636
4385944865,2,2023_5_1_1_1,2023,5,1,66,2,4,0,0,,,91.591353102
4385944872,2,2023_5_1_1_1,2023,5,1,22,1,1,0,0,,,151.81310985
4385944873,2,2023_5_1_1_1,2023,5,1,56,2,1,0,0,,,170.90348577
4385944883,2,2023_5_1_1_1,2023,5,1,49,2,5,0,0,,,151.81310985
4385944885,2,2023_5_1_1_1,2023,5,1,75,2,1,0,0,,,55.968645877
4385944886,2,2023_5_1_1_1,2023,5,1,65,2,1,0,0,,,62.150809388
4385944887,2,2023_5_1_1_1,2023,5,1,56,1,1,0,0,,,170.90348577
4385944888,2,2023_5_1_1_1,2023,5,1,54,2,1,0,0,,,172.34141734
4385944890,2,2023_5_1_1_1,2023,5,1,65,2,1,0,0,,,62.150809388
4385944893,2,2023_5_1_1_1,2023,5,1,33,2,1,0.9999834114,0,,,172.34141734
4385944902,2,2023_5_1_1_1,2023,5,1,30,2,1,0,0,,,228.71537338
4385944908,2,2023_5_1_1_1,2023,5,1,74,1,1,0,0,,,62.150809388
4385944911,2,2023_5_1_1_1,2023,5,1,61,2,1,0,0,,,170.90348577
4385944913,2,2023_5_1_1_1,2023,5,1,55,2,1,0,0,,,155.19855416
4385944915,2,2023_5_1_1_1,2023,5,1,54,2,1,4.999917057,10.000165886,,,155.19855416
4385944916,2,2023_5_1_1_1,2023,5,1,48,2,1,0,0,,,226.8070854
4385944917,2,2023_5_1_1_1,2023,5,1,23,2,1,0,0,,,461.79312391
4385944921,2,2023_5_1_1_1,2023,5,1,42,1,1,1.9999668228,0,,,228.71537338
4385944928,2,2023_5_1_1_1,2023,5,1,72,2,1,0,0,,,134.0075932
4385944929,2,2023_5_1_1_1,2023,5,1,51,1,1,0,0,,,82.480728049
4385944931,2,2023_5_1_1_1,2023,5,1,62,2,1,0,0,,,62.150809388
4385944934,2,2023_5_1_1_1,2023,5,1,35,1,1,0,0,,,251.85965663
4385944935,2,2023_5_1_1_1,2023,5,1,69,2,1,0,0,,,55.968645877
4385944937,2,2023_5_1_1_1,2023,5,1,32,1,1,1.9999668228,0,,,172.34141734
4385944938,2,2023_5_1_1_1,2023,5,1,16,1,1,0,6.0000995316,,,228.71537338
4385944941,2,2023_5_1_1_1,2023,5,1,51,2,1,0,0,,,155.19855416
4385944942,2,2023_5_1_1_1,2023,5,1,40,2,1,0,2.0000331772,,,56.439549569
4385944946,2,2023_5_1_1_1,2023,5,1,64,2,1,0,0,,,172.34141734
4385944948,2,2023_5_1_1_1,2023,5,1,67,2,4,2.9999502342,0,,,56.439549569
4385944949,2,2023_5_1_1_1,2023,5,1,77,2,1,0,0,,,62.673727982
4385944950,2,2023_5_1_1_1,2023,5,1,50,1,1,0,0,,,1000.9928968
4385944951,2,2023_5_1_1_1,2023,5,1,75,2,1,0,0,,,150.85893979
4385944952,2,2023_5_1_1_1,2023,5,1,60,2,1,0,0,,,334.63417317
4385944953,2,2023_5_1_1_1,2023,5,1,62,2,1,0.9999834114,5.000082943,,,62.673727982
4385944962,2,2023_5_1_1_1,2023,5,1,67,1,1,0,0,,,150.85893979
4385944964,2,2023_5_1_1_1,2023,5,1,67,2,1,0,3.0000497658,,,62.673727982
4385944965,2,2023_5_1_1_1,2023,5,1,63,2,1,0,0,,,56.439549569
4385944968,2,2023_5_1_1_1,2023,5,1,45,1,1,1.9999668228,2.0000331772,,,172.34141734
4385944971,2,2023_5_1_1_1,2023,5,1,52,2,1,0,0,,,153.09042061
4385944972,2,2023_5_1_1_1,2023,5,1,59,2,1,0,0,,,62.150809388
4385944973,2,2023_5_1_1_1,2023,5,1,52,2,1,0,0,,,137.86246105
4385944974,2,2023_5_1_1_1,2023,5,1,66,2,1,0,0,,,56.439549569
4385944977,2,2023_5_1_1_1,2023,5,1,69,2,1,0,0,,,62.150809388
4385944978,2,2023_5_1_1_1,2023,5,1,81,1,1,0,0,,,62.150809388
4385944979,2,2023_5_1_1_1,2023,5,1,65,2,1,0,0,,,55.672905135
4385944980,2,2023_5_1_1_1,2023,5,1,66,1,2,0,0,,,135.85294644
4385944989,2,2023_5_1_1_1,2023,5,1,63,1,1,0,0,,,253.97872956
4385944992,2,2023_5_1_1_1,2023,5,1,3,2,1,0,0,,,257.47614682
4385944993,2,2023_5_1_1_1,2023,5,1,45,1,1,0,1.0000165886,,,253.97872956
4385944995,2,2023_5_1_1_1,2023,5,1,51,1,1,0,0,,,151.81310985
4385944997,2,2023_5_1_1_1,2023,5,1,-3,-3,-3,0,0,1,1,151.81310985
4385945000,2,2023_5_1_1_1,2023,5,1,74,1,1,0,0,,,62.150809388
4385945001,2,2023_5_1_1_1,2023,5,1,63,2,1,0,0,,,62.150809388
4385945002,2,2023_5_1_1_1,2023,5,1,73,2,1,0,0,,,62.673727982
4385945004,2,2023_5_1_1_1,2023,5,1,64,1,1,0,0,,,153.90365417
4385945010,2,2023_5_1_1_1,2023,5,1,54,1,1,0,0,,,253.97872956
4385945014,2,2023_5_1_1_1,2023,5,1,40,1,1,0,1.0000165886,,,253.97872956
4385945024,2,2023_5_1_1_1,2023,5,1,62,2,1,0,0,,,62.150809388
4385945025,2,2023_5_1_1_1,2023,5,1,28,2,1,0,0,,,151.81310985
4385945030,2,2023_5_1_1_1,2023,5,1,63,2,1,0,0,,,170.90348577
4385945040,2,2023_5_1_1_1,2023,5,1,72,2,1,0,0,,,62.673727982
4385945041,2,2023_5_1_1_1,2023,5,1,35,1,-3,0,0,,,226.8070854
4385945048,2,2023_5_1_1_1,2023,5,1,40,2,1,0,0,,,253.97872956
4385945058,2,2023_5_1_1_1,2023,5,1,64,2,1,0,2.0000331772,,,155.19855416
4385945061,2,2023_5_1_1_1,2023,5,1,62,2,1,0,0,,,50.135101105
4385945063,2,2023_5_1_1_1,2023,5,1,30,2,1,0,0,,,461.79312391
4385945065,2,2023_5_1_1_1,2023,5,1,53,1,1,0,0,,,406.78701226
4385945068,2,2023_5_1_1_1,2023,5,1,44,2,1,0,0,,,228.71537338
4385945069,2,2023_5_1_1_1,2023,5,1,42,2,1,0,5.000082943,,,172.34141734
4385945073,2,2023_5_1_1_1,2023,5,1,73,1,1,0,0,,,62.150809388
4385945075,2,2023_5_1_1_1,2023,5,1,20,1,1,0,0,,,170.90348577
4385945079,2,2023_5_1_1_1,2023,5,1,67,1,1,1.9999668228,0,,,56.439549569
4385945081,2,2023_5_1_1_1,2023,5,1,59,1,1,0,0,,,153.90365417
4385945082,2,2023_5_1_1_1,2023,5,1,68,1,1,0.9999834114,2.0000331772,,,56.439549569
4385945083,2,2023_5_1_1_1,2023,5,1,-3,-3,-3,0,0,1,,368.49664588
4385945085,2,2023_5_1_1_1,2023,5,1,72,1,1,0,0,,,55.968645877
4385945087,2,2023_5_1_1_1,2023,5,1,57,2,1,0,0,,,376.71415013
4385945091,2,2023_5_1_1_1,2023,5,1,61,1,1,0,0,,,376.71415013
4385945093,2,2023_5_1_1_1,2023,5,1,48,2,1,0,0,,,461.79312391
4385945095,2,2023_5_1_1_1,2023,5,1,32,2,1,0,0,,,137.86246105
4385945114,2,2023_5_1_1_1,2023,5,1,71,2,-3,0,0,,,56.439549569
4385945118,2,2023_5_1_1_1,2023,5,1,61,1,-3,0,0,,,153.90365417
4385945119,2,2023_5_1_1_1,2023,5,1,34,2,1,0,0,,,680.54233708
4385945123,2,2023_5_1_1_1,2023,5,1,68,2,1,3.9999336456,14.00023224,,,56.439549569
4385945125,2,2023_5_1_1_1,2023,5,1,83,2,1,0,0,,,56.439549569
4385945127,2,2023_5_1_1_1,2023,5,1,63,2,1,0,0,,,56.439549569
4385945128,2,2023_5_1_1_1,2023,5,1,69,2,1,0.9999834114,0,,,56.439549569
4385945129,2,2023_5_1_1_1,2023,5,1,57,2,1,0,0,,,155.19855416
4385945132,2,2023_5_1_1_1,2023,5,1,7,2,1,0,2.0000331772,,,285.91634963
4385945133,2,2023_5_1_1_1,2023,5,1,-3,-3,-3,0,0,1,1,137.86246105
4385945140,2,2023_5_1_1_1,2023,5,1,32,1,1,0,0,,,251.85965663
4385945144,2,2023_5_1_1_1,2023,5,1,-3,-3,-3,0,0,1,1,56.439549569
4385945145,2,2023_5_1_1_1,2023,5,1,58,2,1,6.9998838798,2.0000331772,,,155.19855416
4385945161,2,2023_5_1_1_1,2023,5,1,40,2,4,0.9999834114,2.0000331772,,,172.34141734
4385945171,2,2023_5_1_1_1,2023,5,1,45,2,1,0,0,,,611.34007989
4385945181,2,2023_5_1_1_1,2023,5,1,46,1,1,0,0,,,134.0075932
4385945189,2,2023_5_1_1_1,2023,5,1,68,2,1,0,0,,,56.439549569
4385945191,2,2023_5_1_1_1,2023,5,1,46,2,5,0,4.0000663544,,,253.97872956
4385945192,2,2023_5_1_1_1,2023,5,1,47,1,1,0.9999834114,0,,,153.09042061
4385945193,2,2023_5_1_1_1,2023,5,1,-3,-3,-3,0,0,1,1,115.15996605
4385945195,2,2023_5_1_1_1,2023,5,1,48,1,1,1.9999668228,2.0000331772,,,137.86246105
4385945200,2,2023_5_1_1_1,2023,5,1,22,2,1,0,0,,,136.71220485
4385945205,2,2023_5_1_1_1,2023,5,1,47,2,1,0,0,1,1,153.09042061
4385945206,2,2023_5_1_1_1,2023,5,1,56,1,1,1.9999668228,2.0000331772,,,155.19855416
4385945211,2,2023_5_1_1_1,2023,5,1,66,2,1,0,0,,,56.439549569
4385945214,2,2023_5_1_1_1,2023,5,1,62,2,1,0,0,,,373.57103354
4385945216,2,2023_5_1_1_1,2023,5,1,48,2,4,9.999834114,10.000165886,,,83.174696588
4385945217,2,2023_5_1_1_1,2023,5,1,62,2,1,0,0,,,155.19855416
4385945219,2,2023_5_1_1_1,2023,5,1,38,1,1,0,0,,,151.81310985
4385945220,2,2023_5_1_1_1,2023,5,1,69,2,1,0,0,,1,62.150809388
4385945222,2,2023_5_1_1_1,2023,5,1,52,2,1,0,0,,,226.8070854
4385945224,2,2023_5_1_1_1,2023,5,1,-3,-3,-3,0,0,1,1,135.1350936
4385945228,2,2023_5_1_1_1,2023,5,1,62,1,1,0,0,,,135.1350936
4385945229,2,2023_5_1_1_1,2023,5,1,-3,-3,-3,0,0,1,1,117.72804237
4385945232,2,2023_5_1_1_1,2023,5,1,62,2,1,0,0,,,153.09042061
4385945235,2,2023_5_1_1_1,2023,5,1,61,2,1,0,0,,,151.81310985
4385945238,2,2023_5_1_1_1,2023,5,1,61,2,1,0,0,,,55.968645877
4385945240,2,2023_5_1_1_1,2023,5,1,52,2,3,0,0,,,155.19855416
4385945241,2,2023_5_1_1_1,2023,5,1,41,2,1,0,0,,,253.97872956
4385945247,2,2023_5_1_1_1,2023,5,1,34,2,1,0,0,,,680.54233708
4385945248,2,2023_5_1_1_1,2023,5,1,54,2,1,0,2.0000331772,,,616.48371516
4385945249,2,2023_5_1_1_1,2023,5,1,59,1,1,0,0,,,368.49664588
4385945258,2,2023_5_1_1_1,2023,5,1,41,2,2,0,0,,,153.09042061
4385945260,2,2023_5_1_1_1,2023,5,1,22,1,3,1.9999668228,5.000082943,,,172.34141734
4385945263,2,2023_5_1_1_1,2023,5,1,-3,-3,-3,0,0,1,1,56.439549569
4385945264,2,2023_5_1_1_1,2023,5,1,85,2,1,0,0,,,55.968645877
4385945268,2,2023_5_1_1_1,2023,5,1,54,2,1,0,0,,,153.09042061
4385945272,2,2023_5_1_1_1,2023,5,1,44,2,1,0,0,,,62.150809388
4385945275,2,2023_5_1_1_1,2023,5,1,51,2,1,0,0,,,55.208397944
4385945276,2,2023_5_1_1_1,2023,5,1,58,2,1,0,0,,,172.34141734
4385945278,2,2023_5_1_1_1,2023,5,1,31,2,1,0,0,,,170.90348577
4385945279,2,2023_5_1_1_1,2023,5,1,42,1,1,0.9999834114,2.0000331772,,,253.97872956
4385945287,2,2023_5_1_1_1,2023,5,1,49,2,1,0,12.000199063,,,172.34141734
4385945290,2,2023_5_1_1_1,2023,5,1,54,2,1,0,0,,,616.48371516
4385945291,2,2023_5_1_1_1,2023,5,1,58,2,1,0,0,,,170.90348577
4385945296,2,2023_5_1_1_1,2023,5,1,-3,1,-3,0,0,1,1,170.90348577
4385945299,2,2023_5_1_1_1,2023,5,1,39,1,1,0,0,,,226.8070854
4385945304,2,2023_5_1_1_1,2023,5,1,61,1,1,3.9999336456,0,,,155.19855416
4385945305,2,2023_5_1_1_1,2023,5,1,57,2,1,0,0,,,151.81310985
4385945311,2,2023_5_1_1_1,2023,5,1,20,1,1,0,0,,,253.97872956
4385945314,2,2023_5_1_1_1,2023,5,1,21,1,5,3.9999336456,6.0000995316,,,172.34141734
4385945315,2,2023_5_1_1_1,2023,5,1,34,2,1,0,0,,,170.90348577
4385945320,2,2023_5_1_1_1,2023,5,1,82,2,1,0,0,,,135.85294644
4385945323,2,2023_5_1_1_1,2023,5,1,42,2,1,0,0,,,137.86246105
4385945331,2,2023_5_1_1_1,2023,5,1,-3,-3,-3,0,0,1,1,155.19855416
4385945336,2,2023_5_1_1_1,2023,5,1,3,1,2,0,0,,,251.85965663
4385945338,2,2023_5_1_1_1,2023,5,1,61,1,2,0,0,,,153.90365417
4385945340,2,2023_5_1_1_1,2023,5,1,10,1,1,0,0,,,253.97872956
4385945341,2,2023_5_1_1_1,2023,5,1,47,1,1,0,0,,,550.52986081
4385945343,2,2023_5_1_1_1,2023,5,1,22,2,1,0,0,,,376.71415013
4385945344,2,2023_5_1_1_1,2023,5,1,61,2,1,0,0,,,153.90365417
4385945346,2,2023_5_1_1_1,2023,5,1,79,2,1,0,0,,,55.208397944
4385945353,2,2023_5_1_1_1,2023,5,1,45,2,1,0.9999834114,0,,,253.97872956
4385945354,2,2023_5_1_1_1,2023,5,1,45,2,1,0,0,,,253.97872956
4385945356,2,2023_5_1_1_1,2023,5,1,31,1,3,0,0,,,170.90348577
4385945358,2,2023_5_1_1_1,2023,5,1,-3,-3,-3,0,0,1,1,153.09042061
4385945359,2,2023_5_1_1_1,2023,5,1,60,2,1,0,0,,,55.968645877
4385945365,2,2023_5_1_1_1,2023,5,1,-3,-3,-3,0,0,1,1,153.09042061
4385945371,2,2023_5_1_1_1,2023,5,1,63,1,1,0,5.000082943,,,172.34141734
4385945372,2,2023_5_1_1_1,2023,5,1,48,2,1,0,0,,,137.86246105
4385945377,2,2023_5_1_1_1,2023,5,1,65,2,1,1.9999668228,2.0000331772,,,56.439549569
4385945379,2,2023_5_1_1_1,2023,5,1,52,2,2,0,0,,,611.34007989
4385945380,2,2023_5_1_1_1,2023,5,1,61,2,1,0,0,,,155.19855416
4385945382,2,2023_5_1_1_1,2023,5,1,48,2,1,0.9999834114,2.0000331772,,,155.19855416
4385945383,2,2023_5_1_1_1,2023,5,1,41,2,1,0,0,,,251.85965663
4385945385,2,2023_5_1_1_1,2023,5,1,56,2,4,0,0,,,368.49664588
4385945390,2,2023_5_1_1_1,2023,5,1,61,2,1,0,0,,,414.83480143
4385945392,2,2023_5_1_1_1,2023,5,1,22,1,1,0.9999834114,1.0000165886,,,153.09042061
4385945394,2,2023_5_1_1_1,2023,5,1,69,1,1,4.999917057,3.0000497658,,,56.439549569
4385945396,2,2023_5_1_1_1,2023,5,1,52,2,1,0,0,,,55.208397944
4385945398,2,2023_5_1_1_1,2023,5,1,-3,-3,-3,0,0,1,1,137.86246105
4385945399,2,2023_5_1_1_1,2023,5,1,56,1,1,0,0,,,170.90348577
4385945402,2,2023_5_1_1_1,2023,5,1,40,2,1,1.9999668228,0,,,228.71537338
4385945414,2,2023_5_1_1_0,2023,5,1,54,2,1,0,0,,,462.88697248
4385945419,2,2023_5_1_1_0,2023,5,1,68,2,1,0,0,,,168.33360574
4385945439,2,2023_5_1_1_0,2023,5,1,42,2,2,0,0,,,462.88697248
4385945441,2,2023_5_1_1_0,2023,5,1,20,1,1,0,0,,,682.15433653
4385945448,2,2023_5_1_1_0,2023,5,1,76,1,-3,0,0,,,168.33360574
4385945450,2,2023_5_1_1_0,2023,5,1,80,2,2,0,0,,,408.59692005
4385945453,2,2023_5_1_1_0,2023,5,1,22,1,1,0,0,,,309.44251869
4385945458,2,2023_5_1_1_0,2023,5,1,45,1,1,0,0,,,682.15433653
4385945473,2,2023_5_1_1_0,2023,5,1,70,2,1,0,0,,,112.53195281
4385945478,2,2023_5_1_1_0,2023,5,1,0,1,2,0,0,,,767.93469329
4385945486,2,2023_5_1_1_0,2023,5,1,72,2,1,0,0,,,408.59692005
4385945495,2,2023_5_1_1_0,2023,5,1,84,1,1,0,0,,,273.14931633
4385945496,2,2023_5_1_1_0,2023,5,1,66,2,4,0,0,,,248.07243662
4385945499,2,2023_5_1_1_0,2023,5,1,61,2,1,0,0,,,751.11122054
4385945500,2,2023_5_1_1_0,2023,5,1,24,2,2,0,0,,,682.15433653
4385945506,2,2023_5_1_1_0,2023,5,1,68,1,1,0,0,,,168.33360574
4385945514,2,2023_5_1_1_0,2023,5,1,64,1,1,0,0,,,168.33360574
4385945516,2,2023_5_1_1_0,2023,5,1,71,2,1,0,0,,,112.53195281
4385945521,2,2023_5_1_1_0,2023,5,1,64,2,1,0,0,,,168.33360574
4385945522,2,2023_5_1_1_0,2023,5,1,34,1,1,0,2.0000331772,,,687.89378208
4385945523,2,2023_5_1_1_0,2023,5,1,14,2,1,0,0,,,2057.7001539
4385945543,2,2023_5_1_1_0,2023,5,1,39,2,-3,0,0,,,1547.7834589
4385945549,2,2023_5_1_1_0,2023,5,1,60,2,1,4.999917057,0,,,169.7499151
4385945559,2,2023_5_1_1_0,2023,5,1,46,2,1,0,0,,,682.15433653
4385945570,2,2023_5_1_1_0,2023,5,1,75,1,2,0,0,,,168.33360574
4385945575,2,2023_5_1_1_0,2023,5,1,80,1,1,0,0,,,112.53195281
4385945583,2,2023_5_1_1_0,2023,5,1,77,2,1,0,0,1,1,408.59692005
4385945587,2,2023_5_1_1_0,2023,5,1,61,1,2,0,0,,,248.07243662
4385945607,2,2023_5_1_1_0,2023,5,1,67,2,1,0,0,,,248.07243662
4385945614,2,2023_5_1_1_0,2023,5,1,54,1,1,0,0,,,1240.3171817
4385945620,2,2023_5_1_1_0,2023,5,1,54,2,2,0,0,,,168.33360574
4385945621,2,2023_5_1_1_0,2023,5,1,74,1,1,0,0,,,112.53195281
4385945622,2,2023_5_1_1_0,2023,5,1,45,2,1,0,0,1,1,998.06212851
4385945625,2,2023_5_1_1_0,2023,5,1,76,1,1,0,0,,,408.59692005
4385945631,2,2023_5_1_1_0,2023,5,1,83,2,1,0,0,,,451.05409284
4385945637,2,2023_5_1_1_0,2023,5,1,74,1,-3,0,0,,,168.33360574
4385945640,2,2023_5_1_1_0,2023,5,1,48,1,1,0,0,,,411.18126106
4385945657,2,2023_5_1_1_0,2023,5,1,59,2,1,0,0,,,456.02397255
4385945662,2,2023_5_1_1_0,2023,5,1,68,1,2,0,0,,,451.05409284
4385945672,2,2023_5_1_1_0,2023,5,1,-3,-3,-3,0,0,1,1,511.69949922
4385945677,2,2023_5_1_1_0,2023,5,1,63,2,1,0,0,,,1123.5676349
4385945679,2,2023_5_1_1_0,2023,5,1,55,1,1,0,0,,,462.88697248
4385945686,2,2023_5_1_1_0,2023,5,1,65,1,1,0,0,,,168.33360574
4385945691,2,2023_5_1_1_0,2023,5,1,64,1,1,0,0,,,462.88697248
4385945692,2,2023_5_1_1_0,2023,5,1,54,1,1,0,0,,,309.44251869
4385945697,2,2023_5_1_1_0,2023,5,1,65,1,1,0,0,,,168.33360574
4385945705,2,2023_5_1_1_0,2023,5,1,81,1,1,0,0,,,273.14931633
4385945706,2,2023_5_1_1_0,2023,5,1,43,1,1,0,0,,,682.15433653
4385945709,2,2023_5_1_1_0,2023,5,1,68,1,1,0,0,,,100.80288246
4385945714,2,2023_5_1_1_0,2023,5,1,-3,1,1,0,0,,,351.12941227
4385945716,2,2023_5_1_1_0,2023,5,1,38,2,1,0,0,,,462.88697248
4385945720,2,2023_5_1_1_0,2023,5,1,52,1,1,0,0,,,682.15433653
4385945722,2,2023_5_1_1_0,2023,5,1,60,2,1,0,0,1,1,1123.5676349
4385945724,2,2023_5_1_1_0,2023,5,1,7,1,1,0,0,,,767.93469329
4385945725,2,2023_5_1_1_0,2023,5,1,67,1,-3,0,0,,,168.33360574
4385945729,2,2023_5_1_1_0,2023,5,1,44,2,1,0,0,,,459.86082386
4385945732,2,2023_5_1_1_0,2023,5,1,66,1,1,0,0,,,168.33360574
4385945734,2,2023_5_1_1_0,2023,5,1,75,2,1,0,0,,,168.33360574
4385945736,2,2023_5_1_1_0,2023,5,1,34,1,1,0,0,,,682.15433653
4385945737,2,2023_5_1_1_0,2023,5,1,56,2,1,0,0,,,168.33360574
4385945744,2,2023_5_1_1_0,2023,5,1,62,2,1,0,0,,,169.7499151
4385945755,2,2023_5_1_1_0,2023,5,1,54,2,1,0,0,,,411.18126106
4385945757,2,2023_5_1_1_0,2023,5,1,77,2,1,0,0,,,168.33360574
4385945758,2,2023_5_1_1_0,2023,5,1,66,2,1,0,0,,,664.71627791
4385945764,2,2023_5_1_1_0,2023,5,1,33,1,1,0,0,,,682.15433653
4385945765,2,2023_5_1_1_0,2023,5,1,68,2,1,0,0,,,168.33360574
4385945767,2,2023_5_1_1_0,2023,5,1,50,1,1,0,0,,,682.15433653
4385945770,2,2023_5_1_1_0,2023,5,1,73,2,1,0,0,,,112.53195281
4385945773,2,2023_5_1_1_0,2023,5,1,40,1,1,0,0,,,168.33360574
4385945775,2,2023_5_1_1_0,2023,5,1,17,2,1,0,0,,,767.93469329
4385945779,2,2023_5_1_1_0,2023,5,1,-3,-3,-3,0,0,1,1,462.88697248
4385945786,2,2023_5_1_1_0,2023,5,1,59,1,1,0,0,,,682.15433653
4385945787,2,2023_5_1_1_0,2023,5,1,10,2,2,0,0,,,677.86688572
4385945794,2,2023_5_1_1_0,2023,5,1,55,2,1,0,0,,,414.64081901
4385945799,2,2023_5_1_1_0,2023,5,1,74,2,1,0,0,,,168.33360574
4385945801,2,2023_5_1_1_0,2023,5,1,-3,-3,-3,0,0,1,1,112.53195281
4385945803,2,2023_5_1_1_0,2023,5,1,53,2,1,0,0,,,456.02397255
4385945805,2,2023_5_1_1_0,2023,5,1,70,2,1,0,0,,,168.33360574
4385945808,2,2023_5_1_1_0,2023,5,1,61,1,1,0,0,,,462.88697248
4385945812,2,2023_5_1_1_0,2023,5,1,80,2,1,0,0,,,362.95555252
4385945816,2,2023_5_1_1_0,2023,5,1,56,2,1,0,0,,,168.33360574
4385945821,2,2023_5_1_1_0,2023,5,1,70,2,2,0,0,,,168.33360574
4385945824,2,2023_5_1_1_0,2023,5,1,46,1,1,0,0,,,1827.8495496
4385945825,2,2023_5_1_1_0,2023,5,1,14,2,1,0,0,,,2057.7001539
4385945826,2,2023_5_1_1_0,2023,5,1,59,2,2,0,0,,,400.67014569
4385945833,2,2023_5_1_1_0,2023,5,1,67,2,1,0,0,,,168.33360574
4385945839,2,2023_5_1_1_0,2023,5,1,33,1,1,0,0,,,309.44251869
4385945841,2,2023_5_1_1_0,2023,5,1,65,2,1,0,0,,,112.53195281
4385945842,2,2023_5_1_1_0,2023,5,1,39,2,1,0,0,,,411.18126106
4385945843,2,2023_5_1_1_0,2023,5,1,30,2,5,0.9999834114,1.0000165886,,,687.89378208
4385945844,2,2023_5_1_1_0,2023,5,1,63,1,2,0,0,,,408.59692005
4385945847,2,2023_5_1_1_0,2023,5,1,17,2,1,0,0,,,774.39586949
4385945852,2,2023_5_1_1_0,2023,5,1,50,2,1,0,0,,,462.88697248
4385945856,2,2023_5_1_1_0,2023,5,1,68,2,2,0,0,,,248.07243662
4385945858,2,2023_5_1_1_0,2023,5,1,26,1,1,0,0,,,408.59692005
4385945874,2,2023_5_1_1_0,2023,5,1,56,1,4,0,0,,,998.06212851
4385945875,2,2023_5_1_1_0,2023,5,1,65,1,1,0,0,,,408.59692005
4385945880,2,2023_5_1_1_0,2023,5,1,60,2,1,0,1.0000165886,,,312.04607685
4385945888,2,2023_5_1_1_0,2023,5,1,69,2,1,1.9999668228,0,,,113.47876349
4385945893,2,2023_5_1_1_0,2023,5,1,53,1,1,0,0,,,462.88697248
4385945903,2,2023_5_1_1_0,2023,5,1,19,1,1,9.999834114,10.000165886,,,777.72828754
4385945905,2,2023_5_1_1_0,2023,5,1,52,1,1,0,0,,,687.89378208
4385945906,2,2023_5_1_1_0,2023,5,1,-3,-3,-3,0,0,1,1,168.33360574
4385945909,2,2023_5_1_1_0,2023,5,1,68,2,1,0,0,,,168.33360574
4385945912,2,2023_5_1_1_0,2023,5,1,48,2,1,5.9999004684,6.0000995316,,,277.18969644
4385945915,2,2023_5_1_1_0,2023,5,1,75,1,1,0,0,,,168.33360574
4385945916,2,2023_5_1_1_0,2023,5,1,72,2,1,0,0,,,168.33360574
4385945923,2,2023_5_1_1_0,2023,5,1,68,1,1,0,0,,,408.59692005
4385945924,2,2023_5_1_1_0,2023,5,1,-3,2,1,0,6.0000995316,,,412.03473412
4385945932,2,2023_5_1_1_0,2023,5,1,57,2,-3,0,0,,,1133.0210019
4385945935,2,2023_5_1_1_0,2023,5,1,77,1,1,0,0,,,168.33360574
4385945937,2,2023_5_1_1_0,2023,5,1,62,1,1,0,0,,,462.88697248
4385945938,2,2023_5_1_1_0,2023,5,1,55,2,1,0,0,,,168.33360574
4385945939,2,2023_5_1_1_0,2023,5,1,66,2,1,0,0,,,149.53029228
4385945942,2,2023_5_1_1_0,2023,5,1,53,2,1,0,0,,,411.18126106
4385945943,2,2023_5_1_1_0,2023,5,1,64,2,1,0,0,,,462.88697248
4385945944,2,2023_5_1_1_0,2023,5,1,16,2,1,0,0,,,682.15433653
4385945955,2,2023_5_1_1_0,2023,5,1,40,2,1,0,0,,,149.53029228
4385945958,2,2023_5_1_1_0,2023,5,1,-3,-3,-3,0,0,1,1,168.33360574
4385945971,2,2023_5_1_1_0,2023,5,1,-3,-3,-3,0,0,1,1,209.48479398
4385945972,2,2023_5_1_1_0,2023,5,1,40,2,1,0,0,,,682.15433653
4385945974,2,2023_5_1_1_0,2023,5,1,74,2,1,0,0,,,113.47876349
4385945975,2,2023_5_1_1_0,2023,5,1,58,1,1,0,0,,,462.88697248
4385945976,2,2023_5_1_1_0,2023,5,1,63,1,1,0,0,,,273.14931633
4385945990,2,2023_5_1_1_0,2023,5,1,66,1,1,0,0,,,168.33360574
4385945991,2,2023_5_1_1_0,2023,5,1,37,1,1,0,0,,,682.15433653
4385945995,2,2023_5_1_1_0,2023,5,1,73,2,1,0,0,,,209.48479398
4385946000,2,2023_5_1_1_0,2023,5,1,54,2,1,0,0,,,687.89378208
4385946009,2,2023_5_1_1_0,2023,5,1,72,2,1,0,0,,,168.33360574
4385946012,2,2023_5_1_1_0,2023,5,1,73,1,1,0,0,,,400.67014569
4385946015,2,2023_5_1_1_0,2023,5,1,-3,1,-3,0,0,,,2028.6523562
4385946020,2,2023_5_1_1_0,2023,5,1,73,1,1,0,0,,,168.33360574
4385946021,2,2023_5_1_1_0,2023,5,1,78,2,1,0,0,,,169.7499151
4385946022,2,2023_5_1_1_0,2023,5,1,74,2,1,0,0,,,168.33360574
4385946027,2,2023_5_1_1_0,2023,5,1,73,2,1,0,0,,,168.33360574
4385946045,2,2023_5_1_1_0,2023,5,1,-3,1,1,0,0,,,168.33360574
4385946049,2,2023_5_1_1_0,2023,5,1,56,2,1,0,0,,,411.18126106
4385946050,2,2023_5_1_1_0,2023,5,1,80,1,1,0,0,,,168.33360574
4385946051,2,2023_5_1_1_0,2023,5,1,66,2,1,0,0,,,169.7499151
4385946057,2,2023_5_1_1_0,2023,5,1,73,1,1,0,0,,,168.33360574
4385946058,2,2023_5_1_1_0,2023,5,1,44,2,1,0,0,,,682.15433653
4385946063,2,2023_5_1_1_0,2023,5,1,61,1,1,0,0,,,168.33360574
4385946064,2,2023_5_1_1_0,2023,5,1,71,1,1,0,0,,,168.33360574
4385946072,2,2023_5_1_1_0,2023,5,1,86,2,1,0,0,,,408.59692005
4385946075,2,2023_5_1_1_0,2023,5,1,44,2,1,0,0,,,277.18969644
4385946076,2,2023_5_1_1_0,2023,5,1,61,1,1,0,0,,,459.86082386
4385946083,2,2023_5_1_1_0,2023,5,1,82,2,1,0,0,,,168.33360574
4385946085,2,2023_5_1_1_0,2023,5,1,65,1,1,0,0,,,168.33360574
4385946087,2,2023_5_1_1_0,2023,5,1,69,2,1,0,0,,,168.33360574
4385946088,2,2023_5_1_1_0,2023,5,1,51,1,1,0,0,,,248.07243662
4385946091,2,2023_5_1_1_0,2023,5,1,72,2,1,0,0,,,168.33360574
4385946092,2,2023_5_1_1_0,2023,5,1,25,2,1,4.999917057,0,,,277.18969644
4385946094,2,2023_5_1_1_0,2023,5,1,63,1,1,0,0,,,168.33360574
4385946109,2,2023_5_1_1_0,2023,5,1,66,1,1,0,0,,,168.33360574
4385946110,2,2023_5_1_1_0,2023,5,1,67,2,1,0,0,,,168.33360574
4385946113,2,2023_5_1_1_0,2023,5,1,-3,-3,-3,0,0,1,1,408.59692005
4385946114,2,2023_5_1_1_0,2023,5,1,47,2,1,0,0,,,466.78156705
4385946119,2,2023_5_1_1_0,2023,5,1,55,1,1,0,4.0000663544,,,1111.0404108
4385946123,2,2023_5_1_1_0,2023,5,1,55,1,1,0,0,,,411.18126106
4385946127,2,2023_5_1_1_0,2023,5,1,76,1,1,0,0,,,168.33360574
4385946136,2,2023_5_1_1_0,2023,5,1,33,2,1,0,0,,,682.15433653
4385946150,2,2023_5_1_1_0,2023,5,1,68,2,1,0,0,,,113.47876349
4385946157,2,2023_5_1_1_0,2023,5,1,-3,1,-3,0,0,,,351.12941227
4385946161,2,2023_5_1_1_0,2023,5,1,47,1,1,0,0,,,456.02397255
4385946163,2,2023_5_1_1_0,2023,5,1,62,1,1,0,0,,,1123.5676349
4385946164,2,2023_5_1_1_0,2023,5,1,47,1,1,0,0,,,1123.5676349
4385946166,2,2023_5_1_1_0,2023,5,1,61,2,1,0,0,,,462.88697248
4385946175,2,2023_5_1_1_0,2023,5,1,82,2,1,0,0,,,408.59692005
4385946187,2,2023_5_1_1_0,2023,5,1,57,1,1,0,0,,,1240.3171817
4385946188,2,2023_5_1_1_0,2023,5,1,81,2,1,0,0,,,408.59692005
4385946192,2,2023_5_1_1_0,2023,5,1,78,2,1,0,0,,,169.7499151
4385946196,2,2023_5_1_1_0,2023,5,1,28,2,1,0,0,,,466.78156705
4385946202,2,2023_5_1_1_0,2023,5,1,31,1,1,0,0,,,1240.3171817
4385946211,2,2023_5_1_1_0,2023,5,1,95,2,1,0,0,,,169.7499151
4385946212,2,2023_5_1_1_0,2023,5,1,24,1,1,4.999917057,0,,,414.64081901
4385946214,2,2023_5_1_1_0,2023,5,1,35,2,4,0,0,,,168.33360574
4385946216,2,2023_5_1_1_0,2023,5,1,36,2,1,0,0,,,309.44251869
4385946217,2,2023_5_1_1_0,2023,5,1,76,2,1,0,0,,,168.33360574
4385946225,2,2023_5_1_1_0,2023,5,1,65,1,1,0,0,,,168.33360574
4385946226,2,2023_5_1_1_0,2023,5,1,45,2,1,0,0,,,274.87696268
4385946227,2,2023_5_1_1_0,2023,5,1,55,1,1,0,0,,,462.88697248
4385946231,2,2023_5_1_1_0,2023,5,1,66,2,1,0,0,,,168.33360574
4385946232,2,2023_5_1_1_0,2023,5,1,59,2,1,0,0,,,168.33360574
4385946237,2,2023_5_1_1_0,2023,5,1,70,2,1,0,0,,,408.59692005
4385946250,2,2023_5_1_1_0,2023,5,1,42,2,1,0,0,,,687.89378208
4385946256,2,2023_5_1_1_0,2023,5,1,61,2,1,0,0,,,168.33360574
4385946264,2,2023_5_1_1_0,2023,5,1,21,2,4,0,0,,,576.04529789
4385946267,2,2023_5_1_1_0,2023,5,1,78,2,1,0,0,,,408.59692005
4385946273,2,2023_5_1_1_0,2023,5,1,-3,-3,-3,0,0,1,1,411.18126106
4385946274,2,2023_5_1_1_0,2023,5,1,49,1,1,0,0,,,998.06212851
4385946288,2,2023_5_1_1_0,2023,5,1,20,1,-3,0,0,,,998.06212851
4385946290,2,2023_5_1_1_0,2023,5,1,61,1,1,0,0,,,274.87696268
4385946295,2,2023_5_1_1_0,2023,5,1,63,2,1,0,0,,,168.33360574
4385946303,2,2023_5_1_1_0,2023,5,1,64,2,2,0,0,,,408.59692005
4385946305,2,2023_5_1_1_0,2023,5,1,52,2,1,0,0,,,408.59692005
4385946309,2,2023_5_1_1_0,2023,5,1,67,2,1,0,0,,,113.47876349
4385946312,2,2023_5_1_1_0,2023,5,1,74,1,1,0,0,,,168.33360574
4385946313,2,2023_5_1_1_0,2023,5,1,66,2,1,0,0,,,264.62520385
4385946321,2,2023_5_1_1_0,2023,5,1,81,1,1,0,0,,,168.33360574
4385946329,2,2023_5_1_1_0,2023,5,1,51,2,1,0,0,,,462.88697248
4385946331,2,2023_5_1_1_0,2023,5,1,77,1,1,9.999834114,16.000265418,,,113.47876349
4385946334,2,2023_5_1_1_0,2023,5,1,77,2,1,0,0,,,168.33360574
4385946335,2,2023_5_1_1_0,2023,5,1,64,1,1,1.9999668228,0,,,1410.0017053
4385946341,2,2023_5_1_1_0,2023,5,1,38,1,1,0,0,,,168.33360574
4385946349,2,2023_5_1_1_0,2023,5,1,76,2,1,0,0,,,408.59692005
4385946350,2,2023_5_1_1_0,2023,5,1,65,2,1,0,0,,,168.33360574
4385946354,2,2023_5_1_1_0,2023,5,1,79,1,1,0,0,,1,168.33360574
4385946355,2,2023_5_1_1_0,2023,5,1,66,2,1,0,0,,,168.33360574
4385946377,2,2023_5_1_1_0,2023,5,1,56,2,1,0,0,,,934.72945343
4385946392,2,2023_5_1_1_0,2023,5,1,55,2,1,0,0,,,462.88697248
4385946394,2,2023_5_1_1_0,2023,5,1,71,2,1,0,0,,,112.53195281
4385946395,2,2023_5_1_1_0,2023,5,1,12,2,1,0,0,,,682.15433653
4385946405,2,2023_5_1_1_0,2023,5,1,61,2,2,0,0,,,466.78156705
4385946408,2,2023_5_1_1_0,2023,5,1,71,1,1,0,0,,,168.33360574
4385946415,2,2023_5_1_1_0,2023,5,1,74,2,1,0,0,,,150.78839609
4385946429,2,2023_5_1_1_0,2023,5,1,32,1,1,0,0,,,682.15433653
4385946440,2,2023_5_1_1_0,2023,5,1,37,1,1,0,0,,,682.15433653
4385946441,2,2023_5_1_1_0,2023,5,1,78,1,1,0,0,,,408.59692005
4385946445,2,2023_5_1_1_0,2023,5,1,-3,-3,-3,0,0,1,,462.88697248
4385946458,2,2023_5_1_1_0,2023,5,1,19,2,1,0,0,,,248.07243662
4385946470,2,2023_5_1_1_0,2023,5,1,29,1,1,5.9999004684,6.0000995316,,,687.89378208
4385946474,2,2023_5_1_1_0,2023,5,1,49,2,-3,0,0,,,462.88697248
4385946481,2,2023_5_1_1_0,2023,5,1,73,2,1,0,0,,,408.59692005
4385946485,2,2023_5_1_1_0,2023,5,1,52,1,1,0,0,,,462.88697248
4385946493,2,2023_5_1_1_0,2023,5,1,-3,-3,-3,0,0,1,,212.64223473
4385946499,2,2023_5_1_1_0,2023,5,1,49,1,2,0,0,,,362.95555252
4385946512,2,2023_5_1_1_0,2023,5,1,66,2,1,0,0,,,112.53195281
4385946520,2,2023_5_1_1_0,2023,5,1,60,1,1,0,0,,,462.88697248
4385946523,2,2023_5_1_1_0,2023,5,1,43,2,1,0,0,,,682.15433653
4385946541,2,2023_5_1_1_0,2023,5,1,62,2,-3,0,1.0000165886,,,250.15964499
4385946542,2,2023_5_1_1_0,2023,5,1,76,1,1,0,0,,,168.33360574
4385946546,2,2023_5_1_1_0,2023,5,1,49,2,1,0,0,,,277.18969644
4385946554,2,2023_5_1_1_0,2023,5,1,46,1,1,0,0,,,408.59692005
4385946559,2,2023_5_1_1_0,2023,5,1,65,2,2,0,0,,,149.53029228
4385946561,2,2023_5_1_1_0,2023,5,1,34,1,1,0,0,,,462.88697248
4385946577,2,2023_5_1_1_0,2023,5,1,54,1,1,0,0,,,682.15433653
4385946578,2,2023_5_1_1_0,2023,5,1,69,2,1,0,0,,,168.33360574
4385946595,2,2023_5_1_1_0,2023,5,1,79,1,1,0,0,,,168.33360574
4385946604,2,2023_5_1_1_0,2023,5,1,66,1,1,0,0,,,149.53029228
4385946613,2,2023_5_1_1_0,2023,5,1,66,2,1,0,0,,,168.33360574
4385946616,2,2023_5_1_1_0,2023,5,1,43,1,1,0,0,,,682.15433653
4385946617,2,2023_5_1_1_0,2023,5,1,65,2,1,0,0,,,112.53195281
4385946629,2,2023_5_1_1_0,2023,5,1,70,2,1,0.9999834114,0,,,275.44751418
4385946634,2,2023_5_1_1_0,2023,5,1,65,2,1,0,0,,,112.53195281
4385946635,2,2023_5_1_1_0,2023,5,1,61,1,1,0,0,,,1123.5676349
4385946636,2,2023_5_1_1_0,2023,5,1,73,1,1,0,0,,,168.33360574
4385946643,2,2023_5_1_1_0,2023,5,1,33,1,1,0,0,,,682.15433653
4385946646,2,2023_5_1_1_0,2023,5,1,53,2,1,0,0,,,248.07243662
4385946648,2,2023_5_1_1_0,2023,5,1,70,1,1,0,0,,,112.53195281
4385946652,2,2023_5_1_1_0,2023,5,1,65,2,1,0,0,,,169.7499151
4385946653,2,2023_5_1_1_0,2023,5,1,72,2,1,0,0,,,168.33360574
4385946656,2,2023_5_1_1_0,2023,5,1,61,2,1,0,0,,,112.53195281
4385946658,2,2023_5_1_1_0,2023,5,1,89,2,1,0,0,1,1,275.44751418
4385946665,2,2023_5_1_1_0,2023,5,1,72,2,1,2.9999502342,0,,,113.47876349
4385946672,2,2023_5_1_1_0,2023,5,1,65,2,1,0,0,,,168.33360574
4385946681,2,2023_5_1_1_0,2023,5,1,63,1,1,0,0,1,1,411.18126106
4385946684,2,2023_5_1_1_0,2023,5,1,53,1,1,0,0,,,309.44251869
4385946692,2,2023_5_1_1_0,2023,5,1,67,2,1,0,0,,,168.33360574
4385946693,2,2023_5_1_1_0,2023,5,1,68,2,1,0,0,,,149.53029228
4385946701,2,2023_5_1_1_0,2023,5,1,66,2,1,0,0,,,169.7499151
4385946704,2,2023_5_1_1_0,2023,5,1,63,1,1,0,0,,,462.88697248
4385946711,2,2023_5_1_1_0,2023,5,1,-3,2,1,0,0,,,362.95555252
4385946736,2,2023_5_1_1_0,2023,5,1,58,1,1,0,0,1,1,462.88697248
4385946760,2,2023_5_1_1_0,2023,5,1,38,1,1,0,0,,,462.88697248
4385946773,2,2023_5_1_1_0,2023,5,1,-3,-3,-3,0,0,1,1,451.05409284
4385946792,2,2023_5_1_1_0,2023,5,1,21,2,1,0,0,,,462.88697248
4385946800,2,2023_5_1_1_0,2023,5,1,52,1,1,0,0,,,1123.5676349
4385946801,2,2023_5_1_1_0,2023,5,1,46,2,1,0,2.0000331772,,,459.86082386
4385946802,2,2023_5_1_1_0,2023,5,1,29,2,1,0,0,,,462.88697248
4385946814,2,2023_5_1_1_0,2023,5,1,62,2,1,1.9999668228,12.000199063,,,466.78156705
4385946841,2,2023_5_1_1_0,2023,5,1,76,2,2,0,0,,,611.64171685
4385946885,2,2023_5_1_1_0,2023,5,1,29,1,3,0,0,,,682.15433653
4385946887,2,2023_5_1_1_0,2023,5,1,67,1,1,0,0,,,168.33360574
4385946891,2,2023_5_1_1_0,2023,5,1,68,2,1,0,0,,,273.14931633
4385946898,2,2023_5_1_1_0,2023,5,1,57,2,1,0,2.0000331772,,,414.64081901
4385946904,2,2023_5_1_1_0,2023,5,1,54,1,2,0,0,,,1240.3171817
4385946910,2,2023_5_1_1_0,2023,5,1,47,1,2,0,0,,,248.07243662
4385946915,2,2023_5_1_1_0,2023,5,1,33,1,1,0,0,,,1240.3171817
4385946918,2,2023_5_1_1_0,2023,5,1,62,1,1,0,0,,,411.18126106
4385946919,2,2023_5_1_1_0,2023,5,1,37,2,2,0,0,,,682.15433653
4385946925,2,2023_5_1_1_0,2023,5,1,39,2,1,0,0,,,451.05409284
4385946946,2,2023_5_1_1_0,2023,5,1,20,1,1,0,0,,,664.71627791
4385946951,2,2023_5_1_1_0,2023,5,1,83,2,3,0,0,,,168.33360574
4385946973,2,2023_5_1_1_0,2023,5,1,57,1,1,0,0,,,682.15433653
4385946976,2,2023_5_1_1_0,2023,5,1,31,2,1,0,0,,,682.15433653
4385946992,2,2023_5_1_1_0,2023,5,1,-3,2,2,0,0,,,443.55339847
4385947005,2,2023_5_1_1_0,2023,5,1,64,2,1,0,0,,,168.33360574
4385947016,2,2023_5_1_1_0,2023,5,1,69,1,1,0,0,,,168.33360574
4385947018,2,2023_5_1_1_0,2023,5,1,30,2,2,0,0,,,1240.3171817
4385947030,2,2023_5_1_1_0,2023,5,1,51,2,1,0,0,,,411.18126106
4385947036,2,2023_5_1_1_0,2023,5,1,14,1,1,0,8.4108866029,,,1590.4564027
4385947039,2,2023_5_1_1_0,2023,5,1,26,1,1,0,0,,,1240.3171817
4385947054,2,2023_5_1_1_0,2023,5,1,84,2,1,0,0,,,408.59692005
4385947055,2,2023_5_1_1_0,2023,5,1,25,2,1,0,0,,,1240.3171817
4385947097,2,2023_5_1_1_0,2023,5,1,60,1,1,0,0,,,1123.5676349
4385947109,2,2023_5_1_1_0,2023,5,1,-3,-3,-3,0,0,1,1,2028.6523562
4385947112,2,2023_5_1_1_0,2023,5,1,62,2,1,0,0,,,168.33360574
4385947118,2,2023_5_1_1_0,2023,5,1,75,2,1,0,0,,,408.59692005
4385947125,2,2023_5_1_1_0,2023,5,1,65,2,1,0,0,,,149.53029228
4385947127,2,2023_5_1_1_0,2023,5,1,66,2,1,0,0,,,149.53029228
4385947142,2,2023_5_1_1_0,2023,5,1,48,2,1,0,0,,,411.18126106
4385947161,2,2023_5_1_1_0,2023,5,1,58,1,1,0,0,,,411.18126106
4385947162,2,2023_5_1_1_0,2023,5,1,76,2,1,0,0,,,362.95555252
4385947169,2,2023_5_1_1_0,2023,5,1,40,1,1,0,0,,,682.15433653
4385947170,2,2023_5_1_1_0,2023,5,1,69,1,2,0,0,,,362.95555252
4385947181,2,2023_5_1_1_0,2023,5,1,58,1,1,0,0,,,168.33360574
4385947218,2,2023_5_1_1_0,2023,5,1,23,1,2,0,0,,,168.33360574
4385947231,2,2023_5_1_1_0,2023,5,1,16,1,2,0,0,,,677.86688572
4385947234,2,2023_5_1_1_0,2023,5,1,51,1,2,0,0,,,451.05409284
4385947243,2,2023_5_1_1_0,2023,5,1,46,1,1,0,0,,,462.88697248
4385947254,2,2023_5_1_1_0,2023,5,1,55,2,-3,0,0,,,168.33360574
4385947267,2,2023_5_1_1_0,2023,5,1,21,2,2,0,0,,,1827.8495496
4385947270,2,2023_5_1_1_0,2023,5,1,67,1,2,0,5.000082943,,,366.00935357
4385947274,2,2023_5_1_1_0,2023,5,1,35,2,2,0,0,,,682.15433653
4385947278,2,2023_5_1_1_0,2023,5,1,64,2,1,0,0,,,168.33360574
4385947295,2,2023_5_1_1_0,2023,5,1,45,1,1,0,0,,,411.18126106
4385947296,2,2023_5_1_1_0,2023,5,1,-3,-3,-3,0,0,1,1,168.33360574
4385947301,2,2023_5_1_1_0,2023,5,1,55,1,2,0,0,,,998.06212851
4385947305,2,2023_5_1_1_0,2023,5,1,71,2,1,0,0,,,168.33360574
4385947307,2,2023_5_1_1_0,2023,5,1,67,1,2,0,0,,,362.95555252
4385947310,2,2023_5_1_1_0,2023,5,1,28,1,2,0,0,,,411.18126106
4385947318,2,2023_5_1_1_0,2023,5,1,-3,-3,-3,0,0,,1,212.64223473
4385947326,2,2023_5_1_1_0,2023,5,1,-3,-3,-3,0,0,1,1,308.7167476
4385947341,2,2023_5_1_1_0,2023,5,1,70,1,2,0,0,,,168.33360574
4385947356,2,2023_5_1_1_0,2023,5,1,41,1,1,0,0,,,168.33360574
4385947359,2,2023_5_1_1_0,2023,5,1,67,1,2,0,0,,,209.48479398
4385947367,2,2023_5_1_1_0,2023,5,1,50,2,5,0,0,,,149.53029228
4385947373,2,2023_5_1_1_0,2023,5,1,73,1,2,0,0,,,408.59692005
4385947380,2,2023_5_1_1_0,2023,5,1,58,2,2,0,0,,,462.88697248
4385947381,2,2023_5_1_1_0,2023,5,1,35,1,1,0,0,,,462.88697248
4385947386,2,2023_5_1_1_0,2023,5,1,59,1,2,0,0,,,998.06212851
4385947404,2,2023_5_1_1_0,2023,5,1,31,2,1,0,0,,,462.88697248
4385947405,2,2023_5_1_1_0,2023,5,1,64,2,1,0,0,,,462.88697248
4385947409,2,2023_5_1_1_0,2023,5,1,-3,1,1,0,0,,,408.59692005
4385947411,2,2023_5_1_1_0,2023,5,1,64,1,1,0,1.0000165886,,,466.78156705
4385947428,2,2023_5_1_1_0,2023,5,1,33,1,1,0,0,,,168.33360574
4385947433,2,2023_5_1_1_0,2023,5,1,60,1,1,0,0,,,1101.770439
4385947448,2,2023_5_1_1_0,2023,5,1,73,2,1,0,0,,,408.59692005
4385947449,2,2023_5_1_1_0,2023,5,1,30,2,1,0,0,,,1240.3171817
4385947453,2,2023_5_1_1_0,2023,5,1,74,2,1,0,0,,,408.59692005
4385947454,2,2023_5_1_1_0,2023,5,1,78,1,1,0,0,,,149.53029228
4385947476,2,2023_5_1_1_0,2023,5,1,59,1,1,0,0,,,462.88697248
4385947480,2,2023_5_1_1_0,2023,5,1,0,2,2,0,0,1,1,347.53762923
4385947488,2,2023_5_1_1_0,2023,5,1,61,2,1,0,0,,,168.33360574
4385947493,2,2023_5_1_1_0,2023,5,1,31,1,2,0,0,,,1240.3171817
4385947495,2,2023_5_1_1_0,2023,5,1,37,1,1,0,1.0000165886,,,687.89378208
4385947497,2,2023_5_1_1_0,2023,5,1,59,2,1,0,0,,,462.88697248
4385947506,2,2023_5_1_1_0,2023,5,1,60,2,1,0,0,,,1123.5676349
4385947509,2,2023_5_1_1_0,2023,5,1,71,2,1,0,0,,,186.08478286
4385947513,2,2023_5_1_1_0,2023,5,1,18,2,2,0,0,,,1123.5676349
4385947518,2,2023_5_1_1_0,2023,5,1,22,1,1,0,0,,,1240.3171817
4385947526,2,2023_5_1_1_0,2023,5,1,20,1,1,0,0,,,1655.7962961
4385947529,2,2023_5_1_1_0,2023,5,1,69,2,1,0,0,,,113.47876349
4385947533,2,2023_5_1_1_0,2023,5,1,68,1,1,0,0,,,451.05409284
4385947534,2,2023_5_1_1_0,2023,5,1,81,1,2,0,0,,,408.59692005
4385947535,2,2023_5_1_1_0,2023,5,1,62,2,1,0,0,,,408.59692005
4385947536,2,2023_5_1_1_0,2023,5,1,23,2,1,0,0,,,462.88697248
4385947539,2,2023_5_1_1_0,2023,5,1,87,1,1,0,0,,,168.33360574
4385947546,2,2023_5_1_1_0,2023,5,1,59,2,1,0,0,,,312.04607685
4385947549,2,2023_5_1_1_0,2023,5,1,62,1,2,0,2.0000331772,,,466.78156705
4385947559,2,2023_5_1_1_0,2023,5,1,80,1,1,0,0,,,408.59692005
4385947560,2,2023_5_1_1_0,2023,5,1,70,1,2,0,0,,,366.00935357
4385947562,2,2023_5_1_1_0,2023,5,1,-3,-3,-3,0,0,1,,835.76343621
4385947566,2,2023_5_1_1_0,2023,5,1,56,1,1,0,0,,,462.88697248
4385947571,2,2023_5_1_1_0,2023,5,1,-3,1,1,0,2.0000331772,,,150.78839609
4385947573,2,2023_5_1_1_0,2023,5,1,67,2,1,0,0,,,168.33360574
4385947574,2,2023_5_1_1_0,2023,5,1,32,1,1,0,0,,,456.02397255
4385947577,2,2023_5_1_1_0,2023,5,1,58,2,1,0,0,,,466.78156705
4385947583,2,2023_5_1_1_0,2023,5,1,51,2,1,0,0,,,682.15433653
4385947589,2,2023_5_1_1_0,2023,5,1,54,1,1,0,0,,,462.88697248
4385947595,2,2023_5_1_1_0,2023,5,1,72,2,1,0,0,,,408.59692005
4385947596,2,2023_5_1_1_0,2023,5,1,72,1,2,0,0,,,408.59692005
4385947598,2,2023_5_1_1_0,2023,5,1,69,1,1,0,0,,,168.33360574
4385947603,2,2023_5_1_1_0,2023,5,1,66,2,1,0,0,,,168.33360574
4385947606,2,2023_5_1_1_0,2023,5,1,62,2,1,0,0,,,149.53029228
4385947615,2,2023_5_1_1_0,2023,5,1,50,2,2,0,0,,,682.15433653
4385957620,2,2023_5_1_1_0,2023,5,1,73,2,1,0,0,,,362.95555252
4385957625,2,2023_5_1_1_0,2023,5,1,48,1,1,0,0,,,682.15433653
4385957627,2,2023_5_1_1_0,2023,5,1,21,1,2,0,0,,,1240.3171817
4385957637,2,2023_5_1_1_0,2023,5,1,64,1,1,0,0,,,682.15433653
4385957643,2,2023_5_1_1_0,2023,5,1,56,2,1,0,0,,,411.18126106
4385957645,2,2023_5_1_1_0,2023,5,1,34,1,1,0,0,,,462.88697248
4385957647,2,2023_5_1_1_0,2023,5,1,28,2,1,0,0,,,682.15433653
4385957648,2,2023_5_1_1_0,2023,5,1,80,2,1,0,0,,,168.33360574
4385957661,2,2023_5_1_1_0,2023,5,1,37,1,1,0,0,,,462.88697248
4385957668,2,2023_5_1_1_0,2023,5,1,36,1,1,0,0,,,682.15433653
4385957673,2,2023_5_1_1_0,2023,5,1,19,2,2,0,0,,,998.06212851
4385957678,2,2023_5_1_2_1,2023,5,1,79,2,1,0,1.0000165886,,,380.51173074
4385957679,2,2023_5_1_2_1,2023,5,1,69,1,1,0,3.0000497658,,,242.05144004
4385957684,2,2023_5_1_2_1,2023,5,1,45,2,3,0,0,,,941.75443036
4385957686,2,2023_5_1_2_1,2023,5,1,65,2,1,0,0,,,353.73384714
4385957689,2,2023_5_1_2_1,2023,5,1,41,2,1,0,0,,,6125.1924161
4385957690,2,2023_5_1_2_1,2023,5,1,43,2,1,0,0,,,972.70410647
4385957691,2,2023_5_1_2_1,2023,5,1,59,2,1,0,0,,,807.25117781
4385957694,2,2023_5_1_2_1,2023,5,1,43,1,1,0,3.0000497658,,,949.6780746
4385957695,2,2023_5_1_2_1,2023,5,1,60,1,1,0,1.0000165886,,,568.83833399
4385957699,2,2023_5_1_2_1,2023,5,1,58,1,1,0,0,,,639.0428584
4385957707,2,2023_5_1_2_1,2023,5,1,59,2,1,0,0,,,639.0428584
4385957708,2,2023_5_1_2_1,2023,5,1,50,2,1,0,0,,,567.66006393
4385957715,2,2023_5_1_2_1,2023,5,1,52,2,1,0,0,,,2305.1578715
4385957716,2,2023_5_1_2_1,2023,5,1,-3,-3,-3,0,0,,,1712.3312693
4385957717,2,2023_5_1_2_1,2023,5,1,34,1,1,0,0,,,972.70410647
4385957722,2,2023_5_1_2_1,2023,5,1,56,2,1,0,0,,,639.0428584
4385957726,2,2023_5_1_2_1,2023,5,1,44,2,1,0,0,,,949.6780746
4385957728,2,2023_5_1_2_1,2023,5,1,58,1,1,0,0,,,660.0442669
4385957729,2,2023_5_1_2_1,2023,5,1,44,2,1,0,0,,,660.0442669
4385957730,2,2023_5_1_2_1,2023,5,1,52,1,1,0,0,,,949.6780746
4385957750,2,2023_5_1_2_1,2023,5,1,47,2,1,0,0,,,517.54909043
4385957755,2,2023_5_1_2_1,2023,5,1,-3,1,-3,0,0,,,232.39450444
4385957756,2,2023_5_1_2_1,2023,5,1,14,1,2,0,0,,,941.75443036
4385957758,2,2023_5_1_2_1,2023,5,1,32,2,1,0,0,,,941.75443036
4385957761,2,2023_5_1_2_1,2023,5,1,39,2,1,0,0,,,1389.4769406
4385957766,2,2023_5_1_2_1,2023,5,1,53,2,1,0,0,,,639.0428584
4385957771,2,2023_5_1_2_1,2023,5,1,60,1,1,0,0,,,567.66006393
4385957777,2,2023_5_1_2_1,2023,5,1,63,1,1,0,0,,,1602.1284244
4385957794,2,2023_5_1_2_0,2023,5,1,68,1,1,0,0,,,2691.7020657
4385957795,2,2023_5_1_2_0,2023,5,1,77,1,1,0,0,,,2691.7020657
4385957798,2,2023_5_1_2_0,2023,5,1,75,1,1,0,0,,,985.05636454
4385957799,2,2023_5_1_2_0,2023,5,1,62,2,4,0,0,,,1108.9264066
4385957800,2,2023_5_1_2_0,2023,5,1,65,2,1,0,0,,,2691.7020657
4385957803,2,2023_5_1_2_0,2023,5,1,45,2,1,0,0,,,1602.5616949
4385957807,2,2023_5_1_2_0,2023,5,1,-3,-3,-3,0,0,1,1,2691.7020657
4385957811,2,2023_5_1_2_0,2023,5,1,58,1,1,0,0,,,3049.3470677
4385957814,2,2023_5_1_2_0,2023,5,1,33,1,1,0,0,,,3049.3470677
4385957820,2,2023_5_1_2_0,2023,5,1,82,1,1,0,0,,,1108.9264066
4385957835,2,2023_5_1_2_0,2023,5,1,-3,-3,-3,0,0,1,1,2691.7020657
4385957838,2,2023_5_1_2_0,2023,5,1,69,2,1,0,0,,,2691.7020657
4385957843,2,2023_5_1_2_0,2023,5,1,72,2,1,0,0,,,1108.9264066
4385957846,2,2023_5_1_2_0,2023,5,1,28,2,1,0,0,,,4493.8083149
4385957869,2,2023_5_1_2_0,2023,5,1,38,1,2,0,0,,,12041.271402
4385957870,2,2023_5_1_2_0,2023,5,1,38,1,2,0,0,,,4493.8083149
4385957876,2,2023_5_1_2_0,2023,5,1,47,1,1,0,0,,,2658.6678753
4385957884,2,2023_5_1_2_0,2023,5,1,-3,-3,-3,0,0,1,1,7401.6938834
4385957897,2,2023_5_1_2_0,2023,5,1,76,1,1,0,0,,,1108.9264066
4385957899,2,2023_5_1_2_0,2023,5,1,12,1,1,0,0,,,4493.8083149
4385957903,2,2023_5_1_2_0,2023,5,1,69,1,1,0,0,,,1592.4893343
4385957904,2,2023_5_1_2_0,2023,5,1,67,1,1,0,0,,,2691.7020657
4385957917,2,2023_5_1_2_0,2023,5,1,31,2,3,0,0,,,3049.3470677
4385957920,2,2023_5_1_2_0,2023,5,1,65,2,1,0,0,,,656.07315818
4385957922,2,2023_5_1_2_0,2023,5,1,26,1,1,0,0,,,4493.8083149
4385957933,2,2023_5_1_2_0,2023,5,1,82,1,1,0,0,,,2691.7020657
4385957936,2,2023_5_1_2_0,2023,5,1,67,2,1,0,0,,,1108.9264066
4385957937,2,2023_5_1_2_0,2023,5,1,45,2,1,0,0,,,2681.0371233
4385957944,2,2023_5_1_2_0,2023,5,1,62,2,1,0,0,,,1108.9264066
4385957948,2,2023_5_1_2_0,2023,5,1,16,2,2,0,0,,,5058.9010804
4385957961,2,2023_5_1_2_0,2023,5,1,25,2,1,0,0,,,2708.7268539
4385957966,2,2023_5_1_2_0,2023,5,1,52,2,1,0,0,,,3049.3470677
4385957967,2,2023_5_1_2_0,2023,5,1,67,1,1,0,0,,,1108.9264066
4385957978,2,2023_5_1_2_0,2023,5,1,60,1,1,0,0,,,3049.3470677
4385957989,2,2023_5_1_2_0,2023,5,1,16,2,2,0,0,,,6288.4269498
4385957994,2,2023_5_1_2_0,2023,5,1,39,1,1,0,0,,,1108.9264066
4385958004,2,2023_5_1_2_0,2023,5,1,70,2,1,0,0,,,2691.7020657
4385958011,2,2023_5_1_2_0,2023,5,1,31,1,1,0,0,,,4493.8083149
4385958032,2,2023_5_1_2_0,2023,5,1,67,2,1,0,0,,,656.07315818
4385958035,2,2023_5_1_2_0,2023,5,1,64,2,1,0,0,,,582.78803372
4385958039,2,2023_5_1_2_0,2023,5,1,41,2,1,0,0,,,4493.8083149
4385958042,2,2023_5_1_2_0,2023,5,1,70,1,2,0,0,,,2391.0317541
4385958043,2,2023_5_1_2_0,2023,5,1,41,1,1,0,0,,,4493.8083149
4385958048,2,2023_5_1_2_0,2023,5,1,75,2,1,0,0,,,1108.9264066
4385958061,2,2023_5_1_2_0,2023,5,1,-3,-3,-3,0,0,1,1,1108.9264066
4385958066,2,2023_5_1_2_0,2023,5,1,79,1,1,0,0,,,2691.7020657
4385958068,2,2023_5_1_2_0,2023,5,1,29,2,2,0,0,,,2708.7268539
4385958074,2,2023_5_1_2_0,2023,5,1,55,2,1,0,0,,,4493.8083149
4385958075,2,2023_5_1_2_0,2023,5,1,65,1,1,0,0,,,966.85190238
4385958080,2,2023_5_1_2_0,2023,5,1,46,2,-3,0,0,,,3049.3470677
4385958081,2,2023_5_1_2_0,2023,5,1,60,1,1,0,0,,,1804.0825334
4385958084,2,2023_5_1_2_0,2023,5,1,59,1,1,0,0,,,3049.3470677
4385958091,2,2023_5_1_2_0,2023,5,1,17,1,1,0,0,,,4493.8083149
4385958105,2,2023_5_1_2_0,2023,5,1,-3,-3,-3,0,0,1,1,2691.7020657
4385958113,2,2023_5_1_2_0,2023,5,1,58,2,1,0,0,,,2708.7268539
4385958115,2,2023_5_1_2_0,2023,5,1,41,2,2,0,0,,,7258.1011287
4385958117,2,2023_5_1_2_0,2023,5,1,47,1,1,0,0,,,4493.8083149
4385958119,2,2023_5_1_2_0,2023,5,1,58,2,1,0,0,,,3049.3470677
4385958121,2,2023_5_1_2_0,2023,5,1,77,2,1,0,0,,,1400.8170752
4385958128,2,2023_5_1_2_0,2023,5,1,72,2,1,0,0,,,1118.2565866
4385958129,2,2023_5_1_2_0,2023,5,1,67,1,1,0,0,,,1108.9264066
4385958130,2,2023_5_1_2_0,2023,5,1,38,2,1,0,0,,,3049.3470677
4385958136,2,2023_5_1_2_0,2023,5,1,46,1,1,0,0,,,4493.8083149
4385958148,2,2023_5_1_2_0,2023,5,1,70,2,1,0,0,,,2691.7020657
4385958153,2,2023_5_1_2_0,2023,5,1,39,1,1,0,0,,,3049.3470677
4385958166,2,2023_5_1_2_0,2023,5,1,21,1,3,0,0,,,7319.1686526
4385958182,2,2023_5_1_2_0,2023,5,1,-3,-3,-3,0,0,1,1,2639.4830844
4385958191,2,2023_5_1_2_0,2023,5,1,-3,-5,2,0,0,,,1548.5365511
4385958197,2,2023_5_1_2_0,2023,5,1,0,2,2,0,0,,,12041.271402
4385958200,2,2023_5_1_2_0,2023,5,1,31,2,1,0,0,,,3049.3470677
4385958210,2,2023_5_1_2_0,2023,5,1,85,2,1,0,0,,,2971.3959501
4385958215,2,2023_5_1_2_0,2023,5,1,74,2,1,0,0,,,1108.9264066
4385958223,2,2023_5_1_2_0,2023,5,1,66,1,1,0,0,,,1108.9264066
4385958232,2,2023_5_1_2_0,2023,5,1,61,2,2,0,0,,,10999.616541
4385958242,2,2023_5_1_2_0,2023,5,1,24,1,-3,0,0,,,7258.1011287
4385958246,2,2023_5_1_2_0,2023,5,1,33,2,1,0,0,,,3049.3470677
4385958247,2,2023_5_1_2_0,2023,5,1,17,2,1,0,0,,,4493.8083149
4385958277,2,2023_5_1_2_0,2023,5,1,32,1,1,0,0,,,3049.3470677
4385958285,2,2023_5_1_2_0,2023,5,1,11,1,1,0,0,,,4493.8083149
4385958292,2,2023_5_1_2_0,2023,5,1,58,1,1,0,0,,,2391.0317541
4385958297,2,2023_5_1_2_0,2023,5,1,32,1,1,0,0,,,3049.3470677
4385958318,2,2023_5_1_2_0,2023,5,1,41,1,1,0,0,,,3049.3470677
4385958319,2,2023_5_1_2_0,2023,5,1,80,2,1,0,0,,,2691.7020657
4385958325,2,2023_5_1_2_0,2023,5,1,-3,1,1,0,0,,,2691.7020657
4385958326,2,2023_5_1_2_0,2023,5,1,71,1,1,0,0,,,656.07315818
4385958327,2,2023_5_1_2_0,2023,5,1,72,2,1,0,0,,,1108.9264066
4385958342,2,2023_5_1_2_0,2023,5,1,52,2,1,0,0,,,2731.5172834
4385958357,2,2023_5_1_2_0,2023,5,1,-3,-3,-3,0,0,1,1,7212.4827842
4385958358,2,2023_5_1_2_0,2023,5,1,80,1,2,0,0,,,2691.7020657
4385958362,2,2023_5_1_2_0,2023,5,1,96,2,1,0,0,,,1634.2195874
4385958365,2,2023_5_1_2_0,2023,5,1,33,1,4,0,0,,,4493.8083149
4385958366,2,2023_5_1_2_0,2023,5,1,8,1,2,0,0,1,1,4493.8083149
4385958373,2,2023_5_1_2_0,2023,5,1,58,1,1,0,0,,,3421.7156399
4385958377,2,2023_5_1_2_0,2023,5,1,86,2,1,0,0,,,2971.3959501
4385958384,2,2023_5_1_2_0,2023,5,1,83,2,1,0,0,,,2691.7020657
4385958390,2,2023_5_1_2_0,2023,5,1,68,2,1,0,0,,,1400.8170752
4385958395,2,2023_5_1_2_0,2023,5,1,-3,-3,-3,0,0,1,,2691.7020657
4385958397,2,2023_5_1_2_0,2023,5,1,68,1,1,0,0,1,1,1108.9264066
4385958409,2,2023_5_1_2_0,2023,5,1,50,1,4,0,0,,,3049.3470677
4385958410,2,2023_5_1_2_0,2023,5,1,23,1,2,0,0,,,3049.3470677
4385958411,2,2023_5_1_2_0,2023,5,1,69,2,1,0,0,,,1108.9264066
4385958414,2,2023_5_1_2_0,2023,5,1,36,2,1,0,0,,,4493.8083149
4385958420,2,2023_5_1_2_0,2023,5,1,55,2,1,0,0,,,1804.0825334
4385958429,2,2023_5_1_2_0,2023,5,1,14,2,2,0,0,,,12041.271402
4385958432,2,2023_5_1_2_0,2023,5,1,8,1,2,0,0,,,5058.9010804
4385958448,2,2023_5_1_2_0,2023,5,1,21,2,2,0,0,,,3049.3470677
4385958456,2,2023_5_1_2_0,2023,5,1,29,1,2,0,0,,,4493.8083149
4385958462,2,2023_5_1_2_0,2023,5,1,-3,1,-3,0,0,,,2054.7427877
4385958484,2,2023_5_1_2_0,2023,5,1,-3,-3,-3,0,0,1,1,1108.9264066
4385958486,2,2023_5_1_2_0,2023,5,1,69,2,1,0,0,,,2971.3959501
4385958487,2,2023_5_1_2_0,2023,5,1,45,2,1,0,0,,,7123.9668476
4385958495,2,2023_5_1_2_0,2023,5,1,65,1,1,0,0,,,656.07315818
4385958503,2,2023_5_1_2_0,2023,5,1,81,1,1,0,0,,,1108.9264066
4385958507,2,2023_5_1_2_0,2023,5,1,71,1,1,0,0,,,3966.7485713
4385958511,2,2023_5_1_2_0,2023,5,1,35,1,1,0,0,,,4493.8083149
4385958512,2,2023_5_1_2_0,2023,5,1,90,2,2,0,0,,,2391.0317541
4385958519,2,2023_5_1_2_0,2023,5,1,19,1,1,0,0,,,985.05636454
4385958521,2,2023_5_1_2_0,2023,5,1,60,2,2,0,0,,,3049.3470677
4385958527,2,2023_5_1_2_0,2023,5,1,74,2,1,0,0,,,1108.9264066
4385958537,2,2023_5_1_2_0,2023,5,1,34,2,1,0,0,,,4493.8083149
4385958548,2,2023_5_1_2_0,2023,5,1,37,1,1,0,0,,,2658.6678753
4385958555,2,2023_5_1_2_0,2023,5,1,77,2,1,0,0,,,1108.9264066
4385958560,2,2023_5_1_2_0,2023,5,1,16,1,5,0,0,,,13555.451554
4385958566,2,2023_5_1_2_0,2023,5,1,51,2,1,0,0,,,3049.3470677
4385958568,2,2023_5_1_2_0,2023,5,1,69,1,1,0,0,,,1108.9264066
4385958578,2,2023_5_1_2_0,2023,5,1,69,1,1,0,0,,,1108.9264066
4385958583,2,2023_5_1_2_0,2023,5,1,31,2,1,0,0,,,3794.7968822
4385958596,2,2023_5_1_2_0,2023,5,1,66,2,1,0,0,,,656.07315818
4385958602,2,2023_5_1_2_0,2023,5,1,58,2,1,0,0,,,2391.0317541
4385958607,2,2023_5_1_2_0,2023,5,1,60,1,1,0,0,,,7401.6938834
4385958608,2,2023_5_1_2_0,2023,5,1,65,1,1,0,0,,,582.78803372
4385958610,2,2023_5_1_2_0,2023,5,1,73,1,1,0,0,,,816.45818593
4385958611,2,2023_5_1_2_0,2023,5,1,63,2,1,0,0,,,2391.0317541
4385958615,2,2023_5_1_2_0,2023,5,1,61,1,1,0,0,,,1108.9264066
4385958625,2,2023_5_1_2_0,2023,5,1,46,1,1,0,0,,,4493.8083149
4385958629,2,2023_5_1_2_0,2023,5,1,39,1,3,0,0,,,4493.8083149
4385958630,2,2023_5_1_2_0,2023,5,1,68,1,1,0,1.0000165886,,,661.59316438
4385958637,2,2023_5_1_2_0,2023,5,1,14,1,1,0,0,,,5058.9010804
4385958641,2,2023_5_1_2_0,2023,5,1,75,2,1,0,0,,,2691.7020657
4385958642,2,2023_5_1_2_0,2023,5,1,-3,-3,-3,0,0,1,1,1602.5616949
4385958650,2,2023_5_1_2_0,2023,5,1,68,2,1,0,0,,,656.07315818
4385958651,2,2023_5_1_2_0,2023,5,1,61,1,2,0,0,,,3049.3470677
4385958666,2,2023_5_1_2_0,2023,5,1,64,2,1,0,0,,,1108.9264066
4385958669,2,2023_5_1_2_0,2023,5,1,18,1,3,0,0,,,3075.0033753
4385958671,2,2023_5_1_2_0,2023,5,1,53,1,1,0,0,,,985.05636454
4385958685,2,2023_5_1_2_0,2023,5,1,66,1,1,0,0,,,2346.8439811
4385958690,2,2023_5_1_2_0,2023,5,1,50,2,1,0,0,,,2691.7020657
4385958693,2,2023_5_1_2_0,2023,5,1,75,1,1,0,0,,,2691.7020657
4385958694,2,2023_5_1_2_0,2023,5,1,51,2,1,0,0,,,3049.3470677
4385958695,2,2023_5_1_2_0,2023,5,1,42,1,1,0,0,,,3049.3470677
4385958718,2,2023_5_1_2_0,2023,5,1,44,1,2,0,0,,,3049.3470677
4385958721,2,2023_5_1_2_0,2023,5,1,74,2,1,0,0,,,2691.7020657
4385958727,2,2023_5_1_2_0,2023,5,1,69,2,1,0,0,,,1108.9264066
4385958735,2,2023_5_1_2_0,2023,5,1,30,2,1,0,0,,,4493.8083149
4385958739,2,2023_5_1_2_0,2023,5,1,84,1,1,0,0,,,1592.4893343
4385958741,2,2023_5_1_2_0,2023,5,1,62,2,1,0,2.7331072961,,,2823.7404567
4385958745,2,2023_5_1_2_0,2023,5,1,60,2,1,0,0,,,3049.3470677
4385958747,2,2023_5_1_2_0,2023,5,1,64,2,1,0,0,,,3049.3470677
4385958749,2,2023_5_1_2_0,2023,5,1,45,2,1,0,0,,,4493.8083149
4385958763,2,2023_5_1_2_0,2023,5,1,78,2,1,0,0,,,1108.9264066
4385958770,2,2023_5_1_2_0,2023,5,1,84,2,1,0,0,,,2691.7020657
4385958772,2,2023_5_1_2_0,2023,5,1,32,2,1,0,0,,,12041.271402
4385958776,2,2023_5_1_2_0,2023,5,1,34,1,1,0,0,,,4493.8083149
4385958787,2,2023_5_1_2_0,2023,5,1,39,2,1,0,0,,,4493.8083149
4385958793,2,2023_5_1_2_0,2023,5,1,47,1,1,0,0,,,3049.3470677
4385958798,2,2023_5_1_2_0,2023,5,1,72,2,1,0,0,,,1592.4893343
4385958805,2,2023_5_1_2_0,2023,5,1,59,2,1,0,0,,,2691.7020657
4385958811,2,2023_5_1_2_0,2023,5,1,60,2,2,0,0,,,1108.9264066
4385958812,2,2023_5_1_2_0,2023,5,1,33,2,1,0,0,,,4493.8083149
4385958818,2,2023_5_1_2_0,2023,5,1,62,1,1,0,0,,,3049.3470677
4385958823,2,2023_5_1_2_0,2023,5,1,71,1,1,0,0,,,985.05636454
4385958825,2,2023_5_1_2_0,2023,5,1,69,2,1,0,0,,,1108.9264066
4385958831,2,2023_5_1_2_0,2023,5,1,52,2,1,0,0,,,2708.7268539
4385958841,2,2023_5_1_2_0,2023,5,1,27,1,3,0,0,,,4493.8083149
4385958847,2,2023_5_1_2_0,2023,5,1,42,1,1,0,0,,,4493.8083149
4385958848,2,2023_5_1_2_0,2023,5,1,62,1,1,0,0,,,2691.7020657
4385958859,2,2023_5_1_2_0,2023,5,1,45,2,1,0,0,,,6574.9049031
4385958863,2,2023_5_1_2_0,2023,5,1,-3,-3,-3,0,0,1,1,1108.9264066
4385958864,2,2023_5_1_2_0,2023,5,1,-3,-3,-3,0,0,1,1,2691.7020657
4385958866,2,2023_5_1_2_0,2023,5,1,59,2,1,0,0,,,19833.023271
4385958873,2,2023_5_1_2_0,2023,5,1,57,1,1,0,0,,,3049.3470677
4385958876,2,2023_5_1_2_0,2023,5,1,43,1,1,0,0,,,4493.8083149
4385958877,2,2023_5_1_2_0,2023,5,1,61,1,1,0,0,,,7401.6938834
4385958878,2,2023_5_1_2_0,2023,5,1,55,2,1,0,0,,,3049.3470677
4385958881,2,2023_5_1_2_0,2023,5,1,62,2,2,0,0,,,1108.9264066
4385958889,2,2023_5_1_2_0,2023,5,1,43,1,1,0,0,,,10907.84118
4385958890,2,2023_5_1_2_0,2023,5,1,46,2,2,0,0,,,4493.8083149
4385958896,2,2023_5_1_2_0,2023,5,1,58,2,1,0,0,,,4493.8083149
4385958905,2,2023_5_1_2_0,2023,5,1,47,1,1,0,0,,,4493.8083149
4385958907,2,2023_5_1_2_0,2023,5,1,58,2,2,0,0,,,3049.3470677
4385958910,2,2023_5_1_2_0,2023,5,1,-3,2,1,0,0,,,2691.7020657
4385958913,2,2023_5_1_2_0,2023,5,1,46,1,-3,0,0,,,2658.6678753
4385958915,2,2023_5_1_2_0,2023,5,1,60,2,1,0,0,,,3049.3470677
4385958919,2,2023_5_1_2_0,2023,5,1,31,2,1,0,0,,,4493.8083149
4385958921,2,2023_5_1_2_0,2023,5,1,67,2,1,0,0,,,2691.7020657
4385958929,2,2023_5_1_2_0,2023,5,1,76,1,1,0,0,,,2691.7020657
4385958933,2,2023_5_1_2_0,2023,5,1,40,2,1,0,0,,,656.07315818
4385958935,2,2023_5_1_2_0,2023,5,1,35,2,1,0,0,,,3049.3470677
4385958941,2,2023_5_1_2_0,2023,5,1,70,1,1,0,0,,,1108.9264066
4385958953,2,2023_5_1_2_0,2023,5,1,31,1,1,0,0,,,1804.0825334
4385958955,2,2023_5_1_2_0,2023,5,1,71,1,1,0,0,,,1108.9264066
4385958958,2,2023_5_1_2_0,2023,5,1,67,2,1,0,5.7827097167,,,2891.6263105
4385958960,2,2023_5_1_2_0,2023,5,1,36,2,3,0,0,,,4493.8083149
4385958967,2,2023_5_1_2_0,2023,5,1,55,2,1,0,0,,,3049.3470677
4385958976,2,2023_5_1_2_0,2023,5,1,51,1,1,0,0,,,6574.9049031
4385958978,2,2023_5_1_2_0,2023,5,1,67,1,1,0,0,,,1108.9264066
4385958982,2,2023_5_1_2_0,2023,5,1,56,2,1,0,0,,,2708.7268539
4385958986,2,2023_5_1_2_0,2023,5,1,65,2,1,0,0,,,2639.4830844
4385958989,2,2023_5_1_2_0,2023,5,1,65,1,1,0,0,,,1108.9264066
4385959001,2,2023_5_1_2_0,2023,5,1,76,2,1,0,0,,,2691.7020657
4385959031,2,2023_5_1_2_0,2023,5,1,34,2,1,0,0,,,4493.8083149
4385959034,2,2023_5_1_2_0,2023,5,1,70,2,1,0,0,,,656.07315818
4385959038,2,2023_5_1_2_0,2023,5,1,52,1,1,0,0,1,1,3049.3470677
4385959082,2,2023_5_1_2_0,2023,5,1,28,2,1,0,0,,,8170.8014824
4385959085,2,2023_5_1_2_0,2023,5,1,85,1,1,0,0,1,1,1400.8170752
4385959091,2,2023_5_1_2_0,2023,5,1,59,1,1,0,0,,,4493.8083149
4385959107,2,2023_5_1_2_0,2023,5,1,52,1,1,0,0,,,8170.8014824
4385959121,2,2023_5_1_2_0,2023,5,1,30,1,1,0,0,,,4493.8083149
4385959123,2,2023_5_1_2_0,2023,5,1,76,2,1,0,0,,,2691.7020657
4385959133,2,2023_5_1_2_0,2023,5,1,32,1,1,0,0,,,12041.271402
4385959140,2,2023_5_1_2_0,2023,5,1,-3,1,1,0,0,,,5614.6588207
4385959142,2,2023_5_1_2_0,2023,5,1,43,1,1,0,0,,,3966.7485713
4385959144,2,2023_5_1_2_0,2023,5,1,34,2,1,0,0,,,4493.8083149
4385959146,2,2023_5_1_2_0,2023,5,1,81,1,1,0,0,,,1108.9264066
4385959148,2,2023_5_1_2_0,2023,5,1,-3,-3,-3,0,0,,,3649.3084971
4385959149,2,2023_5_1_2_0,2023,5,1,-3,-3,-3,0,0,,,7258.1011287
4385959150,2,2023_5_1_2_0,2023,5,1,58,1,1,0,0,,,7401.6938834
4385959152,2,2023_5_1_2_0,2023,5,1,45,2,1,0,0,,,2708.7268539
4385959161,2,2023_5_1_2_0,2023,5,1,27,1,1,0,0,,,3049.3470677
4385959169,2,2023_5_1_2_0,2023,5,1,85,2,1,0,0,,,2691.7020657
4385959170,2,2023_5_1_2_0,2023,5,1,67,1,1,0,0,,,816.45818593
4385959172,2,2023_5_1_2_0,2023,5,1,68,1,1,0,0,,,656.07315818
4385959176,2,2023_5_1_2_0,2023,5,1,62,2,1,0,0,,,656.07315818
4385959180,2,2023_5_1_2_0,2023,5,1,-3,-3,-3,0,0,,,3851.9936176
4385959182,2,2023_5_1_2_0,2023,5,1,35,1,3,0,0,,,4493.8083149
4385959188,2,2023_5_1_2_0,2023,5,1,11,2,3,0,0,,,12041.271402
4385959189,2,2023_5_1_2_0,2023,5,1,61,2,1,0,0,,,3049.3470677
4385959201,2,2023_5_1_2_0,2023,5,1,57,2,1,0,0,,,3049.3470677
4385959202,2,2023_5_1_2_0,2023,5,1,-3,-3,-3,0,0,1,1,2649.0116848
4385959207,2,2023_5_1_2_0,2023,5,1,43,1,1,0,0,,,1804.0825334
4385959215,2,2023_5_1_2_0,2023,5,1,67,2,1,0,0,,,1108.9264066
4385959219,2,2023_5_1_2_0,2023,5,1,57,1,1,0,0,,,4493.8083149
4385959229,2,2023_5_1_2_0,2023,5,1,74,1,1,0,0,,,2691.7020657
4385959233,2,2023_5_1_2_0,2023,5,1,72,1,2,0,0,,,2691.7020657
4385959241,2,2023_5_1_2_0,2023,5,1,45,1,1,0,0,,,3049.3470677
4385959244,2,2023_5_1_2_0,2023,5,1,61,2,1,0,0,,,2691.7020657
4385959245,2,2023_5_1_2_0,2023,5,1,63,2,1,0,0,,,7401.6938834
4385959253,2,2023_5_1_2_0,2023,5,1,41,1,2,0,0,,,4493.8083149
4385959256,2,2023_5_1_2_0,2023,5,1,69,1,1,0,0,,,1108.9264066
4385959266,2,2023_5_1_2_0,2023,5,1,41,1,1,0,0,,,1634.2195874
4385959296,2,2023_5_1_2_0,2023,5,1,50,2,1,0,0,,,3049.3470677
4385959311,2,2023_5_1_2_0,2023,5,1,0,1,2,0,0,,,13555.451554
4385959326,2,2023_5_1_2_0,2023,5,1,80,1,1,0,0,,,656.07315818
4385959353,2,2023_5_1_2_0,2023,5,1,47,2,1,0,0,,,10907.84118
4385959365,2,2023_5_1_2_0,2023,5,1,28,2,2,0,0,,,3049.3470677
4385959368,2,2023_5_1_2_0,2023,5,1,49,1,1,0,0,,,6574.9049031
4385959379,2,2023_5_1_2_0,2023,5,1,55,2,1,0,0,,,7401.6938834
4385959415,2,2023_5_1_2_0,2023,5,1,80,1,1,0,0,,,1108.9264066
4385959420,2,2023_5_1_2_0,2023,5,1,54,2,1,0,0,,,2691.7020657
4385959426,2,2023_5_1_2_0,2023,5,1,6,2,1,0,0,,,4493.8083149
4385959430,2,2023_5_1_2_0,2023,5,1,57,2,2,0,0,,,3049.3470677
4385959434,2,2023_5_1_2_0,2023,5,1,53,1,1,0,0,,,1400.8170752
4385959439,2,2023_5_1_2_0,2023,5,1,65,2,1,0,0,,,2691.7020657
4385959442,2,2023_5_1_2_0,2023,5,1,72,2,2,0,2.0000331772,,,1.0007758839
4385959452,2,2023_5_1_2_0,2023,5,1,8,2,2,0,0,,,13555.451554
4385959456,2,2023_5_1_2_0,2023,5,1,63,2,1,0,0,,,1108.9264066
4385959462,2,2023_5_1_2_0,2023,5,1,35,2,1,0,0,,,4493.8083149
4385959478,2,2023_5_1_2_0,2023,5,1,34,2,1,0,0,,,1634.2195874
4385959479,2,2023_5_1_2_0,2023,5,1,80,2,1,0,0,,,2691.7020657
4385959505,2,2023_5_1_2_0,2023,5,1,74,1,1,0,0,,,2691.7020657
4385959511,2,2023_5_1_2_0,2023,5,1,62,2,1,0,0,,,3049.3470677
4385959513,2,2023_5_1_2_0,2023,5,1,-3,-3,-3,0,0,1,1,2691.7020657
4385959516,2,2023_5_1_2_0,2023,5,1,72,1,1,0,0,,,1108.9264066
4385959521,2,2023_5_1_2_0,2023,5,1,12,1,2,0,0,1,1,12041.271402
4385959524,2,2023_5_1_2_0,2023,5,1,68,1,2,0,0,,,1108.9264066
4385959531,2,2023_5_1_2_0,2023,5,1,64,1,1,0,0,,,2245.1123539
4385959537,2,2023_5_1_2_0,2023,5,1,-3,-3,-3,0,0,1,1,1380.0168945
4385959540,2,2023_5_1_2_0,2023,5,1,18,2,1,0,0,,,4493.8083149
4385959545,2,2023_5_1_2_0,2023,5,1,54,1,1,0,0,,,3049.3470677
4385959548,2,2023_5_1_2_0,2023,5,1,44,2,1,0,0,,,2708.7268539
4385959550,2,2023_5_1_2_0,2023,5,1,-3,-3,-3,0,0,1,1,3049.3470677
4385959551,2,2023_5_1_2_0,2023,5,1,65,1,1,0,0,,,1108.9264066
4385959554,2,2023_5_1_2_0,2023,5,1,64,2,1,0,0,,,2691.7020657
4385959555,2,2023_5_1_2_0,2023,5,1,54,2,1,0,0,1,1,1634.2195874
4385959562,2,2023_5_1_2_0,2023,5,1,39,2,2,0,0,,,4493.8083149
4385959563,2,2023_5_1_2_0,2023,5,1,16,2,1,0,0,,,2992.9932129
4385959572,2,2023_5_1_2_0,2023,5,1,77,2,1,0,0,,,1108.9264066
4385959577,2,2023_5_1_2_0,2023,5,1,65,2,1,0,0,,,1108.9264066
4385959580,2,2023_5_1_2_0,2023,5,1,87,2,2,0,0,,,2691.7020657
4385959581,2,2023_5_1_2_0,2023,5,1,32,1,2,0,0,,,3966.7485713
4385959596,2,2023_5_1_2_0,2023,5,1,52,1,1,0,0,,,1602.5616949
4385959615,2,2023_5_1_2_0,2023,5,1,56,1,1,0,0,,,3049.3470677
4385959619,2,2023_5_1_2_0,2023,5,1,68,2,2,0,0,,,656.07315818
4385959630,2,2023_5_1_2_0,2023,5,1,47,2,1,0,0,,,2658.6678753
4385959632,2,2023_5_1_2_0,2023,5,1,78,2,1,0,0,,,1108.9264066
4385959635,2,2023_5_1_2_0,2023,5,1,82,2,1,0,0,,,1380.0168945
4385959648,2,2023_5_1_2_0,2023,5,1,27,2,1,0,0,,,8170.8014824
4385959654,2,2023_5_1_2_0,2023,5,1,65,1,1,0,0,,,1108.9264066
4385959657,2,2023_5_1_2_0,2023,5,1,40,1,1,0,0,,,1108.9264066
4385959666,2,2023_5_1_2_0,2023,5,1,67,2,1,0,0,,,656.07315818
4385959674,2,2023_5_1_2_0,2023,5,1,61,1,1,0,0,,,3049.3470677
4385959676,2,2023_5_1_2_0,2023,5,1,6,1,1,0,0,,,4493.8083149
4385959677,2,2023_5_1_2_0,2023,5,1,48,1,1,0,0,,,3049.3470677
4385959684,2,2023_5_1_2_0,2023,5,1,66,2,1,0,0,,,2691.7020657
4385959695,2,2023_5_1_2_0,2023,5,1,75,2,1,0,0,,,2691.7020657
4385959716,2,2023_5_1_2_0,2023,5,1,49,1,1,0,0,,,4493.8083149
4385959723,2,2023_5_1_2_0,2023,5,1,72,2,1,0,0,,,1592.4893343
4385959744,2,2023_5_1_2_0,2023,5,1,55,2,1,0,0,,,1108.9264066
4385959755,2,2023_5_1_2_0,2023,5,1,29,1,4,0,0,,,985.05636454
4385959762,2,2023_5_1_2_0,2023,5,1,51,2,1,0,0,,,4330.233336
4385959763,2,2023_5_1_2_0,2023,5,1,83,1,1,0,0,,,2691.7020657
4385959765,2,2023_5_1_2_0,2023,5,1,-3,-3,-3,0,0,1,,1108.9264066
4385959773,2,2023_5_1_2_0,2023,5,1,39,2,1,0,0,,,4493.8083149
4385959787,2,2023_5_1_2_0,2023,5,1,70,2,1,0,0,,,1400.8170752
4385959793,2,2023_5_1_2_0,2023,5,1,57,2,1,0,0,,,3049.3470677
4385959799,2,2023_5_1_2_0,2023,5,1,35,1,1,0,0,,,4493.8083149
4385959801,2,2023_5_1_2_0,2023,5,1,13,1,1,0,0,,,5058.9010804
4385959806,2,2023_5_1_2_0,2023,5,1,33,2,3,0,0,,,4493.8083149
4385959810,2,2023_5_1_2_0,2023,5,1,30,1,1,0,0,,,985.05636454
4385959814,2,2023_5_1_2_0,2023,5,1,78,2,1,0,0,,,1592.4893343
4385959817,2,2023_5_1_2_0,2023,5,1,40,1,2,0.9999834114,1.0000165886,,,993.34433849
4385959825,2,2023_5_1_2_0,2023,5,1,56,2,2,0,0,,,4493.8083149
4385959827,2,2023_5_1_2_0,2023,5,1,-3,2,-3,0,0,,,2313.1250334
4385959831,2,2023_5_1_2_0,2023,5,1,77,1,1,0,0,,,2691.7020657
4385959841,2,2023_5_1_2_0,2023,5,1,58,2,3,0,0,,,7401.6938834
4385959861,2,2023_5_1_2_0,2023,5,1,33,1,1,0,0,,,4493.8083149
4385959862,2,2023_5_1_2_0,2023,5,1,27,1,1,0,0,,,3049.3470677
4385959873,2,2023_5_1_2_0,2023,5,1,62,1,1,0,0,,,1602.5616949
4385959880,2,2023_5_1_2_0,2023,5,1,44,2,1,0,0,,,985.05636454
4385959882,2,2023_5_1_2_0,2023,5,1,-3,-3,-3,0,0,1,1,7401.6938834
4385959883,2,2023_5_1_2_0,2023,5,1,23,2,1,0,0,,,4493.8083149
4385959887,2,2023_5_9_1_1,2023,5,9,71,2,1,0,0,,,320.67639185
4385959891,2,2023_5_9_1_1,2023,5,9,75,2,1,0,0,,,320.67639185
4385959893,2,2023_5_9_1_1,2023,5,9,21,2,1,0,0,,,283.66078866
4385959903,2,2023_5_9_1_1,2023,5,9,-3,-3,-3,0,0,1,1,240.63850354
4385959904,2,2023_5_9_1_1,2023,5,9,35,1,1,0,0,,,379.62749625
4385959908,2,2023_5_9_1_1,2023,5,9,-3,-3,-3,0,0,1,1,240.63850354
4385959909,2,2023_5_9_1_1,2023,5,9,73,2,4,0,0,,,138.05101078
4385959911,2,2023_5_9_1_1,2023,5,9,65,2,1,0,0,,,138.05101078
4385959915,2,2023_5_9_1_1,2023,5,9,47,1,1,0,0,,,214.34223904
4385959916,2,2023_5_9_1_1,2023,5,9,68,1,1,0,1.9999591105,,,326.45125074
4385959920,2,2023_5_9_1_1,2023,5,9,61,2,1,0,0,,,320.67639185
4385959923,2,2023_5_9_1_1,2023,5,9,66,2,1,0,0,,,320.67639185
4385959929,2,2023_5_9_1_1,2023,5,9,29,2,1,0,0,,,283.66078866
4385959942,2,2023_5_9_1_1,2023,5,9,-3,-3,-3,0,0,1,1,440.42045202
4385959950,2,2023_5_9_1_1,2023,5,9,70,2,1,0,0,,,320.67639185
4385959951,2,2023_5_9_1_1,2023,5,9,-3,-3,-3,0,0,1,1,320.67639185
4385959955,2,2023_5_9_1_1,2023,5,9,67,2,1,0,0,,,138.05101078
4385959957,2,2023_5_9_1_1,2023,5,9,70,2,1,0,0,,,214.34223904
4385959960,2,2023_5_9_1_1,2023,5,9,46,1,4,0,0,,,670.77682894
4385959961,2,2023_5_9_1_1,2023,5,9,75,2,1,0,0,,,240.63850354
4385959962,2,2023_5_9_1_1,2023,5,9,68,2,1,0,0,,,320.67639185
4385959963,2,2023_5_9_1_1,2023,5,9,45,2,1,0,0.9999795552,,,379.62749625
4385959968,2,2023_5_9_1_1,2023,5,9,57,2,1,0,0,,,212.86165564
4385959969,2,2023_5_9_1_1,2023,5,9,69,2,1,0,0,,,320.67639185
4385959971,2,2023_5_9_1_1,2023,5,9,69,1,1,0,0,,,138.05101078
4385959972,2,2023_5_9_1_1,2023,5,9,18,1,1,0,0,,,103.59474377
4385959977,2,2023_5_9_1_1,2023,5,9,54,1,1,2.0000408895,0,,,212.86165564
4385959985,2,2023_5_9_1_1,2023,5,9,75,2,1,0,0,,,138.05101078
4385959986,2,2023_5_9_1_1,2023,5,9,67,1,1,0,1.9999591105,,,214.34223904
4385959988,2,2023_5_9_1_1,2023,5,9,79,1,1,0,0,,,320.67639185
4385959989,2,2023_5_9_1_1,2023,5,9,45,2,1,0,0,,,69.243417649
4385959994,2,2023_5_9_1_1,2023,5,9,-3,1,1,0,0,,,601.93500774
4385959995,2,2023_5_9_1_1,2023,5,9,-3,-3,-3,0,0,1,,283.66078866
4385960001,2,2023_5_9_1_1,2023,5,9,59,1,1,0,0,,,142.27815029
4385960004,2,2023_5_9_1_1,2023,5,9,62,2,1,0,0,,,283.66078866
4385960007,2,2023_5_9_1_1,2023,5,9,-3,-3,-3,0,0,,,166.29601434
4385960010,2,2023_5_9_1_1,2023,5,9,40,1,1,0,0,,,379.62749625
4385960012,2,2023_5_9_1_1,2023,5,9,76,2,1,0,0,,,320.67639185
4385960027,2,2023_5_9_1_1,2023,5,9,35,1,3,0,0,,,2085.277246
4385960030,2,2023_5_9_1_1,2023,5,9,19,1,1,0,0,,,142.27815029
4385960031,2,2023_5_9_1_1,2023,5,9,53,1,1,0,0,,,658.91091782
4385960037,2,2023_5_9_1_1,2023,5,9,70,2,1,0,0,,,320.67639185
4385960042,2,2023_5_9_1_1,2023,5,9,44,2,1,0,0,,,283.66078866
4385960044,2,2023_5_9_1_1,2023,5,9,36,1,1,1.0000204448,0,,,69.243417649
4385960056,2,2023_5_9_1_1,2023,5,9,66,1,1,0,0,,,320.67639185
4385960057,2,2023_5_9_1_1,2023,5,9,50,2,1,0,0,,,184.75574232
4385960058,2,2023_5_9_1_1,2023,5,9,75,2,-3,0,0,,,103.59474377
4385960060,2,2023_5_9_1_1,2023,5,9,70,2,1,0,0,,,138.05101078
4385960064,2,2023_5_9_1_1,2023,5,9,65,2,1,0,0,,,320.67639185
4385960067,2,2023_5_9_1_1,2023,5,9,63,2,4,0,0,,,138.05101078
4385960069,2,2023_5_9_1_1,2023,5,9,75,2,-3,0,0,,,429.16603427
4385960071,2,2023_5_9_1_1,2023,5,9,37,1,5,0,0,,,379.62749625
4385960072,2,2023_5_9_1_1,2023,5,9,75,2,1,0,0,,,320.67639185
4385960075,2,2023_5_9_1_1,2023,5,9,62,2,1,0,0,,,212.86165564
4385960078,2,2023_5_9_1_1,2023,5,9,72,2,1,0,0,,,320.67639185
4385960079,2,2023_5_9_1_1,2023,5,9,53,2,1,0,0,,,240.63850354
4385960091,2,2023_5_9_1_1,2023,5,9,41,1,3,0,1.9999591105,,,283.66078866
4385960092,2,2023_5_9_1_1,2023,5,9,54,2,1,0,0,,,440.42045202
4385960104,2,2023_5_9_1_1,2023,5,9,76,2,1,2.0000408895,0,,,240.63850354
4385960106,2,2023_5_9_1_1,2023,5,9,76,1,1,0,0,,,320.67639185
4385960109,2,2023_5_9_1_1,2023,5,9,54,1,1,3.0000613343,0,,,283.66078866
4385960111,2,2023_5_9_1_1,2023,5,9,58,2,1,0,0,,,240.63850354
4385960119,2,2023_5_9_1_1,2023,5,9,59,2,1,0,0,,,212.86165564
4385960129,2,2023_5_9_1_1,2023,5,9,56,2,3,0,0,,,283.66078866
4385960133,2,2023_5_9_1_1,2023,5,9,53,1,1,10.000204448,0,,,142.27815029
4385960134,2,2023_5_9_1_1,2023,5,9,53,1,1,25.000511119,0,,,330.49554378
4385960138,2,2023_5_9_1_1,2023,5,9,56,1,1,1.0000204448,0.9999795552,,,379.62749625
4385960144,2,2023_5_9_1_1,2023,5,9,35,2,1,0,0,,,379.62749625
4385960147,2,2023_5_9_1_1,2023,5,9,70,1,1,0,0,,,320.67639185
4385960148,2,2023_5_9_1_1,2023,5,9,40,1,2,0,0,,,189.60076299
4385960149,2,2023_5_9_1_1,2023,5,9,27,1,1,0,0,,,92.274216322
4385960150,2,2023_5_9_1_1,2023,5,9,46,1,1,0,0,,,379.62749625
4385960153,2,2023_5_9_1_1,2023,5,9,51,2,1,0,0,,,330.49554378
4385960157,2,2023_5_9_1_1,2023,5,9,45,2,1,0,0,1,1,569.04140009
4385960158,2,2023_5_9_1_1,2023,5,9,69,1,1,0,0,,,320.67639185
4385960159,2,2023_5_9_1_1,2023,5,9,75,2,1,4.000081779,0,,,103.59474377
4385960162,2,2023_5_9_1_1,2023,5,9,64,2,3,0,0,,,138.05101078
4385960163,2,2023_5_9_1_1,2023,5,9,63,2,1,0,0,,,440.42045202
4385960167,2,2023_5_9_1_1,2023,5,9,22,1,1,0,0,,,142.27815029
4385960169,2,2023_5_9_1_1,2023,5,9,66,2,1,0,0,,,138.05101078
4385960170,2,2023_5_9_1_1,2023,5,9,44,2,1,0,0,,,379.62749625
4385960174,2,2023_5_9_1_1,2023,5,9,66,1,1,1.0000204448,0,,,240.63850354
4385960175,2,2023_5_9_1_1,2023,5,9,53,2,1,0,0,,,379.62749625
4385960185,2,2023_5_9_1_1,2023,5,9,69,1,3,0,0,,,92.274216322
4385960188,2,2023_5_9_1_1,2023,5,9,22,1,1,0,4.9998977762,,,670.77682894
4385960189,2,2023_5_9_1_1,2023,5,9,49,2,1,0,0,,,379.62749625
4385960190,2,2023_5_9_1_1,2023,5,9,-3,-3,-3,0,0,1,1,448.35170615
4385960191,2,2023_5_9_1_1,2023,5,9,53,2,1,0,0,,,69.243417649
4385960193,2,2023_5_9_1_1,2023,5,9,58,1,1,0,0,,,448.35170615
4385960199,2,2023_5_9_1_1,2023,5,9,58,1,1,2.0000408895,19.999591105,,,212.86165564
4385960200,2,2023_5_9_1_1,2023,5,9,71,1,1,0,9.9997955524,,,138.05101078
4385960211,2,2023_5_9_1_1,2023,5,9,42,2,1,0,0,,,284.87595258
4385960216,2,2023_5_9_1_1,2023,5,9,72,2,1,0,0,,,320.67639185
4385960223,2,2023_5_9_1_1,2023,5,9,34,2,1,0,0,,,320.67639185
4385960224,2,2023_5_9_1_1,2023,5,9,-3,2,5,0,0,,,283.66078866
4385960228,2,2023_5_9_1_1,2023,5,9,80,1,1,0,0,,,320.67639185
4385960230,2,2023_5_9_1_1,2023,5,9,78,1,1,0,0.9999795552,,,173.24503455
4385960232,2,2023_5_9_1_1,2023,5,9,-3,-3,-3,0,0,,,225.91922931
4385960241,2,2023_5_9_1_1,2023,5,9,45,1,3,0,0,,,897.71071045
4385960243,2,2023_5_9_1_1,2023,5,9,14,1,1,0,0,,,379.62749625
4385960245,2,2023_5_9_1_1,2023,5,9,85,2,1,0,0,,,320.67639185
4385960246,2,2023_5_9_1_1,2023,5,9,65,1,1,0,0,,,138.05101078
4385960249,2,2023_5_9_1_1,2023,5,9,67,1,1,0,0,,,184.75574232
4385960252,2,2023_5_9_1_1,2023,5,9,57,2,1,0,0,,,320.67639185
4385960255,2,2023_5_9_1_1,2023,5,9,59,2,1,0,0,,,138.05101078
4385960263,2,2023_5_9_1_1,2023,5,9,75,1,1,0,0,,,320.67639185
4385960265,2,2023_5_9_1_1,2023,5,9,66,2,1,0,0,,,240.63850354
4385960266,2,2023_5_9_1_1,2023,5,9,30,2,1,0,0,,,283.66078866
4385960267,2,2023_5_9_1_1,2023,5,9,22,1,1,0,0,,,189.60076299
4385960270,2,2023_5_9_1_1,2023,5,9,-3,1,1,2.0000408895,0,,,320.67639185
4385960275,2,2023_5_9_1_1,2023,5,9,-3,2,-3,0,0,,,658.91091782
4385960282,2,2023_5_9_1_1,2023,5,9,74,2,1,0,0,,,214.34223904
4385960289,2,2023_5_9_1_1,2023,5,9,62,1,1,0,0,,,92.274216322
4385960292,2,2023_5_9_1_1,2023,5,9,69,2,3,0,0,,,320.67639185
4385960295,2,2023_5_9_1_1,2023,5,9,42,1,1,0,0,,,379.62749625
4385960296,2,2023_5_9_1_1,2023,5,9,-3,-3,-3,0,0,1,1,189.60076299
4385960300,2,2023_5_9_1_1,2023,5,9,61,2,1,0,0,,,494.45279185
4385960302,2,2023_5_9_1_1,2023,5,9,23,2,3,0,0,,,379.62749625
4385960317,2,2023_5_9_1_1,2023,5,9,18,2,1,0,0,,,142.27815029
4385960318,2,2023_5_9_1_1,2023,5,9,73,2,1,0,0,,,138.05101078
4385960319,2,2023_5_9_1_1,2023,5,9,68,2,1,0,0,,,240.63850354
4385960321,2,2023_5_9_1_1,2023,5,9,45,2,3,0,0,,,379.62749625
4385960322,2,2023_5_9_1_1,2023,5,9,67,1,1,0,0.9999795552,,,214.34223904
4385960323,2,2023_5_9_1_1,2023,5,9,67,1,1,0,0,,,214.34223904
4385960325,2,2023_5_9_1_1,2023,5,9,72,2,1,0,0,,,320.67639185
4385960327,2,2023_5_9_1_1,2023,5,9,73,2,1,0,0,,,320.67639185
4385960331,2,2023_5_9_1_1,2023,5,9,60,2,1,0,0.9999795552,,,103.59474377
4385960334,2,2023_5_9_1_1,2023,5,9,54,1,1,0,0,,,440.42045202
4385960338,2,2023_5_9_1_1,2023,5,9,67,2,1,0,0,,,138.05101078
4385960339,2,2023_5_9_1_1,2023,5,9,71,1,1,0,0,,,320.67639185
4385960340,2,2023_5_9_1_1,2023,5,9,55,2,1,0,0,,,142.27815029
4385960343,2,2023_5_9_1_1,2023,5,9,67,2,1,0,0,,,214.34223904
4385960344,2,2023_5_9_1_1,2023,5,9,60,2,1,1.0000204448,0,,,494.45279185
4385960346,2,2023_5_9_1_1,2023,5,9,67,2,1,0,0,,,429.16603427
4385960347,2,2023_5_9_1_1,2023,5,9,68,1,1,0,0,,,240.63850354
4385960348,2,2023_5_9_1_1,2023,5,9,68,1,1,0,0,,,214.34223904
4385960350,2,2023_5_9_1_1,2023,5,9,60,2,1,0,0,,,189.60076299
4385960354,2,2023_5_9_1_1,2023,5,9,17,1,1,10.000204448,4.9998977762,,,284.87595258
4385960355,2,2023_5_9_1_1,2023,5,9,43,2,1,0,0,,,284.87595258
4385960356,2,2023_5_9_1_1,2023,5,9,85,2,1,0,0,,,160.84438069
4385960360,2,2023_5_9_1_1,2023,5,9,77,2,-3,0,0,,,320.67639185
4385960367,2,2023_5_9_1_1,2023,5,9,75,1,1,0,0,,,103.59474377
4385960371,2,2023_5_9_1_1,2023,5,9,75,2,1,0,0,,,138.05101078
4385960372,2,2023_5_9_1_1,2023,5,9,57,2,5,0,0,,,189.60076299
4385960375,2,2023_5_9_1_1,2023,5,9,30,2,1,0,0,,,322.05012555
4385960376,2,2023_5_9_1_1,2023,5,9,52,2,3,0,0,,,379.62749625
4385960384,2,2023_5_9_1_1,2023,5,9,33,2,1,0,0,,,379.62749625
4385960385,2,2023_5_9_1_1,2023,5,9,61,2,1,0,0,,,1169.2397717
4385960387,2,2023_5_9_1_1,2023,5,9,-3,-5,1,0,0,1,1,588.53218481
4385960388,2,2023_5_9_1_1,2023,5,9,52,2,1,0,0,,,189.60076299
4385960389,2,2023_5_9_1_1,2023,5,9,84,2,1,0,0,,,214.34223904
4385960391,2,2023_5_9_1_1,2023,5,9,75,1,1,0,0,,,240.63850354
4385960392,2,2023_5_9_1_1,2023,5,9,68,2,1,0,0,,,240.63850354
4385960398,2,2023_5_9_1_1,2023,5,9,64,2,1,0,0,,,189.60076299
4385960409,2,2023_5_9_1_1,2023,5,9,68,2,1,0,0,,,758.30816894
4385960410,2,2023_5_9_1_1,2023,5,9,46,2,1,0,0,,,284.87595258
4385960417,2,2023_5_9_1_1,2023,5,9,50,1,1,0,15.999672884,,,379.62749625
4385960420,2,2023_5_9_1_1,2023,5,9,-3,-3,-3,0,0,1,1,658.91091782
4385960421,2,2023_5_9_1_1,2023,5,9,72,2,1,0,0,,,138.05101078
4385960423,2,2023_5_9_1_1,2023,5,9,54,2,1,0,0,,,379.62749625
4385960432,2,2023_5_9_1_1,2023,5,9,52,2,1,0,0,,,494.45279185
4385960439,2,2023_5_9_1_0,2023,5,9,62,2,1,0,0,,,621.06726801
4385960440,2,2023_5_9_1_0,2023,5,9,61,2,1,0,0,,,2964.3245731
4385960443,2,2023_5_9_1_0,2023,5,9,79,2,1,0,0,,,1442.6668047
4385960444,2,2023_5_9_1_0,2023,5,9,18,2,1,0,0,,,2555.1472703
4385960459,2,2023_5_9_1_0,2023,5,9,47,2,1,0,0,,,4434.9117218
4385960479,2,2023_5_9_1_0,2023,5,9,33,2,1,0,0,,,1909.2270633
4385960480,2,2023_5_9_1_0,2023,5,9,36,1,1,0,0,,,1909.2270633
4385960496,2,2023_5_9_1_0,2023,5,9,6,2,2,0,0,,,2555.1472703
4385960504,2,2023_5_9_1_0,2023,5,9,74,2,1,0,0,,,929.17574948
4385960505,2,2023_5_9_1_0,2023,5,9,71,2,1,0,0,1,1,929.17574948
4385960507,2,2023_5_9_1_0,2023,5,9,20,1,1,0,0,,,1909.2270633
4385960513,2,2023_5_9_1_0,2023,5,9,59,1,1,0,0,,,1909.2270633
4385960515,2,2023_5_9_1_0,2023,5,9,31,2,1,0,0,,,1909.2270633
4385960516,2,2023_5_9_1_0,2023,5,9,34,1,1,0,0,,,1909.2270633
4385960519,2,2023_5_9_1_0,2023,5,9,66,1,1,0,0,,,2158.3668607
4385960531,2,2023_5_9_1_0,2023,5,9,74,2,1,0,0,,,2158.3668607
4385960548,2,2023_5_9_1_0,2023,5,9,68,2,1,0,0,,,2158.3668607
4385960549,2,2023_5_9_1_0,2023,5,9,53,2,1,0,0,,,1276.1401026
4385960551,2,2023_5_9_1_0,2023,5,9,30,1,3,0,0,,,1909.2270633
4385960555,2,2023_5_9_1_0,2023,5,9,-3,-3,-3,0,0,,,1276.1401026
4385960559,2,2023_5_9_1_0,2023,5,9,71,2,1,0,0,,,929.17574948
4385960575,2,2023_5_9_1_0,2023,5,9,77,1,1,0,0,,,2158.3668607
4385960585,2,2023_5_9_1_0,2023,5,9,82,2,1,0,0,,,621.06726801
4385960590,2,2023_5_9_1_0,2023,5,9,-3,-3,-3,0,0,1,1,2158.3668607
4385960595,2,2023_5_9_1_0,2023,5,9,62,1,1,0,0,,,3017.7072247
4385960599,2,2023_5_9_1_0,2023,5,9,25,2,2,0,0,,,3017.7072247
4385960602,2,2023_5_9_1_0,2023,5,9,48,2,1,0,0,,,4514.7772498
4385960609,2,2023_5_9_1_0,2023,5,9,30,2,4,0,0,,,6042.1942404
4385960620,2,2023_5_9_1_0,2023,5,9,35,1,2,0,0,,,2555.1472703
4385960660,2,2023_5_9_1_0,2023,5,9,56,1,1,0,0,,,1909.2270633
4385960662,2,2023_5_9_1_0,2023,5,9,46,2,1,0,0,,,2555.1472703
4385960664,2,2023_5_9_1_0,2023,5,9,68,2,1,0,0,,,1442.6668047
4385960672,2,2023_5_9_1_0,2023,5,9,14,1,1,0,0,,,4797.2943554
4385960684,2,2023_5_9_1_0,2023,5,9,24,1,1,0,0,,,4514.7772498
4385960685,2,2023_5_9_1_0,2023,5,9,50,2,1,0,0,,,1909.2270633
4385960692,2,2023_5_9_1_0,2023,5,9,45,2,1,0,0,,,1276.1401026
4385960712,2,2023_5_9_1_0,2023,5,9,-3,-3,-3,0,0,1,1,2158.3668607
4385960717,2,2023_5_9_1_0,2023,5,9,70,2,1,0,0,,,2158.3668607
4385960718,2,2023_5_9_1_0,2023,5,9,35,1,4,0,0,,,2555.1472703
4385960720,2,2023_5_9_1_0,2023,5,9,62,2,1,0,0,,,929.17574948
4385960721,2,2023_5_9_1_0,2023,5,9,70,1,1,0,0,,,929.17574948
4385960725,2,2023_5_9_1_0,2023,5,9,60,1,1,0,0,,,2964.3245731
4385960726,2,2023_5_9_1_0,2023,5,9,50,2,1,0,0,,,2555.1472703
4385960737,2,2023_5_9_1_0,2023,5,9,6,2,1,0,0,,,2555.1472703
4385960742,2,2023_5_9_1_0,2023,5,9,66,2,1,0,0,,,2158.3668607
4385960743,2,2023_5_9_1_0,2023,5,9,49,1,4,0,0,,,2555.1472703
4385960749,2,2023_5_9_1_0,2023,5,9,57,1,1,0,0,,,1276.1401026
4385960751,2,2023_5_9_1_0,2023,5,9,60,1,1,0,0,,,1176.9281523
4385960752,2,2023_5_9_1_0,2023,5,9,88,2,1,0,0,,,2158.3668607
4385960755,2,2023_5_9_1_0,2023,5,9,40,2,1,0,0,,,2555.1472703
4385960759,2,2023_5_9_1_0,2023,5,9,62,2,1,0,0,,,4434.9117218
4385960760,2,2023_5_9_1_0,2023,5,9,46,1,1,0,0,,,4434.9117218
4385960764,2,2023_5_9_1_0,2023,5,9,57,1,1,0,0,,,1176.9281523
4385960765,2,2023_5_9_1_0,2023,5,9,60,2,2,0,0,,,1909.2270633
4385960768,2,2023_5_9_1_0,2023,5,9,69,1,1,0,0,,,929.17574948
4385960769,2,2023_5_9_1_0,2023,5,9,27,1,1,0,0,,,4434.9117218
4385960771,2,2023_5_9_1_0,2023,5,9,48,2,1,0,0,,,2964.3245731
4385960780,2,2023_5_9_1_0,2023,5,9,22,2,1,0,0,,,1276.1401026
4385960782,2,2023_5_9_1_0,2023,5,9,72,2,5,0,0,,,2158.3668607
4385960787,2,2023_5_9_1_0,2023,5,9,-3,1,-3,0,0,,,2707.9999536
4385960790,2,2023_5_9_1_0,2023,5,9,40,2,1,0,0,,,2555.1472703
4385960794,2,2023_5_9_1_0,2023,5,9,71,1,4,0,0,,,2158.3668607
4385960798,2,2023_5_9_1_0,2023,5,9,58,1,1,0,0,,,929.17574948
4385960802,2,2023_5_9_1_0,2023,5,9,83,1,1,0,0,,,1442.6668047
4385960807,2,2023_5_9_1_0,2023,5,9,44,2,1,0,0,,,4434.9117218
4385960817,2,2023_5_9_1_0,2023,5,9,45,2,2,0,0,,,621.06726801
4385960819,2,2023_5_9_1_0,2023,5,9,71,1,1,0,0,,,1442.6668047
4385960826,2,2023_5_9_1_0,2023,5,9,79,1,2,0,0,,,2158.3668607
4385960828,2,2023_5_9_1_0,2023,5,9,71,1,1,0,0,,,2158.3668607
4385960843,2,2023_5_9_1_0,2023,5,9,34,2,1,0,0,,,2555.1472703
4385960859,2,2023_5_9_1_0,2023,5,9,50,2,4,0,0,,,3017.7072247
4385960867,2,2023_5_9_1_0,2023,5,9,39,1,3,0,0,,,2555.1472703
4385960877,2,2023_5_9_1_0,2023,5,9,45,2,3,0,0,,,621.06726801
4385960879,2,2023_5_9_1_0,2023,5,9,65,2,1,0,0,,,1166.0550974
4385960907,2,2023_5_9_1_0,2023,5,9,37,1,1,0,0,,,2555.1472703
4385960910,2,2023_5_9_1_0,2023,5,9,47,2,4,0,0,,,1243.529869
4385960912,2,2023_5_9_1_0,2023,5,9,32,2,4,0,0,,,6042.1942404
4385960913,2,2023_5_9_1_0,2023,5,9,67,1,1,0,0,,,2158.3668607
4385960916,2,2023_5_9_1_0,2023,5,9,13,1,1,0,0,,,3822.7435291
4385960923,2,2023_5_9_1_0,2023,5,9,76,2,1,0,0,,,1442.6668047
4385960925,2,2023_5_9_1_0,2023,5,9,40,2,4,0,0,,,3206.5435423
4385960932,2,2023_5_9_1_0,2023,5,9,73,2,1,0,0,,,2158.3668607
4385960934,2,2023_5_9_1_0,2023,5,9,75,2,1,0,0,,,2158.3668607
4385960937,2,2023_5_9_1_0,2023,5,9,31,2,1,0,0,,,1909.2270633
4385960974,2,2023_5_9_1_0,2023,5,9,63,2,1,0,0,,,4434.9117218
4385960981,2,2023_5_9_1_0,2023,5,9,44,2,1,0,0,,,5935.3090041
4385960983,2,2023_5_9_1_0,2023,5,9,81,1,1,0,0,,,2158.3668607
4385960991,2,2023_5_9_1_0,2023,5,9,63,2,1,0,0,,,2158.3668607
4385960994,2,2023_5_9_1_0,2023,5,9,64,1,2,0,0,,,3017.7072247
4385961001,2,2023_5_9_1_0,2023,5,9,74,1,1,0,0,,,929.17574948
4385961007,2,2023_5_9_1_0,2023,5,9,64,1,2,0,0,,,2197.2355281
4385961013,2,2023_5_9_1_0,2023,5,9,-3,-3,-3,0,0,1,1,1334.3757369
4385961024,2,2023_5_9_1_0,2023,5,9,34,2,1,0,0,,,2555.1472703
4385961025,2,2023_5_9_1_0,2023,5,9,67,1,1,0,0,,,929.17574948
4385961031,2,2023_5_9_1_0,2023,5,9,48,1,1,0,0,,,4434.9117218
4385961032,2,2023_5_9_1_0,2023,5,9,78,1,1,0,0,,,2158.3668607
4385961036,2,2023_5_9_1_0,2023,5,9,-3,-3,-3,0,0,1,1,1330.5084399
4385961038,2,2023_5_9_1_0,2023,5,9,61,2,3,0,0,,,1909.2270633
4385961047,2,2023_5_9_1_0,2023,5,9,67,2,2,0,0,,,1442.6668047
4385961069,2,2023_5_9_1_0,2023,5,9,73,1,1,0,0,,,1334.3757369
4385961076,2,2023_5_9_1_0,2023,5,9,56,2,1,0,0,,,1780.6394396
4385961083,2,2023_5_9_1_0,2023,5,9,37,1,1,0,0,,,2555.1472703
4385961093,2,2023_5_9_1_0,2023,5,9,62,2,1,0,0,,,1276.1401026
4385961095,2,2023_5_9_1_0,2023,5,9,37,2,1,0,0,,,5935.3090041
4385961108,2,2023_5_9_1_0,2023,5,9,45,2,1,0,0,,,1909.2270633
4385961114,2,2023_5_9_1_0,2023,5,9,76,2,1,0,0,,,2158.3668607
4385961115,2,2023_5_9_1_0,2023,5,9,42,2,1,0,0,,,5935.3090041
4385961124,2,2023_5_9_1_0,2023,5,9,83,1,1,0,0,,,2158.3668607
4385961125,2,2023_5_9_1_0,2023,5,9,68,1,1,0,0,,,2158.3668607
4385961126,2,2023_5_9_1_0,2023,5,9,47,2,3,0,0,,,2555.1472703
4385961136,2,2023_5_9_1_0,2023,5,9,56,1,3,0,0,,,2197.2355281
4385961145,2,2023_5_9_1_0,2023,5,9,58,1,1,0,0,,,2964.3245731
4385961146,2,2023_5_9_1_0,2023,5,9,27,1,5,0,0,,,6042.1942404
4385961147,2,2023_5_9_1_0,2023,5,9,66,1,1,0,0,,,929.17574948
4385961151,2,2023_5_9_1_0,2023,5,9,44,1,1,0,0,,,929.17574948
4385961153,2,2023_5_9_1_0,2023,5,9,33,2,1,0,0,,,621.06726801
4385961167,2,2023_5_9_1_0,2023,5,9,9,2,1,0,0,,,9039.6977124
4385961171,2,2023_5_9_1_0,2023,5,9,46,2,3,0,0,,,2555.1472703
4385961178,2,2023_5_9_1_0,2023,5,9,36,2,1,0,0,,,6042.1942404
4385961179,2,2023_5_9_1_0,2023,5,9,71,1,1,0,0,,,621.06726801
4385961180,2,2023_5_9_1_0,2023,5,9,31,1,1,0,0,,,1909.2270633
4385961189,2,2023_5_9_1_0,2023,5,9,74,1,1,0,0,,,1243.529869
4385961191,2,2023_5_9_1_0,2023,5,9,47,2,1,0,0,,,9039.6977124
4385961201,2,2023_5_9_1_0,2023,5,9,39,2,4,0,0,,,2555.1472703
4385961202,2,2023_5_9_1_0,2023,5,9,-3,2,-3,0,0,,,4124.3852626
4385961207,2,2023_5_9_1_0,2023,5,9,55,1,1,0,0,,,1909.2270633
4385961208,2,2023_5_9_1_0,2023,5,9,39,2,1,0,0,,,2555.1472703
4385961210,2,2023_5_9_1_0,2023,5,9,16,1,1,3.0000613343,0,,,1575.1006329
4385961213,2,2023_5_9_1_0,2023,5,9,68,2,1,0,0,,,2158.3668607
4385961215,2,2023_5_9_1_0,2023,5,9,82,1,1,0,0,,,2158.3668607
4385961217,2,2023_5_9_1_0,2023,5,9,61,1,1,0,0,,,1909.2270633
4385961220,2,2023_5_9_1_0,2023,5,9,64,2,1,0,0,,,929.17574948
4385961222,2,2023_5_9_1_0,2023,5,9,38,2,1,0,0,,,2555.1472703
4385961235,2,2023_5_9_1_0,2023,5,9,59,1,1,0,0,,,5103.921784
4385961243,2,2023_5_9_1_0,2023,5,9,61,2,1,0,0,,,1810.4529551
4385961246,2,2023_5_9_1_0,2023,5,9,86,2,1,0,0,,,1669.7015062
4385961248,2,2023_5_9_1_0,2023,5,9,73,2,1,0,0,,,2158.3668607
4385961250,2,2023_5_9_1_0,2023,5,9,26,2,5,0,0,,,2783.0992703
4385961254,2,2023_5_9_1_0,2023,5,9,38,2,1,1.0000204448,0.9999795552,,,2555.1472703
4385961260,2,2023_5_9_1_0,2023,5,9,32,1,1,0,0,,,4434.9117218
4385961262,2,2023_5_9_1_0,2023,5,9,61,1,1,0,0,,,1468.6468813
4385961266,2,2023_5_9_1_0,2023,5,9,58,2,1,0,0,,,2964.3245731
4385961271,2,2023_5_9_1_0,2023,5,9,21,1,1,0,0,,,621.06726801
4385961272,2,2023_5_9_1_0,2023,5,9,-3,-3,-3,0,0,1,1,4434.9117218
4385961274,2,2023_5_9_1_0,2023,5,9,38,2,1,0,0,,,1976.6487911
4385961278,2,2023_5_9_1_0,2023,5,9,48,1,1,12.706126841,11.293873159,,,1128.2416345
4385961282,2,2023_5_9_1_0,2023,5,9,41,2,1,0,0,,,2555.1472703
4385961284,2,2023_5_9_1_0,2023,5,9,-3,2,1,0,0,1,1,1744.1365382
4385961285,2,2023_5_9_1_0,2023,5,9,60,2,1,0,0,,,2964.3245731
4385961290,2,2023_5_9_1_0,2023,5,9,-3,-3,-3,0,0,1,,4434.9117218
4385961292,2,2023_5_9_1_0,2023,5,9,31,2,1,0,0,,,1909.2270633
4385961299,2,2023_5_9_1_0,2023,5,9,59,1,1,0,0,,,2964.3245731
4385961301,2,2023_5_9_1_0,2023,5,9,24,1,1,0,0,,,4434.9117218
4385961305,2,2023_5_9_1_0,2023,5,9,42,1,1,0,0,,,2555.1472703
4385961324,2,2023_5_9_1_0,2023,5,9,78,1,1,0,0,,,2197.2355281
4385961339,2,2023_5_9_1_0,2023,5,9,72,2,1,0,0,,,2158.3668607
4385961343,2,2023_5_9_1_0,2023,5,9,22,2,1,0,0,,,1276.1401026
4385961344,2,2023_5_9_1_0,2023,5,9,31,1,1,0,0,,,1909.2270633
4385961345,2,2023_5_9_1_0,2023,5,9,63,2,1,0,0,,,1442.6668047
4385961346,2,2023_5_9_1_0,2023,5,9,69,2,1,0,0,,,929.17574948
4385961350,2,2023_5_9_1_0,2023,5,9,87,1,1,0,0,,,1442.6668047
4385961351,2,2023_5_9_1_0,2023,5,9,53,1,1,0,0,,,2964.3245731
4385961352,2,2023_5_9_1_0,2023,5,9,81,2,5,0,0,,,1442.6668047
4385961354,2,2023_5_9_1_0,2023,5,9,43,2,1,0,0,,,5935.3090041
4385961359,2,2023_5_9_1_0,2023,5,9,37,2,1,0,0,,,2555.1472703
4385961360,2,2023_5_9_1_0,2023,5,9,59,1,4,0,0,,,786.66662644
4385961365,2,2023_5_9_1_0,2023,5,9,-3,1,1,0,0,,,1349.2550585
4385961369,2,2023_5_9_1_0,2023,5,9,63,1,1,0,0,,,1909.2270633
4385961371,2,2023_5_9_1_0,2023,5,9,53,2,1,0,0,,,6042.1942404
4385961383,2,2023_5_9_1_0,2023,5,9,65,2,1,0,0,,,929.17574948
4385961388,2,2023_5_9_1_0,2023,5,9,62,1,4,0,0,,,1276.1401026
4385961389,2,2023_5_9_1_0,2023,5,9,73,1,1,0,0,,,2158.3668607
4385961392,2,2023_5_9_1_0,2023,5,9,81,2,1,0,0,,,2158.3668607
4385961408,2,2023_5_9_1_0,2023,5,9,66,2,1,0,0,,,929.17574948
4385961409,2,2023_5_9_1_0,2023,5,9,68,1,1,0,0,,,929.17574948
4385961416,2,2023_5_9_1_0,2023,5,9,15,2,3,0,0,,,9039.6977124
4385961422,2,2023_5_9_1_0,2023,5,9,51,2,1,0,0,,,1909.2270633
4385961441,2,2023_5_9_1_0,2023,5,9,54,1,1,0,0,,,2158.3668607
4385961447,2,2023_5_9_1_0,2023,5,9,79,2,1,0,0,,,2158.3668607
4385961464,2,2023_5_9_1_0,2023,5,9,2,2,1,0,0,1,1,2555.1472703
4385961467,2,2023_5_9_1_0,2023,5,9,-3,1,1,0,0,,,1832.646182
4385961469,2,2023_5_9_1_0,2023,5,9,38,2,1,0,0,,,6042.1942404
4385961479,2,2023_5_9_1_0,2023,5,9,54,2,2,0,0,,,5935.3090041
4385961481,2,2023_5_9_1_0,2023,5,9,43,2,1,0,0,,,2555.1472703
4385961484,2,2023_5_9_1_0,2023,5,9,21,2,1,0,0,,,1909.2270633
4385961489,2,2023_5_9_1_0,2023,5,9,30,1,1,0,0,,,2395.9557173
4385961490,2,2023_5_9_1_0,2023,5,9,58,1,1,0,0,,,5935.3090041
4385961494,2,2023_5_9_1_0,2023,5,9,57,1,1,0,0,,,1909.2270633
4385961498,2,2023_5_9_1_0,2023,5,9,-3,-3,-3,0,0,1,,1744.1365382
4385961499,2,2023_5_9_1_0,2023,5,9,61,1,1,0,0,,,1909.2270633
4385961501,2,2023_5_9_1_0,2023,5,9,68,2,3,0,0,,,1442.6668047
4385961503,2,2023_5_9_1_0,2023,5,9,56,1,1,0,0,1,1,1442.6668047
4385961504,2,2023_5_9_1_0,2023,5,9,75,2,1,0,0,,,2158.3668607
4385961505,2,2023_5_9_1_0,2023,5,9,71,2,1,0,0,,,929.17574948
4385961509,2,2023_5_9_1_0,2023,5,9,40,1,1,0,0,,,1909.2270633
4385961510,2,2023_5_9_1_0,2023,5,9,39,1,1,0,0,,,2555.1472703
4385961512,2,2023_5_9_1_0,2023,5,9,85,2,1,0,0,,,929.17574948
4385961514,2,2023_5_9_1_0,2023,5,9,66,2,1,0,0,,,929.17574948
4385961516,2,2023_5_9_1_0,2023,5,9,43,2,1,0,0,,,2555.1472703
4385961527,2,2023_5_9_1_0,2023,5,9,31,2,1,0,0,,,2555.1472703
4385961530,2,2023_5_9_1_0,2023,5,9,43,1,1,0,0,,,2555.1472703
4385961539,2,2023_5_9_1_0,2023,5,9,64,2,1,0,0,,,572.78315347
4385961545,2,2023_5_9_1_0,2023,5,9,80,1,3,0,0,,,1334.3757369
4385961551,2,2023_5_9_1_0,2023,5,9,48,2,4,0,0,,,2555.1472703
4385961562,2,2023_5_9_1_0,2023,5,9,-3,1,1,0,0,,,1165.7924945
4385961572,2,2023_5_9_1_0,2023,5,9,54,2,1,0,0,,,1909.2270633
4385961575,2,2023_5_9_1_0,2023,5,9,50,1,3,0,0,,,2555.1472703
4385961580,2,2023_5_9_1_0,2023,5,9,18,1,1,0,0,,,5935.3090041
4385961587,2,2023_5_9_1_0,2023,5,9,67,2,1,0,0,,,929.17574948
4385961596,2,2023_5_9_1_0,2023,5,9,86,2,1,0,0,,,2158.3668607
4385961599,2,2023_5_9_1_0,2023,5,9,55,1,5,0,0,,,1276.1401026
4385961601,2,2023_5_9_1_0,2023,5,9,79,1,1,0,0,,,929.17574948
4385961609,2,2023_5_9_1_0,2023,5,9,50,1,1,0,0,,,2555.1472703
4385961612,2,2023_5_9_1_0,2023,5,9,74,2,1,0,0,,,2158.3668607
4385961616,2,2023_5_9_1_0,2023,5,9,37,2,1,0,0,,,2555.1472703
4385961624,2,2023_5_9_1_0,2023,5,9,40,2,1,0,0,,,2555.1472703
4385961625,2,2023_5_9_1_0,2023,5,9,29,2,1,0,0,,,4514.7772498
4385961626,2,2023_5_9_1_0,2023,5,9,48,1,1,0,0,,,3669.4097145
4385961627,2,2023_5_9_1_0,2023,5,9,18,2,1,0,0,,,6042.1942404
4385961629,2,2023_5_9_1_0,2023,5,9,58,2,1,0,0,,,4434.9117218
4385961644,2,2023_5_9_1_0,2023,5,9,58,2,1,0,0,,,4514.7772498
4385961654,2,2023_5_9_1_0,2023,5,9,53,1,1,3.0000613343,1.9999591105,,,2555.1472703
4385961658,2,2023_5_9_1_0,2023,5,9,45,1,1,0,0,,,5935.3090041
4385961659,2,2023_5_9_1_0,2023,5,9,55,1,1,0,0,,,4434.9117218
4385961675,2,2023_5_9_1_0,2023,5,9,-3,1,2,0,0,,,2964.3245731
4385961690,2,2023_5_9_1_0,2023,5,9,10,2,5,0,0,,,14035.312288
4385961691,2,2023_5_9_1_0,2023,5,9,25,2,2,0,0,,,3017.7072247
4385961704,2,2023_5_9_1_0,2023,5,9,83,1,1,0,0,,,2158.3668607
4385961711,2,2023_5_9_1_0,2023,5,9,59,1,1,0,0,,,1276.1401026
4385961723,2,2023_5_9_1_0,2023,5,9,68,2,1,0,0,,,929.17574948
4385961740,2,2023_5_9_1_0,2023,5,9,-3,2,1,0,0,,,3398.3637126
4385961744,2,2023_5_9_1_0,2023,5,9,52,2,1,0,0,,,1909.2270633
4385961751,2,2023_5_9_1_0,2023,5,9,69,1,2,0,0,,,929.17574948
4385961759,2,2023_5_9_1_0,2023,5,9,15,1,2,9.473888092,10.526111908,,,1815.8012224
4385961760,2,2023_5_9_1_0,2023,5,9,65,1,1,0,0,,,2197.2355281
4385961762,2,2023_5_9_1_0,2023,5,9,72,1,1,0,0,,,1442.6668047
4385961765,2,2023_5_9_1_0,2023,5,9,58,1,1,0,0,,,2964.3245731
4385961767,2,2023_5_9_1_0,2023,5,9,56,2,1,0,0,,,929.17574948
4385961770,2,2023_5_9_1_0,2023,5,9,36,1,1,0,0,,,4514.7772498
4385961775,2,2023_5_9_1_0,2023,5,9,85,2,3,0,0,1,1,2158.3668607
4385961777,2,2023_5_9_1_0,2023,5,9,67,2,1,0,0,,,2158.3668607
4385961779,2,2023_5_9_1_0,2023,5,9,33,1,3,0,0,,,2555.1472703
4385961784,2,2023_5_9_1_0,2023,5,9,13,1,2,0,0,,,9039.6977124
4385961788,2,2023_5_9_1_0,2023,5,9,63,1,1,0,0,,,1909.2270633
4385961790,2,2023_5_9_1_0,2023,5,9,82,1,2,0,0,,,2888.574805
4385961800,2,2023_5_9_1_0,2023,5,9,67,2,1,0,0,,,1243.529869
4385961802,2,2023_5_9_1_0,2023,5,9,25,2,2,0,0,,,1276.1401026
4385961810,2,2023_5_9_1_0,2023,5,9,37,1,1,0,0,,,2555.1472703
4385961812,2,2023_5_9_1_0,2023,5,9,40,2,1,0,0,,,1909.2270633
4385961820,2,2023_5_9_1_0,2023,5,9,24,2,3,0,0,,,1909.2270633
4385961828,2,2023_5_9_1_0,2023,5,9,57,1,2,0,0,,,2197.2355281
4385961830,2,2023_5_9_1_0,2023,5,9,71,2,1,0,0,,,2158.3668607
4385961857,2,2023_5_9_1_0,2023,5,9,62,2,1,0,0,,,621.06726801
4385961921,2,2023_5_9_1_0,2023,5,9,76,2,3,0,0,1,1,2158.3668607
4385961922,2,2023_5_9_1_0,2023,5,9,54,1,1,0,0,,,1909.2270633
4385961929,2,2023_5_9_1_0,2023,5,9,56,2,1,0,0,,,2158.3668607
4385961931,2,2023_5_9_1_0,2023,5,9,61,2,1,0,0,,,10487.30082
4385961936,2,2023_5_9_1_0,2023,5,9,72,2,1,0,0,,,2158.3668607
4385961939,2,2023_5_9_1_0,2023,5,9,38,1,1,0,0,,,2555.1472703
4385961946,2,2023_5_9_1_0,2023,5,9,35,1,1,0,0,,,1909.2270633
4385961949,2,2023_5_9_1_0,2023,5,9,76,2,1,0,0,,,929.17574948
4385961953,2,2023_5_9_1_0,2023,5,9,-3,2,-3,0,0,,,929.17574948
4385961956,2,2023_5_9_1_0,2023,5,9,78,2,1,0,0,,,2158.3668607
4385961957,2,2023_5_9_1_0,2023,5,9,82,1,1,0,0,,,2158.3668607
4385961963,2,2023_5_9_1_0,2023,5,9,61,2,4,0,0,,,4434.9117218
4385961966,2,2023_5_9_1_0,2023,5,9,40,1,1,0,0,,,1909.2270633
4385961973,2,2023_5_9_1_0,2023,5,9,69,1,2,0,0,,,1442.6668047
4385961989,2,2023_5_9_1_0,2023,5,9,60,1,1,0,0,,,2964.3245731
4385961999,2,2023_5_9_1_0,2023,5,9,32,2,3,0,0,,,6042.1942404
4385962024,2,2023_5_9_1_0,2023,5,9,26,2,3,0,0,,,6042.1942404
4385962036,2,2023_5_9_1_0,2023,5,9,57,2,1,0,0,,,1909.2270633
4385962045,2,2023_5_9_1_0,2023,5,9,23,2,1,0,0,,,1276.1401026
4385962047,2,2023_5_9_1_0,2023,5,9,81,2,1,0,0,,,929.17574948
4385962049,2,2023_5_9_1_0,2023,5,9,61,1,1,0,0,,,1276.1401026
4385962057,2,2023_5_9_1_0,2023,5,9,26,1,3,0,1.9999591105,,,1909.2270633
4385962063,2,2023_5_9_1_0,2023,5,9,71,2,1,0,0,,,2158.3668607
4385962065,2,2023_5_9_1_0,2023,5,9,72,2,1,0,0,,,2158.3668607
4385962067,2,2023_5_9_1_0,2023,5,9,26,1,4,0,0,,,3017.7072247
4385962072,2,2023_5_9_1_0,2023,5,9,70,2,1,0,0,,,1330.5084399
4385962092,2,2023_5_9_1_0,2023,5,9,34,2,1,0,0,,,6042.1942404
4385962098,2,2023_5_9_1_0,2023,5,9,62,2,1,1.0000204448,0,,,1176.9281523
4385962106,2,2023_5_9_1_0,2023,5,9,46,1,1,0,0,,,3658.7750058
4385962107,2,2023_5_9_1_0,2023,5,9,70,2,-3,0,0,,,929.17574948
4385962114,2,2023_5_9_1_0,2023,5,9,27,1,1,0,0,,,1176.9281523
4385962121,2,2023_5_9_1_0,2023,5,9,62,1,1,0,0,,,1276.1401026
4385962122,2,2023_5_9_1_0,2023,5,9,65,1,1,0,0,,,572.78315347
4385962129,2,2023_5_9_1_0,2023,5,9,71,1,1,0,0,,,2158.3668607
4385962139,2,2023_5_9_1_0,2023,5,9,23,1,3,0,0,,,5103.921784
4385962143,2,2023_5_9_1_0,2023,5,9,56,2,1,0,0,,,4434.9117218
4385962144,2,2023_5_9_1_0,2023,5,9,83,1,1,0,0,,,2158.3668607
4385962145,2,2023_5_9_1_0,2023,5,9,-3,-3,-3,0,0,1,1,987.21542209
4385962151,2,2023_5_9_1_0,2023,5,9,49,1,1,1.0000204448,0.9999795552,,,2555.1472703
4385962162,2,2023_5_9_1_0,2023,5,9,13,1,1,0,0,,,5935.3090041
4385962165,2,2023_5_9_1_0,2023,5,9,47,2,1,0,0,,,5935.3090041
4385962176,2,2023_5_9_1_0,2023,5,9,61,2,2,0,0,,,1442.6668047
4385962177,2,2023_5_9_1_0,2023,5,9,43,1,1,0,0,,,6042.1942404
4385962187,2,2023_5_9_1_0,2023,5,9,46,1,1,3.0000613343,0,,,2158.3668607
4385962197,2,2023_5_9_1_0,2023,5,9,54,1,1,0,0,,,5935.3090041
4385962224,2,2023_5_9_1_0,2023,5,9,48,1,3,0,0,,,1909.2270633
4385962238,2,2023_5_9_1_0,2023,5,9,57,1,1,0,0,,,889.32071491
4385962239,2,2023_5_9_1_0,2023,5,9,28,2,3,0,0,,,1909.2270633
4385962240,2,2023_5_9_1_0,2023,5,9,37,1,1,0,0,,,1909.2270633
4385962249,2,2023_5_9_1_0,2023,5,9,41,2,1,0,0,,,2555.1472703
4385962250,2,2023_5_9_1_0,2023,5,9,52,2,1,0,0,,,2555.1472703
4385962262,2,2023_5_9_1_0,2023,5,9,56,1,1,1.0000204448,0.9999795552,,,2555.1472703
4385962264,2,2023_5_9_1_0,2023,5,9,33,1,1,0,0,,,1909.2270633
4385962269,2,2023_5_9_1_0,2023,5,9,79,2,1,0,0,,,2158.3668607
4385962275,2,2023_5_9_1_0,2023,5,9,-3,1,-3,0,0,,,4051.4256926
4385962288,2,2023_5_9_1_0,2023,5,9,56,2,1,0,0,,,5935.3090041
4385962295,2,2023_5_9_1_0,2023,5,9,17,2,4,0,0,,,5935.3090041
4385962300,2,2023_5_9_1_0,2023,5,9,46,1,1,0,0,,,2158.3668607
4385962307,2,2023_5_9_1_0,2023,5,9,88,1,4,0,0,,,891.90564202
4385962314,2,2023_5_9_1_0,2023,5,9,42,2,1,0,0,,,5935.3090041
4385962329,2,2023_5_9_1_0,2023,5,9,33,2,2,0,0,,,2158.3668607
4385962342,2,2023_5_9_1_0,2023,5,9,61,2,1,0,0,,,572.78315347
4385962357,2,2023_5_9_1_0,2023,5,9,44,1,1,0,0,,,1909.2270633
4385962359,2,2023_5_9_1_0,2023,5,9,49,2,4,0,0,,,3206.5435423
4385962369,2,2023_5_9_1_0,2023,5,9,-3,-3,-3,0,0,1,1,1442.6668047
4385962370,2,2023_5_9_1_0,2023,5,9,40,1,3,0,0,,,3017.7072247
4385962374,2,2023_5_9_1_0,2023,5,9,56,1,1,0,0,,,4434.9117218
4385962379,2,2023_5_9_1_0,2023,5,9,68,2,4,0,0,,,2158.3668607
4385962384,2,2023_5_9_1_0,2023,5,9,53,2,4,0,0,,,2555.1472703
4385962386,2,2023_5_9_1_0,2023,5,9,63,2,1,0,0,,,2158.3668607
4385962391,2,2023_5_9_1_0,2023,5,9,36,1,3,0,0,,,2555.1472703
4385962396,2,2023_5_9_1_0,2023,5,9,48,1,1,0,0,,,2555.1472703
4385962398,2,2023_5_9_1_0,2023,5,9,57,1,1,0,0,,,2555.1472703
4385962400,2,2023_5_9_1_0,2023,5,9,50,1,1,0,0,,,4434.9117218
4385962408,2,2023_5_9_1_0,2023,5,9,89,2,1,0,0,,,1330.5084399
4385962412,2,2023_5_9_1_0,2023,5,9,60,2,1,0,0,,,4434.9117218
4385962420,2,2023_5_9_1_0,2023,5,9,52,1,1,0,0,,,5935.3090041
4385962424,2,2023_5_9_1_0,2023,5,9,63,1,1,0,0,,,4434.9117218
4385962425,2,2023_5_9_1_0,2023,5,9,44,1,1,0,0,,,2555.1472703
4385962431,2,2023_5_9_1_0,2023,5,9,36,2,4,0,0,,,4514.7772498
4385962434,2,2023_5_9_1_0,2023,5,9,26,2,3,0,0,,,4514.7772498
4385962436,2,2023_5_9_1_0,2023,5,9,68,2,2,0,0,,,2197.2355281
4385962454,2,2023_5_9_1_0,2023,5,9,72,2,1,0,0,,,2158.3668607
4385962470,2,2023_5_9_1_0,2023,5,9,-3,-3,-3,0,0,,,1614.7010912
4385962481,2,2023_5_9_1_0,2023,5,9,46,1,5,0,0,,,5935.3090041
4385962492,2,2023_5_9_1_0,2023,5,9,52,2,4,0,0,,,1276.1401026
4385962494,2,2023_5_9_1_0,2023,5,9,25,2,3,0,0,,,4514.7772498
4385962495,2,2023_5_9_1_0,2023,5,9,55,2,3,0,0,,,1909.2270633
4385962502,2,2023_5_9_1_0,2023,5,9,59,1,2,0,0,,,1909.2270633
4385962506,2,2023_5_10_1_1,2023,5,10,-3,-3,-3,0,0,1,1,182.66831641
4385962508,2,2023_5_10_1_1,2023,5,10,33,2,1,0,0,,,85.038344335
4385962509,2,2023_5_10_1_1,2023,5,10,60,2,2,0,0,,,124.59657265
4385962510,2,2023_5_10_1_1,2023,5,10,-3,-3,-3,0,0,,,76.940205656
4385962521,2,2023_5_10_1_1,2023,5,10,52,2,1,0,0,,,163.01312162
4385962523,2,2023_5_10_1_1,2023,5,10,50,2,4,0,2.000328745,,,124.59657265
4385962530,2,2023_5_10_1_1,2023,5,10,-3,-3,-3,0,0,1,1,95.291784089
4385962531,2,2023_5_10_1_1,2023,5,10,58,2,1,0,0,,,95.291784089
4385962536,2,2023_5_10_1_1,2023,5,10,66,2,1,0,0,,,40.076931194
4385962537,2,2023_5_10_1_1,2023,5,10,60,2,1,0,0,,,95.291784089
4385962541,2,2023_5_10_1_1,2023,5,10,47,1,1,1.999671255,0,,,85.471678741
4385962547,2,2023_5_10_1_1,2023,5,10,17,2,5,0,0,,,181.3604443
4385962548,2,2023_5_10_1_1,2023,5,10,68,2,2,0,0,,,95.52624192
4385962557,2,2023_5_10_1_1,2023,5,10,59,2,1,0,0,,,163.84379624
4385962564,2,2023_5_10_1_1,2023,5,10,42,2,1,0,0,,,181.3604443
4385962571,2,2023_5_10_1_1,2023,5,10,56,1,3,0,0,,,432.28563568
4385962578,2,2023_5_10_1_1,2023,5,10,-3,2,-3,0,0,,,76.940205656
4385962579,2,2023_5_10_1_1,2023,5,10,-3,2,1,0,0,,,131.61956429
4385962580,2,2023_5_10_1_1,2023,5,10,45,1,4,0,0,,,181.3604443
4385962581,2,2023_5_10_1_1,2023,5,10,38,1,1,0,0,,,181.3604443
4385962582,2,2023_5_10_1_1,2023,5,10,53,2,1,0,0,,,85.038344335
4385962583,2,2023_5_10_1_1,2023,5,10,71,2,1,0,0,,,52.401666279
4385962586,2,2023_5_10_1_1,2023,5,10,55,1,1,0.9998356275,0,,,95.291784089
4385962592,2,2023_5_10_1_1,2023,5,10,70,2,1,0,0,,,163.84379624
4385962605,2,2023_5_10_1_1,2023,5,10,60,2,1,0,0,,,182.66831641
4385962606,2,2023_5_10_1_1,2023,5,10,71,1,1,0,2.000328745,,,76.824939504
4385962607,2,2023_5_10_1_1,2023,5,10,39,2,1,0,0,,,181.3604443
4385962608,2,2023_5_10_1_1,2023,5,10,62,2,1,0,0,,,76.824939504
4385962609,2,2023_5_10_1_1,2023,5,10,66,2,1,0,0,1,1,76.824939504
4385962610,2,2023_5_10_1_1,2023,5,10,56,2,1,0,0,,,95.291784089
4385962611,2,2023_5_10_1_1,2023,5,10,-3,-3,-3,0,0,1,1,163.01312162
4385962616,2,2023_5_10_1_1,2023,5,10,64,2,1,0,0,,,347.65648834
4385962619,2,2023_5_10_1_1,2023,5,10,38,2,1,0,0,,,181.3604443
4385962620,2,2023_5_10_1_1,2023,5,10,62,2,1,1.999671255,2.000328745,,,85.038344335
4385962622,2,2023_5_10_1_1,2023,5,10,51,1,1,1.999671255,2.000328745,,,182.66831641
4385962623,2,2023_5_10_1_1,2023,5,10,33,1,1,0,0,,,202.69499713
4385962624,2,2023_5_10_1_1,2023,5,10,60,2,1,0,0,,,95.291784089
4385962625,2,2023_5_10_1_1,2023,5,10,25,1,1,4.9991781375,0,,,95.291784089
4385962630,2,2023_5_10_1_1,2023,5,10,65,2,1,0,0,,,76.824939504
4385962631,2,2023_5_10_1_1,2023,5,10,55,1,1,0.9998356275,0,,,182.66831641
4385962633,2,2023_5_10_1_1,2023,5,10,21,2,1,0,0,,,95.291784089
4385962634,2,2023_5_10_1_1,2023,5,10,69,1,1,0,0,,,40.076931194
4385962637,2,2023_5_10_1_1,2023,5,10,69,1,4,0,0,,,40.076931194
4385962641,2,2023_5_10_1_1,2023,5,10,52,1,1,0,0,,,95.291784089
4385962642,2,2023_5_10_1_1,2023,5,10,63,2,1,0,3.0004931175,,,85.038344335
4385962649,2,2023_5_10_1_1,2023,5,10,65,1,1,0,0,,,40.076931194
4385962652,2,2023_5_10_1_1,2023,5,10,66,2,1,0,0,,,163.84379624
4385962654,2,2023_5_10_1_1,2023,5,10,54,1,1,4.9991781375,0,,,95.291784089
4385962658,2,2023_5_10_1_1,2023,5,10,57,2,1,0,0,,,95.291784089
4385962662,2,2023_5_10_1_1,2023,5,10,57,1,1,0,0,1,1,163.01312162
4385962663,2,2023_5_10_1_1,2023,5,10,35,2,1,0,0,,,85.038344335
4385962676,2,2023_5_10_1_1,2023,5,10,56,2,1,0,0,,,95.291784089
4385962681,2,2023_5_10_1_1,2023,5,10,47,1,1,0,0,,,85.038344335
4385962697,2,2023_5_10_1_1,2023,5,10,66,1,1,3.99934251,4.00065749,,,76.824939504
4385962704,2,2023_5_10_1_1,2023,5,10,57,1,2,0,0,,,181.3604443
4385962714,2,2023_5_10_1_1,2023,5,10,-3,-3,-3,0,0,,,313.72467815
4385962715,2,2023_5_10_1_1,2023,5,10,70,2,1,0,0,,,76.824939504
4385962724,2,2023_5_10_1_1,2023,5,10,54,2,3,0,0,,,95.291784089
4385962725,2,2023_5_10_1_1,2023,5,10,69,2,1,0,0,,,76.824939504
4385962729,2,2023_5_10_1_1,2023,5,10,55,1,1,0,0,,,347.65648834
4385962731,2,2023_5_10_1_1,2023,5,10,-3,-3,-3,0,0,1,1,86.088053632
4385962737,2,2023_5_10_1_1,2023,5,10,38,2,4,0,0,,,181.3604443
4385962738,2,2023_5_10_1_1,2023,5,10,53,1,1,0,0,,,44.909179549
4385962754,2,2023_5_10_1_1,2023,5,10,35,1,2,0,2.000328745,,,76.824939504
4385962755,2,2023_5_10_1_1,2023,5,10,32,1,4,0,0,,,202.69499713
4385962756,2,2023_5_10_1_1,2023,5,10,57,1,2,0,2.000328745,,,163.01312162
4385962760,2,2023_5_10_1_1,2023,5,10,68,1,1,0,0,,,163.84379624
4385962762,2,2023_5_10_1_1,2023,5,10,50,2,4,0,7.0011506075,,,85.038344335
4385962763,2,2023_5_10_1_1,2023,5,10,45,1,2,0,0,,,95.291784089
4385962769,2,2023_5_10_1_1,2023,5,10,43,1,1,0,8.00131498,,,181.3604443
4385962770,2,2023_5_10_1_1,2023,5,10,53,2,1,0,0,1,1,347.65648834
4385962784,2,2023_5_10_1_1,2023,5,10,58,1,1,0,0,,,181.3604443
4385962785,2,2023_5_10_1_1,2023,5,10,60,1,1,0,0,,,163.01312162
4385962793,2,2023_5_10_1_1,2023,5,10,29,1,1,0,0,,,85.038344335
4385962797,2,2023_5_10_1_1,2023,5,10,68,2,1,0,0,,,76.824939504
4385962806,2,2023_5_10_1_1,2023,5,10,61,2,1,0,0,,,95.52624192
4385962809,2,2023_5_10_1_1,2023,5,10,63,2,1,0,0,,,183.11775722
4385962813,2,2023_5_10_1_1,2023,5,10,54,2,1,0,0,,,95.291784089
4385962832,2,2023_5_10_1_1,2023,5,10,59,2,1,0,0,,,182.66831641
4385962834,2,2023_5_10_1_1,2023,5,10,33,2,1,0,0,,,163.01312162
4385962837,2,2023_5_10_1_1,2023,5,10,39,2,1,0,0,,,181.3604443
4385962843,2,2023_5_10_1_1,2023,5,10,73,2,1,0,0,,,44.909179549
4385962845,2,2023_5_10_1_1,2023,5,10,63,2,1,0,0,,,76.824939504
4385962851,2,2023_5_10_1_1,2023,5,10,72,2,1,0,0,,,40.076931194
4385962856,2,2023_5_10_1_1,2023,5,10,70,2,1,0,0,,,76.824939504
4385962864,2,2023_5_10_1_1,2023,5,10,78,2,1,0,0,,,76.824939504
4385962873,2,2023_5_10_1_1,2023,5,10,19,2,1,0,0,,,85.038344335
4385962874,2,2023_5_10_1_1,2023,5,10,72,2,1,0,0,,,40.076931194
4385962876,2,2023_5_10_1_1,2023,5,10,80,2,4,0,0,,,86.088053632
4385962878,2,2023_5_10_1_1,2023,5,10,59,2,1,0,0,,,102.24858839
4385962882,2,2023_5_10_1_1,2023,5,10,50,1,1,0,0,,,44.909179549
4385962884,2,2023_5_10_1_1,2023,5,10,50,1,1,0,0,,,85.038344335
4385962888,2,2023_5_10_1_1,2023,5,10,60,1,1,0,0,,,347.65648834
4385962889,2,2023_5_10_1_1,2023,5,10,74,1,1,0,0,,,76.824939504
4385962894,2,2023_5_10_1_1,2023,5,10,85,1,1,1.999671255,11.001808098,,,86.088053632
4385962902,2,2023_5_10_1_1,2023,5,10,-3,-3,-3,0,0,1,,44.909179549
4385962925,2,2023_5_10_1_1,2023,5,10,53,2,1,0,0,,,85.038344335
4385962929,2,2023_5_10_1_1,2023,5,10,72,1,1,0,0,,,44.909179549
4385962935,2,2023_5_10_1_1,2023,5,10,26,2,1,0,0,,,347.65648834
4385962937,2,2023_5_10_1_1,2023,5,10,39,2,2,0,0,,,181.3604443
4385962944,2,2023_5_10_1_1,2023,5,10,53,1,1,5.999013765,5.0008218625,,,181.3604443
4385962945,2,2023_5_10_1_1,2023,5,10,75,1,1,0,0,,,76.824939504
4385962949,2,2023_5_10_1_1,2023,5,10,-3,-3,-3,0,0,,,182.66831641
4385962951,2,2023_5_10_1_1,2023,5,10,73,2,1,0,0,,,86.088053632
4385962953,2,2023_5_10_1_1,2023,5,10,66,2,1,0,0,,,40.076931194
4385962956,2,2023_5_10_1_1,2023,5,10,61,2,1,0,0,,,76.824939504
4385962959,2,2023_5_10_1_1,2023,5,10,62,1,1,0.9998356275,1.0001643725,,,95.291784089
4385962961,2,2023_5_10_1_1,2023,5,10,69,2,1,0,0,,,40.076931194
4385962965,2,2023_5_10_1_1,2023,5,10,66,2,1,0,0,,,85.471678741
4385962970,2,2023_5_10_1_1,2023,5,10,-3,1,1,0,0,,,163.65938484
4385962971,2,2023_5_10_1_1,2023,5,10,63,1,2,0,0,,,95.52624192
4385962981,2,2023_5_10_1_1,2023,5,10,66,2,1,0,0,,,40.076931194
4385962983,2,2023_5_10_1_1,2023,5,10,75,2,1,0,0,,,92.372936921
4385962985,2,2023_5_10_1_1,2023,5,10,52,2,1,0,0,,,95.291784089
4385962986,2,2023_5_10_1_1,2023,5,10,42,2,1,0,0,,,181.3604443
4385962987,2,2023_5_10_1_1,2023,5,10,34,2,1,0,0,,,181.3604443
4385962988,2,2023_5_10_1_1,2023,5,10,53,2,1,3.99934251,2.000328745,,,44.909179549
4385962989,2,2023_5_10_1_1,2023,5,10,34,1,1,0,0,,,85.038344335
4385962990,2,2023_5_10_1_1,2023,5,10,57,2,1,0,0,,,76.824939504
4385962991,2,2023_5_10_1_1,2023,5,10,42,1,1,0,0,,,181.3604443
4385962998,2,2023_5_10_1_1,2023,5,10,66,1,1,0,0,,,76.824939504
4385963002,2,2023_5_10_1_1,2023,5,10,43,2,1,0,0,,,181.3604443
4385963005,2,2023_5_10_1_1,2023,5,10,39,2,1,0,0,,,163.01312162
4385963011,2,2023_5_10_1_1,2023,5,10,70,1,1,0,0,,,40.076931194
4385963016,2,2023_5_10_1_1,2023,5,10,67,1,1,3.99934251,0,,,40.076931194
4385963017,2,2023_5_10_1_1,2023,5,10,47,2,1,0,0,,,95.291784089
4385963018,2,2023_5_10_1_1,2023,5,10,61,2,1,0,0,,1,44.909179549
4385963019,2,2023_5_10_1_1,2023,5,10,67,2,1,0,0,,,40.076931194
4385963021,2,2023_5_10_1_1,2023,5,10,10,2,1,0,0,,,385.77150265
4385963028,2,2023_5_10_1_1,2023,5,10,70,2,1,0,1.0001643725,,,40.076931194
4385963038,2,2023_5_10_1_1,2023,5,10,64,1,1,0,0,,,85.038344335
4385963053,2,2023_5_10_1_1,2023,5,10,-3,-3,-3,0,0,1,1,76.824939504
4385963059,2,2023_5_10_1_1,2023,5,10,62,2,1,0,0,,,85.038344335
4385963060,2,2023_5_10_1_1,2023,5,10,70,1,-3,0,0,,,40.076931194
4385963064,2,2023_5_10_1_1,2023,5,10,78,1,1,0,0,,,76.824939504
4385963067,2,2023_5_10_1_1,2023,5,10,64,2,1,0,0,,,40.076931194
4385963073,2,2023_5_10_1_1,2023,5,10,52,2,1,1.999671255,0,,,85.038344335
4385963074,2,2023_5_10_1_1,2023,5,10,62,1,1,1.999671255,0,,,76.824939504
4385963080,2,2023_5_10_1_1,2023,5,10,73,2,1,0,0,,,76.824939504
4385963082,2,2023_5_10_1_1,2023,5,10,37,2,1,1.999671255,0,,,181.3604443
4385963083,2,2023_5_10_1_1,2023,5,10,62,2,1,0,0,,,163.01312162
4385963085,2,2023_5_10_1_1,2023,5,10,58,1,1,0,2.000328745,,,181.3604443
4385963089,2,2023_5_10_1_1,2023,5,10,46,2,1,0,0,,,181.3604443
4385963090,2,2023_5_10_1_1,2023,5,10,69,1,1,0,0,,,86.088053632
4385963100,2,2023_5_10_1_1,2023,5,10,46,2,1,0,0,,,181.3604443
4385963101,2,2023_5_10_1_1,2023,5,10,53,1,1,0,0,1,,95.291784089
4385963102,2,2023_5_10_1_1,2023,5,10,53,2,1,0,3.0004931175,,,85.038344335
4385963116,2,2023_5_10_1_1,2023,5,10,69,2,1,0,0,,,40.076931194
4385963122,2,2023_5_10_1_1,2023,5,10,76,1,1,0,0,,,76.824939504
4385963124,2,2023_5_10_1_1,2023,5,10,15,2,3,0,0,,,432.28563568
4385963129,2,2023_5_10_1_1,2023,5,10,73,1,2,0,0,,,76.824939504
4385963130,2,2023_5_10_1_1,2023,5,10,62,2,1,0,0,,,85.038344335
4385963131,2,2023_5_10_1_1,2023,5,10,43,2,1,0,0,,,347.65648834
4385963133,2,2023_5_10_1_1,2023,5,10,53,2,1,0,0,,,163.01312162
4385963135,2,2023_5_10_1_1,2023,5,10,65,1,2,0,0,,,85.471678741
4385963138,2,2023_5_10_1_1,2023,5,10,62,1,1,0,0,,,85.038344335
4385963142,2,2023_5_10_1_1,2023,5,10,66,1,1,0,0,,,76.824939504
4385963145,2,2023_5_10_1_1,2023,5,10,70,2,1,0,0,,,40.076931194
4385963151,2,2023_5_10_1_1,2023,5,10,80,1,1,0,6.000986235,,,92.372936921
4385963152,2,2023_5_10_1_1,2023,5,10,-3,-3,-3,0,0,1,1,131.61956429
4385963160,2,2023_5_10_1_1,2023,5,10,60,1,1,0.9998356275,0,,,95.291784089
4385963167,2,2023_5_10_1_1,2023,5,10,35,2,1,0,0,,,347.65648834
4385963175,2,2023_5_10_1_1,2023,5,10,34,2,1,0,0,,,181.3604443
4385963186,2,2023_5_10_1_1,2023,5,10,39,2,1,0,0,,,181.3604443
4385963187,2,2023_5_10_1_1,2023,5,10,52,2,1,1.999671255,2.000328745,,,85.038344335
4385963191,2,2023_5_10_1_1,2023,5,10,59,1,1,0,1.0001643725,,,163.01312162
4385963197,2,2023_5_10_1_1,2023,5,10,48,2,1,0,0,,,182.66831641
4385963201,2,2023_5_10_1_1,2023,5,10,65,2,1,0,0,,,40.076931194
4385963202,2,2023_5_10_1_1,2023,5,10,70,2,1,0,0,,,76.824939504
4385963203,2,2023_5_10_1_1,2023,5,10,74,2,4,0,0,,,76.824939504
4385963215,2,2023_5_10_1_1,2023,5,10,72,1,1,0,0,,,40.076931194
4385963220,2,2023_5_10_1_1,2023,5,10,47,2,1,0,0,,,159.45818543
4385963224,2,2023_5_10_1_1,2023,5,10,39,2,1,0,6.000986235,,,181.3604443
4385963225,2,2023_5_10_1_1,2023,5,10,65,2,1,0,0,,,76.824939504
4385963227,2,2023_5_10_1_1,2023,5,10,65,2,1,0,0,,,76.824939504
4385963228,2,2023_5_10_1_1,2023,5,10,74,2,1,0,0,,,44.909179549
4385963229,2,2023_5_10_1_1,2023,5,10,70,1,1,0,0,,,40.076931194
4385963231,2,2023_5_10_1_1,2023,5,10,41,1,1,0,0,,,85.038344335
4385963235,2,2023_5_10_1_1,2023,5,10,68,2,1,7.99868502,8.00131498,,,76.824939504
4385963237,2,2023_5_10_1_1,2023,5,10,67,2,1,0,0,,,40.076931194
4385963238,2,2023_5_10_1_1,2023,5,10,55,1,1,2.9995068825,0,,,85.038344335
4385963240,2,2023_5_10_1_1,2023,5,10,59,1,1,0,0,,,85.038344335
4385963243,2,2023_5_10_1_1,2023,5,10,67,2,1,0,0,,,25.523855621
4385963248,2,2023_5_10_1_1,2023,5,10,69,-5,1,0,0,,,52.401666279
4385963250,2,2023_5_10_1_1,2023,5,10,63,1,1,0,10.001643725,,,85.038344335
4385963251,2,2023_5_10_1_1,2023,5,10,74,2,1,0,0,,,76.824939504
4385963252,2,2023_5_10_1_1,2023,5,10,54,1,1,1.999671255,0,,,95.291784089
4385963253,2,2023_5_10_1_1,2023,5,10,54,2,1,0,0,,,85.038344335
4385963255,2,2023_5_10_1_1,2023,5,10,42,2,1,0,0,,,181.3604443
4385963256,2,2023_5_10_1_1,2023,5,10,69,2,1,0,0,,,40.076931194
4385963258,2,2023_5_10_1_1,2023,5,10,62,1,1,3.99934251,3.0004931175,,,85.038344335
4385963262,2,2023_5_10_1_1,2023,5,10,83,2,1,0,0,,,76.824939504
4385963264,2,2023_5_10_1_1,2023,5,10,73,2,1,0,0,,,76.824939504
4385963266,2,2023_5_10_1_1,2023,5,10,36,2,1,0,0,,,181.3604443
4385963268,2,2023_5_10_1_1,2023,5,10,57,1,1,0,0,,,95.291784089
4385963269,2,2023_5_10_1_1,2023,5,10,60,2,1,0,0,,,202.69499713
4385963275,2,2023_5_10_1_1,2023,5,10,36,1,1,0,4.00065749,,,203.72788079
4385963285,2,2023_5_10_1_1,2023,5,10,49,2,1,0,0,,,85.038344335
4385963287,2,2023_5_10_1_1,2023,5,10,52,1,1,0,0,,,76.824939504
4385963291,2,2023_5_10_1_1,2023,5,10,64,1,2,0,0,,,163.01312162
4385963292,2,2023_5_10_1_1,2023,5,10,40,1,1,0,2.000328745,,,163.84379624
4385963296,2,2023_5_10_1_1,2023,5,10,25,2,1,0,12.00197247,,,181.3604443
4385963300,2,2023_5_10_1_1,2023,5,10,69,2,1,0,0,,,44.909179549
4385963307,2,2023_5_10_1_1,2023,5,10,72,1,1,0,1.0001643725,,,76.824939504
4385963308,2,2023_5_10_1_1,2023,5,10,26,2,4,0,0,,,85.038344335
4385963312,2,2023_5_10_1_1,2023,5,10,22,2,1,0,0,,,107.0442527
4385963317,2,2023_5_10_1_1,2023,5,10,29,1,1,0,0,,,227.1348067
4385963318,2,2023_5_10_1_1,2023,5,10,65,2,1,1.999671255,0,,,76.824939504
4385963319,2,2023_5_10_1_1,2023,5,10,29,1,1,0,1.0001643725,,,181.3604443
4385963326,2,2023_5_10_1_1,2023,5,10,31,1,1,0,0,,,95.291784089
4385963332,2,2023_5_10_1_1,2023,5,10,51,2,1,0,0,,,95.291784089
4385963334,2,2023_5_10_1_1,2023,5,10,55,1,1,0,2.000328745,,,163.01312162
4385963336,2,2023_5_10_1_1,2023,5,10,37,1,1,0,0,,,181.3604443
4385963348,2,2023_5_10_1_1,2023,5,10,-3,1,-3,0,0,,,131.61956429
4385963350,2,2023_5_10_1_1,2023,5,10,61,2,1,9.998356275,0,,,85.038344335
4385963351,2,2023_5_10_1_1,2023,5,10,73,2,1,0,0,,,76.824939504
4385963354,2,2023_5_10_1_1,2023,5,10,0,1,1,0,0,,,76.274886834
4385963356,2,2023_5_10_1_1,2023,5,10,55,1,1,0,0,,,85.038344335
4385963358,2,2023_5_10_1_1,2023,5,10,67,2,1,0,0,,,44.909179549
4385963364,2,2023_5_10_1_1,2023,5,10,50,1,1,0,0,,,95.291784089
4385963368,2,2023_5_10_1_1,2023,5,10,-3,-3,-3,0,0,1,1,68.661404173
4385963369,2,2023_5_10_1_1,2023,5,10,74,2,1,0,0,,,40.076931194
4385963370,2,2023_5_10_1_1,2023,5,10,59,2,1,0,0,,,44.909179549
4385963371,2,2023_5_10_1_1,2023,5,10,71,2,1,0,0,,,40.076931194
4385963372,2,2023_5_10_1_1,2023,5,10,69,1,1,0,0,,,85.471678741
4385963376,2,2023_5_10_1_1,2023,5,10,55,2,1,0,0,,,40.076931194
4385963378,2,2023_5_10_1_1,2023,5,10,71,2,1,0,0,,,76.824939504
4385963380,2,2023_5_10_1_1,2023,5,10,70,1,1,0,0,,,40.076931194
4385963384,2,2023_5_10_1_1,2023,5,10,78,2,1,0,0,,,40.076931194
4385963386,2,2023_5_10_1_1,2023,5,10,70,2,1,0,0,,,76.824939504
4385963389,2,2023_5_10_1_1,2023,5,10,71,1,1,0.9998356275,1.0001643725,,,40.076931194
4385963392,2,2023_5_10_1_1,2023,5,10,40,2,1,1.999671255,0,,,181.3604443
4385963393,2,2023_5_10_1_1,2023,5,10,70,2,1,1.999671255,0,,,40.076931194
4385963398,2,2023_5_10_1_1,2023,5,10,56,1,1,9.998356275,0,,,182.66831641
4385963399,2,2023_5_10_1_1,2023,5,10,33,1,1,0,0,,,181.3604443
4385963400,2,2023_5_10_1_1,2023,5,10,79,2,1,0,0,,,103.51074012
4385963401,2,2023_5_10_1_1,2023,5,10,47,1,1,0,0,,,227.1348067
4385963402,2,2023_5_10_1_1,2023,5,10,71,1,1,0,10.001643725,,,40.076931194
4385963404,2,2023_5_10_1_1,2023,5,10,64,2,1,0,0,,,40.076931194
4385963409,2,2023_5_10_1_1,2023,5,10,42,1,3,0,0,,,181.3604443
4385963412,2,2023_5_10_1_1,2023,5,10,62,2,1,3.99934251,0,,,85.038344335
4385963415,2,2023_5_10_1_1,2023,5,10,70,1,1,0,0,,,40.076931194
4385963416,2,2023_5_10_1_1,2023,5,10,68,1,1,0,0,,,40.076931194
4385963420,2,2023_5_10_1_1,2023,5,10,37,2,1,0,0,,,181.3604443
4385963421,2,2023_5_10_1_1,2023,5,10,13,2,1,0,2.000328745,,,161.84597716
4385963424,2,2023_5_10_1_1,2023,5,10,68,2,1,0,0,,,40.076931194
4385963425,2,2023_5_10_1_1,2023,5,10,66,2,1,0,0,,,40.076931194
4385963428,2,2023_5_10_1_1,2023,5,10,77,1,2,0,0,,,76.824939504
4385963429,2,2023_5_10_1_1,2023,5,10,64,1,1,0,0,,,85.038344335
4385963439,2,2023_5_10_1_1,2023,5,10,45,1,1,0,0,,,181.3604443
4385963441,2,2023_5_10_1_1,2023,5,10,47,2,1,0,0,,,85.038344335
4385963443,2,2023_5_10_1_1,2023,5,10,69,2,-3,0,0,,,40.076931194
4385963444,2,2023_5_10_1_1,2023,5,10,65,2,1,0,0,,,40.076931194
4385963447,2,2023_5_10_1_1,2023,5,10,60,2,1,0,4.00065749,,,86.088053632
4385963449,2,2023_5_10_1_1,2023,5,10,83,1,1,0,1.0001643725,,,44.909179549
4385963456,2,2023_5_10_1_1,2023,5,10,65,2,1,0,0,,,40.076931194
4385963460,2,2023_5_10_1_1,2023,5,10,-3,1,1,11.933905731,12.623359782,,,170.82608742
4385963461,2,2023_5_10_1_1,2023,5,10,70,1,1,0,4.00065749,,,76.824939504
4385963465,2,2023_5_10_1_1,2023,5,10,66,1,1,0,0,,,40.076931194
4385963467,2,2023_5_10_1_1,2023,5,10,65,2,1,3.99934251,5.0008218625,,,40.076931194
4385963469,2,2023_5_10_1_1,2023,5,10,74,2,1,0,0,,,76.824939504
4385963470,2,2023_5_10_1_1,2023,5,10,60,2,1,3.99934251,4.00065749,,,163.01312162
4385963471,2,2023_5_10_1_1,2023,5,10,78,1,1,0,0,,,40.076931194
4385963472,2,2023_5_10_1_1,2023,5,10,69,2,1,0,0,,,40.076931194
4385963473,2,2023_5_10_1_1,2023,5,10,-3,-3,-3,0,0,1,1,76.824939504
4385963474,2,2023_5_10_1_1,2023,5,10,72,2,1,4.9991781375,2.000328745,,,40.076931194
4385963477,2,2023_5_10_1_1,2023,5,10,54,2,1,14.997534412,5.0008218625,,,85.038344335
4385963479,2,2023_5_10_1_1,2023,5,10,64,1,1,0,0,,,85.038344335
4385963480,2,2023_5_10_1_1,2023,5,10,75,1,1,3.99934251,4.00065749,,,25.523855621
4385963486,2,2023_5_10_1_1,2023,5,10,53,1,1,5.999013765,1.0001643725,,,85.038344335
4385963487,2,2023_5_10_1_1,2023,5,10,43,2,1,0,0,,,181.3604443
4385963495,2,2023_5_10_1_1,2023,5,10,65,2,1,2.9995068825,2.000328745,,,40.076931194
4385963496,2,2023_5_10_1_1,2023,5,10,75,1,1,0,1.0001643725,,,76.824939504
4385963497,2,2023_5_10_1_1,2023,5,10,70,2,2,0,0,,,40.076931194
4385963503,2,2023_5_10_1_1,2023,5,10,30,2,1,0,0,,,227.1348067
4385963504,2,2023_5_10_1_1,2023,5,10,71,1,1,0,0,,,40.076931194
4385963511,2,2023_5_10_1_1,2023,5,10,63,1,1,0,0,,,85.038344335
4385963512,2,2023_5_10_1_1,2023,5,10,21,2,2,0,0,,,347.65648834
4385963519,2,2023_5_10_1_1,2023,5,10,61,2,1,0,0,,,40.076931194
4385963530,2,2023_5_10_1_1,2023,5,10,42,2,1,0,0,,,181.3604443
4385963535,2,2023_5_10_1_1,2023,5,10,30,1,1,2.9995068825,10.001643725,,,40.076931194
4385963541,2,2023_5_10_1_1,2023,5,10,47,1,1,2.9995068825,0,,,181.3604443
4385963542,2,2023_5_10_1_1,2023,5,10,-3,-3,-3,0,0,1,1,85.038344335
4385963544,2,2023_5_10_1_1,2023,5,10,65,1,1,0,1.0001643725,,,40.076931194
4385963547,2,2023_5_10_1_1,2023,5,10,70,2,1,0,0,,,40.076931194
4385963548,2,2023_5_10_1_1,2023,5,10,63,2,1,0,0,,,85.038344335
4385963549,2,2023_5_10_1_1,2023,5,10,72,2,1,4.9991781375,0,,,40.076931194
4385963550,2,2023_5_10_1_1,2023,5,10,50,2,1,0,0,,,86.088053632
4385963551,2,2023_5_10_1_1,2023,5,10,70,2,1,0,0,,,40.076931194
4385963552,2,2023_5_10_1_1,2023,5,10,56,1,1,0,0,,,85.038344335
4385963553,2,2023_5_10_1_1,2023,5,10,54,2,1,0,0,,,181.3604443
4385963557,2,2023_5_10_1_1,2023,5,10,59,1,1,0,0,,,202.69499713
4385963565,2,2023_5_10_1_1,2023,5,10,64,1,2,0,10.001643725,,,40.076931194
4385963569,2,2023_5_10_1_1,2023,5,10,65,2,1,0,0,,,40.076931194
4385963571,2,2023_5_10_1_1,2023,5,10,50,2,3,0,0,,,95.291784089
4385963575,2,2023_5_10_1_1,2023,5,10,67,2,1,0,0,,,40.076931194
4385963580,2,2023_5_10_1_1,2023,5,10,51,1,1,0,0,,,95.291784089
4385963582,2,2023_5_10_1_1,2023,5,10,59,2,1,0,0,,,85.038344335
4385963583,2,2023_5_10_1_1,2023,5,10,-3,-3,-3,0,0,1,1,44.909179549
4385963585,2,2023_5_10_1_1,2023,5,10,45,1,1,0,3.0004931175,,,85.471678741
4385963591,2,2023_5_10_1_0,2023,5,10,48,1,1,0,0,,,1449.0635555
4385963594,2,2023_5_10_1_0,2023,5,10,84,1,1,0,0,,,613.82855791
4385963606,2,2023_5_10_1_0,2023,5,10,28,1,2,0,0,,,679.45337292
4385963610,2,2023_5_10_1_0,2023,5,10,56,2,2,0,0,,,358.82276117
4385963615,2,2023_5_10_1_0,2023,5,10,70,1,3,0,0,,,358.82276117
4385963617,2,2023_5_10_1_0,2023,5,10,34,2,2,0,0,,,761.37799503
4385963618,2,2023_5_10_1_0,2023,5,10,78,2,1,0,0,,,687.84051319
4385963621,2,2023_5_10_1_0,2023,5,10,70,1,1,0,0,,,613.82855791
4385963623,2,2023_5_10_1_0,2023,5,10,10,-3,1,0,0,,,3453.9469874
4385963630,2,2023_5_10_1_0,2023,5,10,14,1,1,0,0,,,1293.1436511
4385963636,2,2023_5_10_1_0,2023,5,10,69,2,1,0,0,,,763.25130483
4385963637,2,2023_5_10_1_0,2023,5,10,64,1,1,0,0,,,1302.4690942
4385963641,2,2023_5_10_1_0,2023,5,10,78,1,1,0,0,,,275.33321499
4385963662,2,2023_5_10_1_0,2023,5,10,61,2,1,0,0,,,763.25130483
4385963665,2,2023_5_10_1_0,2023,5,10,-3,1,-3,0,0,,,1051.635678
4385963666,2,2023_5_10_1_0,2023,5,10,63,1,1,0,0,,,687.84051319
4385963668,2,2023_5_10_1_0,2023,5,10,74,1,2,0,0,,,682.91569954
4385963672,2,2023_5_10_1_0,2023,5,10,74,2,1,0,0,,,613.82855791
4385963674,2,2023_5_10_1_0,2023,5,10,45,2,1,0,0,,,1619.5258804
4385963693,2,2023_5_10_1_0,2023,5,10,54,1,1,0,0,,,2777.763084
4385963705,2,2023_5_10_1_0,2023,5,10,71,1,1,0,0,,,763.25130483
4385963708,2,2023_5_10_1_0,2023,5,10,15,1,1,0,0,,,3082.3007045
4385963712,2,2023_5_10_1_0,2023,5,10,62,1,1,0,0,,,1459.5134075
4385963718,2,2023_5_10_1_0,2023,5,10,32,1,4,0,0,,,1449.0635555
4385963720,2,2023_5_10_1_0,2023,5,10,34,2,1,0,0,,,679.45337292
4385963728,2,2023_5_10_1_0,2023,5,10,72,2,1,0,0,,,613.82855791
4385963732,2,2023_5_10_1_0,2023,5,10,63,1,1,0,0,,,1302.4690942
4385963736,2,2023_5_10_1_0,2023,5,10,19,2,3,0,0,,,4516.1286553
4385963746,2,2023_5_10_1_0,2023,5,10,35,2,1,0,0,,,761.37799503
4385963750,2,2023_5_10_1_0,2023,5,10,62,2,1,0,0,,,687.84051319
4385963752,2,2023_5_10_1_0,2023,5,10,64,2,1,0,0,,,1459.5134075
4385963756,2,2023_5_10_1_0,2023,5,10,59,2,1,0,0,,,613.82855791
4385963764,2,2023_5_10_1_0,2023,5,10,70,1,1,0,0,,,320.21326719
4385963776,2,2023_5_10_1_0,2023,5,10,72,2,1,0,0,,,320.21326719
4385963777,2,2023_5_10_1_0,2023,5,10,69,2,4,0,0,,,358.82276117
4385963787,2,2023_5_10_1_0,2023,5,10,40,2,1,0,0,,,358.82276117
4385963790,2,2023_5_10_1_0,2023,5,10,78,2,1,0,0,,,358.82276117
4385963792,2,2023_5_10_1_0,2023,5,10,51,2,-3,0,0,,,682.91569954
4385963799,2,2023_5_10_1_0,2023,5,10,48,1,1,0,0,,,1449.0635555
4385963801,2,2023_5_10_1_0,2023,5,10,62,1,1,0,0,,,761.37799503
4385963805,2,2023_5_10_1_0,2023,5,10,23,1,1,0,0,,,679.45337292
4385963806,2,2023_5_10_1_0,2023,5,10,51,2,2,0,0,,,1449.0635555
4385963809,2,2023_5_10_1_0,2023,5,10,-3,-3,-3,0,0,1,1,763.25130483
4385963811,2,2023_5_10_1_0,2023,5,10,71,2,1,0,0,,,320.21326719
4385963814,2,2023_5_10_1_0,2023,5,10,62,1,1,0,0,,,1459.5134075
4385963818,2,2023_5_10_1_0,2023,5,10,76,2,1,0,0,,,320.21326719
4385963821,2,2023_5_10_1_0,2023,5,10,-3,-3,-3,0,0,1,1,320.21326719
4385963822,2,2023_5_10_1_0,2023,5,10,-3,-3,-3,0,0,1,1,1051.635678
4385963830,2,2023_5_10_1_0,2023,5,10,28,2,1,0,0,,,679.45337292
4385963841,2,2023_5_10_1_0,2023,5,10,45,2,1,0,0,,,2777.763084
4385963848,2,2023_5_10_1_0,2023,5,10,73,1,1,0,0,,,1463.1044238
4385963852,2,2023_5_10_1_0,2023,5,10,28,1,1,0,0,,,1619.5258804
4385963854,2,2023_5_10_1_0,2023,5,10,19,1,2,0,0,,,1814.7990971
4385963859,2,2023_5_10_1_0,2023,5,10,65,2,1,0,0,,,613.82855791
4385963860,2,2023_5_10_1_0,2023,5,10,65,2,1,0,0,,,855.27980483
4385963870,2,2023_5_10_1_0,2023,5,10,55,1,1,0,0,,,761.37799503
4385963871,2,2023_5_10_1_0,2023,5,10,54,2,1,0,0,,,1245.9675108
4385963883,2,2023_5_10_1_0,2023,5,10,90,2,1,0,0,,,613.82855791
4385963884,2,2023_5_10_1_0,2023,5,10,56,2,1,0,0,,,687.84051319
4385963885,2,2023_5_10_1_0,2023,5,10,57,1,1,0,0,,,3453.9469874
4385963887,2,2023_5_10_1_0,2023,5,10,55,1,1,0,0,,,679.45337292
4385963889,2,2023_5_10_1_0,2023,5,10,-3,-3,-3,0,0,1,1,613.82855791
4385963892,2,2023_5_10_1_0,2023,5,10,66,2,1,0,0,,,320.21326719
4385963900,2,2023_5_10_1_0,2023,5,10,64,2,4,0,0,,,613.82855791
4385963907,2,2023_5_10_1_0,2023,5,10,57,2,4,0,0,,,613.82855791
4385963908,2,2023_5_10_1_0,2023,5,10,47,1,1,0,0,,,761.37799503
4385963921,2,2023_5_10_1_0,2023,5,10,42,2,1,0,0,,,2777.763084
4385963924,2,2023_5_10_1_0,2023,5,10,72,2,1,0,0,,,418.68746597
4385963927,2,2023_5_10_1_0,2023,5,10,67,2,1,0,0,,,613.82855791
4385963929,2,2023_5_10_1_0,2023,5,10,69,2,1,0,0,,,320.21326719
4385963933,2,2023_5_10_1_0,2023,5,10,71,2,1,0,0,,,613.82855791
4385963940,2,2023_5_10_1_0,2023,5,10,56,1,1,0,0,,,679.45337292
4385963949,2,2023_5_10_1_0,2023,5,10,73,2,1,0,4.00065749,,,320.21326719
4385963966,2,2023_5_10_1_0,2023,5,10,53,1,1,0,0,1,1,2777.763084
4385963967,2,2023_5_10_1_0,2023,5,10,67,1,1,0,0,,,320.21326719
4385963971,2,2023_5_10_1_0,2023,5,10,57,1,1,0,0,,,1302.4690942
4385963973,2,2023_5_10_1_0,2023,5,10,71,1,1,0,0,,,763.25130483
4385963981,2,2023_5_10_1_0,2023,5,10,24,1,3,0,0,,,1619.5258804
4385963988,2,2023_5_10_1_0,2023,5,10,-3,-3,-3,0,0,1,1,614.7495304
4385964005,2,2023_5_10_1_0,2023,5,10,54,2,1,0,0,,,679.45337292
4385964006,2,2023_5_10_1_0,2023,5,10,54,1,1,0,0,,,1245.9675108
4385964014,2,2023_5_10_1_0,2023,5,10,39,2,2,0,0,,,1449.0635555
4385964017,2,2023_5_10_1_0,2023,5,10,30,2,2,0,0,,,1449.0635555
4385964038,2,2023_5_10_1_0,2023,5,10,56,2,1,0,0,,,1449.0635555
4385964041,2,2023_5_10_1_0,2023,5,10,52,1,1,0,0,,,1449.0635555
4385964045,2,2023_5_10_1_0,2023,5,10,48,1,1,0,0,,,1449.0635555
4385964052,2,2023_5_10_1_0,2023,5,10,78,2,2,0,0,,,613.82855791
4385964059,2,2023_5_10_1_0,2023,5,10,63,1,2,0,0,,,358.82276117
4385964091,2,2023_5_10_1_0,2023,5,10,51,1,2,0,0,,,679.45337292
4385964096,2,2023_5_10_1_0,2023,5,10,64,1,1,0,0,,,1302.4690942
4385964118,2,2023_5_10_1_0,2023,5,10,46,1,1,0,0,,,1449.0635555
4385964119,2,2023_5_10_1_0,2023,5,10,38,1,2,0,0,,,6620.9976775
4385964129,2,2023_5_10_1_0,2023,5,10,54,1,1,0,0,,,1459.5134075
4385964131,2,2023_5_10_1_0,2023,5,10,39,2,1,0,0,,,1449.0635555
4385964137,2,2023_5_10_1_0,2023,5,10,74,2,-3,0,0,,,613.82855791
4385964139,2,2023_5_10_1_0,2023,5,10,61,2,1,0,0,,,679.45337292
4385964143,2,2023_5_10_1_0,2023,5,10,60,1,1,0,0,,,613.82855791
4385964145,2,2023_5_10_1_0,2023,5,10,86,2,1,0,0,,,613.82855791
4385964147,2,2023_5_10_1_0,2023,5,10,78,1,1,0,0,,,1309.1061551
4385964156,2,2023_5_10_1_0,2023,5,10,41,2,1,0,0,,,1449.0635555
4385964164,2,2023_5_10_1_0,2023,5,10,53,2,1,0,0,,,679.45337292
4385964179,2,2023_5_10_1_0,2023,5,10,50,2,1,0,0,,,1449.0635555
4385964191,2,2023_5_10_1_0,2023,5,10,84,2,1,0,0,,,1639.5172312
4385964192,2,2023_5_10_1_0,2023,5,10,-3,1,2,0,0,,,1449.0635555
4385964200,2,2023_5_10_1_0,2023,5,10,58,2,3,0,0,,,1459.5134075
4385964201,2,2023_5_10_1_0,2023,5,10,41,2,1,0,0,,,1449.0635555
4385964214,2,2023_5_10_1_0,2023,5,10,45,2,1,0,0,,,761.37799503
4385964223,2,2023_5_10_1_0,2023,5,10,54,2,5,0,0,,,679.45337292
4385964226,2,2023_5_10_1_0,2023,5,10,31,2,1,0,4.00065749,,,1302.4690942
4385964229,2,2023_5_10_1_0,2023,5,10,53,1,1,0,0,,,679.45337292
4385964238,2,2023_5_10_1_0,2023,5,10,27,2,1,0,0,,,679.45337292
4385964265,2,2023_5_10_1_0,2023,5,10,79,2,1,0,0,,,320.21326719
4385964270,2,2023_5_10_1_0,2023,5,10,24,2,1,0,0,,,1619.5258804
4385964271,2,2023_5_10_1_0,2023,5,10,58,2,4,0,0,,,1302.4690942
4385964274,2,2023_5_10_1_0,2023,5,10,9,1,1,0,0,,,2777.763084
4385964275,2,2023_5_10_1_0,2023,5,10,67,2,1,0,0,,,687.84051319
4385964276,2,2023_5_10_1_0,2023,5,10,75,2,1,0,0,,,613.82855791
4385964278,2,2023_5_10_1_0,2023,5,10,79,2,1,0,0,,,613.82855791
4385964281,2,2023_5_10_1_0,2023,5,10,16,2,1,0.9998356275,0,,,1449.0635555
4385964282,2,2023_5_10_1_0,2023,5,10,86,2,1,0,0,,1,613.82855791
4385964284,2,2023_5_10_1_0,2023,5,10,-3,1,1,0,0,,,613.82855791
4385964298,2,2023_5_10_1_0,2023,5,10,62,2,1,0,0,,,320.21326719
4385964304,2,2023_5_10_1_0,2023,5,10,56,2,1,0,0,,,1459.5134075
4385964306,2,2023_5_10_1_0,2023,5,10,61,2,1,0,0,,,1302.4690942
4385964313,2,2023_5_10_1_0,2023,5,10,35,1,1,0,0,,,1302.4690942
4385964325,2,2023_5_10_1_0,2023,5,10,31,1,1,0,0,,,679.45337292
4385964327,2,2023_5_10_1_0,2023,5,10,62,2,1,0,0,,,613.82855791
4385964330,2,2023_5_10_1_0,2023,5,10,69,2,1,0,0,,,687.84051319
4385964348,2,2023_5_10_1_0,2023,5,10,55,1,1,0,0,,,1449.0635555
4385964354,2,2023_5_10_1_0,2023,5,10,52,1,1,0,0,,,679.45337292
4385964359,2,2023_5_10_1_0,2023,5,10,72,2,1,0,0,,,687.84051319
4385964360,2,2023_5_10_1_0,2023,5,10,16,1,2,0,0,,,3082.3007045
4385964364,2,2023_5_10_1_0,2023,5,10,71,2,1,0,0,,,613.82855791
4385964373,2,2023_5_10_1_0,2023,5,10,76,2,1,0,0,,,613.82855791
4385964377,2,2023_5_10_1_0,2023,5,10,24,1,1,0,0,,,1302.4690942
4385964380,2,2023_5_10_1_0,2023,5,10,71,2,3,0,0,,,687.84051319
4385964381,2,2023_5_10_1_0,2023,5,10,67,1,1,0,0,,,687.84051319
4385964389,2,2023_5_10_1_0,2023,5,10,60,1,3,0,0,,,1619.5258804
4385964393,2,2023_5_10_1_0,2023,5,10,29,1,4,0,0,,,679.45337292
4385964403,2,2023_5_10_1_0,2023,5,10,64,2,3,0,0,,,679.45337292
4385964410,2,2023_5_10_1_0,2023,5,10,-3,-3,-3,0,0,,,320.21326719
4385964413,2,2023_5_10_1_0,2023,5,10,76,1,2,0,0,,,358.82276117
4385964425,2,2023_5_10_1_0,2023,5,10,73,1,2,0,0,,,320.21326719
4385964431,2,2023_5_10_1_0,2023,5,10,68,2,3,0,0,,,613.82855791
4385964439,2,2023_5_10_1_0,2023,5,10,47,1,1,0,0,,,679.45337292
4385964449,2,2023_5_10_1_0,2023,5,10,58,1,1,0,0,,,679.45337292
4385964450,2,2023_5_10_1_0,2023,5,10,45,1,1,0,0,,,320.21326719
4385964456,2,2023_5_10_1_0,2023,5,10,41,1,1,0,0,,,1449.0635555
4385964469,2,2023_5_10_1_0,2023,5,10,60,2,3,0,0,,,1449.0635555
4385964482,2,2023_5_10_1_0,2023,5,10,53,1,1,0,0,,,1459.5134075
4385964485,2,2023_5_10_1_0,2023,5,10,88,1,1,0,0,,,613.82855791
4385964495,2,2023_5_10_1_0,2023,5,10,-3,-3,-3,0,0,1,1,687.84051319
4385964496,2,2023_5_10_1_0,2023,5,10,48,1,1,0,0,,,613.82855791
4385964500,2,2023_5_10_1_0,2023,5,10,64,1,2,0,0,,,613.82855791
4385964503,2,2023_5_10_1_0,2023,5,10,67,2,1,0,0,,,320.21326719
4385964505,2,2023_5_10_1_0,2023,5,10,39,2,1,0,0,,,1449.0635555
4385964506,2,2023_5_10_1_0,2023,5,10,70,1,1,0,0,,,613.82855791
4385964509,2,2023_5_10_1_0,2023,5,10,65,2,1,0,0,,,613.82855791
4385964514,2,2023_5_10_1_0,2023,5,10,83,2,1,0,0,,,320.21326719
4385964518,2,2023_5_10_1_0,2023,5,10,33,2,1,0,0,,,679.45337292
4385964526,2,2023_5_10_1_0,2023,5,10,78,2,1,0,0,,,613.82855791
4385964529,2,2023_5_10_1_0,2023,5,10,88,2,1,0,0,,,613.82855791
4385964533,2,2023_5_10_1_0,2023,5,10,51,2,4,0,0,,,1449.0635555
4385964534,2,2023_5_10_1_0,2023,5,10,73,1,2,0,0,,,613.82855791
4385964554,2,2023_5_10_1_0,2023,5,10,66,1,1,0,0,,,469.17041859
4385964561,2,2023_5_10_1_0,2023,5,10,41,1,1,0,0,,,1449.0635555
4385964567,2,2023_5_10_1_0,2023,5,10,66,2,1,0,0,,,763.25130483
4385964569,2,2023_5_10_1_0,2023,5,10,51,2,1,0,0,,,1302.4690942
4385964571,2,2023_5_10_1_0,2023,5,10,34,2,1,0,0,,,1449.0635555
4385964577,2,2023_5_10_1_0,2023,5,10,62,1,1,0,0,,,1302.4690942
4385964578,2,2023_5_10_1_0,2023,5,10,80,1,1,0,0,,,613.82855791
4385964582,2,2023_5_10_1_0,2023,5,10,57,2,2,0,0,,,679.45337292
4385964583,2,2023_5_10_1_0,2023,5,10,70,2,1,0,0,,,613.82855791
4385964584,2,2023_5_10_1_0,2023,5,10,58,2,1,0,0,1,1,526.55123523
4385964594,2,2023_5_10_1_0,2023,5,10,56,2,1,0,0,,,1068.2006105
4385964598,2,2023_5_10_1_0,2023,5,10,66,2,1,0,0,,,320.21326719
4385964600,2,2023_5_10_1_0,2023,5,10,30,1,1,0,0,,,1449.0635555
4385964601,2,2023_5_10_1_0,2023,5,10,69,2,1,0,0,,,320.21326719
4385964606,2,2023_5_10_1_0,2023,5,10,65,2,1,0,0,,,613.82855791
4385964611,2,2023_5_10_1_0,2023,5,10,73,2,1,0,0,,,613.82855791
4385964614,2,2023_5_10_1_0,2023,5,10,60,2,1,0,0,,,320.21326719
4385964616,2,2023_5_10_1_0,2023,5,10,69,2,1,0,0,,,613.82855791
4385964622,2,2023_5_10_1_0,2023,5,10,27,2,1,0,0,,,679.45337292
4385964624,2,2023_5_10_1_0,2023,5,10,44,1,1,0,0,,,1449.0635555
4385964628,2,2023_5_10_1_0,2023,5,10,35,2,1,0,0,,,1449.0635555
4385964630,2,2023_5_10_1_0,2023,5,10,46,1,3,0,0,,,1459.5134075
4385964632,2,2023_5_10_1_0,2023,5,10,72,1,3,0,0,,,320.21326719
4385964633,2,2023_5_10_1_0,2023,5,10,55,2,2,0,0,,,1302.4690942
4385964635,2,2023_5_10_1_0,2023,5,10,23,2,3,0,0,,,1459.5134075
4385964639,2,2023_5_10_1_0,2023,5,10,-3,-3,-3,0,0,1,1,679.45337292
4385964642,2,2023_5_10_1_0,2023,5,10,59,1,1,0,0,,,1302.4690942
4385964648,2,2023_5_10_1_0,2023,5,10,76,1,1,0,0,,,613.82855791
4385964649,2,2023_5_10_1_0,2023,5,10,63,2,1,0,0,,,687.84051319
4385964653,2,2023_5_10_1_0,2023,5,10,74,1,1,0,0,,,613.82855791
4385964659,2,2023_5_10_1_0,2023,5,10,58,2,1,0,0,,,679.45337292
4385964670,2,2023_5_10_1_0,2023,5,10,53,2,1,0,0,,,679.45337292
4385964675,2,2023_5_10_1_0,2023,5,10,62,1,1,0,0,,,1814.7990971
4385964679,2,2023_5_10_1_0,2023,5,10,76,1,1,0,0,,,358.82276117
4385964693,2,2023_5_10_1_0,2023,5,10,76,2,1,0,0,,,613.82855791
4385964705,2,2023_5_10_1_0,2023,5,10,66,2,1,0,0,,,320.21326719
4385964709,2,2023_5_10_1_0,2023,5,10,73,1,1,0,0,,,320.21326719
4385964710,2,2023_5_10_1_0,2023,5,10,70,2,1,0,0,,,320.21326719
4385964711,2,2023_5_10_1_0,2023,5,10,-3,-3,-3,0,0,1,1,320.21326719
4385964716,2,2023_5_10_1_0,2023,5,10,45,1,3,0,0,,,1449.0635555
4385964721,2,2023_5_10_1_0,2023,5,10,-3,2,1,0,0,,,1051.635678
4385964722,2,2023_5_10_1_0,2023,5,10,66,2,1,0,0,,,320.21326719
4385964725,2,2023_5_10_1_0,2023,5,10,80,2,1,0,0,,,613.82855791
4385964726,2,2023_5_10_1_0,2023,5,10,68,1,3,0,0,,,613.82855791
4385964733,2,2023_5_10_1_0,2023,5,10,40,1,3,0,0,,,679.45337292
4385964734,2,2023_5_10_1_0,2023,5,10,71,1,1,0,0,,,687.84051319
4385964737,2,2023_5_10_1_0,2023,5,10,64,2,-3,0,0,,,679.45337292
4385964738,2,2023_5_10_1_0,2023,5,10,-3,-3,-3,0,0,1,1,1302.4690942
4385964740,2,2023_5_10_1_0,2023,5,10,85,2,1,0,0,,,613.82855791
4385964742,2,2023_5_10_1_0,2023,5,10,65,2,1,0,0,,,320.21326719
4385964743,2,2023_5_10_1_0,2023,5,10,74,2,1,0,0,,,320.21326719
4385964755,2,2023_5_10_1_0,2023,5,10,44,1,1,0,0,,,1449.0635555
4385964757,2,2023_5_10_1_0,2023,5,10,34,2,1,0,0,,,613.82855791
4385964789,2,2023_5_10_1_0,2023,5,10,70,2,4,0,0,,,418.68746597
4385964802,2,2023_5_10_1_0,2023,5,10,63,2,1,0,0,,,1459.5134075
4385964803,2,2023_5_10_1_0,2023,5,10,77,2,1,0,0,,,613.82855791
4385964804,2,2023_5_10_1_0,2023,5,10,67,1,1,0,0,,,613.82855791
4385964806,2,2023_5_10_1_0,2023,5,10,60,1,1,0,0,,,3104.5285674
4385964812,2,2023_5_10_1_0,2023,5,10,53,1,1,0,0,,,687.84051319
4385964813,2,2023_5_10_1_0,2023,5,10,53,1,3,0,0,,,679.45337292
4385964815,2,2023_5_10_1_0,2023,5,10,69,1,1,0,0,,,320.21326719
4385964818,2,2023_5_10_1_0,2023,5,10,79,2,1,0,0,,,320.21326719
4385964827,2,2023_5_10_1_0,2023,5,10,64,2,1,0,0,,,613.82855791
4385964829,2,2023_5_10_1_0,2023,5,10,56,2,1,0,0,,,320.21326719
4385964832,2,2023_5_10_1_0,2023,5,10,81,2,1,0,0,,,613.82855791
4385964837,2,2023_5_10_1_0,2023,5,10,66,1,1,0,0,,,320.21326719
4385964838,2,2023_5_10_1_0,2023,5,10,72,2,1,0,0,,,320.21326719
4385964846,2,2023_5_10_1_0,2023,5,10,60,1,1,0,0,,,613.82855791
4385964847,2,2023_5_10_1_0,2023,5,10,80,2,1,0,0,,,613.82855791
4385964850,2,2023_5_10_1_0,2023,5,10,75,1,1,0,0,,,320.21326719
4385964851,2,2023_5_10_1_0,2023,5,10,66,1,1,0,0,,,320.21326719
4385964854,2,2023_5_10_1_0,2023,5,10,65,2,1,0,0,,,687.84051319
4385964856,2,2023_5_10_1_0,2023,5,10,74,2,1,0,0,,,287.07000505
4385964859,2,2023_5_10_1_0,2023,5,10,72,1,5,0,0,,,613.82855791
4385964862,2,2023_5_10_1_0,2023,5,10,72,2,1,0,0,,,320.21326719
4385964864,2,2023_5_10_1_0,2023,5,10,78,2,1,0,0,,,613.82855791
4385964867,2,2023_5_10_1_0,2023,5,10,65,2,1,0,0,,,320.21326719
4385964871,2,2023_5_10_1_0,2023,5,10,85,1,1,0,0,,,613.82855791
4385964872,2,2023_5_10_1_0,2023,5,10,34,1,3,0,0,,,679.45337292
4385964874,2,2023_5_10_1_0,2023,5,10,55,1,2,0,0,,,1619.5258804
4385964876,2,2023_5_10_1_0,2023,5,10,66,1,1,0,2.000328745,,,687.84051319
4385964879,2,2023_5_10_1_0,2023,5,10,65,2,1,0,0,,,613.82855791
4385964881,2,2023_5_10_1_0,2023,5,10,71,1,1,0,0,,,687.84051319
4385964885,2,2023_5_10_1_0,2023,5,10,80,2,1,2.9995068825,0,,,320.21326719
4385964890,2,2023_5_10_1_0,2023,5,10,67,2,1,0,0,,,320.21326719
4385964893,2,2023_5_10_1_0,2023,5,10,72,1,1,0,0,,,613.82855791
4385964894,2,2023_5_10_1_0,2023,5,10,-3,-3,-3,0,0,1,1,320.21326719
4385964899,2,2023_5_10_1_0,2023,5,10,75,2,1,0,0,,,320.21326719
4385964906,2,2023_5_10_1_0,2023,5,10,84,2,1,0,0,,,613.82855791
4385964908,2,2023_5_10_1_0,2023,5,10,62,2,1,0,0,,,613.82855791
4385964912,2,2023_5_10_1_0,2023,5,10,82,1,1,0,0,,,320.21326719
4385964913,2,2023_5_10_1_0,2023,5,10,73,1,1,0,0,,,613.82855791
4385964915,2,2023_5_10_1_0,2023,5,10,81,1,1,0,0,,,320.21326719
4385964918,2,2023_5_10_1_0,2023,5,10,71,2,1,0,0,,,320.21326719
4385964920,2,2023_5_10_1_0,2023,5,10,79,2,1,0,0,,,358.82276117
4385964921,2,2023_5_10_1_0,2023,5,10,67,2,1,0,0,,,358.82276117
4385964924,2,2023_5_10_1_0,2023,5,10,63,2,1,0,0,,,320.21326719
4385964929,2,2023_5_10_1_0,2023,5,10,80,2,1,0,0,,,613.82855791
4385964932,2,2023_5_10_1_0,2023,5,10,70,1,1,1.999671255,0,,,320.21326719
4385964936,2,2023_5_10_1_0,2023,5,10,67,1,1,0,0,,,320.21326719
4385964937,2,2023_5_10_1_0,2023,5,10,61,2,1,0,0,,,320.21326719
4385964939,2,2023_5_10_1_0,2023,5,10,35,2,1,0,0,,,3453.9469874
4385964940,2,2023_5_10_1_0,2023,5,10,55,1,3,0,0,,,320.21326719
4385964942,2,2023_5_10_1_0,2023,5,10,34,1,3,0,0,,,679.45337292
4385964947,2,2023_5_10_1_0,2023,5,10,73,1,1,0,0,,,687.84051319
4385964948,2,2023_5_10_1_0,2023,5,10,74,1,1,0,0,,,613.82855791
4385964956,2,2023_5_10_1_0,2023,5,10,43,2,1,0,0,,,679.45337292
4385964962,2,2023_5_10_1_0,2023,5,10,52,1,1,0,0,,,358.82276117
4385964971,2,2023_5_10_1_0,2023,5,10,62,1,2,0,0,,,1814.7990971
4385964974,2,2023_5_10_1_0,2023,5,10,72,2,1,0,0,,,613.82855791
4385964981,2,2023_5_10_1_0,2023,5,10,55,2,-3,0,0,,,613.82855791
4385964984,2,2023_5_10_1_0,2023,5,10,57,2,1,0,0,,,320.21326719
4385964986,2,2023_5_10_1_0,2023,5,10,65,2,1,0,0,,,289.19767718
4385964987,2,2023_5_10_1_0,2023,5,10,69,2,1,0,0,,,320.21326719
4385964997,2,2023_5_10_1_0,2023,5,10,74,2,1,0,0,,,320.21326719
4385965000,2,2023_5_10_1_0,2023,5,10,52,1,1,0,0,,,761.37799503
4385965009,2,2023_5_10_1_0,2023,5,10,64,1,1,0,0,,,1302.4690942
4385965014,2,2023_5_10_1_0,2023,5,10,65,1,2,0,0,,,1463.1044238
4385965017,2,2023_5_10_1_0,2023,5,10,64,2,1,0,0,,,320.21326719
4385965020,2,2023_5_10_1_0,2023,5,10,30,2,3,0,0,,,613.82855791
4385965022,2,2023_5_10_1_0,2023,5,10,19,2,1,0,0,,,1449.0635555
4385965030,2,2023_5_10_1_0,2023,5,10,67,2,1,0,0,,,320.21326719
4385965059,2,2023_5_12_1_1,2023,5,12,73,2,1,0,0,,,1520.6159564
4385965060,2,2023_5_12_1_1,2023,5,12,47,2,1,0,0,,,3126.8484219
4385965068,2,2023_5_12_1_1,2023,5,12,63,1,1,4.9997884208,0,,,3126.8484219
4385965070,2,2023_5_12_1_1,2023,5,12,70,1,1,0,0,,,1104.3879312
4385965071,2,2023_5_12_1_1,2023,5,12,-3,2,-3,9.9995768415,0,,,1365.442916
4385965072,2,2023_5_12_1_1,2023,5,12,56,1,1,0,0,,,2388.9591409
4385965073,2,2023_5_12_1_1,2023,5,12,49,1,1,0,5.0002115792,,,3923.6645223
4385965074,2,2023_5_12_1_1,2023,5,12,60,2,1,0,0,,,2388.9591409
4385965078,2,2023_5_12_1_1,2023,5,12,64,2,2,0,0,,,3923.6645223
4385965082,2,2023_5_12_1_1,2023,5,12,50,2,1,0,0,,,2997.4348099
4385965086,2,2023_5_12_1_1,2023,5,12,73,2,1,0,0,,,1104.4998628
4385965088,2,2023_5_12_1_1,2023,5,12,32,1,1,0.9999576842,0,,,2997.4348099
4385965090,2,2023_5_12_1_1,2023,5,12,65,1,1,0,0,,,1104.4998628
4385965091,2,2023_5_12_1_1,2023,5,12,34,1,3,0,3.0001269475,,,1104.3879312
4385965093,2,2023_5_12_1_1,2023,5,12,54,2,1,0,0,,,7557.1928147
4385965094,2,2023_5_12_1_1,2023,5,12,60,1,1,0,0,,,2388.9591409
4385965096,2,2023_5_12_1_1,2023,5,12,61,2,1,0,0,,,1825.0156831
4385965097,2,2023_5_12_1_1,2023,5,12,13,1,1,6.9997037891,34.001438739,,,8128.1179345
4385965105,2,2023_5_12_1_1,2023,5,12,40,2,1,0,0,,,3923.6645223
4385965106,2,2023_5_12_1_1,2023,5,12,16,2,1,0,4.0001692634,,,1814.0481569
4385965107,2,2023_5_12_1_1,2023,5,12,54,2,1,1.9999153683,4.0001692634,,,7556.4269581
4385965108,2,2023_5_12_1_1,2023,5,12,43,1,1,1.9999153683,13.000550106,,,10639.766999
4385965109,2,2023_5_12_1_1,2023,5,12,71,1,1,0,0,,,3493.9561267
4385965110,2,2023_5_12_1_1,2023,5,12,42,2,1,0,0,,,20492.774104
4385965111,2,2023_5_12_1_1,2023,5,12,61,1,5,0,0,,,843.76896074
4385965114,2,2023_5_12_1_1,2023,5,12,20,2,1,0,0,,,2388.7170404
4385965119,2,2023_5_12_1_1,2023,5,12,57,1,2,0,0,,,3126.8484219
4385965120,2,2023_5_12_1_1,2023,5,12,53,1,3,0,0,,,3923.6645223
4385965122,2,2023_5_12_1_1,2023,5,12,51,1,1,0,0,,,7557.1928147
4385965125,2,2023_5_12_1_1,2023,5,12,43,2,1,0,0,,,5280.6324064
4385965131,2,2023_5_12_1_1,2023,5,12,37,1,1,0,0,,,1825.0156831
4385965134,2,2023_5_12_1_1,2023,5,12,30,2,1,0,0,,,3923.6645223
4385965139,2,2023_5_12_1_1,2023,5,12,-3,2,5,0,0,,,1787.374961
4385965146,2,2023_5_12_1_1,2023,5,12,56,2,1,0.9999576842,0,,,7556.4269581
4385965149,2,2023_5_12_1_1,2023,5,12,60,1,1,1.9999153683,0,,,1825.0156831
4385965151,2,2023_5_12_1_1,2023,5,12,54,2,1,0,0,,,2388.7170404
4385965152,2,2023_5_12_1_1,2023,5,12,53,2,-3,0,0,,,1814.0481569
4385965153,2,2023_5_12_1_1,2023,5,12,60,1,1,0,0,,,2388.9591409
4385965162,2,2023_5_12_1_1,2023,5,12,52,2,1,0,0,,,2388.9591409
4385965163,2,2023_5_12_1_1,2023,5,12,36,2,1,0,0,,,2997.4348099
4385965166,2,2023_5_12_1_1,2023,5,12,41,1,1,0,0,,,3923.6645223
4385965169,2,2023_5_12_1_1,2023,5,12,47,2,3,0,5.0002115792,,,2388.7170404
4385965174,2,2023_5_12_1_1,2023,5,12,64,2,1,2.9998730525,0,,,2669.1644148
4385965185,2,2023_5_12_1_1,2023,5,12,62,2,-3,0,0,,,1825.0156831
4385965188,2,2023_5_12_1_1,2023,5,12,42,2,1,0,0,,,2997.4348099
4385965190,2,2023_5_12_1_1,2023,5,12,61,2,1,0,0,,,1825.0156831
4385965194,2,2023_5_12_1_1,2023,5,12,41,1,1,0,0,,,2388.9591409
4385965203,2,2023_5_12_1_1,2023,5,12,76,2,1,0,0,,,3493.9561267
4385965204,2,2023_5_12_1_1,2023,5,12,62,1,1,0,0,,,5773.2236483
4385965205,2,2023_5_12_1_1,2023,5,12,58,2,1,0,0,,,1825.0156831
4385965211,2,2023_5_12_1_1,2023,5,12,71,2,1,0,0,,,2669.1644148
4385965213,2,2023_5_12_1_1,2023,5,12,43,1,3,0,0,,,2997.4348099
4385965216,2,2023_5_12_1_1,2023,5,12,74,2,1,0,0,,,1104.4998628
4385965218,2,2023_5_12_1_1,2023,5,12,70,1,1,0,0,,,3493.9561267
4385965222,2,2023_5_12_1_1,2023,5,12,46,2,1,0,0,,,2997.4348099
4385965225,2,2023_5_12_1_1,2023,5,12,29,2,1,0,0,,,3923.6645223
4385965226,2,2023_5_12_1_1,2023,5,12,79,2,1,3.9998307366,0,,,843.76896074
4385965227,2,2023_5_12_1_1,2023,5,12,32,1,1,0,2.0000846317,,,10639.766999
4385965229,2,2023_5_12_1_1,2023,5,12,75,1,1,0,0,,,843.76896074
4385965231,2,2023_5_12_1_1,2023,5,12,46,1,2,0,0,,,9891.419247
4385965232,2,2023_5_12_1_1,2023,5,12,76,2,1,0,0,,,1104.4998628
4385965239,2,2023_5_12_1_1,2023,5,12,49,1,1,0,0,,,3126.8484219
4385965240,2,2023_5_12_1_1,2023,5,12,56,2,1,0,0,,,2388.9591409
4385965242,2,2023_5_12_1_1,2023,5,12,30,2,1,0.9999576842,0,,,2997.4348099
4385965250,2,2023_5_12_1_1,2023,5,12,61,1,1,0,0,,,1825.0156831
4385965252,2,2023_5_12_1_1,2023,5,12,26,2,1,0,0,,,2388.9591409
4385965254,2,2023_5_12_1_1,2023,5,12,55,1,1,0,0,,,9891.419247
4385965257,2,2023_5_12_1_1,2023,5,12,30,1,1,0,0,,,2388.9591409
4385965261,2,2023_5_12_1_1,2023,5,12,71,2,1,0,0,,,2669.1644148
4385965264,2,2023_5_12_1_1,2023,5,12,29,1,1,0,0,,,2388.9591409
4385965266,2,2023_5_12_1_1,2023,5,12,42,1,1,0,0,,,1814.0481569
4385965274,2,2023_5_12_1_1,2023,5,12,58,2,1,0,0,,,2388.7170404
4385965280,2,2023_5_12_1_1,2023,5,12,31,1,1,0,0,,,3923.6645223
4385965286,2,2023_5_12_1_1,2023,5,12,32,1,1,0,0,,,3923.6645223
4385965287,2,2023_5_12_1_1,2023,5,12,62,2,1,0,2.0000846317,,,1104.3879312
4385965288,2,2023_5_12_1_1,2023,5,12,66,2,1,0,0,,,1104.4998628
4385965289,2,2023_5_12_1_1,2023,5,12,40,1,1,0,3.0001269475,,,3923.6645223
4385965291,2,2023_5_12_1_1,2023,5,12,18,1,1,0,0,,,2388.9591409
4385965299,2,2023_5_12_1_1,2023,5,12,38,2,1,0,0,,,2388.9591409
4385965303,2,2023_5_12_1_1,2023,5,12,41,2,1,0,0,,,3923.6645223
4385965304,2,2023_5_12_1_1,2023,5,12,39,1,4,0,0,,,1825.0156831
4385965306,2,2023_5_12_1_1,2023,5,12,70,2,2,0,0,,,1445.6520389
4385965309,2,2023_5_12_1_1,2023,5,12,-3,-3,-3,0,0,1,1,2669.1644148
4385965314,2,2023_5_12_1_1,2023,5,12,69,2,1,0,0,,,4573.1511326
4385965315,2,2023_5_12_1_1,2023,5,12,54,2,2,0,0,,,3126.8484219
4385965317,2,2023_5_12_1_1,2023,5,12,27,2,1,0,0,,,1104.4998628
4385965323,2,2023_5_12_1_1,2023,5,12,42,2,1,0,0,,,2388.9591409
4385965324,2,2023_5_12_1_1,2023,5,12,53,1,1,0,0,,,1825.0156831
4385965325,2,2023_5_12_1_1,2023,5,12,71,1,1,0,0,,,1104.4998628
4385965326,2,2023_5_12_1_1,2023,5,12,56,2,4,0,0,,,2388.9591409
4385965329,2,2023_5_12_1_1,2023,5,12,18,2,1,0,0,,,2388.9591409
4385965335,2,2023_5_12_1_1,2023,5,12,66,1,1,0.9999576842,4.0001692634,,,1104.4998628
4385965337,2,2023_5_12_1_1,2023,5,12,59,2,1,0,0,,,843.76896074
4385965341,2,2023_5_12_1_1,2023,5,12,40,1,1,0,0,,,7557.1928147
4385965342,2,2023_5_12_1_1,2023,5,12,48,1,-3,0,0,,,2388.9591409
4385965346,2,2023_5_12_1_1,2023,5,12,38,2,1,2.9998730525,2.0000846317,,,2997.4348099
4385965347,2,2023_5_12_1_1,2023,5,12,44,2,3,1.9999153683,4.0001692634,,,2997.4348099
4385965348,2,2023_5_12_1_1,2023,5,12,34,2,1,0.9999576842,0,,,3923.6645223
4385965352,2,2023_5_12_1_1,2023,5,12,81,2,-3,0,0,,,1104.4998628
4385965353,2,2023_5_12_1_1,2023,5,12,66,2,3,0,0,,,2669.1644148
4385965354,2,2023_5_12_1_1,2023,5,12,32,1,1,0.9999576842,4.0001692634,,,3923.6645223
4385965355,2,2023_5_12_1_1,2023,5,12,56,2,1,0,0,,,1825.0156831
4385965356,2,2023_5_12_1_1,2023,5,12,32,1,1,0,0,,,3923.6645223
4385965363,2,2023_5_12_1_1,2023,5,12,11,1,3,0,0,,,9231.163095
4385965364,2,2023_5_12_1_1,2023,5,12,39,1,3,0,0,,,1445.6520389
4385965368,2,2023_5_12_1_1,2023,5,12,74,2,3,0,0,,,1445.6520389
4385965374,2,2023_5_12_1_1,2023,5,12,61,1,3,0.9999576842,0,,,2388.9591409
4385965375,2,2023_5_12_1_1,2023,5,12,39,2,3,0,0,,,3923.6645223
4385965377,2,2023_5_12_1_1,2023,5,12,54,2,3,0,0,,,2388.9591409
4385965379,2,2023_5_12_1_1,2023,5,12,41,1,3,0,0,,,3923.6645223
4385965383,2,2023_5_12_1_1,2023,5,12,41,2,3,0,0,,,3923.6645223
4385965389,2,2023_5_12_1_1,2023,5,12,56,2,1,6.9997037891,0,,,1825.0156831
4385965405,2,2023_5_12_1_1,2023,5,12,27,2,1,0,0,,,6478.1197489
4385965413,2,2023_5_12_1_1,2023,5,12,65,2,2,0,2.0000846317,,,4573.1511326
4385965422,2,2023_5_12_1_1,2023,5,12,57,1,3,0.9999576842,2.0000846317,,,2997.4348099
4385965431,2,2023_5_12_1_1,2023,5,12,60,2,5,3.5481933533,0,,,7348.6669565
4385965439,2,2023_5_12_1_1,2023,5,12,53,1,3,0,0,,,2388.7170404
4385965450,2,2023_5_12_1_1,2023,5,12,92,2,2,0,0,,,3493.9561267
4385965456,2,2023_5_12_1_1,2023,5,12,8,1,2,0,0,,,8128.941733
4385965459,2,2023_5_12_1_1,2023,5,12,56,1,3,0,1.0000423158,,,2388.9591409
4385965460,2,2023_5_12_1_1,2023,5,12,25,1,4,0,0,,,2388.9591409
4385965464,2,2023_5_12_1_1,2023,5,12,61,1,1,0,0,,,1825.0156831
4385965467,2,2023_5_12_1_1,2023,5,12,62,2,1,3.9998307366,0,,,1825.0156831
4385965470,2,2023_5_12_1_1,2023,5,12,61,1,5,0,0,,,2388.9591409
4385965472,2,2023_5_12_1_1,2023,5,12,48,1,2,0.9999576842,3.0001269475,,,1825.0156831
4385965478,2,2023_5_12_1_1,2023,5,12,-3,-3,-3,0,0,1,1,1104.4998628
4385965479,2,2023_5_12_1_1,2023,5,12,-3,-3,-3,0,0,1,,2388.7170404
4385965481,2,2023_5_12_1_1,2023,5,12,75,2,1,0,0,,,1445.6520389
4385965482,2,2023_5_12_1_1,2023,5,12,64,2,1,0,0,,,1825.0156831
4385965498,2,2023_5_12_1_1,2023,5,12,17,1,1,0,0,,,2997.738605
4385965508,2,2023_5_12_1_1,2023,5,12,56,1,1,1.9999153683,4.0001692634,,,3835.2002518
4385965511,2,2023_5_12_1_1,2023,5,12,70,2,1,0,0,,,3493.9561267
4385965514,2,2023_5_12_1_1,2023,5,12,-3,-3,-3,0,0,1,1,2388.7170404
4385965518,2,2023_5_12_1_1,2023,5,12,9,1,1,44.405528395,12.599078601,,,3114.3789794
4385965519,2,2023_5_12_1_1,2023,5,12,40,1,3,4.9997884208,10.000423158,,,2997.4348099
4385965522,2,2023_5_12_1_1,2023,5,12,-3,-3,-3,0,0,1,1,4573.1511326
4385965526,2,2023_5_12_1_1,2023,5,12,57,1,1,0.9999576842,1.0000423158,,,10639.766999
4385965527,2,2023_5_12_1_1,2023,5,12,66,1,1,0,0,,,1104.4998628
4385965529,2,2023_5_12_1_1,2023,5,12,36,2,1,0,0,,,1825.0156831
4385965534,2,2023_5_12_1_1,2023,5,12,91,2,1,0,0,,,1520.6159564
4385965538,2,2023_5_12_1_1,2023,5,12,55,2,1,0,0,,,2388.9591409
4385965539,2,2023_5_12_1_1,2023,5,12,50,2,1,0,0,,,3923.6645223
4385965546,2,2023_5_12_1_1,2023,5,12,60,1,4,0,1.0000423158,,,2388.7170404
4385965547,2,2023_5_12_1_1,2023,5,12,46,1,1,0,1.0000423158,,,2388.9591409
4385965548,2,2023_5_12_1_1,2023,5,12,38,2,1,0,0,,,2997.4348099
4385965549,2,2023_5_12_1_1,2023,5,12,34,2,1,0,5.0002115792,,,1825.0156831
4385965551,2,2023_5_12_1_1,2023,5,12,39,1,1,0,0,,,2997.4348099
4385965552,2,2023_5_12_1_1,2023,5,12,62,1,1,0,0,,,1825.0156831
4385965553,2,2023_5_12_1_1,2023,5,12,59,2,1,0,0,,,5773.2236483
4385965558,2,2023_5_12_1_1,2023,5,12,34,2,1,0,0,,,1825.0156831
4385965570,2,2023_5_12_1_1,2023,5,12,23,2,1,0,0,,,3126.8484219
4385965574,2,2023_5_12_1_1,2023,5,12,44,2,1,0,0,,,3923.6645223
4385965578,2,2023_5_12_1_1,2023,5,12,44,2,1,0,0,,,10639.766999
4385965582,2,2023_5_12_1_1,2023,5,12,60,1,1,0.9999576842,3.0001269475,,,2997.4348099
4385965583,2,2023_5_12_1_1,2023,5,12,15,1,1,0,0,,,10639.766999
4385965588,2,2023_5_12_1_1,2023,5,12,64,1,1,0,0,,,7557.1928147
4385965596,2,2023_5_12_1_1,2023,5,12,65,2,1,0,1.0000423158,,,843.76896074
4385965598,2,2023_5_12_1_1,2023,5,12,63,2,1,0,0,,,2388.7170404
4385965603,2,2023_5_12_1_1,2023,5,12,31,1,3,0,0,,,20492.774104
4385965605,2,2023_5_12_1_1,2023,5,12,59,2,1,0,0,,,2388.9591409
4385965609,2,2023_5_12_1_1,2023,5,12,47,1,1,3.9998307366,5.0002115792,,,2997.4348099
4385965612,2,2023_5_12_1_1,2023,5,12,30,2,1,0,0,,,3923.6645223
4385965614,2,2023_5_12_1_1,2023,5,12,60,2,1,0,0,,,1104.4998628
4385965621,2,2023_5_12_1_1,2023,5,12,74,1,1,0,0,,,1445.6520389
4385965623,2,2023_5_12_1_1,2023,5,12,-3,2,-3,0,0,1,1,1787.374961
4385965626,2,2023_5_12_1_1,2023,5,12,72,2,1,0,0,,,1104.4998628
4385965627,2,2023_5_12_1_1,2023,5,12,72,2,1,3.9998307366,0,,,2669.1644148
4385965634,2,2023_5_12_1_1,2023,5,12,58,2,1,0,0,,,7556.4269581
4385965637,2,2023_5_12_1_1,2023,5,12,86,2,1,0,0,,,2669.1644148
4385965640,2,2023_5_12_1_1,2023,5,12,55,1,1,0,1.0000423158,,,6478.1197489
4385965646,2,2023_5_12_1_1,2023,5,12,57,1,1,0,0,,,12412.05378
4385965647,2,2023_5_12_1_1,2023,5,12,38,2,1,0,0,,,2997.4348099
4385965651,2,2023_5_12_1_1,2023,5,12,-3,2,-3,0,0,1,,1787.1938259
4385965652,2,2023_5_12_1_1,2023,5,12,32,1,1,4.9997884208,1.0000423158,,,3126.8484219
4385965659,2,2023_5_12_1_1,2023,5,12,-3,-3,-3,0,0,,,1747.0761992
4385965665,2,2023_5_12_1_1,2023,5,12,50,2,1,0,0,,,7585.5472899
4385965676,2,2023_5_12_1_1,2023,5,12,57,1,1,0,0,,,1825.0156831
4385965680,2,2023_5_12_1_1,2023,5,12,56,2,1,0,0,,,6478.1197489
4385965683,2,2023_5_12_1_1,2023,5,12,63,2,1,0.9999576842,0,,,843.76896074
4385965685,2,2023_5_12_1_1,2023,5,12,61,2,1,0,0,,,3126.8484219
4385965686,2,2023_5_12_1_1,2023,5,12,15,1,3,0,0,,,2997.738605
4385965687,2,2023_5_12_1_1,2023,5,12,32,2,1,0,0,,,2388.9591409
4385965691,2,2023_5_12_1_1,2023,5,12,56,2,1,0,0,,,2388.9591409
4385965696,2,2023_5_12_1_1,2023,5,12,63,2,1,0,0,,,1825.0156831
4385965701,2,2023_5_12_1_1,2023,5,12,60,2,1,0,0,,,1104.4998628
4385965702,2,2023_5_12_1_1,2023,5,12,83,2,1,0,0,,,2669.1644148
4385965704,2,2023_5_12_1_1,2023,5,12,55,1,1,0.9999576842,2.0000846317,,,2388.9591409
4385965705,2,2023_5_12_1_1,2023,5,12,49,2,1,3.9998307366,4.0001692634,,,1825.0156831
4385965710,2,2023_5_12_1_1,2023,5,12,65,1,1,0,0,,,843.76896074
4385965711,2,2023_5_12_1_1,2023,5,12,41,2,1,0,3.0001269475,,,3923.6645223
4385965713,2,2023_5_12_1_1,2023,5,12,67,2,1,2.9998730525,0,,,843.76896074
4385965715,2,2023_5_12_1_1,2023,5,12,73,2,1,0,0,,,3493.9561267
4385965720,2,2023_5_12_1_1,2023,5,12,54,2,1,0,2.0000846317,,,2388.9591409
4385965722,2,2023_5_12_1_1,2023,5,12,27,1,1,2.9998730525,3.0001269475,,,2388.9591409
4385965723,2,2023_5_12_1_1,2023,5,12,65,2,1,5.9997461049,2.0000846317,,,1104.4998628
4385965725,2,2023_5_12_1_1,2023,5,12,20,1,3,0,10.000423158,,,6478.1197489
4385965726,2,2023_5_12_1_1,2023,5,12,77,1,5,0,0,,,1445.6520389
4385965728,2,2023_5_12_1_1,2023,5,12,58,1,1,0,0,,,2388.9591409
4385965732,2,2023_5_12_1_1,2023,5,12,82,1,1,0,0,,,1445.6520389
4385965733,2,2023_5_12_1_1,2023,5,12,47,1,1,0,0,,,3923.6645223
4385965740,2,2023_5_12_1_1,2023,5,12,45,1,1,0,0,,,3923.6645223
4385965742,2,2023_5_12_1_1,2023,5,12,53,2,4,0,0,,,2388.9591409
4385965745,2,2023_5_12_1_1,2023,5,12,55,2,1,0,0,,,3126.8484219
4385965747,2,2023_5_12_1_1,2023,5,12,32,1,1,0,0,,,7556.4269581
4385965748,2,2023_5_12_1_1,2023,5,12,34,1,1,3.9998307366,0,,,2997.4348099
4385965752,2,2023_5_12_1_1,2023,5,12,55,2,1,0,0,,,2388.9591409
4385965754,2,2023_5_12_1_1,2023,5,12,55,2,1,0,0,,,1825.0156831
4385965759,2,2023_5_12_1_1,2023,5,12,65,1,1,0,0,,,843.76896074
4385965763,2,2023_5_12_1_1,2023,5,12,58,2,1,0,0,,,3126.8484219
4385965771,2,2023_5_12_1_1,2023,5,12,76,2,1,0,0,,,843.76896074
4385965773,2,2023_5_12_1_1,2023,5,12,43,1,1,0,0,,,1104.3879312
4385965785,2,2023_5_12_1_1,2023,5,12,64,2,1,3.9998307366,1.0000423158,,,843.76896074
4385965787,2,2023_5_12_1_1,2023,5,12,44,2,3,0,0,,,2997.4348099
4385965795,2,2023_5_12_1_0,2023,5,12,70,2,1,0,0,,,8699.2953473
4385965796,2,2023_5_12_1_0,2023,5,12,69,1,1,0,0,,,8699.2953473
4385965800,2,2023_5_12_1_0,2023,5,12,-3,1,1,0,0,,,44533.400678
4385965802,2,2023_5_12_1_0,2023,5,12,32,1,1,0,0,,,30903.685617
4385965805,2,2023_5_12_1_0,2023,5,12,83,2,1,0,0,,,11386.288473
4385965813,2,2023_5_12_1_0,2023,5,12,65,2,1,0,0,,,11386.288473
4385965814,2,2023_5_12_1_0,2023,5,12,74,2,1,0,0,,,8699.2953473
4385965817,2,2023_5_12_1_0,2023,5,12,69,2,1,0,0,,,23589.80362
4385965831,2,2023_5_12_1_0,2023,5,12,-3,-3,-3,0,0,1,1,18815.992505
4385965838,2,2023_5_12_1_0,2023,5,12,66,1,1,0,0,,,8699.2953473
4385965839,2,2023_5_12_1_0,2023,5,12,27,2,1,0,0,,,30903.685617
4385965844,2,2023_5_12_1_0,2023,5,12,85,2,1,0,0,,,14287.86116
4385965855,2,2023_5_12_1_0,2023,5,12,79,1,1,0,0,,,27519.203307
4385965860,2,2023_5_12_1_0,2023,5,12,67,2,1,0,0,,,8699.2953473
4385965863,2,2023_5_12_1_0,2023,5,12,74,2,1,0,0,,,8699.2953473
4385965877,2,2023_5_12_1_0,2023,5,12,66,1,1,0,0,,,8699.2953473
4385965886,2,2023_5_12_1_0,2023,5,12,29,2,1,0,0,,,18815.992505
4385965895,2,2023_5_12_1_0,2023,5,12,71,2,1,0,0,,,27519.203307
4385965922,2,2023_5_12_1_0,2023,5,12,60,1,1,0,0,,,77907.096536
4385965923,2,2023_5_12_1_0,2023,5,12,75,1,1,0,0,,,27519.203307
4385965926,2,2023_5_12_1_0,2023,5,12,67,1,1,0,0,,,11386.288473
4385965936,2,2023_5_12_1_0,2023,5,12,71,2,4,0,0,,,8699.2953473
4385965939,2,2023_5_12_1_0,2023,5,12,31,1,4,0,0,,,18815.992505
4385965951,2,2023_5_12_1_0,2023,5,12,64,2,1,0,0,,,12596.666487
4385965954,2,2023_5_12_1_0,2023,5,12,60,2,1,0,0,,,18815.992505
4385965960,2,2023_5_12_1_0,2023,5,12,63,2,1,0,0,,,8699.2953473
4385965963,2,2023_5_12_1_0,2023,5,12,71,1,1,0,0,,,8699.2953473
4385965964,2,2023_5_12_1_0,2023,5,12,81,1,1,0,0,,,27519.203307
4385965965,2,2023_5_12_1_0,2023,5,12,43,2,1,0,1.0000423158,,,30903.685617
4385965975,2,2023_5_12_1_0,2023,5,12,69,2,4,0,0,,,27519.203307
4385965979,2,2023_5_12_1_0,2023,5,12,67,2,4,0,0,,,27519.203307
4385965982,2,2023_5_12_1_0,2023,5,12,70,1,1,0,0,,,11130.697354
4385965997,2,2023_5_12_1_0,2023,5,12,67,2,1,0,0,,,11386.288473
4385965998,2,2023_5_12_1_0,2023,5,12,76,2,1,0,0,,,27519.203307
4385965999,2,2023_5_12_1_0,2023,5,12,43,2,1,0,0,,,18815.992505
4385966007,2,2023_5_12_1_0,2023,5,12,42,2,1,0,0,,,30903.685617
4385966008,2,2023_5_12_1_0,2023,5,12,20,1,1,0.9999576842,0,,,66782.932899
4385966010,2,2023_5_12_1_0,2023,5,12,23,1,1,0,0,,,66782.932899
4385966034,2,2023_5_12_1_0,2023,5,12,44,1,1,4.9997884208,5.0002115792,,,27519.203307
4385966043,2,2023_5_12_1_0,2023,5,12,62,2,1,0,0,,,8699.2953473
4385966048,2,2023_5_12_1_0,2023,5,12,75,2,1,0,0,,,18423.169862
4385966052,2,2023_5_12_1_0,2023,5,12,62,1,1,0,0,,,77907.096536
4385966055,2,2023_5_12_1_0,2023,5,12,49,1,1,0,0,,,27519.203307
4385966056,2,2023_5_12_1_0,2023,5,12,60,1,1,0,0,,,18815.992505
4385966058,2,2023_5_12_1_0,2023,5,12,65,2,1,0,0,,,8699.2953473
4385966067,2,2023_5_12_1_0,2023,5,12,91,2,1,0,0,,,27519.203307
4385966083,2,2023_5_12_1_0,2023,5,12,76,1,1,0,0,,,27519.203307
4385966084,2,2023_5_12_1_0,2023,5,12,60,1,1,0,0,,,59522.191452
4385966093,2,2023_5_12_1_0,2023,5,12,-3,-3,-3,0,0,1,1,51023.163415
4385966097,2,2023_5_12_1_0,2023,5,12,45,2,1,0,0,,,18815.992505
4385966099,2,2023_5_12_1_0,2023,5,12,20,1,2,0,0,,,30903.685617
4385966101,2,2023_5_12_1_0,2023,5,12,40,2,3,0,0,,,30903.685617
4385966104,2,2023_5_12_1_0,2023,5,12,63,2,1,0,0,,,8699.2953473
4385966117,2,2023_5_12_1_0,2023,5,12,64,1,1,0,0,,,11386.288473
4385966128,2,2023_5_12_1_0,2023,5,12,39,1,1,0,0,,,18815.992505
4385966133,2,2023_5_12_1_0,2023,5,12,70,1,3,0,0,,,27519.203307
4385966135,2,2023_5_12_1_0,2023,5,12,-3,-3,-3,0,0,1,1,16487.45935
4385966141,2,2023_5_12_1_0,2023,5,12,36,1,1,0,0,,,30903.685617
4385966143,2,2023_5_12_1_0,2023,5,12,91,2,1,0,0,,,8699.2953473
4385966147,2,2023_5_12_1_0,2023,5,12,38,1,2,0,1.0000423158,,,83801.255818
4385966148,2,2023_5_12_1_0,2023,5,12,71,2,3,0,0,,,8699.2953473
4385966152,2,2023_5_12_1_0,2023,5,12,32,2,1,0,0,,,51023.163415
4385966162,2,2023_5_12_1_0,2023,5,12,56,1,3,0,0,,,30903.685617
4385966167,2,2023_5_12_1_0,2023,5,12,77,2,1,0,0,,,8699.2953473
4385966178,2,2023_5_12_1_0,2023,5,12,66,2,1,0,0,,,5823.8821114
4385966215,2,2023_5_12_1_0,2023,5,12,34,2,1,0,0,,,83801.255818
4385966226,2,2023_5_12_1_0,2023,5,12,51,1,3,0,1.0000423158,,,30903.685617
4385966241,2,2023_5_12_1_0,2023,5,12,92,1,1,0,0,,,27519.203307
4385966245,2,2023_5_12_1_0,2023,5,12,54,2,1,0,0,,,18815.992505
4385966246,2,2023_5_12_1_0,2023,5,12,54,1,1,0,0,,,51023.163415
4385966251,2,2023_5_12_1_0,2023,5,12,63,2,4,0,0,,,83801.255818
4385966252,2,2023_5_12_1_0,2023,5,12,7,2,3,0,0,,,64025.417639
4385966268,2,2023_5_12_1_0,2023,5,12,57,2,3,0,0,,,66782.932899
4385966282,2,2023_5_12_1_0,2023,5,12,58,1,1,0,0,,,30903.685617
4385966283,2,2023_5_12_1_0,2023,5,12,-3,-3,-3,0,0,,,44533.400678
4385966288,2,2023_5_12_1_0,2023,5,12,71,2,3,0,0,,,38744.268985
4385966298,2,2023_5_12_1_0,2023,5,12,54,2,3,0,0,,,30903.685617
4385966303,2,2023_5_12_1_0,2023,5,12,-3,2,2,0,0,,,58288.645983
4385966309,2,2023_5_12_1_0,2023,5,12,50,2,3,0,0,,,24627.778459
4385966316,2,2023_5_12_1_0,2023,5,12,80,2,3,0,0,,,8699.2953473
4385966319,2,2023_5_12_1_0,2023,5,12,10,1,3,0,0,,,23610.8798
4385966324,2,2023_5_12_1_0,2023,5,12,57,2,1,0,0,,,27519.203307
4385966340,2,2023_5_12_1_0,2023,5,12,63,1,3,0,0,,,11386.288473
4385966341,2,2023_5_12_1_0,2023,5,12,-3,-3,-3,0,0,1,,8699.2953473
4385966343,2,2023_5_12_1_0,2023,5,12,56,2,3,0,0,,,12596.666487
4385966355,2,2023_5_12_1_0,2023,5,12,73,2,5,0,0,1,1,11976.721555
4385966356,2,2023_5_12_1_0,2023,5,12,84,1,1,0,0,,,30876.099536
4385966357,2,2023_5_12_1_0,2023,5,12,55,2,3,0,0,,,30903.685617
4385966361,2,2023_5_12_1_0,2023,5,12,18,2,3,0,0,,,24627.778459
4385966363,2,2023_5_12_1_0,2023,5,12,86,2,3,0,0,,,14287.86116
4385966369,2,2023_5_12_1_0,2023,5,12,32,2,3,0,0,,,56102.088179
4385966379,2,2023_5_12_1_0,2023,5,12,48,2,1,0,0,,,30903.685617
4385966398,2,2023_5_12_1_0,2023,5,12,50,1,2,0,0,,,70245.944837
4385966403,2,2023_5_12_1_0,2023,5,12,64,2,1,0,0,,,11386.288473
4385966432,2,2023_5_12_1_0,2023,5,12,47,1,1,0,0,,,30903.685617
4385966433,2,2023_5_12_1_0,2023,5,12,67,2,1,0,0,,,8699.2953473
4385966435,2,2023_5_12_1_0,2023,5,12,23,2,3,0,0,,,59522.191452
4385966438,2,2023_5_12_1_0,2023,5,12,53,1,1,0,0,,,24627.778459
4385966450,2,2023_5_12_1_0,2023,5,12,50,2,3,0,0,,,11386.288473
4385966465,2,2023_5_12_1_0,2023,5,12,-3,-3,-3,0,0,1,1,18815.992505
4385966472,2,2023_5_12_1_0,2023,5,12,91,1,1,0,0,,,8699.2953473
4385966487,2,2023_5_12_1_0,2023,5,12,75,2,1,0,0,,,23589.80362
4385966494,2,2023_5_12_1_0,2023,5,12,75,2,1,0,0,,,18423.169862
4385966498,2,2023_5_12_1_0,2023,5,12,46,2,4,0,0,,,97760.19476
4385966500,2,2023_5_12_1_0,2023,5,12,59,1,1,0,0,,,30903.685617
4385966513,2,2023_5_12_1_0,2023,5,12,6,1,3,0,0,,,30903.685617
4385966515,2,2023_5_12_1_0,2023,5,12,70,1,1,0,0,,,5823.8821114
4385966520,2,2023_5_12_1_0,2023,5,12,-3,2,-3,1.9999153683,0,,,9424.5924446
4385966531,2,2023_5_12_1_0,2023,5,12,27,2,1,0,0,,,97760.19476
4385966533,2,2023_5_12_1_0,2023,5,12,30,2,1,0,0,,,30903.685617
4385966535,2,2023_5_12_1_0,2023,5,12,61,1,1,0,0,,,18815.992505
4385966540,2,2023_5_12_1_0,2023,5,12,40,2,4,0,0,,,14287.86116
4385966552,2,2023_5_12_1_0,2023,5,12,55,1,1,0,0,,,27519.203307
4385966584,2,2023_5_12_1_0,2023,5,12,30,2,4,0,0,,,18815.992505
4385966589,2,2023_5_12_1_0,2023,5,12,53,1,1,0,0,,,18815.992505
4385966590,2,2023_5_12_1_0,2023,5,12,62,2,1,0,0,,,18815.992505
4385966593,2,2023_5_12_1_0,2023,5,12,57,1,1,0,0,,,77907.096536
4385966598,2,2023_5_12_1_0,2023,5,12,13,1,2,0,0,,,74690.25657
4385966601,2,2023_5_12_1_0,2023,5,12,62,2,1,0,0,,,24627.778459
4385966604,2,2023_5_12_1_0,2023,5,12,50,2,1,0,0,,,24627.778459
4385966606,2,2023_5_12_1_0,2023,5,12,74,1,1,0,0,,,5823.8821114
4385966628,2,2023_5_12_1_0,2023,5,12,64,1,1,0,0,,,59522.191452
4385966632,2,2023_5_12_1_0,2023,5,12,37,1,3,0.9999576842,1.0000423158,,,30903.685617
4385966641,2,2023_5_12_1_0,2023,5,12,39,1,3,0,0,,,51023.163415
4385966644,2,2023_5_12_1_0,2023,5,12,8,2,1,0,0,,,64025.417639
4385966649,2,2023_5_12_1_0,2023,5,12,50,2,3,0,0,,,14287.86116
4385966654,2,2023_5_12_1_0,2023,5,12,34,2,4,0,0,,,83801.255818
4385966656,2,2023_5_12_1_0,2023,5,12,95,1,-3,0,0,1,1,27519.203307
4385966662,2,2023_5_12_1_0,2023,5,12,76,1,1,0,0,,,11386.288473
4385966669,2,2023_5_12_1_0,2023,5,12,52,1,2,0,0,,,30903.685617
4385966673,2,2023_5_12_1_0,2023,5,12,62,1,1,0,0,,,12596.666487
4385966677,2,2023_5_12_1_0,2023,5,12,58,1,1,0,0,,,18815.992505
4385966680,2,2023_5_12_1_0,2023,5,12,38,2,1,0,0,,,11386.288473
4385966681,2,2023_5_12_1_0,2023,5,12,49,1,1,0.9999576842,2.0000846317,,,18815.992505
4385966683,2,2023_5_12_1_0,2023,5,12,64,1,1,0,0,,,8699.2953473
4385966685,2,2023_5_12_1_0,2023,5,12,57,2,1,0,0,,,18815.992505
4385966691,2,2023_5_12_1_0,2023,5,12,46,1,3,0,0,,,30903.685617
4385966701,2,2023_5_12_1_0,2023,5,12,74,1,3,0,0,,1,23589.80362
4385966702,2,2023_5_12_1_0,2023,5,12,79,1,3,0,0,,,8699.2953473
4385966706,2,2023_5_12_1_0,2023,5,12,35,1,3,0,0,,,30903.685617
4385966715,2,2023_5_12_1_0,2023,5,12,66,1,1,7.9996614732,0,,,5823.8821114
4385966720,2,2023_5_12_1_0,2023,5,12,32,2,1,0.9999576842,0,,,51023.163415
4385966721,2,2023_5_12_1_0,2023,5,12,73,2,1,0,0,,,14287.86116
4385966723,2,2023_5_12_1_0,2023,5,12,57,2,1,0,0,,,8699.2953473
4385966730,2,2023_5_12_1_0,2023,5,12,60,2,-3,0,0,,,12596.666487
4385966746,2,2023_5_12_1_0,2023,5,12,70,2,1,0,0,,,11386.288473
4385966762,2,2023_5_12_1_0,2023,5,12,69,1,1,0,0,,,8699.2953473
4385966771,2,2023_5_12_1_0,2023,5,12,53,1,1,0,0,,,59522.191452
4385966773,2,2023_5_12_1_0,2023,5,12,84,2,1,0,0,,,27519.203307
4385966778,2,2023_5_12_1_0,2023,5,12,82,1,1,0,0,,,8699.2953473
4385966783,2,2023_5_12_1_0,2023,5,12,63,1,2,0,0,,,27519.203307
4385966784,2,2023_5_12_1_0,2023,5,12,58,2,1,0,0,,,16487.45935
4385966785,2,2023_5_12_1_0,2023,5,12,67,1,1,0,0,,,27519.203307
4385966790,2,2023_5_12_1_0,2023,5,12,65,2,1,0,0,,,36019.191772
4385966795,2,2023_5_12_1_0,2023,5,12,68,2,1,0,0,,,23589.80362
4385966801,2,2023_5_12_1_0,2023,5,12,43,2,3,0,0,,,24627.778459
4385966804,2,2023_5_12_1_0,2023,5,12,66,2,1,0,0,,,8699.2953473
4385966809,2,2023_5_12_1_0,2023,5,12,76,1,1,0,0,,,8699.2953473
4385966818,2,2023_5_12_1_0,2023,5,12,70,2,1,0,0,,,8699.2953473
4385966820,2,2023_5_12_1_0,2023,5,12,73,2,1,0,0,,,74623.584541
4385966825,2,2023_5_12_1_0,2023,5,12,50,2,1,0,0,,,83801.255818
4385966826,2,2023_5_12_1_0,2023,5,12,56,2,1,0,0,,,23589.80362
4385966827,2,2023_5_12_1_0,2023,5,12,54,2,1,0,0,,,8699.2953473
4385966828,2,2023_5_12_1_0,2023,5,12,70,1,1,0,0,,,23589.80362
4385966838,2,2023_5_12_1_0,2023,5,12,81,2,4,0,0,,,27519.203307
4385966854,2,2023_5_12_1_0,2023,5,12,63,2,1,0,0,,,18815.992505
4385966855,2,2023_5_12_1_0,2023,5,12,72,1,1,0,0,,,11130.697354
4385966858,2,2023_5_12_1_0,2023,5,12,60,2,1,0,0,,,18815.992505
4385966860,2,2023_5_12_1_0,2023,5,12,70,2,1,0,0,,,27519.203307
4385966868,2,2023_5_12_1_0,2023,5,12,69,1,1,0,0,,,7622.7325439
4385966877,2,2023_5_12_1_0,2023,5,12,66,2,1,0,0,,,27519.203307
4385966879,2,2023_5_12_1_0,2023,5,12,72,1,1,0,0,,,8699.2953473
4385966880,2,2023_5_12_1_0,2023,5,12,60,2,1,0,0,,,18815.992505
4385966882,2,2023_5_12_1_0,2023,5,12,-3,1,3,0,0,,,11386.288473
4385966893,2,2023_5_12_1_0,2023,5,12,60,2,1,0,0,,,5823.8821114
4385966895,2,2023_5_12_1_0,2023,5,12,62,2,3,3.9998307366,0,,,12596.666487
4385966902,2,2023_5_12_1_0,2023,5,12,71,1,1,0,0,,,14287.86116
4385966903,2,2023_5_12_1_0,2023,5,12,64,2,3,0,0,,,18815.992505
4385966908,2,2023_5_12_1_0,2023,5,12,70,1,1,0,0,,,11386.288473
4385966927,2,2023_5_12_1_0,2023,5,12,79,1,1,0,0,,,27519.203307
4385966929,2,2023_5_12_1_0,2023,5,12,63,1,1,0,0,,,12596.666487
4385966930,2,2023_5_12_1_0,2023,5,12,85,2,3,0,0,,,36019.191772
4385966932,2,2023_5_12_1_0,2023,5,12,83,1,3,0,0,,,8699.2953473
4385966934,2,2023_5_12_1_0,2023,5,12,64,2,3,0,0,,,18815.992505
4385966935,2,2023_5_12_1_0,2023,5,12,77,1,3,0,0,,,8699.2953473
4385966937,2,2023_5_12_1_0,2023,5,12,13,1,2,0,0,,,64025.417639
4385966945,2,2023_5_12_1_0,2023,5,12,70,1,1,0,0,,,5823.8821114
4385966950,2,2023_5_12_1_0,2023,5,12,38,2,1,0,0,,,83801.255818
4385966951,2,2023_5_12_1_0,2023,5,12,54,1,1,0,0,,,45197.977583
4385966953,2,2023_5_12_1_0,2023,5,12,26,2,1,0.9999576842,0,,,18815.992505
4385966956,2,2023_5_12_1_0,2023,5,12,80,1,2,0,0,,,20057.387191
4385966957,2,2023_5_12_1_0,2023,5,12,57,1,1,0,0,,,18815.992505
4385966963,2,2023_5_12_1_0,2023,5,12,60,1,2,0,0,,,24627.778459
4385966968,2,2023_5_12_1_0,2023,5,12,64,2,1,0,0,,,8699.2953473
4385966969,2,2023_5_12_1_0,2023,5,12,73,1,1,0,0,,,27519.203307
4385966974,2,2023_5_13_1_1,2023,5,13,60,1,1,1.9996198394,0,,,109.97723353
4385966975,2,2023_5_13_1_1,2023,5,13,37,1,1,0,0,,,209.53876726
4385966978,2,2023_5_13_1_1,2023,5,13,65,2,1,0,0,,,40.253255799
4385966989,2,2023_5_13_1_1,2023,5,13,45,2,1,0,0,,,100.61616254
4385966991,2,2023_5_13_1_1,2023,5,13,68,1,1,0,0,,,40.253255799
4385966995,2,2023_5_13_1_1,2023,5,13,61,2,1,0,0,,,114.81866057
4385966998,2,2023_5_13_1_1,2023,5,13,75,2,1,0,0,,,137.01219264
4385967001,2,2023_5_13_1_1,2023,5,13,67,2,1,0,0,1,1,40.253255799
4385967002,2,2023_5_13_1_1,2023,5,13,43,1,1,0,0,,,209.53876726
4385967004,2,2023_5_13_1_1,2023,5,13,83,2,1,0,0,,,137.01219264
4385967014,2,2023_5_13_1_1,2023,5,13,51,1,1,0,0,,,96.373595979
4385967017,2,2023_5_13_1_1,2023,5,13,40,1,1,0,0,,,713.21848071
4385967029,2,2023_5_13_1_1,2023,5,13,46,2,1,0,0,,,209.53876726
4385967035,2,2023_5_13_1_1,2023,5,13,53,1,1,0,0,,,96.373595979
4385967037,2,2023_5_13_1_1,2023,5,13,-3,-3,-3,0,0,1,1,129.25438182
4385967051,2,2023_5_13_1_1,2023,5,13,63,2,1,0,0,,,40.253255799
4385967053,2,2023_5_13_1_1,2023,5,13,65,1,1,0,4.0007603212,,,40.253255799
4385967057,2,2023_5_13_1_1,2023,5,13,62,2,1,0,0,,,100.61616254
4385967059,2,2023_5_13_1_1,2023,5,13,67,2,1,0,0,1,1,285.3355288
4385967064,2,2023_5_13_1_1,2023,5,13,31,1,1,0,0,,,209.53876726
4385967066,2,2023_5_13_1_1,2023,5,13,60,2,1,0,0,,,328.03204201
4385967067,2,2023_5_13_1_1,2023,5,13,47,2,1,0,0,,,239.11626112
4385967070,2,2023_5_13_1_1,2023,5,13,48,2,1,0,0,,,685.73284948
4385967082,2,2023_5_13_1_1,2023,5,13,49,2,2,0,0,,,209.53876726
4385967090,2,2023_5_13_1_1,2023,5,13,81,2,1,0,0,,,137.01219264
4385967091,2,2023_5_13_1_1,2023,5,13,43,2,1,0,0,,,209.53876726
4385967097,2,2023_5_13_1_1,2023,5,13,42,2,1,0,0,,,209.53876726
4385967110,2,2023_5_13_1_1,2023,5,13,47,2,1,0,0,,,109.97723353
4385967111,2,2023_5_13_1_1,2023,5,13,54,1,1,0,0,,,100.61616254
4385967114,2,2023_5_13_1_1,2023,5,13,63,1,1,0,0,,,114.81866057
4385967119,2,2023_5_13_1_1,2023,5,13,45,2,1,0,0,,,96.373595979
4385967120,2,2023_5_13_1_1,2023,5,13,35,2,3,0,1.0001900803,,,685.73284948
4385967130,2,2023_5_13_1_1,2023,5,13,60,1,1,0,0,,,100.61616254
4385967139,2,2023_5_13_1_1,2023,5,13,40,1,1,0,0,,,281.02929599
4385967141,2,2023_5_13_1_1,2023,5,13,58,1,1,3.9992396788,10.001900803,,,114.81866057
4385967149,2,2023_5_13_1_1,2023,5,13,16,1,1,0,0,,,218.76310052
4385967160,2,2023_5_13_1_1,2023,5,13,62,2,1,0,0,,,40.253255799
4385967162,2,2023_5_13_1_1,2023,5,13,57,2,5,0,1.0001900803,,,713.21848071
4385967164,2,2023_5_13_1_1,2023,5,13,65,1,1,0,0,,,137.01219264
4385967174,2,2023_5_13_1_1,2023,5,13,58,2,1,0,0,,,114.81866057
4385967179,2,2023_5_13_1_1,2023,5,13,76,2,1,0.9998099197,1.0001900803,,,137.01219264
4385967189,2,2023_5_13_1_1,2023,5,13,53,1,1,0,0,,,96.373595979
4385967194,2,2023_5_13_1_1,2023,5,13,52,1,2,0,0,1,1,713.21848071
4385967197,2,2023_5_13_1_1,2023,5,13,45,1,1,0.9998099197,0,,,209.53876726
4385967199,2,2023_5_13_1_1,2023,5,13,14,1,5,2.9994297591,3.0005702409,,,218.76310052
4385967203,2,2023_5_13_1_1,2023,5,13,50,1,1,0,8.0015206423,,,209.53876726
4385967208,2,2023_5_13_1_1,2023,5,13,40,2,1,0,0,,,685.73284948
4385967212,2,2023_5_13_1_1,2023,5,13,17,1,1,11.997719037,12.002280963,,,95.662642874
4385967213,2,2023_5_13_1_1,2023,5,13,70,1,1,0,0,,,83.829649086
4385967214,2,2023_5_13_1_1,2023,5,13,52,2,1,0,0,,,209.53876726
4385967219,2,2023_5_13_1_1,2023,5,13,65,2,2,0,0,,,137.01219264
4385967224,2,2023_5_13_1_1,2023,5,13,8,2,1,0,0,,,713.21848071
4385967226,2,2023_5_13_1_1,2023,5,13,46,1,1,0,1.0001900803,,,209.53876726
4385967227,2,2023_5_13_1_1,2023,5,13,53,2,1,0,0,,,329.27466715
4385967228,2,2023_5_13_1_1,2023,5,13,46,2,1,0,0,,,209.53876726
4385967232,2,2023_5_13_1_1,2023,5,13,75,2,1,0,0,,,40.253255799
4385967235,2,2023_5_13_1_1,2023,5,13,-3,-3,-3,0,0,1,1,328.03204201
4385967236,2,2023_5_13_1_1,2023,5,13,67,1,1,0,0,,,40.253255799
4385967242,2,2023_5_13_1_1,2023,5,13,66,2,1,0,0,,,137.01219264
4385967244,2,2023_5_13_1_1,2023,5,13,54,1,1,0.9998099197,0,,,100.61616254
4385967246,2,2023_5_13_1_1,2023,5,13,68,1,1,11.997719037,40.007603212,,,40.253255799
4385967247,2,2023_5_13_1_1,2023,5,13,77,2,1,0.9998099197,4.0007603212,,,131.23495633
4385967250,2,2023_5_13_1_1,2023,5,13,55,1,1,0,0,,,813.89300271
4385967251,2,2023_5_13_1_1,2023,5,13,50,2,-3,0,0,,,134.94442911
4385967253,2,2023_5_13_1_1,2023,5,13,57,1,1,0,0,,,100.61616254
4385967254,2,2023_5_13_1_1,2023,5,13,60,2,1,0,0,,,96.373595979
4385967271,2,2023_5_13_1_1,2023,5,13,-3,2,1,2.9994297591,0,,,88.940435029
4385967272,2,2023_5_13_1_1,2023,5,13,35,2,1,0.9998099197,0,,,114.81866057
4385967280,2,2023_5_13_1_1,2023,5,13,68,2,2,0,0,,,40.253255799
4385967286,2,2023_5_13_1_1,2023,5,13,52,2,1,0,0,,,100.61616254
4385967287,2,2023_5_13_1_1,2023,5,13,52,1,1,0,0,,,38.555942835
4385967288,2,2023_5_13_1_1,2023,5,13,45,2,1,0,0,,,209.53876726
4385967295,2,2023_5_13_1_1,2023,5,13,62,2,1,0,0,,,96.373595979
4385967297,2,2023_5_13_1_1,2023,5,13,36,1,1,2.9994297591,3.0005702409,,,239.11626112
4385967298,2,2023_5_13_1_1,2023,5,13,56,2,2,0,0,,,274.33942125
4385967299,2,2023_5_13_1_1,2023,5,13,49,2,1,0,0,,,100.61616254
4385967306,2,2023_5_13_1_1,2023,5,13,66,2,4,0,0,,,149.75945739
4385967309,2,2023_5_13_1_1,2023,5,13,41,2,1,0,0,,,100.61616254
4385967317,2,2023_5_13_1_1,2023,5,13,8,1,5,0,0,,,715.92023875
4385967320,2,2023_5_13_1_1,2023,5,13,34,2,3,0,0,,,100.61616254
4385967327,2,2023_5_13_1_1,2023,5,13,-3,-3,-3,0,0,1,1,109.97723353
4385967328,2,2023_5_13_1_1,2023,5,13,68,2,1,0,0,,,40.253255799
4385967332,2,2023_5_13_1_1,2023,5,13,42,2,1,2.9994297591,0,,,100.61616254
4385967340,2,2023_5_13_1_1,2023,5,13,61,2,1,0,0,,,96.373595979
4385967349,2,2023_5_13_1_1,2023,5,13,33,1,1,0.9998099197,0,,,114.81866057
4385967350,2,2023_5_13_1_1,2023,5,13,29,1,1,1.9996198394,0,,,100.61616254
4385967352,2,2023_5_13_1_1,2023,5,13,18,1,1,19.996198394,0,,,96.373595979
4385967355,2,2023_5_13_1_1,2023,5,13,53,1,1,0,0,,,209.53876726
4385967361,2,2023_5_13_1_1,2023,5,13,61,2,1,0,0,,,137.01219264
4385967363,2,2023_5_13_1_1,2023,5,13,-3,1,4,0,0,,,51.710476362
4385967366,2,2023_5_13_1_1,2023,5,13,46,1,1,0,0,,,83.829649086
4385967371,2,2023_5_13_1_1,2023,5,13,71,1,1,0,0,,,40.253255799
4385967372,2,2023_5_13_1_1,2023,5,13,57,2,1,0,0,,,131.23495633
4385967376,2,2023_5_13_1_1,2023,5,13,71,2,1,0,0,,,40.253255799
4385967383,2,2023_5_13_1_1,2023,5,13,45,2,1,0,3.0005702409,,,685.73284948
4385967384,2,2023_5_13_1_1,2023,5,13,28,2,1,0,0,,,114.81866057
4385967388,2,2023_5_13_1_1,2023,5,13,57,1,1,0,0,,,209.53876726
4385967399,2,2023_5_13_1_1,2023,5,13,56,2,1,0,0,,,114.81866057
4385967400,2,2023_5_13_1_1,2023,5,13,76,1,1,0,0,,,40.253255799
4385967401,2,2023_5_13_1_1,2023,5,13,-3,-3,-3,0,0,,,100.61616254
4385967402,2,2023_5_13_1_1,2023,5,13,20,2,1,9.9980991971,0,,,96.373595979
4385967404,2,2023_5_13_1_1,2023,5,13,0,2,1,0,0,,,218.76310052
4385967416,2,2023_5_13_1_1,2023,5,13,44,2,1,1.9996198394,0,,,209.53876726
4385967424,2,2023_5_13_1_1,2023,5,13,-3,-3,-3,0,0,1,1,156.35218084
4385967426,2,2023_5_13_1_1,2023,5,13,57,1,1,0.9998099197,6.0011404817,,,100.61616254
4385967431,2,2023_5_13_1_1,2023,5,13,66,2,1,0,0,,,183.75807275
4385967439,2,2023_5_13_1_1,2023,5,13,28,2,1,0,0,,,239.11626112
4385967441,2,2023_5_13_1_1,2023,5,13,54,2,1,0,0,,,40.253255799
4385967442,2,2023_5_13_1_1,2023,5,13,52,2,1,0,0,,,100.61616254
4385967449,2,2023_5_13_1_1,2023,5,13,49,2,1,0,0,,,209.53876726
4385967450,2,2023_5_13_1_1,2023,5,13,43,2,1,0,0,,,209.53876726
4385967456,2,2023_5_13_1_1,2023,5,13,49,1,-3,0,0,,,96.373595979
4385967472,2,2023_5_13_1_1,2023,5,13,47,1,1,0,0,,,209.53876726
4385967476,2,2023_5_13_1_1,2023,5,13,41,1,1,9.9980991971,0,,,209.53876726
4385967477,2,2023_5_13_1_1,2023,5,13,57,1,1,3.9992396788,0,,,100.61616254
4385967482,2,2023_5_13_1_1,2023,5,13,56,1,1,0,0,,,100.61616254
4385967494,2,2023_5_13_1_1,2023,5,13,61,2,1,0,2.0003801606,,,100.61616254
4385967497,2,2023_5_13_1_1,2023,5,13,38,2,1,0,0,,,209.53876726
4385967501,2,2023_5_13_1_1,2023,5,13,60,2,1,0,0,,,114.81866057
4385967523,2,2023_5_13_1_1,2023,5,13,55,1,1,0,0,,,328.03204201
4385967528,2,2023_5_13_1_1,2023,5,13,36,2,1,0,0,,,209.53876726
4385967540,2,2023_5_13_1_1,2023,5,13,36,1,1,0,0,,,239.11626112
4385967550,2,2023_5_13_1_1,2023,5,13,18,1,1,0,0,,,100.61616254
4385967552,2,2023_5_13_1_1,2023,5,13,49,2,1,0,0,,,114.81866057
4385967558,2,2023_5_13_1_1,2023,5,13,63,1,1,0,0,,,100.61616254
4385967559,2,2023_5_13_1_1,2023,5,13,57,2,1,0,0,,,713.21848071
4385967574,2,2023_5_13_1_1,2023,5,13,56,2,1,0,0,,,374.33548188
4385967578,2,2023_5_13_1_1,2023,5,13,67,1,1,0,0,,,95.662642874
4385967580,2,2023_5_13_1_1,2023,5,13,66,1,1,0,0,,,40.253255799
4385967581,2,2023_5_13_1_1,2023,5,13,68,1,1,0,0,,,40.253255799
4385967582,2,2023_5_13_1_1,2023,5,13,49,2,1,1.9996198394,0,,,114.81866057
4385967591,2,2023_5_13_1_1,2023,5,13,59,1,1,0,0,,,329.27466715
4385967600,2,2023_5_13_1_1,2023,5,13,59,2,1,0,0,,,100.61616254
4385967605,2,2023_5_13_1_1,2023,5,13,43,1,1,0,0,,,100.61616254
4385967607,2,2023_5_13_1_1,2023,5,13,55,1,1,0,0,,,96.373595979
4385967608,2,2023_5_13_1_1,2023,5,13,27,2,1,0,2.0003801606,,,329.27466715
4385967609,2,2023_5_13_1_1,2023,5,13,15,2,2,0,0,,,209.53876726
4385967617,2,2023_5_13_1_1,2023,5,13,47,1,1,0,0,,,209.53876726
4385967619,2,2023_5_13_1_1,2023,5,13,70,1,-3,0,0,,,285.3355288
4385967622,2,2023_5_13_1_1,2023,5,13,65,2,1,0,0,,,137.01219264
4385967624,2,2023_5_13_1_1,2023,5,13,55,1,1,0.9998099197,0,,,100.61616254
4385967632,2,2023_5_13_1_1,2023,5,13,27,2,1,0,0,,,137.01219264
4385967634,2,2023_5_13_1_1,2023,5,13,63,2,1,0,0,,,100.61616254
4385967648,2,2023_5_13_1_0,2023,5,13,74,2,1,0,0,,,162.28228358
4385967656,2,2023_5_13_1_0,2023,5,13,-3,2,2,0,0,,,1106.0081197
4385967658,2,2023_5_13_1_0,2023,5,13,84,1,1,0,0,,,224.89996754
4385967662,2,2023_5_13_1_0,2023,5,13,40,1,1,0,0,,,844.76221795
4385967668,2,2023_5_13_1_0,2023,5,13,60,2,2,0,0,,,1106.0081197
4385967673,2,2023_5_13_1_0,2023,5,13,86,1,1,0,0,,,552.36902104
4385967680,2,2023_5_13_1_0,2023,5,13,31,2,5,0,16.003041285,,,844.76221795
4385967708,2,2023_5_13_1_0,2023,5,13,-3,-3,-3,0,0,1,1,529.07790877
4385967713,2,2023_5_13_1_0,2023,5,13,71,1,1,0,0,,,370.29117764
4385967722,2,2023_5_13_1_0,2023,5,13,17,1,1,0,0,,,844.76221795
4385967723,2,2023_5_13_1_0,2023,5,13,39,1,1,0,0,,,844.76221795
4385967730,2,2023_5_13_1_0,2023,5,13,31,1,1,0,0,,,844.76221795
4385967732,2,2023_5_13_1_0,2023,5,13,86,1,2,0,0,,,162.28228358
4385967735,2,2023_5_13_1_0,2023,5,13,31,2,2,0,0,,,2764.5538362
4385967736,2,2023_5_13_1_0,2023,5,13,67,2,1,0,0,,,162.28228358
4385967746,2,2023_5_13_1_0,2023,5,13,20,1,1,0,0,,,1271.5069291
4385967747,2,2023_5_13_1_0,2023,5,13,64,1,1,0,0,,,1380.6895889
4385967763,2,2023_5_13_1_0,2023,5,13,68,1,1,0,0,,,162.28228358
4385967765,2,2023_5_13_1_0,2023,5,13,55,1,1,0,0,,,388.5332235
4385967766,2,2023_5_13_1_0,2023,5,13,23,1,2,0,0,,,388.5332235
4385967783,2,2023_5_13_1_0,2023,5,13,58,1,1,0,0,,,405.6372658
4385967785,2,2023_5_13_1_0,2023,5,13,41,1,1,0,0,,,405.6372658
4385967789,2,2023_5_13_1_0,2023,5,13,38,2,1,0,0,,,405.6372658
4385967798,2,2023_5_13_1_0,2023,5,13,87,2,1,0,0,,,552.36902104
4385967800,2,2023_5_13_1_0,2023,5,13,81,2,1,0,0,,,162.28228358
4385967813,2,2023_5_13_1_0,2023,5,13,33,1,1,0,1.0001900803,,,1327.4813142
4385967814,2,2023_5_13_1_0,2023,5,13,50,1,2,0,0,,,1327.4813142
4385967820,2,2023_5_13_1_0,2023,5,13,43,1,1,0,0,,,844.76221795
4385967828,2,2023_5_13_1_0,2023,5,13,54,1,1,0,0,,,155.43951227
4385967834,2,2023_5_13_1_0,2023,5,13,53,2,1,0,0,,,405.6372658
4385967838,2,2023_5_13_1_0,2023,5,13,34,1,1,0,0,,,1327.4813142
4385967840,2,2023_5_13_1_0,2023,5,13,42,1,1,0,0,,,9409.862016
4385967844,2,2023_5_13_1_0,2023,5,13,57,1,3,0,0,,,844.76221795
4385967848,2,2023_5_13_1_0,2023,5,13,32,2,1,0,0,,,566.30257056
4385967850,2,2023_5_13_1_0,2023,5,13,48,2,1,0,0,,,1380.6895889
4385967854,2,2023_5_13_1_0,2023,5,13,61,2,2,0,0,,,529.07790877
4385967859,2,2023_5_13_1_0,2023,5,13,42,1,1,3.9992396788,0,,,552.36902104
4385967869,2,2023_5_13_1_0,2023,5,13,31,2,1,0,0,1,1,1380.6895889
4385967870,2,2023_5_13_1_0,2023,5,13,43,1,2,0,0,,,1322.4716314
4385967876,2,2023_5_13_1_0,2023,5,13,67,2,2,0,0,,,162.28228358
4385967884,2,2023_5_13_1_0,2023,5,13,74,2,1,0,0,,,552.36902104
4385967885,2,2023_5_13_1_0,2023,5,13,-3,-3,-3,0,0,1,1,1271.5069291
4385967888,2,2023_5_13_1_0,2023,5,13,42,1,1,0,0,,,155.43951227
4385967890,2,2023_5_13_1_0,2023,5,13,45,1,1,0,0,,,2875.3630344
4385967891,2,2023_5_13_1_0,2023,5,13,35,2,1,0,0,,,405.6372658
4385967908,2,2023_5_13_1_0,2023,5,13,74,2,1,2.9994297591,1.0001900803,,,162.28228358
4385967910,2,2023_5_13_1_0,2023,5,13,-3,-3,-3,0,0,1,1,162.28228358
4385967920,2,2023_5_13_1_0,2023,5,13,8,1,2,0,0,,,2764.5538362
4385967932,2,2023_5_13_1_0,2023,5,13,46,1,1,0,0,,,405.6372658
4385967934,2,2023_5_13_1_0,2023,5,13,37,2,-3,0,0,,,844.76221795
4385967956,2,2023_5_13_1_0,2023,5,13,40,1,1,0,0,,,844.76221795
4385967968,2,2023_5_13_1_0,2023,5,13,85,1,1,0,0,,,552.36902104
4385967973,2,2023_5_13_1_0,2023,5,13,38,2,1,0,0,,,844.76221795
4385968006,2,2023_5_13_1_0,2023,5,13,14,1,3,0,0,,,844.76221795
4385968032,2,2023_5_13_1_0,2023,5,13,50,2,2,0,0,,,1380.6895889
4385968039,2,2023_5_13_1_0,2023,5,13,69,2,2,0,0,,,552.36902104
4385968050,2,2023_5_13_1_0,2023,5,13,68,1,4,0,0,,,552.36902104
4385968053,2,2023_5_13_1_0,2023,5,13,19,2,3,0,0,,,1327.4813142
4385968054,2,2023_5_13_1_0,2023,5,13,83,1,2,0,0,,,531.08212001
4385968070,2,2023_5_13_1_0,2023,5,13,45,2,1,0,0,,,2764.5538362
4385968082,2,2023_5_13_1_0,2023,5,13,42,1,1,0,0,,,844.76221795
4385968085,2,2023_5_13_1_0,2023,5,13,26,1,1,0,0,,,1327.4813142
4385968089,2,2023_5_13_1_0,2023,5,13,70,2,1,0,0,,,370.29117764
4385968099,2,2023_5_13_1_0,2023,5,13,45,1,2,3.9992396788,8.0015206423,,,844.76221795
4385968119,2,2023_5_13_1_0,2023,5,13,62,1,2,0,0,,,405.6372658
4385968133,2,2023_5_13_1_0,2023,5,13,52,1,1,0,0,,,508.68858813
4385968134,2,2023_5_13_1_0,2023,5,13,72,1,1,0,0,,,552.36902104
4385968138,2,2023_5_13_1_0,2023,5,13,58,1,1,0,0,,,388.5332235
4385968143,2,2023_5_13_1_0,2023,5,13,31,2,4,0,0,,,405.6372658
4385968146,2,2023_5_13_1_0,2023,5,13,74,1,3,0,0,,,162.28228358
4385968148,2,2023_5_13_1_0,2023,5,13,21,2,2,0,0,,,2764.5538362
4385968151,2,2023_5_13_1_0,2023,5,13,15,1,2,0,0,,,844.76221795
4385968157,2,2023_5_13_1_0,2023,5,13,56,1,1,0,0,,,104.20186118
4385968160,2,2023_5_13_1_0,2023,5,13,86,1,1,0,0,,,162.28228358
4385968161,2,2023_5_13_1_0,2023,5,13,75,1,1,0,0,,,162.28228358
4385968167,2,2023_5_13_1_0,2023,5,13,78,2,1,0,0,,,508.68858813
4385968179,2,2023_5_13_1_0,2023,5,13,74,2,1,0,0,,,162.28228358
4385968180,2,2023_5_13_1_0,2023,5,13,17,2,1,0,0,,,844.76221795
4385968189,2,2023_5_13_1_0,2023,5,13,41,1,1,0,0,,,844.76221795
4385968194,2,2023_5_13_1_0,2023,5,13,62,1,5,0,0,,,538.45131722
4385968204,2,2023_5_13_1_0,2023,5,13,45,2,1,0,0,,,1327.4813142
4385968206,2,2023_5_13_1_0,2023,5,13,42,1,4,0,0,,,844.76221795
4385968210,2,2023_5_13_1_0,2023,5,13,42,1,1,2.9994297591,2.0003801606,,,844.76221795
4385968211,2,2023_5_13_1_0,2023,5,13,67,1,1,0,0,,,162.28228358
4385968213,2,2023_5_13_1_0,2023,5,13,50,1,1,0,0,,,889.90258397
4385968217,2,2023_5_13_1_0,2023,5,13,42,2,1,0,0,,,844.76221795
4385968218,2,2023_5_13_1_0,2023,5,13,55,1,2,0,0,,,844.76221795
4385968231,2,2023_5_13_1_0,2023,5,13,65,1,1,0,0,,,155.43951227
4385968243,2,2023_5_13_1_0,2023,5,13,43,2,1,0,0,,,844.76221795
4385968252,2,2023_5_13_1_0,2023,5,13,13,2,3,0,0,,,2886.2552581
4385968270,2,2023_5_13_1_0,2023,5,13,59,2,2,0,0,,,405.6372658
4385968271,2,2023_5_13_1_0,2023,5,13,71,1,1,0,0,,,162.28228358
4385968274,2,2023_5_13_1_0,2023,5,13,63,2,1,0,0,,,162.28228358
4385968276,2,2023_5_13_1_0,2023,5,13,52,1,1,0,0,,,155.43951227
4385968284,2,2023_5_13_1_0,2023,5,13,53,2,1,0,0,,,155.43951227
4385968293,2,2023_5_13_1_0,2023,5,13,61,2,4,0,0,,,405.6372658
4385968297,2,2023_5_13_1_0,2023,5,13,62,2,4,0,0,,,552.36902104
4385968299,2,2023_5_13_1_0,2023,5,13,68,2,1,0,0,,,552.36902104
4385968300,2,2023_5_13_1_0,2023,5,13,41,1,1,0,0,,,844.76221795
4385968318,2,2023_5_13_1_0,2023,5,13,78,2,1,0,0,,,552.36902104
4385968321,2,2023_5_13_1_0,2023,5,13,77,2,1,0,0,,,108.78904429
4385968330,2,2023_5_13_1_0,2023,5,13,55,1,1,0,0,,,2764.5538362
4385968333,2,2023_5_13_1_0,2023,5,13,80,1,1,0,0,,,529.07790877
4385968404,2,2023_5_13_1_0,2023,5,13,41,1,1,0,0,,,844.76221795
4385968410,2,2023_5_13_1_0,2023,5,13,22,2,1,0,0,,,405.6372658
4385968423,2,2023_5_13_1_0,2023,5,13,82,1,1,0,0,,,552.36902104
4385968429,2,2023_5_13_1_0,2023,5,13,72,1,1,0,0,,,162.28228358
4385968436,2,2023_5_13_1_0,2023,5,13,61,2,2,0,0,,,162.28228358
4385968446,2,2023_5_13_1_0,2023,5,13,28,1,2,0,0,,,2764.5538362
4385968451,2,2023_5_13_1_0,2023,5,13,27,1,1,0,0,,,844.76221795
4385968456,2,2023_5_13_1_0,2023,5,13,78,1,1,0,0,,,162.28228358
4385968459,2,2023_5_13_1_0,2023,5,13,40,-3,-3,0,0,,,1170.7192628
4385968470,2,2023_5_13_1_0,2023,5,13,44,1,2,0,0,,,162.28228358
4385968471,2,2023_5_13_1_0,2023,5,13,-3,-3,-3,0,0,1,1,552.36902104
4385968472,2,2023_5_13_1_0,2023,5,13,32,1,1,0,0,,,1327.4813142
4385968482,2,2023_5_13_1_0,2023,5,13,-3,1,1,3.9992396788,0,,,566.30257056
4385968483,2,2023_5_13_1_0,2023,5,13,54,1,1,0,0,,,155.43951227
4385968501,2,2023_5_13_1_0,2023,5,13,34,2,1,0,0,,,844.76221795
4385968502,2,2023_5_13_1_0,2023,5,13,75,2,1,0,0,,,370.29117764
4385968505,2,2023_5_13_1_0,2023,5,13,64,2,1,2.9994297591,1.0001900803,,,529.07790877
4385968513,2,2023_5_13_1_0,2023,5,13,52,1,1,0,0,,,405.6372658
4385968529,2,2023_5_13_1_0,2023,5,13,57,2,1,0,0,,,405.6372658
4385968530,2,2023_5_13_1_0,2023,5,13,42,1,1,0,0,,,405.6372658
4385968535,2,2023_5_13_1_0,2023,5,13,68,1,1,0,0,,,162.28228358
4385968575,2,2023_5_13_1_0,2023,5,13,73,2,1,0,0,,,529.07790877
4385968582,2,2023_5_13_1_0,2023,5,13,27,2,1,0,0,,,2764.5538362
4385968585,2,2023_5_13_1_0,2023,5,13,70,1,2,0,0,,,552.36902104
4385968588,2,2023_5_13_1_0,2023,5,13,66,1,1,0,0,,,162.28228358
4385968596,2,2023_5_13_1_0,2023,5,13,33,1,1,0,0,,,1327.4813142
4385968600,2,2023_5_13_1_0,2023,5,13,42,1,1,0,0,,,844.76221795
4385968605,2,2023_5_13_1_0,2023,5,13,40,1,3,0,0,,,405.6372658
4385968607,2,2023_5_13_1_0,2023,5,13,64,2,1,0,0,,,405.6372658
4385968608,2,2023_5_13_1_0,2023,5,13,83,1,1,0,0,,,531.08212001
4385968619,2,2023_5_13_1_0,2023,5,13,81,2,1,0,0,,,552.36902104
4385968620,2,2023_5_13_1_0,2023,5,13,65,2,1,0,0,,,108.78904429
4385968625,2,2023_5_13_1_0,2023,5,13,61,2,1,9.9980991971,10.001900803,,,405.6372658
4385968627,2,2023_5_13_1_0,2023,5,13,62,1,1,0,0,,,1380.6895889
4385968628,2,2023_5_13_1_0,2023,5,13,28,1,4,0,0,,,388.5332235
4385968630,2,2023_5_13_1_0,2023,5,13,66,2,1,0,0,,,162.28228358
4385968631,2,2023_5_13_1_0,2023,5,13,57,1,1,0,0,,,337.96190185
4385968645,2,2023_5_13_1_0,2023,5,13,86,1,1,0,0,,,155.43951227
4385968652,2,2023_5_13_1_0,2023,5,13,71,1,1,0,0,,,162.28228358
4385968687,2,2023_5_13_1_0,2023,5,13,44,2,1,0,0,,,844.76221795
4385968689,2,2023_5_13_1_0,2023,5,13,76,1,1,0,0,,,162.28228358
4385968697,2,2023_5_13_1_0,2023,5,13,49,1,1,0,0,,,1380.6895889
4385968707,2,2023_5_13_1_0,2023,5,13,34,1,1,0,0,,,1327.4813142
4385968712,2,2023_5_13_1_0,2023,5,13,34,2,2,0,0,,,1327.4813142
4385968716,2,2023_5_13_1_0,2023,5,13,68,1,1,0,0,,,531.08212001
4385968722,2,2023_5_13_1_0,2023,5,13,15,2,1,0,0,,,881.95041147
4385968724,2,2023_5_13_1_0,2023,5,13,48,2,3,0,0,,,1132.9785629
4385968727,2,2023_5_13_1_0,2023,5,13,74,1,2,0,0,,,468.36671927
4385968732,2,2023_5_13_1_0,2023,5,13,-3,-3,-3,0,0,1,1,1327.4813142
4385968734,2,2023_5_13_1_0,2023,5,13,59,1,2,0,0,,,1327.4813142
4385968742,2,2023_5_13_1_0,2023,5,13,60,2,1,0,0,,,405.6372658
4385968743,2,2023_5_13_1_0,2023,5,13,75,2,1,0,0,,,552.36902104
4385968746,2,2023_5_13_1_0,2023,5,13,66,2,1,0,0,,,162.28228358
4385968748,2,2023_5_13_1_0,2023,5,13,56,2,1,0,0,,,108.78904429
4385968751,2,2023_5_13_1_0,2023,5,13,90,2,1,0,0,,,162.28228358
4385968755,2,2023_5_13_1_0,2023,5,13,14,1,1,14.997148796,15.002851204,,,844.76221795
4385968765,2,2023_5_13_1_0,2023,5,13,56,2,1,0,0,,,162.28228358
4385968768,2,2023_5_13_1_0,2023,5,13,65,2,1,0,0,,,162.28228358
4385968779,2,2023_5_13_1_0,2023,5,13,11,1,1,3.9992396788,0,,,226.5592491
4385968785,2,2023_5_13_1_0,2023,5,13,71,2,1,0,0,,,162.28228358
4385968789,2,2023_5_13_1_0,2023,5,13,52,2,1,0,0,,,529.07790877
4385968792,2,2023_5_13_1_0,2023,5,13,71,2,1,0,0,,,552.36902104
4385968795,2,2023_5_13_1_0,2023,5,13,83,2,1,0,0,,,370.29117764
4385968801,2,2023_5_13_1_0,2023,5,13,67,1,1,0,0,,,552.36902104
4385968803,2,2023_5_13_1_0,2023,5,13,75,2,1,0,0,,,224.89996754
4385968806,2,2023_5_13_1_0,2023,5,13,-3,-3,-3,0,0,,,552.36902104
4385968813,2,2023_5_13_1_0,2023,5,13,88,2,1,0,0,,,552.36902104
4385968822,2,2023_5_13_1_0,2023,5,13,-3,-3,-3,0,0,1,1,552.36902104
4385968836,2,2023_5_13_1_0,2023,5,13,41,1,2,0,0,,,531.08212001
4385968843,2,2023_5_13_1_0,2023,5,13,84,1,1,0,0,,,529.07790877
4385968878,2,2023_5_13_1_0,2023,5,13,58,1,3,0,0,,,155.43951227
4385968891,2,2023_5_13_1_0,2023,5,13,59,1,1,0,0,,,405.6372658
4385968898,2,2023_5_13_1_0,2023,5,13,55,1,1,0,0,,,155.43951227
4385968899,2,2023_5_13_1_0,2023,5,13,68,1,2,0,0,,,337.96190185
4385968900,2,2023_5_13_1_0,2023,5,13,59,1,1,0,0,,,162.28228358
4385968910,2,2023_5_13_1_0,2023,5,13,70,2,1,0,0,,,529.07790877
4385968920,2,2023_5_13_1_0,2023,5,13,62,2,1,0,0,,,1150.3392777
4385968921,2,2023_5_13_1_0,2023,5,13,87,1,1,0,0,,,162.28228358
4385968924,2,2023_5_13_1_0,2023,5,13,23,1,1,0,0,,,1327.4813142
4385968935,2,2023_5_13_1_0,2023,5,13,69,1,3,0,0,,,162.28228358
4385968937,2,2023_5_13_1_0,2023,5,13,83,2,2,0,0,,,552.36902104
4385968950,2,2023_5_13_1_0,2023,5,13,63,2,1,0,0,,,405.6372658
4385968961,2,2023_5_13_1_0,2023,5,13,63,1,2,0,0,,,1322.4716314
4385968979,2,2023_5_13_1_0,2023,5,13,34,1,1,0,0,,,844.76221795
4385969010,2,2023_5_13_1_0,2023,5,13,16,1,1,0,0,,,2764.5538362
4385969027,2,2023_5_13_1_0,2023,5,13,73,2,1,0,0,,,162.28228358
4385969029,2,2023_5_13_1_0,2023,5,13,34,2,1,0,0,,,844.76221795
4385969030,2,2023_5_13_1_0,2023,5,13,84,2,1,0,0,,,552.36902104
4385969031,2,2023_5_13_1_0,2023,5,13,79,1,1,0,0,,,529.07790877
4385969045,2,2023_5_13_1_0,2023,5,13,73,2,1,0,0,,,370.29117764
4385969063,2,2023_5_13_1_0,2023,5,13,49,1,1,0,0,,,1271.5069291
4385969066,2,2023_5_13_1_0,2023,5,13,35,2,1,0,0,,,1150.3392777
4385969068,2,2023_5_13_1_0,2023,5,13,82,2,1,0,0,,,552.36902104
4385969072,2,2023_5_13_1_0,2023,5,13,66,2,1,0,0,,,552.36902104
4385969073,2,2023_5_13_1_0,2023,5,13,69,2,1,0,0,,,552.36902104
4385969075,2,2023_5_13_1_0,2023,5,13,60,1,4,0,0,,,9409.862016
4385969086,2,2023_5_13_1_0,2023,5,13,15,2,1,0,0,1,1,881.95041147
4385969091,2,2023_5_13_1_0,2023,5,13,72,2,1,0,0,,,162.28228358
4385969093,2,2023_5_13_1_0,2023,5,13,77,2,1,0,0,,,162.28228358
4385969097,2,2023_5_13_1_0,2023,5,13,74,2,1,0,0,,,162.28228358
4385969103,2,2023_5_13_1_0,2023,5,13,72,2,1,0,0,,,155.43951227
4385969104,2,2023_5_13_1_0,2023,5,13,36,1,1,1.9996198394,5.0009504015,,,388.5332235
4385969109,2,2023_5_13_1_0,2023,5,13,74,2,1,0,0,,,552.36902104
4385969145,2,2023_5_13_1_0,2023,5,13,37,1,1,1.9996198394,0,,,844.76221795
4385969147,2,2023_5_13_1_0,2023,5,13,-3,1,1,0,0,,,405.6372658
4385969148,2,2023_5_13_1_0,2023,5,13,58,1,2,0,0,,,1132.9785629
4385969149,2,2023_5_13_1_0,2023,5,13,78,1,1,0,0,,,155.43951227
4385969152,2,2023_5_13_1_0,2023,5,13,37,1,2,0,0,,,1132.9785629
4385969161,2,2023_5_13_1_0,2023,5,13,71,2,1,0,0,,,162.28228358
4385969168,2,2023_5_13_1_0,2023,5,13,79,2,1,0,0,,,162.28228358
4385969169,2,2023_5_13_1_0,2023,5,13,15,1,3,0.9998099197,1.0001900803,,,2886.2552581
4385969172,2,2023_5_13_1_0,2023,5,13,78,2,1,0,0,,,162.28228358
4385969175,2,2023_5_13_1_0,2023,5,13,70,2,1,0,0,,,108.78904429
4385969185,2,2023_5_13_1_0,2023,5,13,67,2,1,0,0,,,162.28228358
4385969186,2,2023_5_13_1_0,2023,5,13,58,1,1,0.9998099197,0,,,405.6372658
4385969192,2,2023_5_13_1_0,2023,5,13,29,1,1,0,0,,,1271.5069291
4385969204,2,2023_5_13_1_0,2023,5,13,56,2,1,0,0,,,388.5332235
4385969206,2,2023_5_13_1_0,2023,5,13,45,2,1,0,0,,,844.76221795
4385969208,2,2023_5_13_1_0,2023,5,13,44,1,1,0,0,,,844.76221795
4385969210,2,2023_5_13_1_0,2023,5,13,56,2,1,14.997148796,15.002851204,,,271.92672856
4385969212,2,2023_5_13_1_0,2023,5,13,-3,-3,-3,0,0,1,1,405.6372658
4385969214,2,2023_5_13_1_0,2023,5,13,40,1,2,0,0,,,1327.4813142
4385969221,2,2023_5_13_1_0,2023,5,13,57,2,1,0,0,,,405.6372658
4385969227,2,2023_5_13_1_0,2023,5,13,63,1,1,0,0,,,162.28228358
4385969232,2,2023_5_13_1_0,2023,5,13,67,2,1,0,0,,,162.28228358
4385969234,2,2023_5_13_1_0,2023,5,13,71,2,1,0,0,,,552.36902104
4385969244,2,2023_5_13_1_0,2023,5,13,67,2,2,0,0,,,162.28228358
4385969246,2,2023_5_13_1_0,2023,5,13,16,1,1,0,0,,,844.76221795
4385969251,2,2023_5_13_1_0,2023,5,13,56,2,4,0,0,,,388.5332235
4385969258,2,2023_5_13_1_0,2023,5,13,47,1,1,0,0,,,844.76221795
4385969263,2,2023_5_13_1_0,2023,5,13,70,2,1,0,0,,,162.28228358
4385969265,2,2023_5_13_1_0,2023,5,13,49,1,1,0,0,,,405.6372658
4385969268,2,2023_5_13_1_0,2023,5,13,52,1,2,0,0,,,4518.4202354
4385969269,2,2023_5_13_1_0,2023,5,13,49,1,1,0,0,,,405.6372658
4385969275,2,2023_5_13_1_0,2023,5,13,30,1,1,0,0,,,1327.4813142
4385969282,2,2023_5_13_1_0,2023,5,13,40,1,1,0,0,,,844.76221795
4385969293,2,2023_5_13_1_0,2023,5,13,68,1,2,0,0,,,552.36902104
4385969297,2,2023_5_13_1_0,2023,5,13,48,2,1,0,0,,,1271.5069291
4385969311,2,2023_5_13_1_0,2023,5,13,61,2,1,0,0,,,405.6372658
4385969320,2,2023_5_13_1_0,2023,5,13,67,1,1,0,1.0001900803,,,552.36902104
4385969327,2,2023_5_13_1_0,2023,5,13,33,1,1,0.9998099197,1.0001900803,,,844.76221795
4385969328,2,2023_5_13_1_0,2023,5,13,32,2,1,0,0,,,2875.3630344
4385969329,2,2023_5_13_1_0,2023,5,13,73,1,1,0,0,,,552.36902104
4385969352,2,2023_5_13_1_0,2023,5,13,61,2,1,0,0,,,405.6372658
4385969362,2,2023_5_13_1_0,2023,5,13,68,2,1,0,0,,,162.28228358
4385969371,2,2023_5_13_1_0,2023,5,13,28,1,1,0,0,,,844.76221795
4385969391,2,2023_5_13_1_0,2023,5,13,74,2,1,0,0,,,531.08212001
4385969393,2,2023_5_13_1_0,2023,5,13,50,1,5,0,0,,,2764.5538362
4385969399,2,2023_5_13_1_0,2023,5,13,64,1,1,0,0,,,405.6372658
4385969406,2,2023_5_13_1_0,2023,5,13,61,1,1,0,0,,,337.96190185
4385969408,2,2023_5_13_1_0,2023,5,13,57,1,1,0,0,,,405.6372658
4385969416,2,2023_5_13_1_0,2023,5,13,46,2,1,0,0,,,844.76221795
4385969419,2,2023_5_13_1_0,2023,5,13,65,1,2,0,0,,,162.28228358
4385969421,2,2023_5_13_1_0,2023,5,13,36,1,1,0,0,,,405.6372658
4385969431,2,2023_5_13_1_0,2023,5,13,72,1,1,0,0,,,162.28228358
4385969435,2,2023_5_13_1_0,2023,5,13,21,2,1,0.9998099197,1.0001900803,,,388.5332235
4385969436,2,2023_5_13_1_0,2023,5,13,45,1,1,0,0,,,155.43951227
4385969446,2,2023_5_13_1_0,2023,5,13,72,1,1,0,0,,,162.28228358
4385969458,2,2023_5_13_1_0,2023,5,13,70,1,1,0,0,,,162.28228358
4385969468,2,2023_5_13_1_0,2023,5,13,59,1,1,0,0,,,1380.6895889
4385969470,2,2023_5_13_1_0,2023,5,13,65,2,1,0,0,,,162.28228358
4385969478,2,2023_5_13_1_0,2023,5,13,54,1,2,0,0,,,2764.5538362
4385969491,2,2023_5_13_1_0,2023,5,13,84,1,1,0,0,,,552.36902104
4385969502,2,2023_5_13_1_0,2023,5,13,46,1,1,0,0,,,388.5332235
4385969515,2,2023_5_13_1_0,2023,5,13,53,2,1,0,0,,,155.43951227
4385969517,2,2023_5_13_1_0,2023,5,13,28,2,1,0,0,,,337.96190185
4385969520,2,2023_5_13_1_0,2023,5,13,54,2,1,0,0,,,1380.6895889
4385969521,2,2023_5_13_1_0,2023,5,13,61,2,1,0,0,,,271.92672856
4385969526,2,2023_5_13_1_0,2023,5,13,52,1,1,0,0,,,529.07790877
4385969528,2,2023_5_13_1_0,2023,5,13,64,1,1,0,0,,,155.43951227
4385969529,2,2023_5_13_1_0,2023,5,13,43,2,1,0,0,,,566.30257056
4385969530,2,2023_5_13_1_0,2023,5,13,41,1,2,0,0,,,1150.3392777
4385969532,2,2023_5_13_1_0,2023,5,13,33,2,1,0,1.0001900803,,,405.6372658
4385969537,2,2023_5_13_2_1,2023,5,13,53,1,1,0,0,,,737.26498384
4385969538,2,2023_5_13_2_1,2023,5,13,62,1,1,0,0,,,1154.1851721
4385969541,2,2023_5_13_2_1,2023,5,13,56,2,1,0,0,,,1154.1851721
4385969556,2,2023_5_13_2_1,2023,5,13,61,1,1,0,0,,,250.78664348
4385969559,2,2023_5_13_2_1,2023,5,13,64,1,1,0,0,,,141.63162442
4385969581,2,2023_5_13_2_1,2023,5,13,-3,2,-3,0,0,,,231.44381969
4385969587,2,2023_5_13_2_1,2023,5,13,42,2,2,0,0,,,218.14435899
4385969588,2,2023_5_13_2_1,2023,5,13,63,2,1,0,0,,,658.00995781
4385969595,2,2023_5_13_2_1,2023,5,13,65,2,1,0,0,,,141.63162442
4385969603,2,2023_5_13_2_1,2023,5,13,59,1,2,0,0,,,261.82679422
4385969607,2,2023_5_13_2_1,2023,5,13,55,2,1,0,0,,,1855.9613453
4385969618,2,2023_5_13_2_1,2023,5,13,43,2,1,0,0,,,737.26498384
4385969619,2,2023_5_13_2_1,2023,5,13,63,2,1,0,0,,,141.63162442
4385969622,2,2023_5_13_2_1,2023,5,13,52,2,3,0,0,,,737.26498384
4385969625,2,2023_5_13_2_1,2023,5,13,59,2,4,0,0,,,354.0193274
4385969627,2,2023_5_13_2_1,2023,5,13,67,1,1,0,0,,,482.07925108
4385969629,2,2023_5_13_2_1,2023,5,13,62,2,1,0,0,,,1204.994809
4385969631,2,2023_5_13_2_1,2023,5,13,49,1,1,0,0,,,737.26498384
4385969633,2,2023_5_13_2_1,2023,5,13,60,2,2,0,0,,,339.09179963
4385969635,2,2023_5_13_2_1,2023,5,13,46,2,1,0,0,,,737.26498384
4385969641,2,2023_5_13_2_1,2023,5,13,60,1,1,1.9996198394,0,,,141.63162442
4385969645,2,2023_5_13_2_1,2023,5,13,9,2,2,0,0,,,2509.4688612
4385969652,2,2023_5_13_2_1,2023,5,13,35,1,5,0,0,,,737.26498384
4385969655,2,2023_5_13_2_1,2023,5,13,54,1,1,0,0,,,135.65960583
4385969656,2,2023_5_13_2_1,2023,5,13,59,1,1,0,0,,,1154.1851721
4385969660,2,2023_5_13_2_1,2023,5,13,65,2,-3,0,0,,,141.63162442
4385969664,2,2023_5_13_2_1,2023,5,13,55,1,1,0,0,,,294.955753
4385969665,2,2023_5_13_2_1,2023,5,13,59,2,1,0,0,,,1204.994809
4385969672,2,2023_5_13_2_1,2023,5,13,23,1,1,0,0,,,737.26498384
4385969680,2,2023_5_13_2_1,2023,5,13,51,2,1,0,0,,,545.2688943
4385969681,2,2023_5_13_2_1,2023,5,13,64,2,1,0,0,,,1204.994809
4385969704,2,2023_5_13_2_1,2023,5,13,22,1,1,0,0,,,461.75196708
4385969705,2,2023_5_13_2_1,2023,5,13,50,1,2,0,0,,,354.0193274
4385969713,2,2023_5_13_2_1,2023,5,13,56,1,2,0,0,,,250.78664348
4385969722,2,2023_5_13_2_1,2023,5,13,58,2,1,0,0,,,2412.7602964
4385969724,2,2023_5_13_2_1,2023,5,13,67,1,1,0,0,,,141.63162442
4385969725,2,2023_5_13_2_1,2023,5,13,54,1,1,0,0,,,461.75196708
4385969729,2,2023_5_13_2_1,2023,5,13,14,1,1,0,0,,,737.26498384
4385969739,2,2023_5_13_2_1,2023,5,13,66,2,1,0,0,,,1003.9569135
4385969751,2,2023_5_13_2_1,2023,5,13,58,1,1,0,0,,,250.78664348
4385969754,2,2023_5_13_2_1,2023,5,13,72,2,1,0,0,,,141.63162442
4385969762,2,2023_5_13_2_1,2023,5,13,52,1,-3,0,0,,,141.63162442
4385969767,2,2023_5_13_2_1,2023,5,13,26,1,1,0,0,,,737.26498384
4385969772,2,2023_5_13_2_1,2023,5,13,38,2,1,0,0,,,737.26498384
4385969775,2,2023_5_13_2_1,2023,5,13,43,2,1,0,0,,,2509.4688612
4385969776,2,2023_5_13_2_1,2023,5,13,53,1,1,0,0,,,354.0193274
4385969781,2,2023_5_13_2_1,2023,5,13,67,1,1,0,0,,,141.63162442
4385969783,2,2023_5_13_2_1,2023,5,13,62,2,1,0,0,,,354.0193274
4385969784,2,2023_5_13_2_1,2023,5,13,66,1,2,0,0,,,141.63162442
4385969787,2,2023_5_13_2_1,2023,5,13,69,2,1,0,0,,,461.75196708
4385969794,2,2023_5_13_2_1,2023,5,13,31,1,4,0,0,,,737.26498384
4385969797,2,2023_5_13_2_1,2023,5,13,31,2,2,0,0,,,737.26498384
4385969800,2,2023_5_13_2_1,2023,5,13,36,2,1,0,0,,,737.26498384
4385969802,2,2023_5_13_2_1,2023,5,13,-3,2,-3,0,0,,,1020.2509092
4385969803,2,2023_5_13_2_1,2023,5,13,68,2,4,0,0,,,104.7483889
4385969808,2,2023_5_13_2_1,2023,5,13,64,2,1,0,0,,,218.14435899
4385969817,2,2023_5_13_2_1,2023,5,13,55,2,1,0,0,,,1204.994809
4385969823,2,2023_5_13_2_1,2023,5,13,67,2,1,0,0,,,135.65960583
4385969824,2,2023_5_13_2_1,2023,5,13,70,1,1,0,0,,,141.63162442
4385969828,2,2023_5_13_2_1,2023,5,13,58,2,3,0,0,,,354.0193274
4385969832,2,2023_5_13_2_1,2023,5,13,60,1,1,0,0,,,354.0193274
4385969839,2,2023_5_13_2_1,2023,5,13,62,1,1,0,0,,,354.0193274
4385969843,2,2023_5_13_2_1,2023,5,13,-3,2,-3,0,0,,,312.9381224
4385969844,2,2023_5_13_2_1,2023,5,13,58,1,1,0,0,,,261.82679422
4385969845,2,2023_5_13_2_1,2023,5,13,60,2,4,0,0,,,250.78664348
4385969855,2,2023_5_13_2_1,2023,5,13,55,2,1,0,0,,,482.07925108
4385969865,2,2023_5_13_2_1,2023,5,13,63,2,2,0,0,,,135.65960583
4385969866,2,2023_5_13_2_1,2023,5,13,59,1,1,0,0,,,261.82679422
4385969872,2,2023_5_13_2_1,2023,5,13,35,1,1,0,0,,,737.26498384
4385969874,2,2023_5_13_2_1,2023,5,13,53,1,1,0.9998099197,0,,,545.2688943
4385969895,2,2023_5_13_2_1,2023,5,13,53,2,1,0,0,,,545.2688943
4385969899,2,2023_5_13_2_1,2023,5,13,67,2,1,0,0,,,356.53777944
4385969900,2,2023_5_13_2_1,2023,5,13,30,1,1,0,0,,,545.2688943
4385969913,2,2023_5_13_2_1,2023,5,13,21,1,1,0,0,,,354.0193274
4385969924,2,2023_5_13_2_1,2023,5,13,53,1,1,0,0,,,250.78664348
4385969932,2,2023_5_13_2_1,2023,5,13,60,2,1,0,0,,,1158.5573655
4385969934,2,2023_5_13_2_1,2023,5,13,55,1,1,0,0,,,737.26498384
4385969938,2,2023_5_13_2_1,2023,5,13,62,2,1,0,0,,,104.7483889
4385969941,2,2023_5_13_2_1,2023,5,13,57,1,1,0,0,,,354.0193274
4385969942,2,2023_5_13_2_1,2023,5,13,50,2,1,0,0,,,853.61611689
4385969943,2,2023_5_13_2_1,2023,5,13,70,2,1,0,0,,,196.28111605
4385969947,2,2023_5_13_2_1,2023,5,13,55,2,1,0,0,,,1154.1851721
4385969948,2,2023_5_13_2_1,2023,5,13,25,1,1,0,0,,,354.0193274
4385969950,2,2023_5_13_2_1,2023,5,13,59,2,1,0,0,,,3777.1659024
4385969953,2,2023_5_13_2_1,2023,5,13,43,2,1,0,0,,,737.26498384
4385969958,2,2023_5_13_2_1,2023,5,13,30,1,1,0,0,,,474.80379716
4385969970,2,2023_5_13_2_1,2023,5,13,66,1,1,0,0,,,141.63162442
4385969971,2,2023_5_13_2_1,2023,5,13,-3,-3,-3,0,0,1,1,354.0193274
4385969974,2,2023_5_13_2_1,2023,5,13,52,2,1,0,0,,,2509.4688612
4385969976,2,2023_5_13_2_1,2023,5,13,61,1,1,0,0,,,339.09179963
4385969978,2,2023_5_13_2_1,2023,5,13,51,2,1,0,0,,,1154.1851721
4385969980,2,2023_5_13_2_1,2023,5,13,54,1,1,0,0,,,354.0193274
4385969981,2,2023_5_13_2_1,2023,5,13,42,1,1,0,0,,,737.26498384
4385969984,2,2023_5_13_2_1,2023,5,13,65,2,1,0,0,,,135.65960583
4385969985,2,2023_5_13_2_1,2023,5,13,32,1,1,0,0,,,737.26498384
4385969988,2,2023_5_13_2_1,2023,5,13,64,1,1,0,0,,,354.0193274
4385969992,2,2023_5_13_2_1,2023,5,13,-3,-3,-3,0,0,,,1204.994809
4385969999,2,2023_5_13_2_1,2023,5,13,48,1,1,0,0,,,339.09179963
4385970013,2,2023_5_13_2_1,2023,5,13,35,1,1,0,0,,,100.33158348
4385970025,2,2023_5_13_2_1,2023,5,13,60,1,1,0,0,,,1204.994809
4385970030,2,2023_5_13_2_1,2023,5,13,56,2,3,0,0,1,1,354.0193274
4385970036,2,2023_5_13_2_1,2023,5,13,67,2,1,0,0,,,482.07925108
4385970037,2,2023_5_13_2_1,2023,5,13,67,2,1,0,0,,,141.63162442
4385970042,2,2023_5_13_2_1,2023,5,13,60,1,1,0,2.0003801606,,,1204.994809
4385970045,2,2023_5_13_2_1,2023,5,13,70,2,1,0,0,,,482.07925108
4385970047,2,2023_5_13_2_1,2023,5,13,51,1,2,0,0,,,1158.5573655
4385970054,2,2023_5_13_2_1,2023,5,13,46,1,1,0,0,,,545.2688943
4385970059,2,2023_5_13_2_1,2023,5,13,45,2,1,0,0,,,2509.4688612
4385970060,2,2023_5_13_2_1,2023,5,13,62,2,1,0,0,,,104.7483889
4385970071,2,2023_5_13_2_1,2023,5,13,-3,2,-3,0,0,,,1020.2509092
4385970074,2,2023_5_13_2_1,2023,5,13,45,2,1,0,0,,,737.26498384
4385970075,2,2023_5_13_2_1,2023,5,13,50,1,1,0,0,,,2412.7602964
4385970082,2,2023_5_13_2_1,2023,5,13,35,1,1,0,0,,,545.2688943
4385970089,2,2023_5_13_2_1,2023,5,13,69,2,1,0,0,,,141.63162442
4385970099,2,2023_5_13_2_1,2023,5,13,41,1,1,0,0,,,354.0193274
4385970100,2,2023_5_13_2_1,2023,5,13,59,1,1,0,0,,,250.78664348
4385970112,2,2023_5_13_2_1,2023,5,13,53,2,1,0,0,,,454.78328891
4385970117,2,2023_5_13_2_1,2023,5,13,44,2,3,0,0,,,737.26498384
4385970122,2,2023_5_13_2_1,2023,5,13,68,2,1,0,0,,,482.07925108
4385970128,2,2023_5_13_2_1,2023,5,13,47,1,1,0,0,,,250.78664348
4385970129,2,2023_5_13_2_1,2023,5,13,71,2,1,0,0,,,294.955753
4385970130,2,2023_5_13_2_1,2023,5,13,66,1,1,0,0,,,141.63162442
4385970131,2,2023_5_13_2_1,2023,5,13,43,1,1,0,0,,,737.26498384
4385970137,2,2023_5_13_2_1,2023,5,13,71,1,1,0,0,,,482.07925108
4385970138,2,2023_5_13_2_1,2023,5,13,63,2,1,0,0,,,1158.5573655
4385970142,2,2023_5_13_2_1,2023,5,13,60,1,1,0,0,,,2509.4688612
4385970144,2,2023_5_13_2_1,2023,5,13,-3,1,-3,0,0,,,737.26498384
4385970146,2,2023_5_13_2_1,2023,5,13,52,2,1,0,0,,,294.955753
4385970148,2,2023_5_13_2_1,2023,5,13,38,2,1,0,0,,,545.2688943
4385970158,2,2023_5_13_2_1,2023,5,13,41,1,1,0,0,,,737.26498384
4385970161,2,2023_5_13_2_1,2023,5,13,67,2,1,0,0,,,141.63162442
4385970163,2,2023_5_13_2_1,2023,5,13,74,2,1,0,0,,,104.7483889
4385970165,2,2023_5_13_2_1,2023,5,13,11,1,1,0,0,,,1066.7227947
4385970166,2,2023_5_13_2_1,2023,5,13,-3,-3,-3,0,0,1,1,141.63162442
4385970168,2,2023_5_13_2_1,2023,5,13,56,2,1,0,0,,,354.0193274
4385970170,2,2023_5_13_2_1,2023,5,13,67,1,1,0,0,,,294.955753
4385970175,2,2023_5_13_2_1,2023,5,13,31,1,1,0,0,,,339.09179963
4385970186,2,2023_5_13_2_1,2023,5,13,56,2,1,0,0,,,339.09179963
4385970192,2,2023_5_13_2_1,2023,5,13,63,2,1,0,0,,,141.63162442
4385970193,2,2023_5_13_2_1,2023,5,13,39,2,1,0,0,,,545.2688943
4385970200,2,2023_5_13_2_1,2023,5,13,56,2,1,0,0,,,737.26498384
4385970202,2,2023_5_13_2_1,2023,5,13,47,1,1,0,0,,,1109.7058031
4385970204,2,2023_5_13_2_1,2023,5,13,40,2,1,0,0,,,737.26498384
4385970211,2,2023_5_13_2_1,2023,5,13,55,1,1,0,0,,,354.0193274
4385970217,2,2023_5_13_2_1,2023,5,13,59,2,2,0,0,,,354.0193274
4385970219,2,2023_5_13_2_1,2023,5,13,55,2,1,0,0,,,339.09179963
4385970221,2,2023_5_13_2_1,2023,5,13,47,1,1,0,0,,,261.82679422
4385970222,2,2023_5_13_2_1,2023,5,13,63,1,1,0,0,,,261.82679422
4385970226,2,2023_5_13_2_1,2023,5,13,59,2,1,0,0,,,141.63162442
4385970230,2,2023_5_13_2_1,2023,5,13,68,2,1,0.9998099197,0,,,141.63162442
4385970236,2,2023_5_13_2_1,2023,5,13,44,2,1,0,2.0003801606,,,1855.9613453
4385970242,2,2023_5_13_2_1,2023,5,13,71,1,1,0,0,,,141.63162442
4385970251,2,2023_5_13_2_1,2023,5,13,60,2,1,0,0,,,354.0193274
4385970271,2,2023_5_13_2_1,2023,5,13,50,1,1,0,0,,,1204.994809
4385970272,2,2023_5_13_2_1,2023,5,13,66,2,1,0,0,,,141.63162442
4385970273,2,2023_5_13_2_1,2023,5,13,38,2,1,0,0,,,141.63162442
4385970274,2,2023_5_13_2_1,2023,5,13,62,1,1,0,0,,,1204.994809
4385970280,2,2023_5_13_2_1,2023,5,13,25,2,4,0,0,,,2509.4688612
4385970290,2,2023_5_13_2_1,2023,5,13,39,1,1,0,0,,,2412.7602964
4385970293,2,2023_5_13_2_1,2023,5,13,55,1,2,0,0,,,1109.7058031
4385970295,2,2023_5_13_2_1,2023,5,13,43,2,1,1.9996198394,0,,,545.2688943
4385970296,2,2023_5_13_2_1,2023,5,13,56,2,1,0,0,,,891.1940775
4385970299,2,2023_5_13_2_1,2023,5,13,28,2,1,0,0,,,737.26498384
4385970306,2,2023_5_13_2_1,2023,5,13,61,1,1,0,0,,,261.82679422
4385970323,2,2023_5_13_2_1,2023,5,13,64,2,1,0,0,,,354.0193274
4385970328,2,2023_5_13_2_1,2023,5,13,46,2,1,0,0,,,354.0193274
4385970342,2,2023_5_13_2_1,2023,5,13,55,2,2,0,0,,,463.5011395
4385970348,2,2023_5_13_2_1,2023,5,13,59,1,1,0,0,,,135.65960583
4385970358,2,2023_5_13_2_1,2023,5,13,68,1,1,0,0,,,461.75196708
4385970362,2,2023_5_13_2_1,2023,5,13,67,2,3,0,0,,,141.63162442
4385970368,2,2023_5_13_2_1,2023,5,13,34,2,1,0,0,,,737.26498384
4385970371,2,2023_5_13_2_1,2023,5,13,66,2,2,0,0,,,463.5011395
4385970375,2,2023_5_13_2_1,2023,5,13,44,2,1,0,0,,,141.63162442
4385970385,2,2023_5_13_2_1,2023,5,13,57,2,1,0,0,,,1204.994809
4385970387,2,2023_5_13_2_1,2023,5,13,52,2,2,0,0,,,1204.994809
4385970391,2,2023_5_13_2_1,2023,5,13,43,2,3,0,0,,,3343.7396885
4385970393,2,2023_5_13_2_1,2023,5,13,17,2,1,0,0,,,569.2727675
4385970407,2,2023_5_13_2_1,2023,5,13,58,2,3,0,0,,,354.0193274
4385970414,2,2023_5_13_2_1,2023,5,13,55,1,1,0,0,,,261.82679422
4385970417,2,2023_5_13_2_1,2023,5,13,-3,-3,-3,0,0,1,1,141.63162442
4385970418,2,2023_5_13_2_1,2023,5,13,32,1,1,0,0,,,2509.4688612
4385970422,2,2023_5_13_2_1,2023,5,13,43,1,2,0,0,,,463.5011395
4385970438,2,2023_5_13_2_1,2023,5,13,59,2,2,0,0,,,1204.994809
4385970441,2,2023_5_13_2_1,2023,5,13,37,1,1,0,0,,,545.2688943
4385970442,2,2023_5_13_2_1,2023,5,13,45,2,1,0,0,,1,250.78664348
4385970445,2,2023_5_13_2_1,2023,5,13,40,1,1,0,0,,,141.63162442
4385970448,2,2023_5_13_2_0,2023,5,13,30,1,2,0,0,,,12345.780503
4385970473,2,2023_5_13_2_0,2023,5,13,45,2,4,0,0,,,7856.4186243
4385970474,2,2023_5_13_2_0,2023,5,13,53,2,2,0,0,,,7856.4186243
4385970475,2,2023_5_13_2_0,2023,5,13,53,2,1,0,0,,,3613.4187685
4385970476,2,2023_5_13_2_0,2023,5,13,61,1,1,0,0,,,5137.1168976
4385970489,2,2023_5_13_2_0,2023,5,13,62,2,1,0,0,,,3772.4889939
4385970490,2,2023_5_13_2_0,2023,5,13,53,1,3,0,0,,,3772.4889939
4385970504,2,2023_5_13_2_0,2023,5,13,81,2,1,0,0,,,3572.9691546
4385970512,2,2023_5_13_2_0,2023,5,13,49,1,2,0,0,,,3613.4187685
4385970515,2,2023_5_13_2_0,2023,5,13,58,1,2,0,0,,,7856.4186243
4385970518,2,2023_5_13_2_0,2023,5,13,64,1,4,0,0,,,3613.4187685
4385970525,2,2023_5_13_2_0,2023,5,13,60,1,2,0,0,,,7856.4186243
4385970527,2,2023_5_13_2_0,2023,5,13,66,2,2,0,0,,,1509.2502103
4385970543,2,2023_5_13_2_0,2023,5,13,41,2,3,0,0,,,25710.776104
4385970544,2,2023_5_13_2_0,2023,5,13,-3,-3,-3,0,0,1,1,3613.4187685
4385970547,2,2023_5_13_2_0,2023,5,13,45,1,1,0,0,,,7856.4186243
4385970558,2,2023_5_13_2_0,2023,5,13,79,1,3,0,0,,,1445.6113841
4385970559,2,2023_5_13_2_0,2023,5,13,72,2,1,0,0,,,1509.2502103
4385970560,2,2023_5_13_2_0,2023,5,13,59,2,1,0,0,,,1445.6113841
4385970561,2,2023_5_13_2_0,2023,5,13,48,2,1,0,0,,,3772.4889939
4385970564,2,2023_5_13_2_0,2023,5,13,-3,-3,-3,0,0,1,1,10534.149523
4385970596,2,2023_5_13_2_0,2023,5,13,50,2,4,0,0,,,2623.8427273
4385970598,2,2023_5_13_2_0,2023,5,13,36,2,3,0,0,,,4730.8821498
4385970604,2,2023_5_13_2_0,2023,5,13,54,1,1,0,0,,,3613.4187685
4385970620,2,2023_5_13_2_0,2023,5,13,31,2,3,0,0,,,3772.4889939
4385970624,2,2023_5_13_2_0,2023,5,13,44,2,1,0,0,,,2186.0882937
4385970625,2,2023_5_13_2_0,2023,5,13,34,1,1,0,0,,,3772.4889939
4385970629,2,2023_5_13_2_0,2023,5,13,27,1,1,0,0,,,12345.780503
4385970630,2,2023_5_13_2_0,2023,5,13,70,2,2,0,0,,,1445.6113841
4385970631,2,2023_5_13_2_0,2023,5,13,30,1,1,0,0,,,3772.4889939
4385970637,2,2023_5_13_2_0,2023,5,13,79,2,2,0,0,,,5137.1168976
4385970640,2,2023_5_13_2_0,2023,5,13,76,1,2,0,0,,,1445.6113841
4385970656,2,2023_5_13_2_0,2023,5,13,-3,2,1,0,0,,,15223.162929
4385970686,2,2023_5_13_2_0,2023,5,13,25,1,5,0,0,,,1445.6113841
4385970720,2,2023_5_13_2_0,2023,5,13,57,1,1,0,0,,,12840.625646
4385970732,2,2023_5_13_2_0,2023,5,13,47,1,1,0,0,,,7856.4186243
4385970736,2,2023_5_13_2_0,2023,5,13,38,2,4,0,0,,,7856.4186243
4385970738,2,2023_5_13_2_0,2023,5,13,49,2,3,0,0,,,7856.4186243
4385970741,2,2023_5_13_2_0,2023,5,13,57,1,1,0,0,,,2623.8427273
4385970747,2,2023_5_13_2_0,2023,5,13,68,2,1,0,0,,,1509.2502103
4385970751,2,2023_5_13_2_0,2023,5,13,36,1,1,0,0,,,3772.4889939
4385970752,2,2023_5_13_2_0,2023,5,13,64,1,1,0,0,,,3772.4889939
4385970755,2,2023_5_13_2_0,2023,5,13,46,2,4,0,0,,,3772.4889939
4385970774,2,2023_5_13_2_0,2023,5,13,52,1,4,0,0,,,3613.4187685
4385970775,2,2023_5_13_2_0,2023,5,13,50,1,2,0,0,,,16811.637553
4385970795,2,2023_5_13_2_0,2023,5,13,54,2,1,0,0,,,3772.4889939
4385970796,2,2023_5_13_2_0,2023,5,13,19,2,2,0,0,,,25710.776104
4385970806,2,2023_5_13_2_0,2023,5,13,59,2,1,0,0,,,1445.6113841
4385970828,2,2023_5_13_2_0,2023,5,13,35,1,1,0,0,,,7856.4186243
4385970832,2,2023_5_13_2_0,2023,5,13,47,1,1,0,0,,,12840.625646
4385970840,2,2023_5_13_2_0,2023,5,13,14,1,1,0,0,,,3143.0976949
4385970844,2,2023_5_13_2_0,2023,5,13,59,2,1,0,0,,,12840.625646
4385970846,2,2023_5_13_2_0,2023,5,13,61,2,1,0,0,,,2024.1768605
4385970884,2,2023_5_13_2_0,2023,5,13,70,2,4,0,0,,,5137.1168976
4385970885,2,2023_5_13_2_0,2023,5,13,34,1,1,0,0,,,7856.4186243
4385970886,2,2023_5_13_2_0,2023,5,13,66,2,1,0,0,,,1509.2502103
4385970887,2,2023_5_13_2_0,2023,5,13,74,2,1,0,0,,,5137.1168976
4385970888,2,2023_5_13_2_0,2023,5,13,53,1,1,0,0,,,3613.4187685
4385970890,2,2023_5_13_2_0,2023,5,13,58,1,1,0,0,,,7856.4186243
4385970892,2,2023_5_13_2_0,2023,5,13,21,2,2,0,0,,,12299.189682
4385970905,2,2023_5_13_2_0,2023,5,13,66,2,1,0,0,,,1509.2502103
4385970908,2,2023_5_13_2_0,2023,5,13,36,2,1,0,0,,,12345.780503
4385970911,2,2023_5_13_2_0,2023,5,13,36,1,1,0,0,,,7856.4186243
4385970912,2,2023_5_13_2_0,2023,5,13,40,2,1,0,0,,,7856.4186243
4385970915,2,2023_5_13_2_0,2023,5,13,78,1,1,0,0,,,1509.2502103
4385970937,2,2023_5_13_2_0,2023,5,13,37,1,1,0,0,,,7856.4186243
4385970938,2,2023_5_13_2_0,2023,5,13,39,1,1,0,0,,,7856.4186243
4385970947,2,2023_5_13_2_0,2023,5,13,86,1,1,0,0,,,1509.2502103
4385970951,2,2023_5_13_2_0,2023,5,13,44,2,1,0,0,,,7856.4186243
4385970956,2,2023_5_13_2_0,2023,5,13,49,1,1,0,0,,,3143.0976949
4385970960,2,2023_5_13_2_0,2023,5,13,57,2,1,0,0,,,12840.625646
4385970983,2,2023_5_13_2_0,2023,5,13,34,1,1,0,0,,,7856.4186243
4385970986,2,2023_5_13_2_0,2023,5,13,58,1,1,0,0,,,4920.5059693
4385971000,2,2023_5_13_2_0,2023,5,13,53,2,2,0,0,,,3613.4187685
4385971011,2,2023_5_13_2_0,2023,5,13,37,2,1,0,0,,,7856.4186243
4385971020,2,2023_5_13_2_0,2023,5,13,39,1,3,0,0,,,3772.4889939
4385971021,2,2023_5_13_2_0,2023,5,13,73,2,1,0,0,,,1445.6113841
4385971022,2,2023_5_13_2_0,2023,5,13,59,1,1,0,0,,,3772.4889939
4385971041,2,2023_5_13_2_0,2023,5,13,55,2,1,0,0,,,26741.318699
4385971060,2,2023_5_13_2_0,2023,5,13,56,1,2,0,0,,,7856.4186243
4385971062,2,2023_5_13_2_0,2023,5,13,56,1,2,0,0,,,26741.318699
4385971067,2,2023_5_13_2_0,2023,5,13,48,2,2,0,0,,,1509.2502103
4385971068,2,2023_5_13_2_0,2023,5,13,70,2,2,0,0,,,4939.1454423
4385971078,2,2023_5_13_2_0,2023,5,13,28,1,1,3.9992396788,2.0003801606,,,3772.4889939
4385971118,2,2023_5_13_2_0,2023,5,13,63,1,1,0,0,,,3772.4889939
4385971126,2,2023_5_13_2_0,2023,5,13,55,1,1,0,0,,,3772.4889939
4385971132,2,2023_5_13_2_0,2023,5,13,51,2,1,0,0,,,26741.318699
4385971138,2,2023_5_13_2_0,2023,5,13,51,1,3,0,0,,,3772.4889939
4385971140,2,2023_5_13_2_0,2023,5,13,60,1,1,0,0,,,12840.625646
4385971143,2,2023_5_13_2_0,2023,5,13,49,1,3,0,0,,,3613.4187685
4385971145,2,2023_5_13_2_0,2023,5,13,17,1,4,0,0,,,7856.4186243
4385971151,2,2023_5_13_2_0,2023,5,13,39,1,2,0,0,,,7856.4186243
4385971156,2,2023_5_13_2_0,2023,5,13,24,1,1,0,0,,,3772.4889939
4385971157,2,2023_5_13_2_0,2023,5,13,71,2,4,0,0,,,1509.2502103
4385971171,2,2023_5_13_2_0,2023,5,13,18,2,1,0,0,,,10536.874984
4385971178,2,2023_5_13_2_0,2023,5,13,67,1,1,0,0,,,5137.1168976
4385971180,2,2023_5_13_2_0,2023,5,13,73,1,1,0,0,,,1509.2502103
4385971188,2,2023_5_13_2_0,2023,5,13,24,1,1,0,0,1,1,1509.2502103
4385971190,2,2023_5_13_2_0,2023,5,13,35,2,1,0,0,,,7856.4186243
4385971194,2,2023_5_13_2_0,2023,5,13,62,2,1,0,0,,,3772.4889939
4385971200,2,2023_5_13_2_0,2023,5,13,76,2,1,0,0,,,1509.2502103
4385971201,2,2023_5_13_2_0,2023,5,13,55,1,1,0,0,,,8930.9159737
4385971204,2,2023_5_13_2_0,2023,5,13,32,2,1,0,0,,,7856.4186243
4385971207,2,2023_5_13_2_0,2023,5,13,71,2,1,0,0,,,1509.2502103
4385971216,2,2023_5_13_2_0,2023,5,13,54,2,2,0,0,,,3613.4187685
4385971225,2,2023_5_13_2_0,2023,5,13,51,2,4,0,0,,,3613.4187685
4385971232,2,2023_5_13_2_0,2023,5,13,17,1,2,0,0,,,8202.2745468
4385971269,2,2023_5_13_2_0,2023,5,13,93,1,1,0,0,,,2003.4100224
4385971270,2,2023_5_13_2_0,2023,5,13,73,2,1,0,0,,,5137.1168976
4385971280,2,2023_5_13_2_0,2023,5,13,30,2,1,0,0,,,3772.4889939
4385971315,2,2023_5_13_2_0,2023,5,13,85,2,2,0,0,,,3143.0976949
4385971319,2,2023_5_13_2_0,2023,5,13,59,2,1,0,0,,,3613.4187685
4385971337,2,2023_5_13_2_0,2023,5,13,58,1,4,0,0,,,3613.4187685
4385971338,2,2023_5_13_2_0,2023,5,13,47,2,1,0,0,,,7856.4186243
4385971341,2,2023_5_13_2_0,2023,5,13,77,2,1,0,0,,,5137.1168976
4385971343,2,2023_5_13_2_0,2023,5,13,48,2,1,0,0,,,3772.4889939
4385971356,2,2023_5_13_2_0,2023,5,13,72,1,1,0,0,,,1509.2502103
4385971362,2,2023_5_13_2_0,2023,5,13,73,2,1,0,0,,,1049.7141792
4385971364,2,2023_5_13_2_0,2023,5,13,64,1,1,0,0,,,3772.4889939
4385971369,2,2023_5_13_2_0,2023,5,13,67,1,1,0,0,,,5137.1168976
4385971371,2,2023_5_13_2_0,2023,5,13,58,2,2,0,0,,,12299.189682
4385971373,2,2023_5_13_2_0,2023,5,13,-3,1,1,0,0,,,15223.162929
4385971384,2,2023_5_13_2_0,2023,5,13,45,1,1,0,0,,,7856.4186243
4385971390,2,2023_5_13_2_0,2023,5,13,60,2,1,0,0,,,3772.4889939
4385971395,2,2023_5_13_2_0,2023,5,13,72,2,3,0,0,,,1509.2502103
4385971409,2,2023_5_13_2_0,2023,5,13,30,1,1,0,0,,,12345.780503
4385971421,2,2023_5_13_2_0,2023,5,13,37,1,2,0,0,,,1445.6113841
4385971431,2,2023_5_13_2_0,2023,5,13,63,1,1,0,0,,,3613.4187685
4385971432,2,2023_5_13_2_0,2023,5,13,48,2,1,0,0,,,2623.8427273
4385971433,2,2023_5_13_2_0,2023,5,13,61,2,1,0,0,,,1509.2502103
4385971434,2,2023_5_13_2_0,2023,5,13,34,1,1,0,0,,,3772.4889939
4385971471,2,2023_5_13_2_0,2023,5,13,67,2,1,0,0,,,4920.5059693
4385971486,2,2023_5_13_2_0,2023,5,13,57,1,1,0,0,,,12299.189682
4385971496,2,2023_5_13_2_0,2023,5,13,41,1,1,0,0,,,26741.318699
4385971497,2,2023_5_13_2_0,2023,5,13,34,1,1,0,0,,,3772.4889939
4385971498,2,2023_5_13_2_0,2023,5,13,51,1,1,0,0,,,7856.4186243
4385971508,2,2023_5_13_2_0,2023,5,13,14,1,1,0,0,,,25710.776104
4385971516,2,2023_5_13_2_0,2023,5,13,50,2,2,0,0,,,5137.1168976
4385971529,2,2023_5_13_2_0,2023,5,13,62,1,2,0,0,,,3613.4187685
4385971536,2,2023_5_13_2_0,2023,5,13,78,2,1,0,0,,,5137.1168976
4385971537,2,2023_5_13_2_0,2023,5,13,79,2,1,0,0,,,4920.5059693
4385971543,2,2023_5_13_2_0,2023,5,13,40,1,1,0,0,,,5464.2987437
4385971547,2,2023_5_13_2_0,2023,5,13,56,1,1,0,0,,,4920.5059693
4385971553,2,2023_5_13_2_0,2023,5,13,24,2,1,0,0,,,12345.780503
4385971566,2,2023_5_13_2_0,2023,5,13,77,2,1,0,0,,,5137.1168976
4385971569,2,2023_5_13_2_0,2023,5,13,85,1,1,0,0,,,5137.1168976
4385971571,2,2023_5_13_2_0,2023,5,13,39,1,1,0,0,,,3143.0976949
4385971595,2,2023_5_13_2_0,2023,5,13,64,1,3,0,0,1,1,1509.2502103
4385971599,2,2023_5_13_2_0,2023,5,13,48,2,2,0,0,,,7856.4186243
4385971602,2,2023_5_13_2_0,2023,5,13,57,2,2,0,0,,,12840.625646
4385971609,2,2023_5_13_2_0,2023,5,13,69,2,1,0,0,,,1509.2502103
4385971622,2,2023_5_13_2_0,2023,5,13,66,2,1,0,0,,,4920.5059693
4385971626,2,2023_5_13_2_0,2023,5,13,59,2,1,0,0,,,3772.4889939
4385971628,2,2023_5_13_2_0,2023,5,13,26,2,1,0,0,,,7856.4186243
4385971645,2,2023_5_13_2_0,2023,5,13,80,1,4,0,0,,,4920.5059693
4385971655,2,2023_5_13_2_0,2023,5,13,51,1,2,0,0,,,3613.4187685
4385971659,2,2023_5_13_2_0,2023,5,13,51,2,4,0,0,,,7856.4186243
4385971665,2,2023_5_13_2_0,2023,5,13,73,2,2,0,0,,,1445.6113841
4385971673,2,2023_5_13_2_0,2023,5,13,65,2,1,0,0,,,4730.8821498
4385971687,2,2023_5_13_2_0,2023,5,13,83,2,4,0,0,,,1445.6113841
4385971708,2,2023_5_13_2_0,2023,5,13,75,2,1,0,0,,,5137.1168976
4385971710,2,2023_5_13_2_0,2023,5,13,18,1,1,0,0,,,25710.776104
4385971714,2,2023_5_13_2_0,2023,5,13,26,1,1,0,0,,,7856.4186243
4385971715,2,2023_5_13_2_0,2023,5,13,63,2,1,0,0,,,3613.4187685
4385971716,2,2023_5_13_2_0,2023,5,13,86,1,3,0,0,,,1509.2502103
4385971724,2,2023_5_13_2_0,2023,5,13,65,2,1,0,0,,,1509.2502103
4385971725,2,2023_5_13_2_0,2023,5,13,-3,1,2,0,0,,,1509.2502103
4385971728,2,2023_5_13_2_0,2023,5,13,54,1,1,0,0,,,3772.4889939
4385971729,2,2023_5_13_2_0,2023,5,13,55,2,1,0,0,,,3772.4889939
4385971730,2,2023_5_13_2_0,2023,5,13,57,2,1,0,0,,,3772.4889939
4385971739,2,2023_5_13_2_0,2023,5,13,70,1,2,0,0,,,1509.2502103
4385971743,2,2023_5_13_2_0,2023,5,13,53,1,2,0,0,,,11825.210108
4385971757,2,2023_5_13_2_0,2023,5,13,28,2,1,0,0,,,7856.4186243
4385971761,2,2023_5_13_2_0,2023,5,13,48,2,2,0,0,,,3613.4187685
4385971773,2,2023_5_13_2_0,2023,5,13,60,2,1,0,0,,,1445.6113841
4385971775,2,2023_5_13_2_0,2023,5,13,34,2,4,0,0,,,7856.4186243
4385971810,2,2023_5_13_2_0,2023,5,13,53,1,2,0,0,,,7856.4186243
4385971822,2,2023_5_13_2_0,2023,5,13,29,2,2,0,0,,,25710.776104
4385971842,2,2023_5_13_2_0,2023,5,13,60,2,1,0,0,,,3772.4889939
4385971855,2,2023_5_13_2_0,2023,5,13,59,2,1,0,0,,,1509.2502103
4385971872,2,2023_5_13_2_0,2023,5,13,50,1,1,0,0,,,3772.4889939
4385971873,2,2023_5_13_2_0,2023,5,13,36,1,3,0,0,,,12345.780503
4385971891,2,2023_5_13_2_0,2023,5,13,80,1,1,0,0,,,1509.2502103
4385971908,2,2023_5_13_2_0,2023,5,13,33,1,1,0,0,,,16811.637553
4385971917,2,2023_5_13_2_0,2023,5,13,70,1,2,0,0,,,1445.6113841
4385971943,2,2023_5_13_2_0,2023,5,13,41,2,1,0,0,,,3772.4889939
4385971949,2,2023_5_13_2_0,2023,5,13,31,1,1,0,0,,,3772.4889939
4385971960,2,2023_5_13_2_0,2023,5,13,50,2,1,0,0,,,1509.2502103
4385971974,2,2023_5_13_2_0,2023,5,13,46,2,1,0,0,,,7856.4186243
4385971975,2,2023_5_13_2_0,2023,5,13,49,2,3,0,0,,,26741.318699
4385971991,2,2023_5_13_2_0,2023,5,13,32,2,1,0,0,,,7856.4186243
4385972002,2,2023_5_13_2_0,2023,5,13,43,1,1,0,0,,,7856.4186243
4385972012,2,2023_5_13_2_0,2023,5,13,24,1,1,0,0,,,12345.780503
4385972018,2,2023_5_13_2_0,2023,5,13,57,1,1,0,0,,,12345.780503
4385972033,2,2023_5_13_2_0,2023,5,13,65,2,4,0,0,,,4939.1454423
4385972040,2,2023_5_13_2_0,2023,5,13,26,1,4,0,0,,,42022.003512
4385972044,2,2023_5_13_2_0,2023,5,13,75,2,1,0,0,,,1445.6113841
4385972066,2,2023_5_13_2_0,2023,5,13,25,1,2,0,0,,,12345.780503
4385972070,2,2023_5_13_2_0,2023,5,13,62,1,3,0,0,,,1445.6113841
4385972071,2,2023_5_13_2_0,2023,5,13,44,2,2,0,0,,,12345.780503
4385972087,2,2023_5_13_2_0,2023,5,13,52,2,1,0,0,,,3772.4889939
4385972097,2,2023_5_13_2_0,2023,5,13,72,2,1,0,0,,,5137.1168976
4385972103,2,2023_5_13_2_0,2023,5,13,-3,-3,-3,0,0,1,1,12345.780503
4385972106,2,2023_5_13_2_0,2023,5,13,75,2,1,0,0,,,5137.1168976
4385972110,2,2023_5_13_2_0,2023,5,13,24,1,4,0,0,,,12345.780503
4385972118,2,2023_5_13_2_0,2023,5,13,73,2,1,0,0,,,3143.0976949
4385972121,2,2023_5_13_2_0,2023,5,13,69,2,1,0,0,,,1509.2502103
4385972130,2,2023_5_13_2_0,2023,5,13,45,1,1,0,0,,,7856.4186243
4385972148,2,2023_5_13_2_0,2023,5,13,70,1,1,0,0,,,4920.5059693
4385972149,2,2023_5_13_2_0,2023,5,13,52,1,1,0,0,,,26741.318699
4385972153,2,2023_5_13_2_0,2023,5,13,49,2,3,0,0,,,3772.4889939
4385972155,2,2023_5_13_2_0,2023,5,13,57,1,4,0,0,,,3613.4187685
4385972159,2,2023_5_13_2_0,2023,5,13,80,1,2,0,0,,,5137.1168976
4385972161,2,2023_5_13_2_0,2023,5,13,63,2,2,0,0,,,11475.80749
4385972174,2,2023_5_13_2_0,2023,5,13,71,1,2,0,0,,,3143.0976949
4385972210,2,2023_5_13_2_0,2023,5,13,69,1,2,0,0,,,1509.2502103
4385972213,2,2023_5_13_2_0,2023,5,13,86,1,1,0,0,,,5137.1168976
4385972224,2,2023_5_13_2_0,2023,5,13,59,2,3,0,0,,,1445.6113841
4385972229,2,2023_5_13_2_0,2023,5,13,58,1,1,0,0,,,7856.4186243
4385972233,2,2023_5_13_2_0,2023,5,13,71,1,1,0,0,,,1509.2502103
4385972236,2,2023_5_13_2_0,2023,5,13,36,1,2,0,0,,,12345.780503
4385972243,2,2023_5_13_2_0,2023,5,13,45,1,3,0,0,,,7856.4186243
4385972251,2,2023_5_13_2_0,2023,5,13,63,1,1,0,0,,,3772.4889939
4385972253,2,2023_5_13_2_0,2023,5,13,81,1,1,0,0,,,1509.2502103
4385972273,2,2023_5_13_2_0,2023,5,13,69,1,1,0,0,,,1509.2502103
4385972275,2,2023_5_13_2_0,2023,5,13,63,2,4,0,0,,,1509.2502103
4385972276,2,2023_5_13_2_0,2023,5,13,50,2,1,0,0,,,3772.4889939
4385972277,2,2023_5_13_2_0,2023,5,13,64,1,1,0,0,,,3772.4889939
4385972287,2,2023_5_13_2_0,2023,5,13,57,1,1,0,0,,,3613.4187685
4385972292,2,2023_5_13_2_0,2023,5,13,40,2,1,0,0,,,3143.0976949
4385972293,2,2023_5_13_2_0,2023,5,13,74,1,1,0,0,,,5137.1168976
4385972297,2,2023_5_13_2_0,2023,5,13,15,1,4,0,0,,,7856.4186243
4385972299,2,2023_5_13_2_0,2023,5,13,41,1,3,0,0,,,3613.4187685
4385972302,2,2023_5_13_2_0,2023,5,13,40,1,1,0,0,,,12345.780503
4385972315,2,2023_5_13_2_0,2023,5,13,52,1,3,0,0,,,7856.4186243
4385972316,2,2023_5_13_2_0,2023,5,13,70,2,1,0,0,,,1509.2502103
4385972324,2,2023_5_13_2_0,2023,5,13,44,1,5,0,0,,,3772.4889939
4385972335,2,2023_5_13_2_0,2023,5,13,-3,-3,-3,0,0,1,1,1509.2502103
4385972340,2,2023_5_13_2_0,2023,5,13,49,2,1,0,0,,,3613.4187685
4385972342,2,2023_5_13_2_0,2023,5,13,-3,-3,-3,0,0,,,3334.7208221
4385972343,2,2023_5_13_2_0,2023,5,13,47,2,5,0,0,,,7856.4186243
4385972352,2,2023_5_13_2_0,2023,5,13,75,1,1,0,0,,,1509.2502103
4385972358,2,2023_5_13_2_0,2023,5,13,60,1,1,0,0,,,3772.4889939
4385972359,2,2023_5_13_2_0,2023,5,13,47,2,1,0,0,,,12345.780503
4385972364,2,2023_5_13_2_0,2023,5,13,63,2,3,0,0,,,1445.6113841
4385972366,2,2023_5_13_2_0,2023,5,13,75,2,1,0,0,,,1509.2502103
4385972368,2,2023_5_13_2_0,2023,5,13,74,1,5,0,0,,,1509.2502103
4385972374,2,2023_5_13_2_0,2023,5,13,91,1,1,0,0,,,5137.1168976
4385972385,2,2023_5_13_2_0,2023,5,13,72,1,1,0,0,,,1509.2502103
4385972390,2,2023_5_13_2_0,2023,5,13,59,2,1,0,0,,,5137.1168976
4385972393,2,2023_5_13_2_0,2023,5,13,62,1,1,0,0,,,12840.625646
4385972394,2,2023_5_13_2_0,2023,5,13,12,1,1,0,0,,,8202.2745468
4385972395,2,2023_5_13_2_0,2023,5,13,-3,-3,-3,0,0,,,16593.083222
4385972409,2,2023_5_13_2_0,2023,5,13,41,1,1,0,0,,,12345.780503
4385972412,2,2023_5_13_2_0,2023,5,13,60,2,1,0,0,,,12840.625646
4385972414,2,2023_5_13_2_0,2023,5,13,50,2,1,0,0,,,7856.4186243
4385972419,2,2023_5_13_2_0,2023,5,13,85,2,1,0,0,,,5137.1168976
4385972422,2,2023_5_13_2_0,2023,5,13,60,2,1,0,0,,,3772.4889939
4385972431,2,2023_5_13_2_0,2023,5,13,25,2,1,0,0,,,3772.4889939
4385972432,2,2023_5_13_2_0,2023,5,13,-3,1,1,0,0,,,11350.570348
4385972435,2,2023_5_13_2_0,2023,5,13,62,1,1,0,0,,,3772.4889939
4385972439,2,2023_5_13_2_0,2023,5,13,74,2,1,0,0,,,1509.2502103
4385972441,2,2023_5_13_2_0,2023,5,13,66,1,1,0,0,,,1445.6113841
4385972443,2,2023_5_13_2_0,2023,5,13,49,2,1,0,0,,,12840.625646
4385972454,2,2023_5_13_2_0,2023,5,13,80,2,1,0,0,,,5137.1168976
4385972456,2,2023_5_13_2_0,2023,5,13,38,1,1,0,0,,,7856.4186243
4385972467,2,2023_5_13_2_0,2023,5,13,78,2,1,0,0,,,1509.2502103
4385972486,2,2023_5_13_2_0,2023,5,13,15,1,1,0,0,,,11169.29519
4385972489,2,2023_5_13_2_0,2023,5,13,53,2,1,0,0,,,11825.210108
4385972493,2,2023_5_13_2_0,2023,5,13,21,1,1,0,0,,,25710.776104
4385972505,2,2023_5_13_2_0,2023,5,13,46,1,1,0,0,,,7856.4186243
4385972508,2,2023_5_13_2_0,2023,5,13,71,1,1,0,0,,,5137.1168976
4385972511,2,2023_5_13_2_0,2023,5,13,80,2,1,0,0,,,1509.2502103
4385972512,2,2023_5_13_2_0,2023,5,13,68,2,1,0,0,,,1049.7141792
4385972518,2,2023_5_13_2_0,2023,5,13,69,2,2,0,0,,,1049.7141792
4385972524,2,2023_5_13_2_0,2023,5,13,25,1,1,0,0,,,12345.780503
4385972531,2,2023_5_13_2_0,2023,5,13,71,2,1,0,0,,,5137.1168976
4385972532,2,2023_5_13_2_0,2023,5,13,62,1,1,0,0,,,12840.625646
4385972535,2,2023_5_13_2_0,2023,5,13,38,1,4,0,0,,,7856.4186243
4385972539,2,2023_5_13_2_0,2023,5,13,70,2,1,0,0,,,1509.2502103
4385972542,2,2023_5_13_2_0,2023,5,13,45,2,2,0,0,,,3613.4187685
4385972548,2,2023_5_13_2_0,2023,5,13,51,2,1,0,0,,,3772.4889939
4385972556,2,2023_5_13_2_0,2023,5,13,46,2,2,0,0,,,2003.4100224
4385972559,2,2023_5_13_2_0,2023,5,13,48,2,1,0,0,,,7856.4186243
4385972569,2,2023_5_13_2_0,2023,5,13,50,1,1,0,0,,,3613.4187685
4385972572,2,2023_5_13_2_0,2023,5,13,72,2,1,0,0,,,1509.2502103
4385972576,2,2023_5_13_2_0,2023,5,13,60,1,1,0,0,,,1445.6113841
4385972583,2,2023_5_13_2_0,2023,5,13,31,2,4,0,0,,,25710.776104
4385972585,2,2023_5_13_2_0,2023,5,13,20,1,3,0,0,,,3613.4187685
4385972590,2,2023_5_13_2_0,2023,5,13,63,2,1,0,0,,,3772.4889939
4385972591,2,2023_5_13_2_0,2023,5,13,29,2,1,0,0,,,3613.4187685
4385972596,2,2023_5_13_2_0,2023,5,13,37,1,1,0,0,,,7856.4186243
4385972602,2,2023_5_13_2_0,2023,5,13,54,1,1,0,0,,,1509.2502103
4385972605,2,2023_5_13_2_0,2023,5,13,64,1,1,0,0,1,1,26741.318699
4385972606,2,2023_5_13_2_0,2023,5,13,50,2,1,0,0,,,1445.6113841
4385972625,2,2023_5_13_2_0,2023,5,13,61,2,1,0,0,,,12840.625646
4385972640,2,2023_5_13_2_0,2023,5,13,33,2,1,0,0,,,7856.4186243
4385972648,2,2023_5_13_2_0,2023,5,13,69,2,1,0,0,,,5137.1168976
4385972651,2,2023_5_13_2_0,2023,5,13,71,1,1,0,0,,,1445.6113841
4385972675,2,2023_5_13_2_0,2023,5,13,35,1,1,0,0,,,7856.4186243
4385972681,2,2023_5_13_2_0,2023,5,13,61,1,1,0,0,,,5137.1168976
4385972686,2,2023_5_13_2_0,2023,5,13,26,1,1,0,0,,,12345.780503
4385972688,2,2023_5_13_2_0,2023,5,13,66,1,1,0,0,,,1509.2502103
4385972693,2,2023_5_13_2_0,2023,5,13,26,1,4,0,0,,,7856.4186243
4385972694,2,2023_5_13_2_0,2023,5,13,61,2,1,0,0,,,2623.8427273
4385972696,2,2023_5_13_2_0,2023,5,13,41,2,4,0,0,,,7856.4186243
4385972699,2,2023_5_13_2_0,2023,5,13,49,2,5,0,0,,,3613.4187685
4385972715,2,2023_5_13_2_0,2023,5,13,62,2,1,0,0,,,1509.2502103
4385972719,2,2023_5_13_2_0,2023,5,13,58,2,2,0,0,,,12840.625646
4385972720,2,2023_5_13_2_0,2023,5,13,62,1,2,0,0,,,3613.4187685
4385972721,2,2023_5_13_2_0,2023,5,13,59,2,2,0,0,,,1509.2502103
4385972734,2,2023_5_13_2_0,2023,5,13,56,1,1,0,0,,,2623.8427273
4385972737,2,2023_5_13_2_0,2023,5,13,-3,-3,-3,0,0,1,1,1509.2502103
4385972749,2,2023_5_13_2_0,2023,5,13,85,2,1,0,0,,,5137.1168976
4385972762,2,2023_5_13_2_0,2023,5,13,21,2,2,0,0,,,1509.2502103
4385972764,2,2023_5_13_2_0,2023,5,13,73,1,2,0,0,,,4939.1454423
4385972774,2,2023_5_13_2_0,2023,5,13,64,2,1,0,0,,,1509.2502103
4385972779,2,2023_5_13_2_0,2023,5,13,67,2,1,0,0,,,1445.6113841
4385972786,2,2023_5_13_2_0,2023,5,13,69,2,1,0,0,,,1509.2502103
4385972790,2,2023_5_13_2_0,2023,5,13,71,1,1,0,0,,,1509.2502103
4385972795,2,2023_5_13_2_0,2023,5,13,40,1,1,0,0,,,3772.4889939
4385972802,2,2023_5_13_2_0,2023,5,13,44,2,1,0.9998099197,3.0005702409,,,3772.4889939
4385972803,2,2023_5_13_2_0,2023,5,13,-3,2,-3,0,0,,,3194.1094661
4385972807,2,2023_5_13_2_0,2023,5,13,67,2,1,0,0,,,1509.2502103
4385972811,2,2023_5_13_2_0,2023,5,13,66,1,2,0,0,,,1509.2502103
4385972812,2,2023_5_13_2_0,2023,5,13,75,2,1,0,0,,,1509.2502103
4385972826,2,2023_5_13_2_0,2023,5,13,82,1,2,0,0,,,10286.045712
4385972844,2,2023_5_13_2_0,2023,5,13,79,1,1,0,0,,,5137.1168976
4385972850,2,2023_5_13_2_0,2023,5,13,66,2,1,0,0,,,1509.2502103
4385972853,2,2023_5_13_2_0,2023,5,13,70,2,1,0,0,,,1049.7141792
4385972862,2,2023_5_13_2_0,2023,5,13,49,2,1,0,0,,,7856.4186243
4385972872,2,2023_5_13_2_0,2023,5,13,45,1,1,0,0,,,18599.130362
4385972877,2,2023_5_13_2_0,2023,5,13,72,2,1,0,0,,,1509.2502103
4385972887,2,2023_5_13_2_0,2023,5,13,73,2,1,0,0,,,1509.2502103
4385972909,2,2023_5_13_2_0,2023,5,13,47,2,1,0,0,,,7856.4186243
4385972912,2,2023_5_13_2_0,2023,5,13,69,1,1,0,0,,,4939.1454423
4385972918,2,2023_5_13_2_0,2023,5,13,70,1,2,3.3887060597,0,,,2726.9527178
4385972923,2,2023_5_13_2_0,2023,5,13,40,2,1,0,0,,,7856.4186243
4385972927,2,2023_5_13_2_0,2023,5,13,64,1,2,0,2.0003801606,,,3613.4187685
4385972935,2,2023_5_13_2_0,2023,5,13,63,2,1,0,0,,,3772.4889939
4385972942,2,2023_5_13_2_0,2023,5,13,-3,-3,-3,0,0,1,1,1509.2502103
4385972943,2,2023_5_13_2_0,2023,5,13,59,2,1,0,0,,,1509.2502103
4385972944,2,2023_5_13_2_0,2023,5,13,46,1,1,0,0,,,7856.4186243
4385972945,2,2023_5_13_2_0,2023,5,13,73,1,1,0,0,,,5137.1168976
4385972949,2,2023_5_13_2_0,2023,5,13,-3,2,1,0,0,,,5137.1168976
4385972962,2,2023_5_13_2_0,2023,5,13,53,2,1,0,0,,,1509.2502103
4385972970,2,2023_5_13_2_0,2023,5,13,58,1,2,0,0,,,6556.3240698
4385972987,2,2023_5_13_2_0,2023,5,13,44,2,1,0,0,,,1509.2502103
4385972989,2,2023_5_13_2_0,2023,5,13,37,1,1,0,0,,,10698.332304
4385972995,2,2023_5_13_2_0,2023,5,13,-3,-3,-3,0,0,1,1,4920.5059693
4385973002,2,2023_5_13_2_0,2023,5,13,59,2,2,0,0,,,4730.8821498
4385973004,2,2023_5_13_2_0,2023,5,13,30,1,1,0,0,,,7856.4186243
4385973006,2,2023_5_13_2_0,2023,5,13,84,2,1,0,0,,,5137.1168976
4385973008,2,2023_5_13_2_0,2023,5,13,41,2,2,0,0,,,3772.4889939
4385973014,2,2023_5_13_2_0,2023,5,13,52,1,1,0,0,,,3772.4889939
4385973028,2,2023_5_13_2_0,2023,5,13,59,2,1,0,0,,,1509.2502103
4385973033,2,2023_5_13_2_0,2023,5,13,75,1,1,0,0,,,1445.6113841
4385973044,2,2023_5_13_2_0,2023,5,13,71,2,2,0,0,,,1509.2502103
4385973054,2,2023_5_13_2_0,2023,5,13,67,2,2,0,0,,,5137.1168976
4385973055,2,2023_5_13_2_0,2023,5,13,44,2,1,0,0,,,5695.4928312
4385973063,2,2023_5_13_2_0,2023,5,13,55,1,1,0,0,,,7856.4186243
4385973065,2,2023_5_13_2_0,2023,5,13,46,2,1,0,0,,,3206.7232062
4385973090,2,2023_5_13_2_0,2023,5,13,78,1,1,0,0,,,4920.5059693
4385973118,2,2023_5_13_2_0,2023,5,13,57,2,2,0,0,,,3772.4889939
4385973131,2,2023_5_13_2_0,2023,5,13,18,2,2,0,0,,,25710.776104
4385973155,2,2023_5_13_2_0,2023,5,13,-3,2,2,0,0,1,1,3613.4187685
4385973162,2,2023_5_13_2_0,2023,5,13,0,1,2,0,0,,,25710.776104
4385973169,2,2023_5_13_2_0,2023,5,13,38,2,2,0,0,,,3143.0976949
4385973171,2,2023_5_13_2_0,2023,5,13,51,1,1,0,0,,,5059.5884474
4385973174,2,2023_5_13_2_0,2023,5,13,49,2,3,0,0,,,7856.4186243
4385973196,2,2023_5_13_2_0,2023,5,13,69,1,1,0,0,,,1509.2502103
4385973197,2,2023_5_13_2_0,2023,5,13,45,2,2,0,0,,,4730.8821498
4385973201,2,2023_5_13_2_0,2023,5,13,35,1,-3,0,0,,,7856.4186243
4385973208,2,2023_5_13_2_0,2023,5,13,61,1,2,0,0,,,5137.1168976
4385973210,2,2023_5_13_2_0,2023,5,13,62,2,1,0,0,,,3772.4889939
4385973211,2,2023_5_13_2_0,2023,5,13,71,1,1,0,0,,,4920.5059693
4385973217,2,2023_5_13_2_0,2023,5,13,83,1,1,0,0,,,1509.2502103
4385973218,2,2023_5_13_2_0,2023,5,13,72,2,1,0,0,,,5137.1168976
4385973220,2,2023_5_13_2_0,2023,5,13,72,1,4,0,0,,,1509.2502103
4385973232,2,2023_5_13_2_0,2023,5,13,29,1,4,0,0,1,1,3613.4187685
4385973261,2,2023_5_13_2_0,2023,5,13,59,2,3,0,0,,,2623.8427273
4385973270,2,2023_5_13_2_0,2023,5,13,5,2,2,0,0,,,7856.4186243
4385973272,2,2023_5_13_2_0,2023,5,13,72,2,1,0,0,,,4920.5059693
4385973292,2,2023_5_13_2_0,2023,5,13,67,2,3,0,0,,,5137.1168976
4385973312,2,2023_5_13_2_0,2023,5,13,34,2,1,0,0,,,10536.874984
4385973316,2,2023_5_15_1_0,2023,5,15,16,1,1,0,0,,,423.45530802
4385973322,2,2023_5_15_1_0,2023,5,15,46,2,5,0,0,,,127.28346358
4385973323,2,2023_5_15_1_0,2023,5,15,67,2,4,0,0,,,127.28346358
4385973325,2,2023_5_15_1_0,2023,5,15,55,2,4,0,0,,,127.28346358
4385973327,2,2023_5_15_1_0,2023,5,15,63,1,3,0,0,,,446.42069239
4385973330,2,2023_5_15_1_0,2023,5,15,71,2,4,0,0,,,324.4826823
4385973331,2,2023_5_15_1_0,2023,5,15,42,2,4,0,0,,,559.10998631
4385973337,2,2023_5_15_1_0,2023,5,15,59,2,4,0,0,,,1079.5111189
4385973339,2,2023_5_15_1_0,2023,5,15,33,2,5,0,0,,,423.45530802
4385973340,2,2023_5_15_1_0,2023,5,15,33,1,4,0,0,,,776.15873783
4385973341,2,2023_5_15_1_0,2023,5,15,52,2,4,0,0,1,1,243.55740983
4385973347,2,2023_5_15_1_0,2023,5,15,-3,1,5,0,0,,,204.34105246
4385973348,2,2023_5_15_1_0,2023,5,15,57,1,4,0,0,,,426.09565964
4385973350,2,2023_5_15_1_0,2023,5,15,70,2,4,0,0,,,127.28346358
4385973352,2,2023_5_15_1_0,2023,5,15,61,2,4,0,0,,,127.28346358
4385973354,2,2023_5_15_1_0,2023,5,15,43,1,4,0,0,,,231.85444442
4385973355,2,2023_5_15_1_0,2023,5,15,85,2,4,0,0,,,1083.3728158
4385973360,2,2023_5_15_1_0,2023,5,15,69,2,4,0,0,,,324.4826823
4385973363,2,2023_5_15_1_0,2023,5,15,62,2,5,0,2.0019798781,,,324.4826823
4385973365,2,2023_5_15_1_0,2023,5,15,61,2,4,0,0,1,1,127.28346358
4385973370,2,2023_5_15_1_0,2023,5,15,76,2,1,0,0,,,127.28346358
4385973373,2,2023_5_15_1_0,2023,5,15,58,2,4,0,0,,,324.4826823
4385973374,2,2023_5_15_1_0,2023,5,15,70,2,4,0,0,,,324.4826823
4385973377,2,2023_5_15_1_0,2023,5,15,36,2,4,0,0,,,423.45530802
4385973380,2,2023_5_15_1_0,2023,5,15,82,2,1,0,0,1,1,324.4826823
4385973383,2,2023_5_15_1_0,2023,5,15,67,1,4,0,1.0009899391,,,324.4826823
4385973387,2,2023_5_15_1_0,2023,5,15,36,1,4,0,0,,,423.45530802
4385973388,2,2023_5_15_1_0,2023,5,15,-3,1,4,0,0,,,324.4826823
4385973390,2,2023_5_15_1_0,2023,5,15,32,2,1,0,0,,,232.4685145
4385973395,2,2023_5_15_1_0,2023,5,15,33,2,3,0,0,,,232.4685145
4385973399,2,2023_5_15_1_0,2023,5,15,59,2,4,0,0,,,620.89889304
4385973400,2,2023_5_15_1_0,2023,5,15,70,2,-3,0,0,,,324.4826823
4385973401,2,2023_5_15_1_0,2023,5,15,70,2,4,0,0,,,324.4826823
4385973405,2,2023_5_15_1_0,2023,5,15,78,1,4,0,0,,,127.28346358
4385973407,2,2023_5_15_1_0,2023,5,15,-3,1,-3,0,0,1,1,339.96071169
4385973408,2,2023_5_15_1_0,2023,5,15,99,2,4,0,0,,,324.4826823
4385973410,2,2023_5_15_1_0,2023,5,15,51,1,4,0,0,,,1304.261775
4385973411,2,2023_5_15_1_0,2023,5,15,87,2,4,0,0,,,231.85444442
4385973412,2,2023_5_15_1_0,2023,5,15,36,2,4,0,0,,,776.15873783
4385973415,2,2023_5_15_1_0,2023,5,15,56,2,4,0,0,,,447.26774906
4385973416,2,2023_5_15_1_0,2023,5,15,53,1,1,0,0,,,423.45530802
4385973418,2,2023_5_15_1_0,2023,5,15,-3,-3,-3,0,0,1,,324.4826823
4385973420,2,2023_5_15_1_0,2023,5,15,77,2,4,0,0,,,133.35496538
4385973422,2,2023_5_15_1_0,2023,5,15,64,2,4,0,0,,,231.85444442
4385973425,2,2023_5_15_1_0,2023,5,15,47,1,4,0,0,,,592.63006377
4385973428,2,2023_5_15_1_0,2023,5,15,71,2,1,0,0,,,339.96071169
4385973432,2,2023_5_15_1_0,2023,5,15,75,2,4,0,0,,,324.4826823
4385973435,2,2023_5_15_1_0,2023,5,15,38,1,1,0,1.0009899391,,,423.45530802
4385973436,2,2023_5_15_1_0,2023,5,15,72,1,1,0,0,,,127.28346358
4385973439,2,2023_5_15_1_0,2023,5,15,90,2,-3,0,0,,,133.35496538
4385973440,2,2023_5_15_1_0,2023,5,15,65,1,1,0,0,,,127.28346358
4385973444,2,2023_5_15_1_0,2023,5,15,70,2,4,0,0,,,133.35496538
4385973452,2,2023_5_15_1_0,2023,5,15,63,2,4,0,0,,,233.74278897
4385973454,2,2023_5_15_1_0,2023,5,15,71,1,4,0,0,,,127.28346358
4385973459,2,2023_5_15_1_0,2023,5,15,41,1,1,0,0,,,776.15873783
4385973469,2,2023_5_15_1_0,2023,5,15,45,1,4,0,3.0029698172,,,729.72509747
4385973473,2,2023_5_15_1_0,2023,5,15,34,2,4,0,0,,,232.4685145
4385973477,2,2023_5_15_1_0,2023,5,15,40,1,4,0,0,,,591.06461998
4385973483,2,2023_5_15_1_0,2023,5,15,39,2,4,0,0,,,1079.5111189
4385973492,2,2023_5_15_1_0,2023,5,15,61,2,4,0,0,,,592.63006377
4385973495,2,2023_5_15_1_0,2023,5,15,27,2,3,0,0,,,232.4685145
4385973499,2,2023_5_15_1_0,2023,5,15,64,2,4,0,0,,,133.35496538
4385973501,2,2023_5_15_1_0,2023,5,15,52,1,1,0,0,,,243.55740983
4385973502,2,2023_5_15_1_0,2023,5,15,55,1,4,0,0,,,243.55740983
4385973504,2,2023_5_15_1_0,2023,5,15,62,1,4,0,0,,,232.4685145
4385973506,2,2023_5_15_1_0,2023,5,15,57,1,4,0,0,,,232.4685145
4385973514,2,2023_5_15_1_0,2023,5,15,94,2,4,0,0,,,324.4826823
4385973518,2,2023_5_15_1_0,2023,5,15,50,2,4,0,0,,,423.45530802
4385973519,2,2023_5_15_1_0,2023,5,15,46,2,1,0,0,,,592.63006377
4385973521,2,2023_5_15_1_0,2023,5,15,57,1,4,0,2.0019798781,,,243.55740983
4385973522,2,2023_5_15_1_0,2023,5,15,52,1,3,0,0,,,423.45530802
4385973523,2,2023_5_15_1_0,2023,5,15,26,1,3,0,0,,,232.4685145
4385973525,2,2023_5_15_1_0,2023,5,15,28,1,5,0,0,,,133.35496538
4385973537,2,2023_5_15_1_0,2023,5,15,63,2,3,0,0,,,592.63006377
4385973538,2,2023_5_15_1_0,2023,5,15,71,1,4,0,0,,,127.28346358
4385973542,2,2023_5_15_1_0,2023,5,15,69,2,4,0,0,,,231.85444442
4385973545,2,2023_5_15_1_0,2023,5,15,66,2,4,0,0,,,324.4826823
4385973546,2,2023_5_15_1_0,2023,5,15,32,1,4,0,1.0009899391,,,776.15873783
4385973548,2,2023_5_15_1_0,2023,5,15,-3,-3,3,0,0,1,1,954.81258488
4385973550,2,2023_5_15_1_0,2023,5,15,59,1,5,0,0,,,592.63006377
4385973553,2,2023_5_15_1_0,2023,5,15,34,1,1,0,0,,,232.4685145
4385973556,2,2023_5_15_1_0,2023,5,15,69,2,1,0,0,,,324.4826823
4385973557,2,2023_5_15_1_0,2023,5,15,55,1,4,0,0,,,232.4685145
4385973564,2,2023_5_15_1_0,2023,5,15,5,1,4,0,0,,,740.82110221
4385973565,2,2023_5_15_1_0,2023,5,15,61,1,5,0,20.019798781,,,592.63006377
4385973566,2,2023_5_15_1_0,2023,5,15,56,2,4,0,0,,,592.63006377
4385973568,2,2023_5_15_1_0,2023,5,15,75,2,4,0,0,,,127.28346358
4385973579,2,2023_5_15_1_0,2023,5,15,56,2,4,0,0,,,592.63006377
4385973583,2,2023_5_15_1_0,2023,5,15,61,2,3,0,0,,,232.4685145
4385973585,2,2023_5_15_1_0,2023,5,15,58,2,4,0,0,,,243.55740983
4385973586,2,2023_5_15_1_0,2023,5,15,52,1,4,0,0,,,339.96071169
4385973587,2,2023_5_15_1_0,2023,5,15,56,2,4,0,0,1,1,243.55740983
4385973592,2,2023_5_15_1_0,2023,5,15,23,1,5,0,0,,,232.4685145
4385973595,2,2023_5_15_1_0,2023,5,15,23,2,1,0,0,,,426.09565964
4385973598,2,2023_5_15_1_0,2023,5,15,57,1,4,0,0,,,243.55740983
4385973599,2,2023_5_15_1_0,2023,5,15,43,1,4,0,0,,,232.4685145
4385973617,2,2023_5_15_1_0,2023,5,15,52,1,4,0,0,,,331.57226513
4385973620,2,2023_5_15_1_0,2023,5,15,54,1,4,0,0,,,620.89889304
4385973621,2,2023_5_15_1_0,2023,5,15,29,1,1,0,0,,,232.4685145
4385973627,2,2023_5_15_1_0,2023,5,15,43,2,4,0,0,,,423.45530802
4385973632,2,2023_5_15_1_0,2023,5,15,-3,-3,-3,0,0,1,1,127.28346358
4385973642,2,2023_5_15_1_0,2023,5,15,80,1,3,0,0,,,339.96071169
4385973652,2,2023_5_15_1_0,2023,5,15,43,1,4,0,0,,,423.45530802
4385973653,2,2023_5_15_1_0,2023,5,15,61,1,3,0,0,,,243.55740983
4385973661,2,2023_5_15_1_0,2023,5,15,59,1,1,0,0,,,232.4685145
4385973665,2,2023_5_15_1_0,2023,5,15,34,2,1,0,0,,,776.15873783
4385973671,2,2023_5_15_1_0,2023,5,15,51,2,4,0,0,,,426.09565964
4385973673,2,2023_5_15_1_0,2023,5,15,54,1,4,0,5.0049496953,,,190.205577
4385973674,2,2023_5_15_1_0,2023,5,15,11,1,3,0,0,,,776.15873783
4385973676,2,2023_5_15_1_0,2023,5,15,64,2,4,0,0,,,620.89889304
4385973677,2,2023_5_15_1_0,2023,5,15,-3,-3,-3,0,0,,,232.4685145
4385973681,2,2023_5_15_1_0,2023,5,15,44,1,5,0,0,,,167.4599043
4385973685,2,2023_5_15_1_0,2023,5,15,34,1,4,0,0,,,133.35496538
4385973690,2,2023_5_15_1_0,2023,5,15,34,2,4,0,1.0009899391,,,339.96071169
4385973691,2,2023_5_15_1_0,2023,5,15,-3,-3,-3,0,0,1,1,133.35496538
4385973692,2,2023_5_15_1_0,2023,5,15,60,1,4,0,0,,,127.28346358
4385973697,2,2023_5_15_1_0,2023,5,15,69,1,4,0,0,,,231.85444442
4385973698,2,2023_5_15_1_0,2023,5,15,60,2,4,0,0,,,592.63006377
4385973700,2,2023_5_15_1_0,2023,5,15,63,1,4,0,0,,,232.4685145
4385973705,2,2023_5_15_1_0,2023,5,15,25,1,4,0,0,,,243.55740983
4385973712,2,2023_5_15_1_0,2023,5,15,40,2,4,0,0,,,423.45530802
4385973725,2,2023_5_15_1_0,2023,5,15,61,2,4,0,0,,,243.55740983
4385973727,2,2023_5_15_1_0,2023,5,15,59,1,4,0,1.0009899391,,,426.09565964
4385973728,2,2023_5_15_1_0,2023,5,15,-3,1,4,0,0,,,204.34105246
4385973729,2,2023_5_15_1_0,2023,5,15,35,1,4,0,0,,,423.45530802
4385973732,2,2023_5_15_1_0,2023,5,15,36,2,4,0,0,,,423.45530802
4385973733,2,2023_5_15_1_0,2023,5,15,50,2,4,0,0,,,776.15873783
4385973736,2,2023_5_15_1_0,2023,5,15,43,2,5,0,0,,,423.45530802
4385973743,2,2023_5_15_1_0,2023,5,15,31,1,4,0,0,,,243.55740983
4385973746,2,2023_5_15_1_0,2023,5,15,75,2,1,0,0,,,324.4826823
4385973751,2,2023_5_15_1_0,2023,5,15,59,1,4,0,0,,,324.4826823
4385973752,2,2023_5_15_1_0,2023,5,15,80,2,4,0,0,,,133.35496538
4385973755,2,2023_5_15_1_0,2023,5,15,68,2,4,0,0,,,127.28346358
4385973763,2,2023_5_15_1_0,2023,5,15,53,1,-3,0,0,,,339.96071169
4385973764,2,2023_5_15_1_0,2023,5,15,41,2,4,0,0,,,423.45530802
4385973773,2,2023_5_15_1_0,2023,5,15,-3,1,4,0,0,,,324.4826823
4385973775,2,2023_5_15_1_0,2023,5,15,51,1,5,0,5.0049496953,,,423.45530802
4385973778,2,2023_5_15_1_0,2023,5,15,37,1,1,0,0,,,446.42069239
4385973779,2,2023_5_15_1_0,2023,5,15,47,1,1,0,0,,,243.55740983
4385973780,2,2023_5_15_1_0,2023,5,15,80,1,1,0,0,,,127.28346358
4385973782,2,2023_5_15_1_0,2023,5,15,75,2,4,0,0,,,324.4826823
4385973790,2,2023_5_15_1_0,2023,5,15,55,2,4,0,0,,,137.01557732
4385973800,2,2023_5_15_1_0,2023,5,15,54,2,1,0,0,,,305.03823501
4385973804,2,2023_5_15_1_0,2023,5,15,30,2,1,0,0,,,446.42069239
4385973813,2,2023_5_15_1_0,2023,5,15,20,1,1,0,0,,,776.15873783
4385973823,2,2023_5_15_1_0,2023,5,15,42,2,1,0,0,,,1086.2421455
4385973833,2,2023_5_15_1_0,2023,5,15,73,2,4,0,0,,,339.96071169
4385973834,2,2023_5_15_1_0,2023,5,15,46,2,4,0,10.009899391,,,231.85444442
4385973837,2,2023_5_15_1_0,2023,5,15,70,2,4,0,0,,,324.4826823
4385973839,2,2023_5_15_1_0,2023,5,15,67,1,4,0,0,,,339.96071169
4385973840,2,2023_5_15_1_0,2023,5,15,32,1,4,0,0,,,1079.5111189
4385973841,2,2023_5_15_1_0,2023,5,15,67,2,4,0,0,,,133.35496538
4385973844,2,2023_5_15_1_0,2023,5,15,38,1,1,0,0,,,232.4685145
4385973847,2,2023_5_15_1_0,2023,5,15,7,2,5,0,0,,1,404.17586344
4385973848,2,2023_5_15_1_0,2023,5,15,59,2,1,0,0,,,1079.5111189
4385973859,2,2023_5_15_1_0,2023,5,15,28,1,1,0,0,,,426.09565964
4385973865,2,2023_5_15_1_0,2023,5,15,42,2,5,0,0,,,1079.5111189
4385973866,2,2023_5_15_1_0,2023,5,15,64,2,4,0,0,,,324.4826823
4385973867,2,2023_5_15_1_0,2023,5,15,56,1,4,0,0,,,592.63006377
4385973869,2,2023_5_15_1_0,2023,5,15,0,1,5,0,0,,,564.15411166
4385973871,2,2023_5_15_1_0,2023,5,15,69,1,5,0,0,,,133.35496538
4385973872,2,2023_5_15_1_0,2023,5,15,31,1,4,0,0,,,426.09565964
4385973877,2,2023_5_15_1_0,2023,5,15,66,2,1,0,0,,,190.205577
4385973883,2,2023_5_15_1_0,2023,5,15,73,1,4,0,0,,,324.4826823
4385973885,2,2023_5_15_1_0,2023,5,15,70,1,1,0,3.0029698172,,,339.96071169
4385973891,2,2023_5_15_1_0,2023,5,15,76,1,5,0,0,,,324.4826823
4385973892,2,2023_5_15_1_0,2023,5,15,35,1,4,0,0,1,1,399.54631303
4385973896,2,2023_5_15_1_0,2023,5,15,46,1,4,0,0,,,592.63006377
4385973911,2,2023_5_15_1_0,2023,5,15,70,1,4,0,0,,,324.4826823
4385973914,2,2023_5_15_1_0,2023,5,15,81,1,4,0,0,,,591.06461998
4385973915,2,2023_5_15_1_0,2023,5,15,50,1,4,0,5.0049496953,,,776.15873783
4385973916,2,2023_5_15_1_0,2023,5,15,68,1,4,0,0,,,244.42867913
4385973918,2,2023_5_15_1_0,2023,5,15,79,1,4,0,0,,,127.28346358
4385973919,2,2023_5_15_1_0,2023,5,15,71,2,1,0,0,,,127.28346358
4385973920,2,2023_5_15_1_0,2023,5,15,49,1,1,0,0,,,776.15873783
4385973922,2,2023_5_15_1_0,2023,5,15,77,1,4,0,0,,,231.85444442
4385973924,2,2023_5_15_1_0,2023,5,15,38,1,1,0,1.0009899391,,,423.45530802
4385973926,2,2023_5_15_1_0,2023,5,15,54,2,1,0,0,,,231.85444442
4385973931,2,2023_5_15_1_0,2023,5,15,38,2,5,0,0,,,423.45530802
4385973933,2,2023_5_15_1_0,2023,5,15,20,2,1,0,0,,,127.28346358
4385973935,2,2023_5_15_1_0,2023,5,15,73,1,4,0,10.009899391,,,339.96071169
4385973937,2,2023_5_15_1_0,2023,5,15,55,1,4,1.9980201219,0,,,305.03823501
4385973938,2,2023_5_15_1_0,2023,5,15,48,1,4,0,0,,,1079.5111189
4385973940,2,2023_5_15_1_0,2023,5,15,53,2,4,0,0,,,446.42069239
4385973948,2,2023_5_15_1_0,2023,5,15,19,1,4,0,3.0029698172,,,1086.2421455
4385973951,2,2023_5_15_1_0,2023,5,15,33,1,1,0,0,,,423.45530802
4385973954,2,2023_5_15_1_0,2023,5,15,39,1,4,0,0,,,423.45530802
4385973964,2,2023_5_15_1_0,2023,5,15,19,1,3,0,0,,,243.55740983
4385973975,2,2023_5_15_1_0,2023,5,15,52,2,4,0,0,,,133.35496538
4385973980,2,2023_5_15_1_0,2023,5,15,57,1,3,0,0,,,426.09565964
4385973982,2,2023_5_15_1_0,2023,5,15,71,1,4,0,0,,,324.4826823
4385973987,2,2023_5_15_1_0,2023,5,15,30,2,1,0,0,,,426.09565964
4385973995,2,2023_5_15_1_0,2023,5,15,68,2,4,0,0,,,339.96071169
4385973997,2,2023_5_15_1_0,2023,5,15,31,2,5,0,0,,,181.5457307
4385974003,2,2023_5_15_1_0,2023,5,15,83,2,1,0,0,,,594.75005832
4385974006,2,2023_5_15_1_0,2023,5,15,73,2,3,0,0,,,127.28346358
4385974016,2,2023_5_15_1_0,2023,5,15,69,2,1,0,0,,,324.4826823
4385974017,2,2023_5_15_1_0,2023,5,15,54,1,1,0,0,,,776.15873783
4385974020,2,2023_5_15_1_0,2023,5,15,50,2,1,0,0,,,243.55740983
4385974021,2,2023_5_15_1_0,2023,5,15,60,2,4,0,0,,,324.4826823
4385974025,2,2023_5_15_1_0,2023,5,15,27,1,1,3.9960402437,20.019798781,,,324.4826823
4385974029,2,2023_5_15_1_0,2023,5,15,70,1,4,3.9960402437,12.011879269,,,133.35496538
4385974036,2,2023_5_15_1_0,2023,5,15,69,1,3,0,2.0019798781,,,339.96071169
4385974047,2,2023_5_15_1_0,2023,5,15,35,2,5,0,0,,,446.42069239
4385974048,2,2023_5_15_1_0,2023,5,15,77,1,4,0,0,,,161.11902953
4385974052,2,2023_5_15_1_0,2023,5,15,69,2,4,0,0,,,324.4826823
4385974060,2,2023_5_15_1_0,2023,5,15,67,2,1,0,0,,,324.4826823
4385974062,2,2023_5_15_1_0,2023,5,15,79,1,4,0,0,,,233.30011589
4385974064,2,2023_5_15_1_0,2023,5,15,-3,2,4,0,0,,,204.34105246
4385974065,2,2023_5_15_1_0,2023,5,15,70,2,1,0,0,,,127.28346358
4385974066,2,2023_5_15_1_0,2023,5,15,79,2,4,0,0,,,324.4826823
4385974067,2,2023_5_15_1_0,2023,5,15,60,1,4,0,0,,,133.35496538
4385974068,2,2023_5_15_1_0,2023,5,15,71,2,4,0,0,,,324.4826823
4385974071,2,2023_5_15_1_0,2023,5,15,50,1,4,0,0,,,324.4826823
4385974078,2,2023_5_15_1_0,2023,5,15,83,1,4,0,0,,,324.4826823
4385974082,2,2023_5_15_1_0,2023,5,15,80,2,4,0,0,,,324.4826823
4385974091,2,2023_5_15_1_0,2023,5,15,60,1,4,0,30.029698172,,,776.15873783
4385974102,2,2023_5_15_1_0,2023,5,15,42,2,3,0,0,,,426.09565964
4385974103,2,2023_5_15_1_0,2023,5,15,31,1,1,0,0,,,426.09565964
4385974104,2,2023_5_15_1_0,2023,5,15,37,2,5,0,0,,,446.42069239
4385974106,2,2023_5_15_1_0,2023,5,15,42,1,1,0,0,,1,133.35496538
4385974107,2,2023_5_15_1_0,2023,5,15,63,1,1,0,0,,,243.55740983
4385974115,2,2023_5_15_1_0,2023,5,15,77,1,1,0,0,,,324.4826823
4385974122,2,2023_5_15_1_0,2023,5,15,75,1,4,0,0,,,181.5457307
4385974126,2,2023_5_15_1_0,2023,5,15,78,2,4,0,0,,,324.4826823
4385974128,2,2023_5_15_1_0,2023,5,15,35,1,1,0,0,,,232.4685145
4385974132,2,2023_5_15_1_0,2023,5,15,76,2,4,0,0,,,133.35496538
4385974133,2,2023_5_15_1_0,2023,5,15,38,1,1,0,0,,,423.45530802
4385974136,2,2023_5_15_1_0,2023,5,15,31,1,1,0,0,,,776.15873783
4385974137,2,2023_5_15_1_0,2023,5,15,54,1,5,0,0,,,620.89889304
4385974138,2,2023_5_15_1_0,2023,5,15,57,2,4,0,0,,,243.55740983
4385974141,2,2023_5_15_1_0,2023,5,15,33,1,1,0,0,,,776.15873783
4385974143,2,2023_5_15_1_0,2023,5,15,70,1,1,0,0,,,133.35496538
4385974152,2,2023_5_15_1_0,2023,5,15,38,1,1,0,0,,,776.15873783
4385974155,2,2023_5_15_1_0,2023,5,15,60,1,3,0,0,,,232.4685145
4385974157,2,2023_5_15_1_0,2023,5,15,40,1,3,0,0,,,776.15873783
4385974159,2,2023_5_15_1_0,2023,5,15,58,1,-3,0,0,,,592.63006377
4385974163,2,2023_5_15_1_0,2023,5,15,19,2,5,0,0,,,423.45530802
4385974164,2,2023_5_15_1_0,2023,5,15,91,2,5,0,0,,,133.35496538
4385974166,2,2023_5_15_1_0,2023,5,15,67,2,1,0,0,,,324.4826823
4385974167,2,2023_5_15_1_0,2023,5,15,49,2,1,0,0,,,423.45530802
4385974168,2,2023_5_15_1_0,2023,5,15,48,2,4,0,0,,,776.15873783
4385974169,2,2023_5_15_1_0,2023,5,15,43,1,1,0,1.0009899391,,,423.45530802
4385974173,2,2023_5_15_1_0,2023,5,15,46,1,1,0,0,,,232.4685145
4385974179,2,2023_5_15_1_0,2023,5,15,40,1,1,0,1.0009899391,,,559.10998631
4385974180,2,2023_5_15_1_0,2023,5,15,56,1,3,0,0,,,232.4685145
4385974195,2,2023_5_15_1_0,2023,5,15,70,1,1,0,0,,,133.35496538
4385974196,2,2023_5_15_1_0,2023,5,15,53,1,5,0,0,,,1079.5111189
4385974197,2,2023_5_15_1_0,2023,5,15,51,2,4,0,1.0009899391,,,231.85444442
4385974200,2,2023_5_15_1_0,2023,5,15,55,1,1,0,0,,,232.4685145
4385974205,2,2023_5_15_1_0,2023,5,15,43,1,3,0,0,,,339.96071169
4385974207,2,2023_5_15_1_0,2023,5,15,32,1,1,0,0,,,426.09565964
4385974208,2,2023_5_15_1_0,2023,5,15,39,2,3,0,0,,,232.4685145
4385974212,2,2023_5_15_1_0,2023,5,15,73,1,1,0.9990100609,0,,,233.74278897
4385974213,2,2023_5_15_1_0,2023,5,15,40,2,5,0,0,,,231.85444442
4385974214,2,2023_5_15_1_0,2023,5,15,57,2,1,0,0,,,243.55740983
4385974216,2,2023_5_15_1_0,2023,5,15,75,1,4,0,0,,,324.4826823
4385974217,2,2023_5_15_1_0,2023,5,15,67,1,3,0,0,,,127.28346358
4385974223,2,2023_5_15_1_0,2023,5,15,48,1,1,0,0,,,423.45530802
4385974224,2,2023_5_15_1_0,2023,5,15,62,1,1,0.9990100609,0,,,306.94022604
4385974229,2,2023_5_15_1_0,2023,5,15,69,1,1,0,0,,,127.28346358
4385974230,2,2023_5_15_1_0,2023,5,15,77,2,1,0,0,,,324.4826823
4385974232,2,2023_5_15_1_0,2023,5,15,67,2,1,0,0,,,127.28346358
4385974234,2,2023_5_15_1_0,2023,5,15,62,1,3,0,0,,,127.28346358
4385974236,2,2023_5_15_1_0,2023,5,15,57,2,1,3.9960402437,4.0039597563,,,324.4826823
4385974243,2,2023_5_15_1_0,2023,5,15,88,2,1,0,0,,,324.4826823
4385974246,2,2023_5_15_1_0,2023,5,15,65,2,4,0,0,,,127.28346358
4385974247,2,2023_5_15_1_0,2023,5,15,74,1,1,0,0,,,133.35496538
4385974249,2,2023_5_15_1_0,2023,5,15,87,1,1,0,0,,,127.28346358
4385974250,2,2023_5_15_1_0,2023,5,15,60,2,1,0,0,,,232.4685145
4385974251,2,2023_5_15_1_0,2023,5,15,61,2,4,0,0,,,232.4685145
4385974252,2,2023_5_15_1_0,2023,5,15,47,2,1,0,0,,,423.45530802
4385974259,2,2023_5_15_1_0,2023,5,15,63,2,1,0,0,,,127.28346358
4385974260,2,2023_5_15_1_0,2023,5,15,69,2,1,0,0,,,324.4826823
4385974261,2,2023_5_15_1_0,2023,5,15,57,1,1,0,0,,,232.4685145
4385974262,2,2023_5_15_1_0,2023,5,15,79,1,1,0.9990100609,0,,,91.689305434
4385974265,2,2023_5_15_1_0,2023,5,15,37,1,1,0,0,,,426.09565964
4385974270,2,2023_5_15_1_0,2023,5,15,75,1,1,0,0,,,133.35496538
4385974271,2,2023_5_15_1_0,2023,5,15,51,1,1,0,0,,,232.4685145
4385974272,2,2023_5_15_1_0,2023,5,15,60,1,4,0,8.0079195125,,,243.55740983
4385974273,2,2023_5_15_1_0,2023,5,15,19,2,3,0,0,,,1978.6550591
4385974275,2,2023_5_15_1_0,2023,5,15,69,2,1,0,0,,,339.96071169
4385974276,2,2023_5_15_1_0,2023,5,15,11,1,5,0,0,,,424.97011971
4385974277,2,2023_5_15_1_0,2023,5,15,64,2,1,0,0,,,127.28346358
4385974286,2,2023_5_15_1_0,2023,5,15,39,1,1,0,0,,,423.45530802
4385974290,2,2023_5_15_1_0,2023,5,15,58,2,4,0,0,,,133.35496538
4385974291,2,2023_5_15_1_0,2023,5,15,63,1,1,0,0,,,324.4826823
4385974295,2,2023_5_15_1_0,2023,5,15,57,1,1,0,0,,,620.89889304
4385974297,2,2023_5_15_1_0,2023,5,15,74,1,5,0,0,,,324.4826823
4385974304,2,2023_5_15_1_0,2023,5,15,59,1,4,0,0,,,219.34295333
4385974309,2,2023_5_15_1_0,2023,5,15,47,1,1,0,0,,,423.45530802
4385974312,2,2023_5_15_1_0,2023,5,15,58,1,1,0,0,,,127.28346358
4385974316,2,2023_5_15_1_0,2023,5,15,41,2,1,0,0,,,232.4685145
4385974332,2,2023_5_15_1_0,2023,5,15,-3,1,1,0,0,,,204.34105246
4385974337,2,2023_5_15_1_0,2023,5,15,65,2,1,0,0,,,127.28346358
4385974340,2,2023_5_15_1_0,2023,5,15,60,1,4,0,25.024748477,,,232.4685145
4385974343,2,2023_5_15_1_0,2023,5,15,52,1,5,0,0,,,1079.5111189
4385974345,2,2023_5_15_1_0,2023,5,15,20,1,1,0.9990100609,5.0049496953,,,305.03823501
4385974346,2,2023_5_15_1_0,2023,5,15,68,2,1,0,0,,,127.28346358
4385974348,2,2023_5_15_1_0,2023,5,15,73,2,1,0,0,,,127.28346358
4385974349,2,2023_5_15_1_0,2023,5,15,-3,-3,-3,0,0,,,214.08825004
4385974352,2,2023_5_15_1_0,2023,5,15,63,1,4,0,0,,,426.90415078
4385974353,2,2023_5_15_1_0,2023,5,15,47,1,3,0,0,,,243.55740983
4385974354,2,2023_5_15_1_0,2023,5,15,19,1,1,0,0,,,423.45530802
4385974357,2,2023_5_15_1_0,2023,5,15,71,2,1,0,0,,,324.4826823
4385974358,2,2023_5_15_1_0,2023,5,15,73,2,1,0,0,,,324.4826823
4385974363,2,2023_5_15_1_0,2023,5,15,56,1,1,1.9980201219,0,,,175.44784777
4385974367,2,2023_5_15_1_0,2023,5,15,69,1,4,0,1.0009899391,,,244.42867913
4385974375,2,2023_5_15_1_0,2023,5,15,66,1,1,0,0,,,127.28346358
4385974378,2,2023_5_15_1_0,2023,5,15,80,1,1,0,0,,,324.4826823
4385974383,2,2023_5_15_1_0,2023,5,15,40,2,1,0,0,,,324.4826823
4385974388,2,2023_5_15_1_0,2023,5,15,79,2,3,0,0,,,324.4826823
4385974389,2,2023_5_15_1_0,2023,5,15,-3,2,1,0,0,,,258.66071791
4385974390,2,2023_5_15_1_0,2023,5,15,47,1,3,0,2.0019798781,,,243.55740983
4385974391,2,2023_5_15_1_0,2023,5,15,73,2,4,0,0,,,91.689305434
4385974393,2,2023_5_15_1_0,2023,5,15,37,2,4,0,0,,,426.09565964
4385974396,2,2023_5_15_1_0,2023,5,15,49,2,4,0,0,,,592.63006377
4385974403,2,2023_5_15_1_0,2023,5,15,27,2,4,0,0,,,243.55740983
4385974407,2,2023_5_15_1_0,2023,5,15,47,2,1,0,0,,,426.09565964
4385974409,2,2023_5_15_1_0,2023,5,15,80,1,4,0,0,,,339.96071169
4385974419,2,2023_5_15_1_0,2023,5,15,79,1,1,0,0,,,127.28346358
4385974420,2,2023_5_15_1_0,2023,5,15,49,1,1,0,0,,,232.4685145
4385974422,2,2023_5_15_1_0,2023,5,15,68,2,4,0,0,,,324.4826823
4385974425,2,2023_5_15_1_0,2023,5,15,5,1,5,0,6.0059396344,,,776.15873783
4385974428,2,2023_5_15_1_0,2023,5,15,38,1,1,0,0,,,776.15873783
4385974431,2,2023_5_15_1_0,2023,5,15,87,1,1,0,0,,,244.89246799
4385974432,2,2023_5_15_1_0,2023,5,15,91,1,4,0,0,,,339.96071169
4385974434,2,2023_5_15_1_0,2023,5,15,28,2,5,0,0,,,127.28346358
4385974441,2,2023_5_15_1_0,2023,5,15,44,2,5,0,0,,,423.45530802
4385974445,2,2023_5_15_1_0,2023,5,15,56,1,5,0,0,,,243.55740983
4385974446,2,2023_5_15_1_0,2023,5,15,66,1,4,0,0,,,127.28346358
4385974448,2,2023_5_15_1_0,2023,5,15,50,2,1,0,0,,,1079.5111189
4385974449,2,2023_5_15_1_0,2023,5,15,64,1,1,0,0,,,324.4826823
4385974450,2,2023_5_15_1_0,2023,5,15,10,1,4,1.9980201219,0,,,404.17586344
4385974453,2,2023_5_15_1_0,2023,5,15,9,1,5,0,0,,,776.15873783
4385974454,2,2023_5_15_1_0,2023,5,15,40,2,4,0,0,,,594.75005832
4385974458,2,2023_5_15_1_0,2023,5,15,38,1,1,0,0,,,1978.6550591
4385974460,2,2023_5_15_1_0,2023,5,15,40,1,4,0,0,,,243.55740983
4385974468,2,2023_5_15_1_0,2023,5,15,68,1,5,0,0,,,324.4826823
4385974470,2,2023_5_15_1_0,2023,5,15,41,2,4,0,0,,,777.63145281
4385974475,2,2023_5_15_1_0,2023,5,15,45,1,4,0,1.0009899391,,,423.45530802
4385974479,2,2023_5_15_1_0,2023,5,15,51,2,4,0,0,,,423.45530802
4385974480,2,2023_5_15_1_0,2023,5,15,67,2,4,0,0,,,133.35496538
4385974484,2,2023_5_15_1_0,2023,5,15,54,1,1,0,0,,,127.28346358
4385974485,2,2023_5_15_1_0,2023,5,15,79,2,4,0,0,,,244.89246799
4385974486,2,2023_5_15_1_0,2023,5,15,52,1,4,0,0,,,243.55740983
4385974487,2,2023_5_15_1_0,2023,5,15,69,2,4,0,0,,,591.06461998
4385974490,2,2023_5_15_1_0,2023,5,15,56,1,4,0,0,,,592.63006377
4385974492,2,2023_5_15_1_0,2023,5,15,22,2,4,0,0,,,133.35496538
4385974496,2,2023_5_15_1_0,2023,5,15,88,2,4,0,0,,,324.4826823
4385974497,2,2023_5_15_1_0,2023,5,15,77,2,1,0,0,,,324.4826823
4385974498,2,2023_5_15_1_0,2023,5,15,76,2,1,0,0,,,127.28346358
4385974503,2,2023_5_15_1_0,2023,5,15,46,2,4,0,0,,,232.4685145
4385974506,2,2023_5_15_1_0,2023,5,15,78,2,4,0,0,,,339.96071169
4385974507,2,2023_5_15_1_0,2023,5,15,62,2,1,0,0,,,232.4685145
4385974509,2,2023_5_15_1_0,2023,5,15,39,1,1,0,0,,,244.42867913
4385974520,2,2023_5_15_1_0,2023,5,15,83,2,4,0,0,,,324.4826823
4385974522,2,2023_5_15_1_0,2023,5,15,38,2,5,0,0,,,423.45530802
4385974523,2,2023_5_15_1_0,2023,5,15,30,2,1,0,0,,,232.4685145
4385974526,2,2023_5_15_1_0,2023,5,15,45,1,4,0,0,,,133.35496538
4385974527,2,2023_5_15_1_0,2023,5,15,36,1,3,0,0,,,426.09565964
4385974529,2,2023_5_15_1_0,2023,5,15,61,2,4,0,0,,,620.89889304
4385974530,2,2023_5_15_1_0,2023,5,15,40,1,1,0,0,,,776.15873783
4385974538,2,2023_5_15_1_0,2023,5,15,54,2,1,0,0,,,243.55740983
4385974540,2,2023_5_15_1_0,2023,5,15,19,2,3,0,0,,,776.15873783
4385974543,2,2023_5_15_1_0,2023,5,15,63,2,4,0,0,,,133.35496538
4385974544,2,2023_5_15_1_0,2023,5,15,74,1,1,0,0,,,233.74278897
4385974551,2,2023_5_15_1_0,2023,5,15,57,2,4,0,0,,,232.4685145
4385974552,2,2023_5_15_1_0,2023,5,15,78,2,4,0,0,,,96.062943356
4385974555,2,2023_5_15_1_0,2023,5,15,63,2,4,0,0,,,127.28346358
4385974557,2,2023_5_15_1_0,2023,5,15,66,2,4,0,0,,,127.28346358
4385974558,2,2023_5_15_1_0,2023,5,15,77,2,4,0,0,,,133.35496538
4385974563,2,2023_5_15_1_0,2023,5,15,64,2,4,0,0,,,231.85444442
4385974566,2,2023_5_15_1_0,2023,5,15,86,2,4,0,0,,,324.4826823
4385974567,2,2023_5_15_1_0,2023,5,15,31,2,1,0,0,,,232.4685145
4385974577,2,2023_5_15_1_0,2023,5,15,70,2,3,0,0,,,339.96071169
4385974581,2,2023_5_15_1_0,2023,5,15,34,1,3,0,0,,,243.55740983
4385974592,2,2023_5_15_1_0,2023,5,15,53,2,4,0,0,,,232.4685145
4385974593,2,2023_5_15_1_0,2023,5,15,65,2,1,0,0,,,127.28346358
4385974595,2,2023_5_15_1_0,2023,5,15,65,2,1,0,0,,,339.96071169
4385974602,2,2023_5_15_1_0,2023,5,15,58,1,1,0,0,,,232.4685145
4385974620,2,2023_5_15_1_0,2023,5,15,43,1,1,0,2.0019798781,,,511.61730713
4385974626,2,2023_5_15_1_0,2023,5,15,62,1,1,0,0,,,232.4685145
4385974634,2,2023_5_15_1_0,2023,5,15,75,2,1,0,0,,,324.4826823
4385974637,2,2023_5_15_1_0,2023,5,15,62,1,3,0,0,,,243.55740983
4385974641,2,2023_5_15_1_0,2023,5,15,26,1,4,0,3.0029698172,,,776.15873783
4385974647,2,2023_5_15_1_0,2023,5,15,57,1,5,0,0,,,392.03890702
4385974652,2,2023_5_15_1_0,2023,5,15,60,2,-3,0,0,,,324.4826823
4385974656,2,2023_5_15_1_0,2023,5,15,-3,-3,-3,0,0,1,1,594.75005832
4385974664,2,2023_5_15_1_0,2023,5,15,41,1,1,0,0,,,243.55740983
4385974666,2,2023_5_15_1_0,2023,5,15,34,1,1,0,1.0009899391,,,243.55740983
4385974672,2,2023_5_15_1_0,2023,5,15,68,2,1,0,0,,,324.4826823
4385974675,2,2023_5_15_1_0,2023,5,15,49,1,1,0,0,,,423.45530802
4385974676,2,2023_5_15_1_0,2023,5,15,68,2,1,0,0,,,127.28346358
4385974684,2,2023_5_15_1_0,2023,5,15,82,2,1,0,0,,,127.28346358
4385974689,2,2023_5_15_1_0,2023,5,15,40,2,1,0,0,,,232.4685145
4385974691,2,2023_5_15_1_0,2023,5,15,42,2,1,0,0,,,776.15873783
4385974695,2,2023_5_15_1_0,2023,5,15,73,1,4,0,0,,,324.4826823
4385974699,2,2023_5_15_1_0,2023,5,15,73,2,1,0,0,,,324.4826823
4385974700,2,2023_5_15_1_0,2023,5,15,82,2,1,0,0,,,324.4826823
4385974701,2,2023_5_15_1_0,2023,5,15,39,2,1,0,0,,,776.15873783
4385974703,2,2023_5_15_1_0,2023,5,15,69,2,1,0,0,,,181.5457307
4385974710,2,2023_5_15_1_0,2023,5,15,75,1,1,0,0,,,244.42867913
4385974712,2,2023_5_15_1_0,2023,5,15,69,1,1,0,0,,,233.30011589
4385974717,2,2023_5_15_1_0,2023,5,15,66,1,1,0,0,,,127.28346358
4385974718,2,2023_5_15_1_0,2023,5,15,71,1,1,0,0,,,127.28346358
4385974719,2,2023_5_15_1_0,2023,5,15,-3,-3,-3,0,0,1,1,446.42069239
4385974725,2,2023_5_15_1_0,2023,5,15,67,2,1,0,0,,,127.28346358
4385974728,2,2023_5_15_1_0,2023,5,15,55,2,3,0,0,,,243.55740983
4385974729,2,2023_5_15_1_0,2023,5,15,66,2,1,0,0,,,127.28346358
4385974736,2,2023_5_15_1_0,2023,5,15,72,1,5,0,0,,,127.28346358
4385974737,2,2023_5_15_1_0,2023,5,15,86,1,1,0,0,,,324.4826823
4385974744,2,2023_5_15_1_0,2023,5,15,70,2,1,0,0,,,324.4826823
4385974754,2,2023_5_15_1_0,2023,5,15,61,2,5,0,0,,,324.4826823
4385974767,2,2023_5_15_1_0,2023,5,15,79,2,1,0,0,,,127.28346358
4385974769,2,2023_5_15_1_0,2023,5,15,55,1,1,0,0,,,232.4685145
4385974770,2,2023_5_15_1_0,2023,5,15,59,1,4,0,0,,,592.63006377
4385974772,2,2023_5_15_1_0,2023,5,15,41,2,5,0,0,,,776.15873783
4385974773,2,2023_5_15_1_0,2023,5,15,68,2,5,0,0,,,324.4826823
4385974779,2,2023_5_15_1_0,2023,5,15,41,2,1,0,0,,,233.30011589
4385974780,2,2023_5_15_1_0,2023,5,15,59,1,4,0,0,,,620.89889304
4385974790,2,2023_5_15_1_0,2023,5,15,87,2,1,0,0,,,324.4826823
4385974794,2,2023_5_15_1_0,2023,5,15,76,2,1,0,0,,,324.4826823
4385974795,2,2023_5_15_1_0,2023,5,15,79,1,1,0,0,,,127.28346358
4385974796,2,2023_5_15_1_0,2023,5,15,58,2,1,0,0,,,426.09565964
4385974799,2,2023_5_15_1_0,2023,5,15,68,2,1,0,0,,,324.4826823
4385974800,2,2023_5_15_1_0,2023,5,15,75,1,1,0,0,,,127.28346358
4385974802,2,2023_5_15_1_0,2023,5,15,38,2,1,0,0,,,423.45530802
4385974803,2,2023_5_15_1_0,2023,5,15,60,1,1,0,0,,,324.4826823
4385974815,2,2023_5_15_1_0,2023,5,15,67,2,4,0,0,,,127.28346358
4385974824,2,2023_5_15_1_0,2023,5,15,60,1,4,0,0,,,127.28346358
4385974825,2,2023_5_15_1_0,2023,5,15,70,2,4,0,0,1,,133.35496538
4385974826,2,2023_5_15_1_0,2023,5,15,52,1,4,2.9970301828,5.0049496953,,,620.89889304
4385974833,2,2023_5_15_1_0,2023,5,15,57,2,1,0.9990100609,0,,,175.44784777
4385974850,2,2023_5_15_1_0,2023,5,15,71,2,4,0,0,,,127.28346358
4385974858,2,2023_5_15_1_0,2023,5,15,58,1,5,0,0,,,133.35496538
4385974865,2,2023_5_15_1_0,2023,5,15,-3,-3,-3,0,0,1,1,324.4826823
4385974874,2,2023_5_15_1_0,2023,5,15,80,1,4,0,0,,,324.4826823
4385974878,2,2023_5_15_1_0,2023,5,15,70,1,4,0,0,,,244.89246799
4385974879,2,2023_5_15_1_0,2023,5,15,29,1,4,0,0,,,324.4826823
4385974883,2,2023_5_15_1_0,2023,5,15,45,1,4,0,1.0009899391,,,776.15873783
4385974884,2,2023_5_15_1_0,2023,5,15,39,2,4,0,0,,,423.45530802
4385974888,2,2023_5_15_1_0,2023,5,15,49,1,1,0,0,,,133.35496538
4385974895,2,2023_5_15_1_0,2023,5,15,41,2,1,0,0,,,776.15873783
4385974896,2,2023_5_15_1_0,2023,5,15,48,1,4,0,2.0019798781,,,423.45530802
4385974897,2,2023_5_15_1_0,2023,5,15,47,1,1,0,0,,,423.45530802
4385974900,2,2023_5_15_1_0,2023,5,15,-3,2,-3,0,0,,,324.4826823
4385974908,2,2023_5_15_1_0,2023,5,15,70,2,1,0,0,,,127.28346358
4385974911,2,2023_5_15_1_0,2023,5,15,43,1,5,0,1.0009899391,,,339.96071169
4385974914,2,2023_5_15_1_0,2023,5,15,29,2,5,0,0,,,133.35496538
4385974920,2,2023_5_15_1_0,2023,5,15,80,2,4,0,0,,,153.78346107
4385974922,2,2023_5_15_1_0,2023,5,15,60,1,1,0,0,,,167.4599043
4385974925,2,2023_5_15_1_0,2023,5,15,27,1,1,0,0,,,243.55740983
4385974927,2,2023_5_15_1_0,2023,5,15,30,1,5,0,0,,,181.5457307
4385974930,2,2023_5_15_1_0,2023,5,15,77,1,4,0,0,,,324.4826823
4385974932,2,2023_5_15_1_0,2023,5,15,36,1,4,3.9960402437,2.0019798781,,,511.61730713
4385974936,2,2023_5_15_1_0,2023,5,15,-3,2,-3,0,0,,,520.92495713
4385974950,2,2023_5_15_1_0,2023,5,15,60,1,1,1.9980201219,0,,,232.4685145
4385974967,2,2023_5_15_1_0,2023,5,15,57,2,3,0,0,,,127.28346358
4385974985,2,2023_5_15_1_0,2023,5,15,54,2,5,0,0,,,232.4685145
4385974991,2,2023_5_15_1_0,2023,5,15,46,2,1,0,0,,,232.4685145
4385974995,2,2023_5_15_1_0,2023,5,15,79,1,1,0,0,,,231.85444442
4385974996,2,2023_5_15_1_0,2023,5,15,61,1,1,7.9920804875,0,,,127.28346358
4385975007,2,2023_5_15_1_0,2023,5,15,57,1,4,0,0,,,592.63006377
4385975018,2,2023_5_15_1_0,2023,5,15,50,1,4,0,0,,,446.42069239
4385975021,2,2023_5_15_1_0,2023,5,15,59,2,4,0,0,,,339.96071169
4385975024,2,2023_5_15_1_0,2023,5,15,81,2,4,0,0,,,133.35496538
4385975026,2,2023_5_15_1_0,2023,5,15,46,2,4,0,0,,,232.4685145
4385975027,2,2023_5_15_1_0,2023,5,15,86,1,1,0,0,,,339.96071169
4385975031,2,2023_5_15_1_0,2023,5,15,72,1,4,0,0,,,339.96071169
4385975034,2,2023_5_15_1_0,2023,5,15,32,2,4,0,0,,,426.09565964
4385975035,2,2023_5_15_1_0,2023,5,15,-3,-3,-3,0,0,1,1,339.96071169
4385975037,2,2023_5_15_1_0,2023,5,15,60,2,4,0,0,,,243.55740983
4385975039,2,2023_5_15_1_0,2023,5,15,50,2,1,0,0,,,231.85444442
4385975041,2,2023_5_15_1_0,2023,5,15,-3,-3,-3,0,0,1,1,324.4826823
4385975045,2,2023_5_15_1_0,2023,5,15,85,1,5,0,0,,,339.96071169
4385975047,2,2023_5_15_1_0,2023,5,15,54,1,4,0,0,,,423.45530802
4385975055,2,2023_5_15_1_0,2023,5,15,-3,1,1,0,0,,,545.77340741
4385975056,2,2023_5_15_1_0,2023,5,15,33,1,5,0,0,,,423.45530802
4385975059,2,2023_5_15_1_0,2023,5,15,18,1,3,0,10.009899391,,,133.35496538
4385975062,2,2023_5_15_1_0,2023,5,15,55,1,5,0,0,,,232.4685145
4385975063,2,2023_5_15_1_0,2023,5,15,63,2,4,0,0,,,591.06461998
4385975069,2,2023_5_15_1_0,2023,5,15,43,1,4,0,4.0039597563,,,446.42069239
4385975073,2,2023_5_15_1_0,2023,5,15,67,2,4,0,0,,,233.30011589
4385975076,2,2023_5_15_1_0,2023,5,15,30,1,4,0,0,,,324.4826823
4385975084,2,2023_5_15_1_0,2023,5,15,49,1,5,0,1.0009899391,,,243.55740983
4385975086,2,2023_5_15_1_0,2023,5,15,77,2,4,0,0,,,190.205577
4385975088,2,2023_5_15_1_0,2023,5,15,32,2,5,0,0,,,232.4685145
4385975090,2,2023_5_15_1_0,2023,5,15,25,1,4,0,0,,,127.28346358
4385975091,2,2023_5_15_1_0,2023,5,15,74,2,4,0,0,,,324.4826823
4385975093,2,2023_5_15_1_0,2023,5,15,65,2,4,0,0,,,324.4826823
4385975096,2,2023_5_15_1_0,2023,5,15,42,1,5,0,0,,,232.4685145
4385975100,2,2023_5_15_1_0,2023,5,15,33,1,1,0,0,,,426.09565964
4385975116,2,2023_5_15_1_0,2023,5,15,63,2,4,0,0,,,1079.5111189
4385975120,2,2023_5_15_1_0,2023,5,15,65,2,4,0,0,,,339.96071169
4385975123,2,2023_5_15_1_0,2023,5,15,41,2,1,0,0,,,776.15873783
4385975126,2,2023_5_15_1_0,2023,5,15,68,1,4,0,0,,,324.4826823
4385975133,2,2023_5_15_1_0,2023,5,15,24,1,1,0,0,,,426.09565964
4385975134,2,2023_5_15_1_0,2023,5,15,62,2,4,0,0,,,133.35496538
4385975149,2,2023_5_15_1_0,2023,5,15,61,2,4,0,0,,,233.30011589
4385975159,2,2023_5_15_1_0,2023,5,15,5,1,1,0,0,,,423.45530802
4385975171,2,2023_5_15_1_0,2023,5,15,73,1,4,0,0,,,133.35496538
4385975181,2,2023_5_15_1_0,2023,5,15,85,2,4,0,0,,,133.35496538
4385975185,2,2023_5_15_1_0,2023,5,15,42,1,4,0,0,,,1978.6550591
4385975187,2,2023_5_15_1_0,2023,5,15,30,1,1,0,0,,,776.15873783
4385975189,2,2023_5_15_1_0,2023,5,15,30,2,1,0,0,,,776.15873783
4385975199,2,2023_5_15_1_0,2023,5,15,27,1,3,0,0,,,776.15873783
4385975201,2,2023_5_15_1_0,2023,5,15,60,2,4,0,0,,,339.96071169
4385975203,2,2023_5_15_1_0,2023,5,15,26,1,4,0,0,,,426.09565964
4385975206,2,2023_5_15_1_0,2023,5,15,24,2,3,0,0,,,426.09565964
4385975222,2,2023_5_15_1_0,2023,5,15,43,1,4,0,0,,,330.69641057
4385975228,2,2023_5_15_1_0,2023,5,15,35,1,4,0,0,,,127.28346358
4385975229,2,2023_5_15_1_0,2023,5,15,52,1,1,0,0,,,243.55740983
4385975231,2,2023_5_15_1_0,2023,5,15,28,1,1,0,0,,,232.4685145
4385975232,2,2023_5_15_1_0,2023,5,15,33,2,4,0,0,,,423.45530802
4385975234,2,2023_5_15_1_0,2023,5,15,75,2,4,0,0,,,324.4826823
4385975236,2,2023_5_15_1_0,2023,5,15,40,1,4,0,0,,,324.4826823
4385975241,2,2023_5_15_1_0,2023,5,15,33,2,3,0,6.8668443354,,,1384.470917
4385975253,2,2023_5_15_1_0,2023,5,15,75,2,4,0,0,,,324.4826823
4385975265,2,2023_5_15_1_0,2023,5,15,33,2,4,0,0,,,776.15873783
4385975268,2,2023_5_15_1_0,2023,5,15,40,2,4,0,0,,,423.45530802
4385975270,2,2023_5_15_1_0,2023,5,15,57,1,4,0,0,,,232.4685145
4385975273,2,2023_5_15_1_0,2023,5,15,59,1,4,0,0,,,620.89889304
4385975275,2,2023_5_15_1_0,2023,5,15,69,1,4,0,1.0009899391,,,339.96071169
4385975277,2,2023_5_15_1_0,2023,5,15,49,2,4,0,0,,,423.45530802
4385975278,2,2023_5_15_1_0,2023,5,15,72,2,5,0,0,,,410.73941111
4385975280,2,2023_5_15_1_0,2023,5,15,67,2,1,0,0,,,339.96071169
4385975288,2,2023_5_15_1_0,2023,5,15,66,1,4,0,0,,,324.4826823
4385975289,2,2023_5_15_1_0,2023,5,15,48,2,4,0,0,,,1079.5111189
4385975293,2,2023_5_15_1_0,2023,5,15,73,2,4,0,0,,,127.28346358
4385975295,2,2023_5_15_1_0,2023,5,15,64,1,4,0,0,,,592.63006377
4385975297,2,2023_5_15_1_0,2023,5,15,62,2,4,0,0,,,620.89889304
4385975300,2,2023_5_15_1_0,2023,5,15,50,2,4,0,2.0019798781,,,1086.2421455
4385975304,2,2023_5_15_1_0,2023,5,15,29,2,3,0,0,,,776.15873783
4385975310,2,2023_5_15_1_0,2023,5,15,54,1,4,0,0,,,1079.5111189
4385975312,2,2023_5_15_1_0,2023,5,15,47,2,4,0,0,,,1079.5111189
4385975316,2,2023_5_15_1_0,2023,5,15,8,2,1,0,0,,,404.17586344
4385975319,2,2023_5_15_1_0,2023,5,15,69,2,4,0,0,,,324.4826823
4385975320,2,2023_5_15_1_0,2023,5,15,-3,-3,-3,0,0,1,1,127.28346358
4385975331,2,2023_5_15_1_0,2023,5,15,56,1,5,0,0,,,339.96071169
4385975334,2,2023_5_15_1_0,2023,5,15,64,1,4,0,0,,,592.63006377
4385975336,2,2023_5_15_1_0,2023,5,15,59,2,4,0,0,,,324.4826823
4385975340,2,2023_5_15_1_0,2023,5,15,80,2,4,0,0,,,339.96071169
4385975341,2,2023_5_15_1_0,2023,5,15,71,2,1,0,0,,,127.28346358
4385975345,2,2023_5_15_1_0,2023,5,15,89,2,4,0,0,,,339.96071169
4385975347,2,2023_5_15_1_0,2023,5,15,83,1,4,0,0,,,339.96071169
4385975349,2,2023_5_15_1_0,2023,5,15,60,2,4,0,1.0009899391,,,167.4599043
4385975355,2,2023_5_15_1_0,2023,5,15,77,1,4,0,0,,,231.85444442
4385975356,2,2023_5_15_1_0,2023,5,15,83,2,4,0,0,,,133.35496538
4385975358,2,2023_5_15_1_0,2023,5,15,57,2,3,0,0,,,232.4685145
4385975359,2,2023_5_15_1_0,2023,5,15,77,2,1,0,0,,,231.85444442
4385975360,2,2023_5_15_1_0,2023,5,15,66,2,5,0,0,,,133.35496538
4385975383,2,2023_5_15_1_0,2023,5,15,60,2,1,0,0,,,324.4826823
4385975386,2,2023_5_15_1_0,2023,5,15,55,2,1,0,0,,,591.06461998
4385975387,2,2023_5_15_1_0,2023,5,15,44,1,5,0,0,,,426.09565964
4385975390,2,2023_5_15_1_0,2023,5,15,57,2,1,0,0,,,620.89889304
4385975391,2,2023_5_15_1_0,2023,5,15,54,1,1,0,0,,,232.4685145
4385975395,2,2023_5_15_1_0,2023,5,15,53,1,1,0,0,,,511.61730713
4385975396,2,2023_5_15_1_0,2023,5,15,33,1,5,0,0,,,423.45530802
4385975397,2,2023_5_15_1_0,2023,5,15,85,1,4,0,2.0019798781,,,339.96071169
4385975407,2,2023_5_15_1_0,2023,5,15,45,1,4,0,0,,,592.63006377
4385975410,2,2023_5_15_1_0,2023,5,15,15,2,1,0,0,,,423.45530802
4385975412,2,2023_5_15_1_0,2023,5,15,36,2,1,0,0,,,232.4685145
4385975419,2,2023_5_15_1_0,2023,5,15,78,2,1,0,0,,,324.4826823
4385975421,2,2023_5_15_1_0,2023,5,15,-3,-3,-3,0,0,1,1,324.4826823
4385975422,2,2023_5_15_1_0,2023,5,15,72,2,1,0,0,,,127.28346358
4385975431,2,2023_5_15_1_0,2023,5,15,60,2,1,0,0,,,127.28346358
4385975433,2,2023_5_15_1_0,2023,5,15,64,2,1,0,0,,,127.28346358
4385975441,2,2023_5_15_1_0,2023,5,15,-3,2,4,0,0,,,520.92495713
4385975445,2,2023_5_15_1_0,2023,5,15,66,2,4,0,0,,,231.85444442
4385975446,2,2023_5_15_1_0,2023,5,15,-3,-3,-3,0,0,1,1,620.89889304
4385975447,2,2023_5_15_1_0,2023,5,15,39,1,5,7.4381095563,11.041260296,,,307.12037693
4385975452,2,2023_5_15_1_0,2023,5,15,26,2,1,0,0,,,426.09565964
4385975476,2,2023_5_15_1_0,2023,5,15,66,1,3,0,0,,,133.35496538
4385975480,2,2023_5_15_1_0,2023,5,15,64,2,4,0,0,,,127.28346358
4385975486,2,2023_5_15_1_0,2023,5,15,60,1,4,0,0,1,1,175.44784777
4385975487,2,2023_5_15_1_0,2023,5,15,37,1,1,0,2.0019798781,,,423.45530802
4385975488,2,2023_5_15_1_0,2023,5,15,67,1,3,0,0,,,231.85444442
4385975494,2,2023_5_15_1_0,2023,5,15,69,1,-3,0,0,,,231.85444442
4385975495,2,2023_5_15_1_0,2023,5,15,34,1,4,0,0,,,231.85444442
4385975497,2,2023_5_15_1_0,2023,5,15,67,2,5,0,0,,,324.4826823
4385975500,2,2023_5_15_1_0,2023,5,15,-3,2,5,0,0,,,330.69641057
4385975516,2,2023_5_15_1_0,2023,5,15,70,2,4,0,0,,,324.4826823
4385975517,2,2023_5_15_1_0,2023,5,15,94,2,4,0,0,,,133.35496538
4385975520,2,2023_5_15_1_0,2023,5,15,56,1,4,0,0,,,232.4685145
4385975521,2,2023_5_15_1_0,2023,5,15,74,2,4,0,0,,,339.96071169
4385975522,2,2023_5_15_1_0,2023,5,15,30,1,4,0,5.0049496953,,,339.96071169
4385975533,2,2023_5_15_1_0,2023,5,15,50,1,4,0,0,,,231.85444442
4385975535,2,2023_5_15_1_0,2023,5,15,60,1,1,0,0,,,426.09565964
4385975537,2,2023_5_15_1_0,2023,5,15,18,1,4,0,0,,,511.61730713
4385975549,2,2023_5_15_1_0,2023,5,15,42,2,1,0,0,,,423.45530802
4385975560,2,2023_5_15_1_0,2023,5,15,37,1,1,0,0,,,423.45530802
4385975561,2,2023_5_15_1_0,2023,5,15,70,2,4,0,0,,,127.28346358
4385975567,2,2023_5_15_1_0,2023,5,15,73,1,4,0,0,,,127.28346358
4385975571,2,2023_5_15_1_0,2023,5,15,52,1,1,0,0,,,423.45530802
4385975572,2,2023_5_15_1_0,2023,5,15,36,1,1,0,0,,,423.45530802
4385975573,2,2023_5_15_1_0,2023,5,15,63,1,4,0,0,,,127.28346358
4385975576,2,2023_5_15_1_0,2023,5,15,73,2,4,0,0,,,324.4826823
4385975578,2,2023_5_15_1_0,2023,5,15,57,2,4,0,0,,,232.4685145
4385975583,2,2023_5_15_1_0,2023,5,15,75,2,4,0,0,,,127.28346358
4385975584,2,2023_5_15_1_0,2023,5,15,90,2,4,0,0,,,161.11902953
4385975587,2,2023_5_15_1_0,2023,5,15,14,1,5,0,2.0019798781,,,423.45530802
4385975592,2,2023_5_15_1_0,2023,5,15,52,2,4,0,0,,,592.63006377
4385975599,2,2023_5_15_1_0,2023,5,15,63,1,4,0,0,,,243.55740983
4385975601,2,2023_5_15_1_0,2023,5,15,71,2,4,0,0,,,127.28346358
4385975602,2,2023_5_15_1_0,2023,5,15,72,1,1,0,0,,,133.35496538
4385975615,2,2023_5_15_1_0,2023,5,15,63,1,4,0,0,,,243.55740983
4385975624,2,2023_5_15_1_0,2023,5,15,69,2,4,0,0,,,133.35496538
4385975626,2,2023_5_15_1_0,2023,5,15,80,2,1,0,0,,,127.28346358
4385975636,2,2023_5_15_1_0,2023,5,15,67,1,4,0,0,,,233.30011589
4385975640,2,2023_5_15_1_0,2023,5,15,60,1,4,0,0,,,776.15873783
4385975643,2,2023_5_15_1_0,2023,5,15,19,2,4,0,0,,,127.28346358
4385975646,2,2023_5_15_1_0,2023,5,15,-3,-3,-3,0,0,,,339.96071169
4385975647,2,2023_5_15_1_0,2023,5,15,66,2,4,0,0,,,339.96071169
4385975652,2,2023_5_15_1_0,2023,5,15,58,2,4,0,4.0039597563,,,620.89889304
4385975655,2,2023_5_15_1_0,2023,5,15,-3,-3,-3,0,0,1,1,244.89246799
4385975660,2,2023_5_15_1_0,2023,5,15,74,1,4,0,0,,,324.4826823
4385975665,2,2023_5_15_1_0,2023,5,15,-3,-3,-3,0,0,,,243.55740983
4385975670,2,2023_5_15_1_0,2023,5,15,23,2,5,0,0,,,232.4685145
4385975671,2,2023_5_15_1_0,2023,5,15,-3,2,-3,0,0,,,659.40163156
4385975678,2,2023_5_15_1_0,2023,5,15,89,1,4,0,0,,,96.062943356
4385975683,2,2023_5_15_1_0,2023,5,15,68,2,4,0,0,,,324.4826823
4385975685,2,2023_5_15_1_0,2023,5,15,56,2,4,0,0,,,620.89889304
4385975690,2,2023_5_15_1_0,2023,5,15,76,2,4,0,0,1,1,339.96071169
4385975698,2,2023_5_15_1_0,2023,5,15,-3,-3,-3,0,0,1,1,426.09565964
4385975712,2,2023_5_15_1_0,2023,5,15,58,1,3,0,0,,,426.09565964
4385975718,2,2023_5_15_1_0,2023,5,15,67,2,4,0,0,,,324.4826823
4385975720,2,2023_5_15_1_0,2023,5,15,82,1,4,0,0,,,339.96071169
4385975724,2,2023_5_15_1_0,2023,5,15,44,2,4,0,0,,,423.45530802
4385975726,2,2023_5_15_1_0,2023,5,15,69,1,4,0,0,,,231.85444442
4385975731,2,2023_5_15_1_0,2023,5,15,50,2,5,0,0,,,423.45530802
4385975733,2,2023_5_15_1_0,2023,5,15,46,1,4,0,0,,,324.4826823
4385975736,2,2023_5_15_1_0,2023,5,15,74,2,2,0,0,,,244.42867913
4385975745,2,2023_5_15_1_0,2023,5,15,64,1,4,0,0,,,181.5457307
4385975747,2,2023_5_15_1_0,2023,5,15,49,2,4,0,0,,,423.45530802
4385975754,2,2023_5_15_1_0,2023,5,15,34,2,4,0,0,,,232.4685145
4385975762,2,2023_5_15_1_0,2023,5,15,-3,-3,-3,0,0,1,1,324.4826823
4385975763,2,2023_5_15_1_0,2023,5,15,57,1,4,0,0,,,347.38847211
4385975767,2,2023_5_15_1_0,2023,5,15,70,2,4,0,0,,,127.28346358
4385975768,2,2023_5_15_1_0,2023,5,15,80,1,4,0,4.0039597563,,,127.28346358
4385975771,2,2023_5_15_1_0,2023,5,15,-3,-3,-3,0,0,,,204.34105246
4385975775,2,2023_5_15_1_0,2023,5,15,30,1,4,0,0,,,426.09565964
4385975776,2,2023_5_15_1_0,2023,5,15,70,2,4,0,0,,,324.4826823
4385975780,2,2023_5_15_1_0,2023,5,15,45,2,4,0,0,,,232.4685145
4385975781,2,2023_5_15_1_0,2023,5,15,43,1,4,0,1.0009899391,,,243.55740983
4385975782,2,2023_5_15_1_0,2023,5,15,58,1,4,0,1.0009899391,,,776.15873783
4385975787,2,2023_5_15_1_0,2023,5,15,-3,2,4,0,0,,,339.96071169
4385975807,2,2023_5_15_1_0,2023,5,15,62,2,1,0,0,,,127.28346358
4385975810,2,2023_5_15_1_0,2023,5,15,28,2,4,0,0,,,1978.6550591
4385975817,2,2023_5_15_1_0,2023,5,15,42,2,3,0,0,,,423.45530802
4385975820,2,2023_5_15_1_0,2023,5,15,75,2,1,0,0,,,167.01755572
4385975825,2,2023_5_15_1_0,2023,5,15,26,1,1,0,0,,,133.35496538
4385975834,2,2023_5_15_1_0,2023,5,15,66,2,4,0,0,,,127.28346358
4385975840,2,2023_5_15_1_0,2023,5,15,61,2,1,0,0,,,232.4685145
4385975845,2,2023_5_15_1_0,2023,5,15,59,1,4,0,0,,,426.09565964
4385975850,2,2023_5_15_1_0,2023,5,15,53,2,4,0,0,,,133.35496538
4385975854,2,2023_5_15_1_0,2023,5,15,59,2,4,0,0,,,592.63006377
4385975872,2,2023_5_15_1_0,2023,5,15,70,2,4,0,0,,,324.4826823
4385975875,2,2023_5_15_1_0,2023,5,15,76,1,1,0,0,,,324.4826823
4385975876,2,2023_5_15_1_0,2023,5,15,54,2,1,0,0,,,127.28346358
4385975877,2,2023_5_15_1_0,2023,5,15,54,2,4,0,0,,,232.4685145
4385975879,2,2023_5_15_1_0,2023,5,15,87,2,4,0,0,,,324.4826823
4385975880,2,2023_5_15_1_0,2023,5,15,-3,1,-3,0,0,,,392.40614721
4385975882,2,2023_5_15_1_0,2023,5,15,-3,2,4,0,0,,,324.4826823
4385975885,2,2023_5_15_1_0,2023,5,15,66,2,4,0,0,,,229.80575108
4385975886,2,2023_5_15_1_0,2023,5,15,42,1,4,0,0,,,423.45530802
4385975891,2,2023_5_15_1_0,2023,5,15,40,2,4,0,0,,,423.45530802
4385975892,2,2023_5_15_1_0,2023,5,15,29,1,4,0,0,,,426.09565964
4385975894,2,2023_5_15_1_0,2023,5,15,47,2,4,0,0,,,232.4685145
4385975899,2,2023_5_15_1_0,2023,5,15,-3,1,-3,0,0,1,1,127.28346358
4385975902,2,2023_5_15_1_0,2023,5,15,60,2,1,0,0,,,426.09565964
4385975905,2,2023_5_15_1_0,2023,5,15,17,2,4,0,0,,,404.17586344
4385975909,2,2023_5_15_1_0,2023,5,15,50,1,4,0,0,,,423.45530802
4385975914,2,2023_5_15_1_0,2023,5,15,49,2,4,0,0,,,423.45530802
4385975917,2,2023_5_15_1_0,2023,5,15,54,1,4,0,0,,,423.45530802
4385975918,2,2023_5_15_1_0,2023,5,15,33,2,4,0,0,,,426.09565964
4385975919,2,2023_5_15_1_0,2023,5,15,28,2,4,0,0,,,426.09565964
4385975920,2,2023_5_15_1_0,2023,5,15,22,2,4,0,0,,,127.28346358
4385975930,2,2023_5_15_1_0,2023,5,15,35,1,1,0,0,,,232.4685145
4385975936,2,2023_5_15_1_0,2023,5,15,52,1,3,0,0,,,426.09565964
4385975950,2,2023_5_15_1_0,2023,5,15,66,2,4,0,0,,,133.35496538
4385975953,2,2023_5_15_1_0,2023,5,15,86,2,4,0,0,,,133.35496538
4385975955,2,2023_5_15_1_0,2023,5,15,63,1,1,0,0,,,176.07547114
4385975959,2,2023_5_15_1_0,2023,5,15,40,2,4,0,0,,,233.30011589
4385975962,2,2023_5_15_1_0,2023,5,15,76,2,4,0,0,,,324.4826823
4385975963,2,2023_5_15_1_0,2023,5,15,79,1,4,0,0,,,127.28346358
4385975969,2,2023_5_15_1_0,2023,5,15,58,1,4,0,0,,,620.89889304
4385975971,2,2023_5_15_1_0,2023,5,15,73,1,4,0,0,,,324.4826823
4385975979,2,2023_5_15_1_0,2023,5,15,70,1,4,0,0,,,127.28346358
4385975988,2,2023_5_15_1_0,2023,5,15,-3,-3,-3,0,0,1,1,233.30011589
4385975991,2,2023_5_15_1_0,2023,5,15,93,2,4,0,0,,,594.75005832
4385975992,2,2023_5_15_1_0,2023,5,15,68,2,4,0,0,,,127.28346358
4385975997,2,2023_5_15_1_0,2023,5,15,20,1,1,0,0,,,426.09565964
4385976000,2,2023_5_15_1_0,2023,5,15,13,1,4,0,0,,,740.82110221
4385976014,2,2023_5_15_1_0,2023,5,15,66,2,4,0,0,,,332.75838685
4385976016,2,2023_5_15_1_0,2023,5,15,57,2,4,0,2.0019798781,,,592.63006377
4385976025,2,2023_5_15_1_0,2023,5,15,34,1,3,0,0,,,426.09565964
4385976027,2,2023_5_15_1_0,2023,5,15,58,1,4,0,0,,,133.35496538
4385976031,2,2023_5_15_1_0,2023,5,15,-3,1,4,0,0,,,181.5457307
4385976033,2,2023_5_15_1_0,2023,5,15,75,2,4,0,0,,,594.75005832
4385976038,2,2023_5_15_1_0,2023,5,15,52,1,4,0,0,,,243.55740983
4385976047,2,2023_5_15_1_0,2023,5,15,68,2,4,0,0,,,127.28346358
4385976054,2,2023_5_15_1_0,2023,5,15,74,2,4,0,0,,,127.28346358
4385976055,2,2023_5_15_1_0,2023,5,15,66,2,1,0,0,,,244.42867913
4385976056,2,2023_5_15_1_0,2023,5,15,39,2,1,0,0,,,232.4685145
4385976067,2,2023_5_15_1_0,2023,5,15,68,2,4,0,0,,,153.78346107
4385976073,2,2023_5_15_1_0,2023,5,15,69,2,4,0,0,,,1083.3728158
4385976079,2,2023_5_15_1_0,2023,5,15,40,1,5,0,0,,,446.42069239
4385976084,2,2023_5_15_1_0,2023,5,15,75,2,1,0,0,,,324.4826823
4385976088,2,2023_5_15_1_0,2023,5,15,40,2,1,9.9901006093,14.013859147,,,426.09565964
4385976104,2,2023_5_15_1_0,2023,5,15,31,2,3,0,0,,,594.75005832
4385976111,2,2023_5_15_1_0,2023,5,15,43,2,1,0,0,,,426.09565964
4385976117,2,2023_5_15_1_0,2023,5,15,-3,-3,-3,0,0,1,1,426.09565964
4385976124,2,2023_5_15_1_0,2023,5,15,69,2,1,0,0,,,133.35496538
4385976128,2,2023_5_15_1_0,2023,5,15,49,1,4,0,0,,,339.96071169
4385976130,2,2023_5_15_1_0,2023,5,15,57,1,1,0,0,,,446.42069239
4385976131,2,2023_5_15_1_0,2023,5,15,70,1,1,0,0,,,127.28346358
4385976133,2,2023_5_15_1_0,2023,5,15,-3,-3,-3,0,0,1,1,426.09565964
4385976150,2,2023_5_15_1_0,2023,5,15,75,1,4,0,0,,,133.35496538
4385976153,2,2023_5_15_1_0,2023,5,15,73,2,4,0,0,,,127.28346358
4385976154,2,2023_5_15_1_0,2023,5,15,45,1,1,0,0,,,1978.6550591
4385976157,2,2023_5_15_1_0,2023,5,15,55,1,4,0,0,,,1978.6550591
4385976158,2,2023_5_15_1_0,2023,5,15,30,2,4,0,0,,,426.09565964
4385976159,2,2023_5_15_1_0,2023,5,15,72,1,3,0,0,,,127.28346358
4385976162,2,2023_5_15_1_0,2023,5,15,84,1,4,0,10.009899391,,,133.35496538
4385976164,2,2023_5_15_1_0,2023,5,15,42,1,5,0,0,,,324.4826823
4385976167,2,2023_5_15_1_0,2023,5,15,-3,-3,-3,0,0,,,243.55740983
4385976169,2,2023_5_15_1_0,2023,5,15,25,1,4,0,0,,,133.35496538
4385976177,2,2023_5_15_1_0,2023,5,15,59,1,1,0,0,1,1,232.4685145
4385976181,2,2023_5_15_1_0,2023,5,15,81,1,1,0,0,,,324.4826823
4385976185,2,2023_5_15_1_0,2023,5,15,33,1,5,0,0,,,91.689305434
4385976190,2,2023_5_15_1_0,2023,5,15,55,2,1,0,0,,,233.30011589
4385976192,2,2023_5_15_1_0,2023,5,15,40,2,4,0,0,,,776.15873783
4385976217,2,2023_5_15_1_0,2023,5,15,76,1,1,0,0,,,324.4826823
4385976222,2,2023_5_15_1_0,2023,5,15,13,2,4,0,0,,,424.97011971
4385976225,2,2023_5_15_1_0,2023,5,15,57,1,4,0,0,,,330.69641057
4385976227,2,2023_5_15_1_0,2023,5,15,66,2,4,0,0,,,127.28346358
4385976232,2,2023_5_15_1_0,2023,5,15,61,1,4,0,0,,,620.89889304
4385976236,2,2023_5_15_1_0,2023,5,15,44,1,4,0,0,,,423.45530802
4385976237,2,2023_5_15_1_0,2023,5,15,48,1,4,0,3.0029698172,,,423.45530802
4385976238,2,2023_5_15_1_0,2023,5,15,72,1,4,0,0,,,339.96071169
4385976240,2,2023_5_15_1_0,2023,5,15,55,2,4,0,0,,,133.35496538
4385976241,2,2023_5_15_1_0,2023,5,15,99,2,1,0,0,,,594.75005832
4385976243,2,2023_5_15_1_0,2023,5,15,32,2,3,0,2.0019798781,,,776.15873783
4385976244,2,2023_5_15_1_0,2023,5,15,73,2,4,0,0,,,324.4826823
4385976246,2,2023_5_15_1_0,2023,5,15,76,2,4,0,0,,,324.4826823
4385976250,2,2023_5_15_1_0,2023,5,15,95,2,4,0,0,,,324.4826823
4385976251,2,2023_5_15_1_0,2023,5,15,-3,-3,-3,0,0,1,1,324.4826823
4385976255,2,2023_5_15_1_0,2023,5,15,65,1,4,0,0,,,339.96071169
4385976257,2,2023_5_15_1_0,2023,5,15,72,1,4,0,0,,,339.96071169
4385976259,2,2023_5_15_1_0,2023,5,15,64,1,4,0,0,,,426.09565964
4385976267,2,2023_5_15_1_0,2023,5,15,40,1,1,0,0,,,426.09565964
4385976270,2,2023_5_15_1_0,2023,5,15,63,1,4,0,0,,,339.96071169
4385976274,2,2023_5_15_1_0,2023,5,15,24,2,4,0,0,,,426.09565964
4385976282,2,2023_5_15_1_0,2023,5,15,33,2,4,0,1.0009899391,,,324.4826823
4385976286,2,2023_5_15_1_0,2023,5,15,7,2,4,0,0,,,404.17586344
4385976287,2,2023_5_15_1_0,2023,5,15,66,2,1,0,0,,,591.06461998
4385976288,2,2023_5_15_1_0,2023,5,15,42,2,4,0,0,,,1079.5111189
4385976292,2,2023_5_15_1_0,2023,5,15,21,1,4,0,0,,,243.55740983
4385976293,2,2023_5_15_1_0,2023,5,15,45,2,5,0,0,,,231.85444442
4385976294,2,2023_5_15_1_0,2023,5,15,43,2,4,0,0,,,423.45530802
4385976296,2,2023_5_15_1_0,2023,5,15,70,2,1,0,0,,,339.96071169
4385976297,2,2023_5_15_1_0,2023,5,15,27,1,4,0,0,,,127.28346358
4385976298,2,2023_5_15_1_0,2023,5,15,25,2,4,0,0,,,127.28346358
4385976310,2,2023_5_15_1_0,2023,5,15,56,2,1,0,0,,,127.28346358
4385976313,2,2023_5_15_1_0,2023,5,15,54,2,1,0,0,,,175.44784777
4385976319,2,2023_5_15_1_0,2023,5,15,43,1,4,0,0,,,423.45530802
4385976322,2,2023_5_15_1_0,2023,5,15,71,2,4,0,0,,,127.28346358
4385976323,2,2023_5_15_1_0,2023,5,15,63,2,4,0,0,,,592.63006377
4385976333,2,2023_5_15_1_0,2023,5,15,-3,1,4,0,0,,,520.92495713
4385976335,2,2023_5_15_1_0,2023,5,15,44,1,5,0,0,,,339.96071169
4385976336,2,2023_5_15_1_0,2023,5,15,42,1,4,0,0,,,423.45530802
4385976341,2,2023_5_15_1_0,2023,5,15,19,2,3,0,0,,,426.09565964
4385976342,2,2023_5_15_1_0,2023,5,15,71,2,4,0,0,,,324.4826823
4385976355,2,2023_5_15_1_0,2023,5,15,41,2,4,0,0,,,324.4826823
4385976364,2,2023_5_15_1_0,2023,5,15,64,1,4,0,0,,,133.35496538
4385976366,2,2023_5_15_1_0,2023,5,15,58,2,3,0,0,,,446.42069239
4385976373,2,2023_5_15_1_0,2023,5,15,60,1,4,0,0,,,423.45530802
4385976374,2,2023_5_15_1_0,2023,5,15,64,1,4,0,0,,,232.4685145
4385976379,2,2023_5_15_1_0,2023,5,15,68,2,4,0,0,,,233.30011589
4385976384,2,2023_5_15_1_0,2023,5,15,59,2,4,0,0,,,232.4685145
4385976385,2,2023_5_15_1_0,2023,5,15,57,1,1,0,0,,,232.4685145
4385976394,2,2023_5_15_1_0,2023,5,15,50,1,4,0,0,,,232.4685145
4385976399,2,2023_5_15_1_0,2023,5,15,64,1,4,0,0,,,231.85444442
4385976401,2,2023_5_15_1_0,2023,5,15,76,1,4,0,0,,,339.96071169
4385976408,2,2023_5_15_1_0,2023,5,15,53,1,4,0,0,,,776.15873783
4385976409,2,2023_5_15_1_0,2023,5,15,54,1,4,0,8.0079195125,,,339.96071169
4385976412,2,2023_5_15_1_0,2023,5,15,76,1,4,0,0,,,324.4826823
4385976420,2,2023_5_15_1_0,2023,5,15,66,2,1,0,0,,,324.4826823
4385976429,2,2023_5_15_1_0,2023,5,15,8,1,5,0,0,,,1978.6550591
4385976433,2,2023_5_15_1_0,2023,5,15,67,1,1,0,0,1,,233.30011589
4385976434,2,2023_5_15_1_0,2023,5,15,59,2,1,1.9980201219,0,,,232.4685145
4385976445,2,2023_5_15_1_0,2023,5,15,60,2,4,0,0,,,324.4826823
4385976448,2,2023_5_15_1_0,2023,5,15,83,2,4,0,0,,,127.28346358
4385976449,2,2023_5_15_1_0,2023,5,15,58,2,4,0,0,,,127.28346358
4385976450,2,2023_5_15_1_0,2023,5,15,40,2,4,0,0,,,776.15873783
4385976456,2,2023_5_15_1_0,2023,5,15,37,1,5,0,0,,,1079.5111189
4385976461,2,2023_5_15_1_0,2023,5,15,74,2,4,0,0,,,324.4826823
4385976469,2,2023_5_15_1_0,2023,5,15,54,2,4,0,0,,,592.63006377
4385976473,2,2023_5_15_1_0,2023,5,15,27,1,4,0,0,,,446.42069239
4385976483,2,2023_5_15_1_0,2023,5,15,63,2,4,0,0,,,620.89889304
4385976485,2,2023_5_15_1_0,2023,5,15,60,2,4,0,0,,,243.55740983
4385976490,2,2023_5_15_1_0,2023,5,15,59,2,4,0,0,,,232.4685145
4385976498,2,2023_5_15_1_0,2023,5,15,63,1,4,0,0,,,1079.5111189
4385976510,2,2023_5_15_1_0,2023,5,15,19,1,4,0,0,,,133.35496538
4385976512,2,2023_5_15_1_0,2023,5,15,53,2,4,0,0,,,819.80498298
4385976519,2,2023_5_15_1_0,2023,5,15,27,1,1,0,0,,,426.09565964
4385976525,2,2023_5_15_1_0,2023,5,15,86,2,4,0,0,,,339.96071169
4385976527,2,2023_5_15_1_0,2023,5,15,64,2,4,0,0,,,231.85444442
4385976528,2,2023_5_15_1_0,2023,5,15,44,1,4,0,0,,,423.45530802
4385976529,2,2023_5_15_1_0,2023,5,15,25,1,4,0,0,,,244.42867913
4385976533,2,2023_5_15_1_0,2023,5,15,79,1,4,0,0,,,339.96071169
4385976534,2,2023_5_15_1_0,2023,5,15,72,2,4,0,0,,,324.4826823
4385976536,2,2023_5_15_1_0,2023,5,15,40,2,4,0,0,,,423.45530802
4385976542,2,2023_5_15_1_0,2023,5,15,57,1,4,0,1.0009899391,,,339.96071169
4385976543,2,2023_5_15_1_0,2023,5,15,78,2,4,0,0,,,324.4826823
4385976544,2,2023_5_15_1_0,2023,5,15,-3,-3,-3,0,0,1,1,175.44784777
4385976545,2,2023_5_15_1_0,2023,5,15,65,1,4,0,0,,,127.28346358
4385976546,2,2023_5_15_1_0,2023,5,15,72,2,4,0,0,,,339.96071169
4385976547,2,2023_5_15_1_0,2023,5,15,26,2,3,0,0,1,1,446.42069239
4385976550,2,2023_5_15_1_0,2023,5,15,21,2,2,0,0,,,446.42069239
4385976552,2,2023_5_15_1_0,2023,5,15,53,2,1,0,0,,,426.09565964
4385976558,2,2023_5_15_1_0,2023,5,15,38,2,4,0,0,,,423.45530802
4385976559,2,2023_5_15_1_0,2023,5,15,31,2,1,0,0,,,426.09565964
4385976568,2,2023_5_15_1_0,2023,5,15,-3,-3,-3,0,0,,,232.4685145
4385976579,2,2023_5_15_1_0,2023,5,15,40,1,2,0,0,,,776.15873783
4385976580,2,2023_5_15_1_0,2023,5,15,20,2,1,0,0,,,776.15873783
4385976586,2,2023_5_15_1_0,2023,5,15,58,1,4,0,0,,,243.55740983
4385976594,2,2023_5_15_1_0,2023,5,15,50,1,4,0.9990100609,1.0009899391,,,592.63006377
4385976600,2,2023_5_15_1_0,2023,5,15,67,2,4,0,0,,,133.35496538
4385976603,2,2023_5_15_1_0,2023,5,15,49,2,4,0,0,,,232.4685145
4385976604,2,2023_5_15_1_0,2023,5,15,64,2,4,0,0,,,133.35496538
4385976605,2,2023_5_15_1_0,2023,5,15,34,2,5,0,1.0009899391,,,243.55740983
4385976607,2,2023_5_15_1_0,2023,5,15,52,1,3,0,0,,,1083.3728158
4385976613,2,2023_5_15_1_0,2023,5,15,26,2,1,0,0,,,776.15873783
4385976614,2,2023_5_15_1_0,2023,5,15,25,1,1,0.9990100609,2.0019798781,,,426.09565964
4385976620,2,2023_5_15_1_0,2023,5,15,39,2,2,0,0,,,776.15873783
4385976631,2,2023_5_15_1_0,2023,5,15,52,2,4,0,0,,,243.55740983
4385976636,2,2023_5_15_1_0,2023,5,15,22,1,1,0,0,,,426.09565964
4385976637,2,2023_5_15_1_0,2023,5,15,74,2,4,0,0,,,127.28346358
4385976638,2,2023_5_15_1_0,2023,5,15,63,1,4,0,0,,,594.75005832
4385976640,2,2023_5_15_1_0,2023,5,15,74,2,1,0,0,,,324.4826823
4385976642,2,2023_5_15_1_0,2023,5,15,49,1,1,0,0,,,306.94022604
4385976649,2,2023_5_15_1_0,2023,5,15,40,1,4,0,0,,,243.55740983
4385976655,2,2023_5_15_1_0,2023,5,15,86,2,4,0,0,,,339.96071169
4385976657,2,2023_5_15_1_0,2023,5,15,30,1,4,0,0,,,133.35496538
4385976660,2,2023_5_15_1_0,2023,5,15,36,2,1,0,0,,,776.15873783
4385976668,2,2023_5_15_1_0,2023,5,15,86,2,4,0,0,,,244.42867913
4385976669,2,2023_5_15_1_0,2023,5,15,51,1,4,0,0,,,231.85444442
4385976670,2,2023_5_15_1_0,2023,5,15,53,1,4,0,0,,,243.55740983
4385976673,2,2023_5_15_1_0,2023,5,15,39,2,4,0,0,,,1079.5111189
4385976674,2,2023_5_15_1_0,2023,5,15,22,1,1,0,0,,,426.09565964
4385976675,2,2023_5_15_1_0,2023,5,15,67,1,4,0,0,,,324.4826823
4385976676,2,2023_5_15_1_0,2023,5,15,33,1,1,0,0,,,426.09565964
4385976678,2,2023_5_15_1_0,2023,5,15,65,2,4,0,0,,,339.96071169
4385976679,2,2023_5_15_1_0,2023,5,15,21,2,4,0,0,,,190.205577
4385976698,2,2023_5_15_1_0,2023,5,15,78,2,4,1.9980201219,2.0019798781,,,130.77741197
4385976700,2,2023_5_15_1_0,2023,5,15,48,1,3,0,0,,,776.15873783
4385976718,2,2023_5_15_1_0,2023,5,15,81,2,4,0,0,,,324.4826823
4385976726,2,2023_5_15_1_0,2023,5,15,71,1,1,0,0,,,594.75005832
4385976737,2,2023_5_15_1_0,2023,5,15,71,2,1,0,0,,,324.4826823
4385976744,2,2023_5_15_1_0,2023,5,15,59,1,4,0,0,,,243.55740983
4385976745,2,2023_5_15_1_0,2023,5,15,-3,-3,-3,0,0,1,1,244.42867913
4385976746,2,2023_5_15_1_0,2023,5,15,70,1,4,0,0,,,231.85444442
4385976749,2,2023_5_15_1_0,2023,5,15,19,1,4,0,0,,,620.89889304
4385976757,2,2023_5_15_1_0,2023,5,15,63,2,4,0,0,,,127.28346358
4385976758,2,2023_5_15_1_0,2023,5,15,41,2,1,0,0,,,232.4685145
4385976762,2,2023_5_15_1_0,2023,5,15,49,2,4,0,0,,,1079.5111189
4385976763,2,2023_5_15_1_0,2023,5,15,19,2,4,0,0,,,232.4685145
4385976764,2,2023_5_15_1_0,2023,5,15,78,2,4,0,0,,,339.96071169
4385976766,2,2023_5_15_1_0,2023,5,15,48,2,4,0,0,,,423.45530802
4385976767,2,2023_5_15_1_0,2023,5,15,71,2,4,0,0,,,591.06461998
4385976768,2,2023_5_15_1_0,2023,5,15,90,1,4,0,0,,,324.4826823
4385976771,2,2023_5_15_1_0,2023,5,15,76,2,4,0,0,,,339.96071169
4385976773,2,2023_5_15_1_0,2023,5,15,78,2,4,0,0,,,594.75005832
4385976784,2,2023_5_15_1_0,2023,5,15,68,1,4,0,0,,,127.28346358
4385976787,2,2023_5_15_1_0,2023,5,15,36,2,4,0,0,,,423.45530802
4385976788,2,2023_5_15_1_0,2023,5,15,41,1,1,0,0,,,776.15873783
4385976791,2,2023_5_15_1_0,2023,5,15,80,1,1,0,0,,,127.28346358
4385976793,2,2023_5_15_1_0,2023,5,15,33,1,4,0,0,,,127.28346358
4385976794,2,2023_5_15_1_0,2023,5,15,49,2,5,0,0,,,423.45530802
4385976798,2,2023_5_15_1_0,2023,5,15,66,2,4,0,0,,,591.06461998
4385976806,2,2023_5_15_1_0,2023,5,15,34,1,5,0,0,,,232.4685145
4385976816,2,2023_5_15_1_0,2023,5,15,45,1,4,0,20.019798781,,,426.09565964
4385976823,2,2023_5_15_1_0,2023,5,15,-3,-3,-3,0,0,1,,291.45377286
4385976826,2,2023_5_15_1_0,2023,5,15,61,2,4,0,0,,,127.28346358
4385976835,2,2023_5_15_1_0,2023,5,15,27,1,5,0,0,,,232.4685145
4385976839,2,2023_5_15_1_0,2023,5,15,17,1,4,0,0,,,740.82110221
4385976841,2,2023_5_15_1_0,2023,5,15,19,1,3,0,0,,,426.09565964
4385976843,2,2023_5_15_1_0,2023,5,15,27,2,4,0,0,,,243.55740983
4385976844,2,2023_5_15_1_0,2023,5,15,23,2,3,0,0,,,446.42069239
4385976847,2,2023_5_15_1_0,2023,5,15,-3,-3,-3,0,0,1,1,133.35496538
4385976849,2,2023_5_15_1_0,2023,5,15,41,1,4,0,0,,,423.45530802
4385976854,2,2023_5_15_1_0,2023,5,15,25,2,1,0,0,,,426.09565964
4385976857,2,2023_5_15_1_0,2023,5,15,48,1,5,0,0,,,331.57226513
4385976871,2,2023_5_15_1_0,2023,5,15,24,2,4,0,0,,,232.4685145
4385976886,2,2023_5_15_1_0,2023,5,15,60,1,2,0,0,,,446.42069239
4385976889,2,2023_5_15_1_0,2023,5,15,67,2,4,0,0,,,324.4826823
4385976891,2,2023_5_15_1_0,2023,5,15,28,2,4,0,0,,,426.09565964
4385976899,2,2023_5_15_1_0,2023,5,15,37,1,5,0,0,,,426.09565964
4385976900,2,2023_5_15_1_0,2023,5,15,44,1,4,0,0,,,232.4685145
4385976901,2,2023_5_15_1_0,2023,5,15,57,1,3,0,0,,,511.61730713
4385976904,2,2023_5_15_1_0,2023,5,15,53,2,4,0,0,,,423.45530802
4385976905,2,2023_5_15_1_0,2023,5,15,49,1,4,0,0,,,243.55740983
4385976908,2,2023_5_15_1_0,2023,5,15,-3,2,1,0,0,,,214.08825004
4385976910,2,2023_5_15_1_0,2023,5,15,34,2,4,0,2.0019798781,,,423.45530802
4385976912,2,2023_5_15_1_0,2023,5,15,68,2,4,0,0,,,324.4826823
4385976917,2,2023_5_15_1_0,2023,5,15,57,2,4,0,0,,,243.55740983
4385976921,2,2023_5_15_1_0,2023,5,15,47,2,4,0,0,,,1079.5111189
4385976925,2,2023_5_15_1_0,2023,5,15,40,1,4,0,0,,,426.09565964
4385976926,2,2023_5_15_1_0,2023,5,15,79,2,4,0,0,,,324.4826823
4385976930,2,2023_5_15_1_0,2023,5,15,59,2,4,0,0,,,592.63006377
4385976933,2,2023_5_15_1_0,2023,5,15,80,1,4,0,0,,,324.4826823
4385976935,2,2023_5_15_1_0,2023,5,15,41,1,1,0,0,,,423.45530802
4385976937,2,2023_5_15_1_0,2023,5,15,65,2,-3,0,0,,,127.28346358
4385976939,2,2023_5_15_1_0,2023,5,15,66,2,4,0,0,,,324.4826823
4385976942,2,2023_5_15_1_0,2023,5,15,-3,-3,-3,0,0,1,1,324.4826823
4385976943,2,2023_5_15_1_0,2023,5,15,43,1,4,0,0,,,776.15873783
4385976945,2,2023_5_15_1_0,2023,5,15,39,1,4,0,0,,,232.4685145
4385976947,2,2023_5_15_1_0,2023,5,15,64,2,4,0,0,,,127.28346358
4385976952,2,2023_5_15_1_0,2023,5,15,54,1,3,0,0,,,423.45530802
4385976954,2,2023_5_15_1_0,2023,5,15,79,2,4,0,0,1,,190.205577
4385976957,2,2023_5_15_1_0,2023,5,15,-3,2,4,0,0,,,204.34105246
4385976960,2,2023_5_15_1_0,2023,5,15,50,1,4,0,0,,,339.96071169
4385976963,2,2023_5_15_1_0,2023,5,15,74,2,4,0,0,,,127.28346358
4385976965,2,2023_5_15_1_0,2023,5,15,40,1,4,0,0,,,244.42867913
4385976966,2,2023_5_15_1_0,2023,5,15,85,2,4,0,0,,,127.28346358
4385976967,2,2023_5_15_1_0,2023,5,15,27,1,1,0,0,,,133.35496538
4385976970,2,2023_5_15_1_0,2023,5,15,44,2,4,0,0,,,423.45530802
4385976971,2,2023_5_15_1_0,2023,5,15,59,2,4,0,0,,,127.28346358
4385976972,2,2023_5_15_1_0,2023,5,15,52,1,1,0,0,,,426.09565964
4385976976,2,2023_5_15_1_0,2023,5,15,44,2,4,0,0,,,423.45530802
4385976979,2,2023_5_15_1_0,2023,5,15,56,2,4,0,0,,,620.89889304
4385976987,2,2023_5_15_1_0,2023,5,15,76,1,4,0,0,,,324.4826823
4385976990,2,2023_5_15_1_0,2023,5,15,46,1,4,0,0,,,232.4685145
4385976993,2,2023_5_15_1_0,2023,5,15,43,1,1,0,0,,,423.45530802
4385976996,2,2023_5_15_1_0,2023,5,15,57,1,5,0,0,,,232.4685145
4385976998,2,2023_5_15_1_0,2023,5,15,-3,-3,-3,0,0,,,233.30011589
4385977003,2,2023_5_15_1_0,2023,5,15,82,2,4,0,0,,,127.28346358
4385977006,2,2023_5_15_1_0,2023,5,15,84,1,5,0,0,,,96.062943356
4385977009,2,2023_5_15_1_0,2023,5,15,52,1,4,0,0,,,243.55740983
4385977011,2,2023_5_15_1_0,2023,5,15,70,2,4,0,0,,,324.4826823
4385977018,2,2023_5_15_1_0,2023,5,15,89,1,1,0,0,,,339.96071169
4385977021,2,2023_5_15_1_0,2023,5,15,45,1,1,0,0,,,232.4685145
4385977022,2,2023_5_15_1_0,2023,5,15,42,2,4,0,0,,,776.15873783
4385977024,2,2023_5_15_1_0,2023,5,15,79,2,4,0,0,,,324.4826823
4385977025,2,2023_5_15_1_0,2023,5,15,40,2,5,0,0,,,96.062943356
4385977027,2,2023_5_15_1_0,2023,5,15,47,1,4,0,0,,,231.85444442
4385977029,2,2023_5_15_1_0,2023,5,15,-3,-3,-3,0,0,,,339.96071169
4385977030,2,2023_5_15_1_0,2023,5,15,50,2,4,0,0,,,423.45530802
4385977032,2,2023_5_15_1_0,2023,5,15,84,1,4,0,0,,,324.4826823
4385977033,2,2023_5_15_1_0,2023,5,15,53,1,1,0,0,,,423.45530802
4385977042,2,2023_5_15_1_0,2023,5,15,55,1,4,0,0,,,423.45530802
4385977047,2,2023_5_15_1_0,2023,5,15,54,1,1,0,0,,,423.45530802
4385977052,2,2023_5_15_1_0,2023,5,15,60,2,4,0,0,,,426.09565964
4385977057,2,2023_5_15_1_0,2023,5,15,69,2,4,0,0,,,244.42867913
4385977059,2,2023_5_15_1_0,2023,5,15,17,2,4,0,0,,,740.82110221
4385977070,2,2023_5_15_1_0,2023,5,15,81,2,1,0,0,,,324.4826823
4385977071,2,2023_5_15_1_0,2023,5,15,91,2,4,0,0,,,594.75005832
4385977081,2,2023_5_15_1_0,2023,5,15,27,2,5,0,0,,,426.09565964
4385977082,2,2023_5_15_1_0,2023,5,15,23,1,4,0,0,,,426.09565964
4385977083,2,2023_5_15_1_0,2023,5,15,55,1,4,0,0,,,423.45530802
4385977091,2,2023_5_15_1_0,2023,5,15,70,2,4,0,0,,,233.30011589
4385977096,2,2023_5_15_1_0,2023,5,15,50,2,1,0,0,,,127.28346358
4385977105,2,2023_5_15_1_0,2023,5,15,63,2,4,0,0,,,324.4826823
4385977107,2,2023_5_15_1_0,2023,5,15,65,2,4,0,0,,,127.28346358
4385977109,2,2023_5_15_1_0,2023,5,15,58,1,4,0,0,,,232.4685145
4385977119,2,2023_5_15_1_0,2023,5,15,81,2,4,0,0,,,339.96071169
4385977120,2,2023_5_15_1_0,2023,5,15,24,1,4,0,0,,,426.09565964
4385977131,2,2023_5_15_1_0,2023,5,15,51,1,4,0,0,,,181.5457307
4385977135,2,2023_5_15_1_0,2023,5,15,47,1,4,0,0,,,776.15873783
4385977136,2,2023_5_15_1_0,2023,5,15,25,1,4,0,0,,,426.09565964
4385977138,2,2023_5_15_1_0,2023,5,15,43,2,4,0,0,,,339.96071169
4385977140,2,2023_5_15_1_0,2023,5,15,51,1,1,0,0,,,423.45530802
4385977148,2,2023_5_15_1_0,2023,5,15,-3,2,-3,0,0,1,1,1086.2421455
4385977150,2,2023_5_15_1_0,2023,5,15,26,2,4,0,0,,,426.09565964
4385977155,2,2023_5_15_1_0,2023,5,15,17,1,4,0,0,,,404.17586344
4385977158,2,2023_5_15_1_0,2023,5,15,71,1,4,0,0,,,233.30011589
4385977165,2,2023_5_15_1_0,2023,5,15,74,2,4,0,0,,,127.28346358
4385977167,2,2023_5_15_1_0,2023,5,15,18,1,5,0,0,,,426.09565964
4385977168,2,2023_5_15_1_0,2023,5,15,94,2,4,0,0,,,324.4826823
4385977171,2,2023_5_25_1_1,2023,5,25,52,1,1,0,0,,,125.90015239
4385977172,2,2023_5_25_1_1,2023,5,25,54,2,1,0,0,,,598.16675213
4385977177,2,2023_5_25_1_1,2023,5,25,26,2,1,0,0,,,317.41390251
4385977178,2,2023_5_25_1_1,2023,5,25,64,2,1,0,0,,,596.48578561
4385977179,2,2023_5_25_1_1,2023,5,25,75,1,1,1.9965430832,0,,,73.710227195
4385977185,2,2023_5_25_1_1,2023,5,25,52,2,4,0,0,,,764.68836895
4385977186,2,2023_5_25_1_1,2023,5,25,56,2,1,0,0,,,126.2549537
4385977191,2,2023_5_25_1_1,2023,5,25,47,1,1,0,0,,,242.45771066
4385977192,2,2023_5_25_1_1,2023,5,25,70,2,1,0,0,,,73.710227195
4385977193,2,2023_5_25_1_1,2023,5,25,45,2,4,0,0,,,317.41390251
4385977194,2,2023_5_25_1_1,2023,5,25,63,1,1,0,0,,,764.68836895
4385977195,2,2023_5_25_1_1,2023,5,25,56,2,4,0,0,,,210.70673366
4385977196,2,2023_5_25_1_1,2023,5,25,-3,1,1,0,2.0034569168,,,611.01727297
4385977204,2,2023_5_25_1_1,2023,5,25,32,1,3,0,0,,,498.54328739
4385977205,2,2023_5_25_1_1,2023,5,25,63,2,1,0,0,,,159.83859762
4385977209,2,2023_5_25_1_1,2023,5,25,65,2,1,0,0,,,56.303812771
4385977210,2,2023_5_25_1_1,2023,5,25,81,2,1,0,0,,,266.75443482
4385977213,2,2023_5_25_1_1,2023,5,25,74,2,1,0,0,,,266.75443482
4385977214,2,2023_5_25_1_1,2023,5,25,35,2,4,0,0,,,316.52190685
4385977216,2,2023_5_25_1_1,2023,5,25,49,2,1,0,0,,,1148.7085224
4385977220,2,2023_5_25_1_1,2023,5,25,68,2,1,0,0,,,159.83859762
4385977223,2,2023_5_25_1_1,2023,5,25,77,1,1,0,0,,,73.503086921
4385977227,2,2023_5_25_1_1,2023,5,25,58,2,1,1.9965430832,0,,,458.19937949
4385977228,2,2023_5_25_1_1,2023,5,25,60,2,1,0,0,,,164.82238732
4385977237,2,2023_5_25_1_1,2023,5,25,63,2,1,0,0,,,764.68836895
4385977241,2,2023_5_25_1_1,2023,5,25,52,2,1,0,0,,,766.84334997
4385977247,2,2023_5_25_1_1,2023,5,25,74,2,1,0,0,,,266.75443482
4385977250,2,2023_5_25_1_1,2023,5,25,63,2,1,0,0,,,161.85749426
4385977253,2,2023_5_25_1_1,2023,5,25,75,2,1,0,0,,,266.75443482
4385977254,2,2023_5_25_1_1,2023,5,25,51,2,1,0,0,,,317.41390251
4385977255,2,2023_5_25_1_1,2023,5,25,63,2,1,0,0,,,766.84334997
4385977259,2,2023_5_25_1_1,2023,5,25,65,2,1,0,0,,,73.503086921
4385977270,2,2023_5_25_1_1,2023,5,25,74,2,1,0,0,,,266.75443482
4385977272,2,2023_5_25_1_1,2023,5,25,-3,-3,-3,0,0,1,1,204.91136497
4385977273,2,2023_5_25_1_1,2023,5,25,64,2,1,0,0,,,208.6649155
4385977274,2,2023_5_25_1_1,2023,5,25,24,1,1,0,0,,,164.35920391
4385977275,2,2023_5_25_1_1,2023,5,25,53,2,1,0,0,,,1148.7085224
4385977276,2,2023_5_25_1_1,2023,5,25,-3,-3,-3,0,0,,,164.35920391
4385977277,2,2023_5_25_1_1,2023,5,25,73,2,1,0,0,,,266.75443482
4385977278,2,2023_5_25_1_1,2023,5,25,80,1,1,0,0,,,266.75443482
4385977286,2,2023_5_25_1_1,2023,5,25,65,2,1,0,0,,,56.303812771
4385977287,2,2023_5_25_1_1,2023,5,25,44,2,4,0,0,,,57.49675889
4385977294,2,2023_5_25_1_1,2023,5,25,73,2,1,0,0,,,267.50617993
4385977297,2,2023_5_25_1_1,2023,5,25,76,2,-3,0,0,,,266.75443482
4385977306,2,2023_5_25_1_1,2023,5,25,63,2,1,0,0,,,173.91219517
4385977310,2,2023_5_25_1_1,2023,5,25,-3,1,1,0,0,,,100.5993695
4385977315,2,2023_5_25_1_1,2023,5,25,51,1,1,0,3.0051853752,,,317.41390251
4385977331,2,2023_5_25_1_1,2023,5,25,38,1,1,0,0,,1,161.40264278
4385977336,2,2023_5_25_1_1,2023,5,25,44,1,1,1.9965430832,0,,,317.41390251
4385977337,2,2023_5_25_1_1,2023,5,25,62,1,1,0,0,,,125.90015239
4385977342,2,2023_5_25_1_1,2023,5,25,62,2,1,0,0,,,161.40264278
4385977344,2,2023_5_25_1_1,2023,5,25,68,2,1,0,0,,,73.503086921
4385977347,2,2023_5_25_1_1,2023,5,25,82,2,1,0,0,,,267.50617993
4385977349,2,2023_5_25_1_1,2023,5,25,41,2,1,0,0,,,317.41390251
4385977351,2,2023_5_25_1_1,2023,5,25,61,2,1,0,0,,,56.462483484
4385977353,2,2023_5_25_1_1,2023,5,25,55,1,1,0,0,,,596.48578561
4385977359,2,2023_5_25_1_1,2023,5,25,62,2,1,0,0,,,56.303812771
4385977363,2,2023_5_25_1_1,2023,5,25,55,2,1,0,0,,,125.90015239
4385977367,2,2023_5_25_1_1,2023,5,25,0,2,1,0,0,,,513.71398961
4385977369,2,2023_5_25_1_1,2023,5,25,73,2,1,0,0,,,204.91136497
4385977373,2,2023_5_25_1_1,2023,5,25,-3,-3,-3,0,0,1,1,126.2549537
4385977374,2,2023_5_25_1_1,2023,5,25,79,2,1,3.9930861664,0,,,204.91136497
4385977377,2,2023_5_25_1_1,2023,5,25,43,2,1,0,1.0017284584,,,575.2844427
4385977383,2,2023_5_25_1_1,2023,5,25,74,1,1,0,0,,,57.33518166
4385977385,2,2023_5_25_1_1,2023,5,25,75,1,1,0,0,,,57.33518166
4385977386,2,2023_5_25_1_1,2023,5,25,60,2,1,0,0,,,161.85749426
4385977388,2,2023_5_25_1_1,2023,5,25,30,1,1,0,0,,,316.52190685
4385977390,2,2023_5_25_1_1,2023,5,25,82,1,1,0,0,,,173.91219517
4385977393,2,2023_5_25_1_1,2023,5,25,34,2,1,0,0,,,211.30052982
4385977395,2,2023_5_25_1_1,2023,5,25,71,2,1,0,0,,,266.75443482
4385977397,2,2023_5_25_1_1,2023,5,25,63,1,1,0,0,,,210.70673366
4385977402,2,2023_5_25_1_1,2023,5,25,68,2,1,0,0,,,73.710227195
4385977404,2,2023_5_25_1_1,2023,5,25,53,1,1,2.9948146248,0,,,317.41390251
4385977406,2,2023_5_25_1_1,2023,5,25,-3,1,1,0,0,,,787.53153157
4385977408,2,2023_5_25_1_1,2023,5,25,21,1,3,0,0,,,210.70673366
4385977412,2,2023_5_25_1_1,2023,5,25,39,2,1,0,0,,,243.14098477
4385977417,2,2023_5_25_1_1,2023,5,25,74,2,1,0,0,,,266.75443482
4385977420,2,2023_5_25_1_1,2023,5,25,25,1,1,0,0,,,210.70673366
4385977421,2,2023_5_25_1_1,2023,5,25,60,2,1,0,0,,,161.85749426
4385977427,2,2023_5_25_1_1,2023,5,25,40,2,1,0,0,,,317.41390251
4385977429,2,2023_5_25_1_1,2023,5,25,30,2,1,0,0,,,499.94824053
4385977434,2,2023_5_25_1_1,2023,5,25,42,2,1,0,0,,,164.82238732
4385977435,2,2023_5_25_1_1,2023,5,25,35,2,3,0,0,,,316.52190685
4385977436,2,2023_5_25_1_1,2023,5,25,69,1,2,0,5.0086422921,,,44.0428679
4385977441,2,2023_5_25_1_1,2023,5,25,61,2,1,0,0,,,73.710227195
4385977442,2,2023_5_25_1_1,2023,5,25,56,1,1,9.9827154159,0,,,161.85749426
4385977445,2,2023_5_25_1_1,2023,5,25,59,2,1,0.9982715416,0,,,587.40668195
4385977450,2,2023_5_25_1_1,2023,5,25,55,1,1,0,0,,,125.90015239
4385977451,2,2023_5_25_1_1,2023,5,25,65,2,1,0,0,,,129.11072946
4385977452,2,2023_5_25_1_1,2023,5,25,59,2,4,0,0,,,266.75443482
4385977454,2,2023_5_25_1_1,2023,5,25,64,2,1,0,0,,,204.33552362
4385977457,2,2023_5_25_1_1,2023,5,25,23,1,1,0,0,1,1,161.85749426
4385977461,2,2023_5_25_1_1,2023,5,25,71,1,1,14.974073124,0,,,204.91136497
4385977463,2,2023_5_25_1_1,2023,5,25,56,2,1,0.9982715416,1.0017284584,,,44.0428679
4385977464,2,2023_5_25_1_1,2023,5,25,42,2,1,0,0,,,317.41390251
4385977468,2,2023_5_25_1_1,2023,5,25,44,1,1,0,0,,,316.52190685
4385977469,2,2023_5_25_1_1,2023,5,25,47,1,1,0,0,,,879.91773249
4385977472,2,2023_5_25_1_1,2023,5,25,38,2,4,0,0,,,243.14098477
4385977476,2,2023_5_25_1_1,2023,5,25,68,2,1,0,0,,,267.50617993
4385977477,2,2023_5_25_1_1,2023,5,25,68,1,1,0,0,,,204.33552362
4385977481,2,2023_5_25_1_1,2023,5,25,54,2,1,0,5.0086422921,,,161.85749426
4385977482,2,2023_5_25_1_1,2023,5,25,31,2,3,0,6.0103707505,,,499.94824053
4385977484,2,2023_5_25_1_1,2023,5,25,28,1,1,0,0,,,498.54328739
4385977494,2,2023_5_25_1_1,2023,5,25,55,2,2,0,0,,,208.07852595
4385977497,2,2023_5_25_1_1,2023,5,25,35,2,1,0,0,,,499.94824053
4385977499,2,2023_5_25_1_1,2023,5,25,41,1,1,0,0,,,751.01809834
4385977507,2,2023_5_25_1_1,2023,5,25,68,1,4,0,0,,,57.49675889
4385977510,2,2023_5_25_1_1,2023,5,25,-3,-3,-3,0,0,1,1,476.6165315
4385977516,2,2023_5_25_1_1,2023,5,25,79,1,1,0,0,,,266.75443482
4385977517,2,2023_5_25_1_1,2023,5,25,45,2,3,0,0,,,316.52190685
4385977518,2,2023_5_25_1_1,2023,5,25,35,2,1,0,0,,,211.30052982
4385977541,2,2023_5_25_1_1,2023,5,25,59,1,1,0,4.0069138336,,,766.84334997
4385977552,2,2023_5_25_1_1,2023,5,25,35,2,4,0,0,,,400.71629845
4385977553,2,2023_5_25_1_1,2023,5,25,37,1,1,3.9930861664,1.0017284584,,,882.3974433
4385977560,2,2023_5_25_1_1,2023,5,25,64,2,1,0,0,,,1809.2931662
4385977567,2,2023_5_25_1_1,2023,5,25,94,2,1,0,0,,,267.50617993
4385977569,2,2023_5_25_1_1,2023,5,25,57,2,1,0,0,,,125.90015239
4385977574,2,2023_5_25_1_1,2023,5,25,-3,1,-3,0,0,1,1,1151.945717
4385977575,2,2023_5_25_1_1,2023,5,25,46,1,1,0,0,,,1148.7085224
4385977578,2,2023_5_25_1_1,2023,5,25,29,2,1,9.9827154159,1.0017284584,,,126.2549537
4385977582,2,2023_5_25_1_1,2023,5,25,68,1,1,0,0,,,266.75443482
4385977589,2,2023_5_25_1_1,2023,5,25,45,1,4,0,10.017284584,,,243.14098477
4385977593,2,2023_5_25_1_1,2023,5,25,68,2,1,0,0,,,266.75443482
4385977594,2,2023_5_25_1_1,2023,5,25,65,2,1,0,0,,,267.50617993
4385977598,2,2023_5_25_1_1,2023,5,25,69,2,3,0,0,,,204.33552362
4385977601,2,2023_5_25_1_1,2023,5,25,-3,2,1,4.9913577079,4.0069138336,,,131.32972416
4385977606,2,2023_5_25_1_1,2023,5,25,63,2,1,0,0,,,100.99505739
4385977608,2,2023_5_25_1_1,2023,5,25,46,2,2,0,0,,,1151.945717
4385977609,2,2023_5_25_1_1,2023,5,25,72,1,1,3.9930861664,16.027655335,,,73.710227195
4385977610,2,2023_5_25_1_1,2023,5,25,27,1,1,29.948146248,4.0069138336,,,211.30052982
4385977612,2,2023_5_25_1_1,2023,5,25,59,1,1,0,0,,,164.35920391
4385977614,2,2023_5_25_1_1,2023,5,25,11,1,1,0,0,,,1148.7085224
4385977615,2,2023_5_25_1_1,2023,5,25,56,1,1,2.9948146248,0,,,126.2549537
4385977626,2,2023_5_25_1_1,2023,5,25,70,2,1,0,0,,,267.50617993
4385977631,2,2023_5_25_1_1,2023,5,25,71,2,2,0,10.017284584,,,95.271803115
4385977638,2,2023_5_25_1_1,2023,5,25,63,2,1,0,0,,,267.50617993
4385977643,2,2023_5_25_1_1,2023,5,25,54,1,1,0,0,,,596.48578561
4385977644,2,2023_5_25_1_1,2023,5,25,73,2,1,0,0,,,266.75443482
4385977645,2,2023_5_25_1_1,2023,5,25,74,2,1,0,0,,,57.49675889
4385977646,2,2023_5_25_1_1,2023,5,25,11,2,1,0,2.0034569168,,,962.79713368
4385977650,2,2023_5_25_1_1,2023,5,25,69,2,1,0,0,,,73.710227195
4385977653,2,2023_5_25_1_1,2023,5,25,73,2,1,0.9982715416,0,,,73.710227195
4385977663,2,2023_5_25_1_1,2023,5,25,51,2,1,0,0,,,164.82238732
4385977674,2,2023_5_25_1_1,2023,5,25,69,2,1,0,0,,,174.40230002
4385977677,2,2023_5_25_1_1,2023,5,25,22,1,1,0,0,,,159.83859762
4385977680,2,2023_5_25_1_1,2023,5,25,68,2,1,0,0,,,73.710227195
4385977688,2,2023_5_25_1_1,2023,5,25,65,2,1,0,0,,,56.462483484
4385977697,2,2023_5_25_1_1,2023,5,25,66,1,1,0,4.0069138336,,,208.6649155
4385977702,2,2023_5_25_1_1,2023,5,25,45,2,1,0,0,,,316.52190685
4385977703,2,2023_5_25_1_1,2023,5,25,62,1,4,1.9965430832,2.0034569168,,,164.82238732
4385977709,2,2023_5_25_1_1,2023,5,25,76,2,4,0,0,,,208.07852595
4385977710,2,2023_5_25_1_1,2023,5,25,46,1,1,0.9982715416,0,,,164.82238732
4385977714,2,2023_5_25_1_1,2023,5,25,35,2,1,0,0,,,243.14098477
4385977715,2,2023_5_25_1_1,2023,5,25,51,1,1,0,0,,,164.35920391
4385977716,2,2023_5_25_1_1,2023,5,25,75,2,1,0,0,,,73.710227195
4385977719,2,2023_5_25_1_1,2023,5,25,25,1,2,0,0,,,748.90758939
4385977720,2,2023_5_25_1_1,2023,5,25,59,2,1,0,0,,,73.503086921
4385977722,2,2023_5_25_1_1,2023,5,25,71,2,1,0,0,,,204.91136497
4385977724,2,2023_5_25_1_1,2023,5,25,36,2,1,0.9982715416,2.0034569168,,,243.14098477
4385977728,2,2023_5_25_1_1,2023,5,25,33,2,1,0,0,,,316.52190685
4385977729,2,2023_5_25_1_1,2023,5,25,43,1,1,3.9930861664,3.0051853752,,,317.41390251
4385977730,2,2023_5_25_1_1,2023,5,25,70,2,1,0.9982715416,2.0034569168,,,73.710227195
4385977731,2,2023_5_25_1_1,2023,5,25,35,2,1,0,0,,,243.14098477
4385977737,2,2023_5_25_1_1,2023,5,25,64,2,1,0,0,,,73.503086921
4385977738,2,2023_5_25_1_1,2023,5,25,79,1,1,0,0,,,73.710227195
4385977739,2,2023_5_25_1_1,2023,5,25,84,2,1,0,0,,,267.50617993
4385977742,2,2023_5_25_1_1,2023,5,25,79,1,1,3.9930861664,0,,,267.50617993
4385977748,2,2023_5_25_1_1,2023,5,25,70,2,1,0,0,,,204.91136497
4385977750,2,2023_5_25_1_1,2023,5,25,60,2,1,0,0,,,267.50617993
4385977751,2,2023_5_25_1_1,2023,5,25,63,2,1,0,0,,,161.85749426
4385977752,2,2023_5_25_1_1,2023,5,25,57,2,1,0,0,,,587.40668195
4385977754,2,2023_5_25_1_1,2023,5,25,48,1,1,0,0,,,882.3974433
4385977755,2,2023_5_25_1_1,2023,5,25,48,2,3,0,0,,,317.41390251
4385977757,2,2023_5_25_1_1,2023,5,25,56,1,1,0,0,,,316.52190685
4385977758,2,2023_5_25_1_1,2023,5,25,61,2,1,0,0,,,164.35920391
4385977759,2,2023_5_25_1_1,2023,5,25,65,2,1,0,0,,,57.33518166
4385977761,2,2023_5_25_1_1,2023,5,25,-3,-3,-3,0,0,,,217.61260747
4385977762,2,2023_5_25_1_1,2023,5,25,-3,-3,-3,0,0,1,1,344.78493638
4385977764,2,2023_5_25_1_1,2023,5,25,54,2,5,0,0,,,98.899606028
4385977769,2,2023_5_25_1_1,2023,5,25,60,2,1,0,0,,,73.710227195
4385977771,2,2023_5_25_1_1,2023,5,25,52,2,1,0,0,,,1148.7085224
4385977772,2,2023_5_25_1_1,2023,5,25,72,2,1,0,0,,,73.710227195
4385977773,2,2023_5_25_1_1,2023,5,25,59,1,1,0,0,,,2717.9051807
4385977774,2,2023_5_25_1_1,2023,5,25,-3,2,1,0,0,,,167.8901614
4385977779,2,2023_5_25_1_1,2023,5,25,22,1,1,1.9965430832,8.0138276673,,,126.2549537
4385977780,2,2023_5_25_1_1,2023,5,25,56,2,1,0,0,,,164.35920391
4385977782,2,2023_5_25_1_1,2023,5,25,62,2,1,0,0,,,211.30052982
4385977783,2,2023_5_25_1_1,2023,5,25,65,2,1,0,0,,,56.462483484
4385977784,2,2023_5_25_1_1,2023,5,25,81,2,1,0,0,,,95.271803115
4385977785,2,2023_5_25_1_1,2023,5,25,76,2,1,0,0,,,266.75443482
4385977786,2,2023_5_25_1_1,2023,5,25,28,2,3,0,0,,,316.52190685
4385977788,2,2023_5_25_1_1,2023,5,25,44,1,1,0.9982715416,0,,,211.30052982
4385977793,2,2023_5_25_1_1,2023,5,25,58,1,1,4.9913577079,3.0051853752,,,164.82238732
4385977797,2,2023_5_25_1_1,2023,5,25,47,1,3,0,2.0034569168,,,317.41390251
4385977799,2,2023_5_25_1_1,2023,5,25,70,2,1,0,0,,,56.462483484
4385977800,2,2023_5_25_1_1,2023,5,25,68,1,1,0,0,,,57.33518166
4385977802,2,2023_5_25_1_1,2023,5,25,69,2,1,0,0,1,1,204.91136497
4385977806,2,2023_5_25_1_1,2023,5,25,65,2,1,0,0,,,204.91136497
4385977808,2,2023_5_25_1_1,2023,5,25,49,2,1,0,0,,,243.14098477
4385977811,2,2023_5_25_1_1,2023,5,25,76,2,1,0,0,,,204.33552362
4385977814,2,2023_5_25_1_1,2023,5,25,72,1,1,11.979258499,35.060496044,,,56.462483484
4385977816,2,2023_5_25_1_1,2023,5,25,79,2,1,0,0,,,204.33552362
4385977820,2,2023_5_25_1_1,2023,5,25,79,2,1,0,0,,,266.75443482
4385977821,2,2023_5_25_1_1,2023,5,25,-3,-3,-3,0,0,1,1,129.47457856
4385977825,2,2023_5_25_1_1,2023,5,25,60,2,1,0,0,,,126.2549537
4385977829,2,2023_5_25_1_1,2023,5,25,64,2,2,0,0,,,266.75443482
4385977830,2,2023_5_25_1_1,2023,5,25,70,1,1,0,0,,,73.503086921
4385977832,2,2023_5_25_1_1,2023,5,25,-3,-3,-3,0,0,1,1,164.82238732
4385977836,2,2023_5_25_1_1,2023,5,25,68,1,-3,0,0,,,631.1551157
4385977838,2,2023_5_25_1_1,2023,5,25,59,1,1,0,0,,,161.40264278
4385977840,2,2023_5_25_1_1,2023,5,25,67,2,1,0,0,,,73.503086921
4385977848,2,2023_5_25_1_1,2023,5,25,72,1,1,0,0,,,266.75443482
4385977851,2,2023_5_25_1_1,2023,5,25,-3,-3,-3,0,0,1,1,129.47457856
4385977855,2,2023_5_25_1_1,2023,5,25,58,1,1,0,0,,,210.70673366
4385977856,2,2023_5_25_1_1,2023,5,25,-3,-3,-3,0,0,1,1,161.85749426
4385977858,2,2023_5_25_1_1,2023,5,25,70,2,1,0,0,,,73.503086921
4385977859,2,2023_5_25_1_1,2023,5,25,42,2,1,0,0,,,400.71629845
4385977860,2,2023_5_25_1_1,2023,5,25,-3,-3,-3,0,0,1,1,126.2549537
4385977861,2,2023_5_25_1_1,2023,5,25,-3,-3,-3,0,0,1,1,73.503086921
4385977862,2,2023_5_25_1_1,2023,5,25,74,1,1,1.9965430832,0,,,204.91136497
4385977868,2,2023_5_25_1_1,2023,5,25,67,2,1,0,0,,,204.91136497
4385977877,2,2023_5_25_1_1,2023,5,25,58,1,1,0,0,,,316.52190685
4385977880,2,2023_5_25_1_1,2023,5,25,57,1,1,0,0,,,879.91773249
4385977884,2,2023_5_25_1_1,2023,5,25,68,2,1,0,0,,,56.303812771
4385977886,2,2023_5_25_1_1,2023,5,25,18,1,1,0,0,,,317.41390251
4385977896,2,2023_5_25_1_1,2023,5,25,65,2,1,0,0,,,73.503086921
4385977897,2,2023_5_25_1_1,2023,5,25,70,1,1,0,0,,,266.75443482
4385977900,2,2023_5_25_1_1,2023,5,25,77,1,1,0,0,,,208.07852595
4385977902,2,2023_5_25_1_1,2023,5,25,79,2,1,0,0,,,267.50617993
4385977910,2,2023_5_25_1_1,2023,5,25,55,1,1,0,0,,,210.70673366
4385977914,2,2023_5_25_1_1,2023,5,25,46,2,1,0,0,,,243.14098477
4385977917,2,2023_5_25_1_1,2023,5,25,15,1,1,0,0,,,406.92121295
4385977920,2,2023_5_25_1_1,2023,5,25,66,1,1,0,0,,,56.303812771
4385977925,2,2023_5_25_1_1,2023,5,25,14,2,1,0,0,,,1148.7085224
4385977928,2,2023_5_25_1_1,2023,5,25,60,2,1,0,0,,,126.2549537
4385977934,2,2023_5_25_1_0,2023,5,25,61,1,1,0,3.0051853752,,,5002.3908163
4385977935,2,2023_5_25_1_0,2023,5,25,-3,2,1,0,0,,,2669.0961719
4385977943,2,2023_5_25_1_0,2023,5,25,24,2,1,0,0,,,2108.293107
4385977948,2,2023_5_25_1_0,2023,5,25,62,2,1,0,0,,,5985.147311
4385977950,2,2023_5_25_1_0,2023,5,25,46,1,1,0,0,,,11493.767749
4385977953,2,2023_5_25_1_0,2023,5,25,45,2,1,0,0,,,741.49871349
4385977954,2,2023_5_25_1_0,2023,5,25,67,2,1,0,0,,,2669.0961719
4385977955,2,2023_5_25_1_0,2023,5,25,14,1,1,0,0,,,11493.767749
4385977961,2,2023_5_25_1_0,2023,5,25,48,1,4,0,0,,,1104.7996075
4385977963,2,2023_5_25_1_0,2023,5,25,29,1,1,0,0,,,4988.3331117
4385977964,2,2023_5_25_1_0,2023,5,25,80,1,3,0,0,,,1104.7996075
4385977968,2,2023_5_25_1_0,2023,5,25,36,1,1,0,0,,,3167.0604107
4385977978,2,2023_5_25_1_0,2023,5,25,58,1,1,0,0,,,11493.767749
4385977983,2,2023_5_25_1_0,2023,5,25,35,1,1,0,0,,,1291.8583865
4385977984,2,2023_5_25_1_0,2023,5,25,28,1,3,0,0,,,4988.3331117
4385977991,2,2023_5_25_1_0,2023,5,25,49,2,1,0,0,,,5968.3278669
4385977998,2,2023_5_25_1_0,2023,5,25,-3,-3,-3,0,0,1,1,6096.546497
4385978005,2,2023_5_25_1_0,2023,5,25,73,1,1,0,0,,,735.45846784
4385978008,2,2023_5_25_1_0,2023,5,25,76,2,1,0,0,,,2669.0961719
4385978009,2,2023_5_25_1_0,2023,5,25,65,1,1,0,0,,,735.45846784
4385978011,2,2023_5_25_1_0,2023,5,25,37,1,1,0,0,,,2108.293107
4385978014,2,2023_5_25_1_0,2023,5,25,30,1,1,0,0,,,2081.9957405
4385978021,2,2023_5_25_1_0,2023,5,25,50,1,1,0,0,,,3167.0604107
4385978023,2,2023_5_25_1_0,2023,5,25,64,1,1,0,0,,,7651.332206
4385978028,2,2023_5_25_1_0,2023,5,25,66,2,1,0,0,,,735.45846784
4385978031,2,2023_5_25_1_0,2023,5,25,45,1,1,0,0,,,7493.4326069
4385978032,2,2023_5_25_1_0,2023,5,25,83,2,1,0,0,,,2669.0961719
4385978041,2,2023_5_25_1_0,2023,5,25,49,2,1,0,0,,,5968.3278669
4385978050,2,2023_5_25_1_0,2023,5,25,65,1,1,0,0,,,3351.1383308
4385978063,2,2023_5_25_1_0,2023,5,25,44,2,3,0,0,1,1,7493.4326069
4385978065,2,2023_5_25_1_0,2023,5,25,31,2,1,0,0,,,7493.4326069
4385978073,2,2023_5_25_1_0,2023,5,25,36,2,4,0,0,,,3167.0604107
4385978074,2,2023_5_25_1_0,2023,5,25,73,2,1,0,0,,,2669.0961719
4385978082,2,2023_5_25_1_0,2023,5,25,76,1,1,0,0,,,2669.0961719
4385978097,2,2023_5_25_1_0,2023,5,25,52,2,4,0,0,,,2108.293107
4385978111,2,2023_5_25_1_0,2023,5,25,68,1,1,0,0,,,2669.0961719
4385978119,2,2023_5_25_1_0,2023,5,25,60,2,1,0,0,,,4988.3331117
4385978130,2,2023_5_25_1_0,2023,5,25,38,2,1,0,0,,,3167.0604107
4385978132,2,2023_5_25_1_0,2023,5,25,78,2,1,0,0,,,2669.0961719
4385978141,2,2023_5_25_1_0,2023,5,25,83,2,1,0,0,,,1740.1336727
4385978148,2,2023_5_25_1_0,2023,5,25,33,1,1,0,0,,,2108.293107
4385978154,2,2023_5_25_1_0,2023,5,25,52,1,1,0,0,,,7651.332206
4385978162,2,2023_5_25_1_0,2023,5,25,43,2,1,0,0,,,3167.0604107
4385978163,2,2023_5_25_1_0,2023,5,25,62,1,1,0,0,,,1099.9203331
4385978169,2,2023_5_25_1_0,2023,5,25,61,1,1,0,0,,,1644.5481863
4385978171,2,2023_5_25_1_0,2023,5,25,51,2,1,0,0,,,3167.0604107
4385978173,2,2023_5_25_1_0,2023,5,25,72,2,1,0,0,,,2669.0961719
4385978179,2,2023_5_25_1_0,2023,5,25,26,2,1,0,0,,,4009.4941211
4385978183,2,2023_5_25_1_0,2023,5,25,65,2,1,0,0,,,2669.0961719
4385978187,2,2023_5_25_1_0,2023,5,25,14,1,3,0,0,,,4060.1374219
4385978189,2,2023_5_25_1_0,2023,5,25,59,2,1,1.9965430832,0,,,2087.8630474
4385978197,2,2023_5_25_1_0,2023,5,25,32,2,1,0,0,,,1740.1336727
4385978200,2,2023_5_25_1_0,2023,5,25,63,1,1,0,0,,,2669.0961719
4385978212,2,2023_5_25_1_0,2023,5,25,62,2,1,0,0,,,735.45846784
4385978213,2,2023_5_25_1_0,2023,5,25,83,1,1,0,0,,,3449.855124
4385978235,2,2023_5_25_1_0,2023,5,25,-3,-3,-3,0,0,,,5968.3278669
4385978255,2,2023_5_25_1_0,2023,5,25,24,1,1,0,0,,,2108.293107
4385978259,2,2023_5_25_1_0,2023,5,25,27,2,2,0,0,,,3167.0604107
4385978265,2,2023_5_25_1_0,2023,5,25,82,1,1,0,0,,,2669.0961719
4385978270,2,2023_5_25_1_0,2023,5,25,42,1,3,0,0,,,1104.7996075
4385978274,2,2023_5_25_1_0,2023,5,25,67,2,1,0,0,,,2081.9957405
4385978280,2,2023_5_25_1_0,2023,5,25,41,1,4,0,0,,,11493.767749
4385978285,2,2023_5_25_1_0,2023,5,25,50,2,3,0,0,,,5342.5567191
4385978286,2,2023_5_25_1_0,2023,5,25,62,1,1,0,0,,,2108.293107
4385978288,2,2023_5_25_1_0,2023,5,25,65,1,1,0,0,,,2669.0961719
4385978298,2,2023_5_25_1_0,2023,5,25,54,2,1,0,0,,,5968.3278669
4385978307,2,2023_5_25_1_0,2023,5,25,67,2,1,0,0,,,735.45846784
4385978310,2,2023_5_25_1_0,2023,5,25,16,1,3,0,0,,,3167.0604107
4385978323,2,2023_5_25_1_0,2023,5,25,81,2,1,0,0,,,573.68535967
4385978329,2,2023_5_25_1_0,2023,5,25,-3,-3,-3,0,0,1,1,4988.3331117
4385978337,2,2023_5_25_1_0,2023,5,25,66,1,1,0,0,,,2669.0961719
4385978339,2,2023_5_25_1_0,2023,5,25,47,1,1,0,0,,,3175.9855564
4385978341,2,2023_5_25_1_0,2023,5,25,61,1,1,0,0,,,7651.332206
4385978347,2,2023_5_25_1_0,2023,5,25,73,1,1,0,0,,,735.45846784
4385978352,2,2023_5_25_1_0,2023,5,25,34,1,4,0,0,,,3167.0604107
4385978358,2,2023_5_25_1_0,2023,5,25,37,1,1,0,0,,,3167.0604107
4385978364,2,2023_5_25_1_0,2023,5,25,-3,-3,-3,0,0,1,1,735.45846784
4385978371,2,2023_5_25_1_0,2023,5,25,23,1,1,0,0,,,735.45846784
4385978382,2,2023_5_25_1_0,2023,5,25,69,1,1,0,0,,,2669.0961719
4385978389,2,2023_5_25_1_0,2023,5,25,53,1,1,0,0,,,3167.0604107
4385978393,2,2023_5_25_1_0,2023,5,25,63,2,1,0,0,,,735.45846784
4385978398,2,2023_5_25_1_0,2023,5,25,61,2,1,0,0,,,7651.332206
4385978404,2,2023_5_25_1_0,2023,5,25,49,2,1,0,0,,,7651.332206
4385978406,2,2023_5_25_1_0,2023,5,25,38,1,1,0.9982715416,1.0017284584,,,2114.2345229
4385978408,2,2023_5_25_1_0,2023,5,25,41,1,1,0,0,,,2108.293107
4385978413,2,2023_5_25_1_0,2023,5,25,40,1,1,0,0,,,3167.0604107
4385978424,2,2023_5_25_1_0,2023,5,25,29,2,1,0,0,,,3175.9855564
4385978435,2,2023_5_25_1_0,2023,5,25,49,1,1,0,0,,,2108.293107
4385978445,2,2023_5_25_1_0,2023,5,25,62,1,1,0,0,,,2108.293107
4385978451,2,2023_5_25_1_0,2023,5,25,79,2,1,0,0,,,2669.0961719
4385978453,2,2023_5_25_1_0,2023,5,25,-3,-3,-3,0,0,1,1,5968.3278669
4385978459,2,2023_5_25_1_0,2023,5,25,61,1,1,0,0,,,3167.0604107
4385978460,2,2023_5_25_1_0,2023,5,25,53,1,1,0,0,,,11493.767749
4385978463,2,2023_5_25_1_0,2023,5,25,-3,2,-3,0,0,,,6096.546497
4385978468,2,2023_5_25_1_0,2023,5,25,62,1,1,0,0,,,2108.293107
4385978469,2,2023_5_25_1_0,2023,5,25,21,1,1,0,0,,,3991.7864556
4385978476,2,2023_5_25_1_0,2023,5,25,69,2,1,0,0,,,735.45846784
4385978482,2,2023_5_25_1_0,2023,5,25,51,1,1,0,0,,,3167.0604107
4385978487,2,2023_5_25_1_0,2023,5,25,63,1,1,0,0,,,2108.293107
4385978491,2,2023_5_25_1_0,2023,5,25,31,2,1,0,0,,,2108.293107
4385978495,2,2023_5_25_1_0,2023,5,25,78,1,1,0,0,,1,1740.1336727
4385978498,2,2023_5_25_1_0,2023,5,25,62,2,1,0,0,,,2081.9957405
4385978500,2,2023_5_25_1_0,2023,5,25,58,1,1,0,0,,,4988.3331117
4385978501,2,2023_5_25_1_0,2023,5,25,36,1,1,0,0,,,2108.293107
4385978506,2,2023_5_25_1_0,2023,5,25,56,1,1,0,0,,,5968.3278669
4385978508,2,2023_5_25_1_0,2023,5,25,41,1,1,0,0,,,3167.0604107
4385978512,2,2023_5_25_1_0,2023,5,25,37,1,2,0,0,,,3891.0880769
4385978514,2,2023_5_25_1_0,2023,5,25,40,2,1,0,0,,,3167.0604107
4385978516,2,2023_5_25_1_0,2023,5,25,60,2,1,0,0,,,3733.7049392
4385978521,2,2023_5_25_1_0,2023,5,25,54,2,1,0,0,,,3167.0604107
4385978523,2,2023_5_25_1_0,2023,5,25,74,1,1,0,0,,,575.30207193
4385978527,2,2023_5_25_1_0,2023,5,25,44,2,1,0,0,,,3175.9855564
4385978534,2,2023_5_25_1_0,2023,5,25,73,2,1,0,0,,,1785.1669991
4385978535,2,2023_5_25_1_0,2023,5,25,57,2,1,0,0,,,5968.3278669
4385978537,2,2023_5_25_1_0,2023,5,25,69,1,1,0,0,,,1291.8583865
4385978538,2,2023_5_25_1_0,2023,5,25,67,2,1,0,0,,,2669.0961719
4385978540,2,2023_5_25_1_0,2023,5,25,51,2,1,0.9982715416,0,,,4003.0357754
4385978549,2,2023_5_25_1_0,2023,5,25,61,1,1,0,0,,,1644.5481863
4385978555,2,2023_5_25_1_0,2023,5,25,39,2,1,0,0,,,3167.0604107
4385978561,2,2023_5_25_1_0,2023,5,25,59,2,1,0,0,,,7651.332206
4385978569,2,2023_5_25_1_0,2023,5,25,53,2,1,0,0,,,2108.293107
4385978571,2,2023_5_25_1_0,2023,5,25,56,2,3,0,0,,,2108.293107
4385978574,2,2023_5_25_1_0,2023,5,25,53,1,1,0,0,,,2108.293107
4385978578,2,2023_5_25_1_0,2023,5,25,69,2,1,0,0,,,2676.6179962
4385978582,2,2023_5_25_1_0,2023,5,25,79,2,1,0,0,,,2669.0961719
4385978587,2,2023_5_25_1_0,2023,5,25,87,2,1,0,0,,,6315.2228539
4385978600,2,2023_5_25_1_0,2023,5,25,45,1,1,0,0,,,573.68535967
4385978604,2,2023_5_25_1_0,2023,5,25,72,2,1,0,0,,,2669.0961719
4385978613,2,2023_5_25_1_0,2023,5,25,32,1,3,0,0,,,4988.3331117
4385978614,2,2023_5_25_1_0,2023,5,25,35,1,1,0,0,,,2108.293107
4385978618,2,2023_5_25_1_0,2023,5,25,64,1,1,0,0,,,5985.147311
4385978632,2,2023_5_25_1_0,2023,5,25,55,1,1,1.9965430832,0,,,1396.4218487
4385978633,2,2023_5_25_1_0,2023,5,25,71,1,1,0,0,,,2087.8630474
4385978634,2,2023_5_25_1_0,2023,5,25,43,1,1,0,0,,,3167.0604107
4385978636,2,2023_5_25_1_0,2023,5,25,47,1,1,0,0,,,3167.0604107
4385978638,2,2023_5_25_1_0,2023,5,25,59,2,1,0,0,,,737.5310756
4385978640,2,2023_5_25_1_0,2023,5,25,32,1,1,0,0,,,4988.3331117
4385978644,2,2023_5_25_1_0,2023,5,25,63,2,1,0,0,,,2108.293107
4385978647,2,2023_5_25_1_0,2023,5,25,63,2,1,0,0,,,735.45846784
4385978658,2,2023_5_25_1_0,2023,5,25,44,2,3,0,0,,,3167.0604107
4385978662,2,2023_5_25_1_0,2023,5,25,-3,-3,-3,0,0,1,1,2669.0961719
4385978664,2,2023_5_25_1_0,2023,5,25,72,2,1,0,0,,,2669.0961719
4385978671,2,2023_5_25_1_0,2023,5,25,74,2,1,0,0,,,2669.0961719
4385978676,2,2023_5_25_1_0,2023,5,25,41,2,1,0,0,,,3167.0604107
4385978677,2,2023_5_25_1_0,2023,5,25,42,1,1,0,0,,,3167.0604107
4385978684,2,2023_5_25_1_0,2023,5,25,47,1,1,0,0,,,3167.0604107
4385978685,2,2023_5_25_1_0,2023,5,25,41,2,3,0,0,,,3167.0604107
4385978687,2,2023_5_25_1_0,2023,5,25,78,2,1,0,0,,,2669.0961719
4385978692,2,2023_5_25_1_0,2023,5,25,-3,2,1,0,0,,,1940.6189483
4385978700,2,2023_5_25_1_0,2023,5,25,57,2,1,0,0,,,735.45846784
4385978701,2,2023_5_25_1_0,2023,5,25,42,2,1,0,0,,,3167.0604107
4385978704,2,2023_5_25_1_0,2023,5,25,58,2,1,0,0,,,7672.8945527
4385978705,2,2023_5_25_1_0,2023,5,25,63,2,1,0,0,,,1644.5481863
4385978711,2,2023_5_25_1_0,2023,5,25,34,1,1,0,0,1,,2108.293107
4385978715,2,2023_5_25_1_0,2023,5,25,59,2,1,0,0,,,2108.293107
4385978729,2,2023_5_25_1_0,2023,5,25,89,1,1,0,0,,,2669.0961719
4385978730,2,2023_5_25_1_0,2023,5,25,79,1,1,0,0,,,2669.0961719
4385978733,2,2023_5_25_1_0,2023,5,25,52,2,3,0,0,,,1644.5481863
4385978735,2,2023_5_25_1_0,2023,5,25,74,1,1,0,0,,,2669.0961719
4385978740,2,2023_5_25_1_0,2023,5,25,47,2,1,0,0,,,11493.767749
4385978747,2,2023_5_25_1_0,2023,5,25,77,1,1,0,0,,,2669.0961719
4385978754,2,2023_5_25_1_0,2023,5,25,79,1,1,0,0,,,735.45846784
4385978755,2,2023_5_25_1_0,2023,5,25,38,1,1,0,0,,,18103.457088
4385978757,2,2023_5_25_1_0,2023,5,25,52,1,1,0,0,,,2669.0961719
4385978764,2,2023_5_25_1_0,2023,5,25,52,2,1,0,0,,,1644.5481863
4385978765,2,2023_5_25_1_0,2023,5,25,-3,1,1,0,0,,,4755.5363393
4385978771,2,2023_5_25_1_0,2023,5,25,65,1,1,5.9896292495,4.0069138336,,,493.28163998
4385978773,2,2023_5_25_1_0,2023,5,25,63,1,1,0,0,,,5968.3278669
4385978777,2,2023_5_25_1_0,2023,5,25,53,2,1,0,0,,,4988.3331117
4385978780,2,2023_5_25_1_0,2023,5,25,48,2,1,0,0,,,11493.767749
4385978784,2,2023_5_25_1_0,2023,5,25,80,2,1,0,0,,,737.5310756
4385978790,2,2023_5_25_1_0,2023,5,25,72,1,1,0,0,,,2081.9957405
4385978794,2,2023_5_25_1_0,2023,5,25,38,1,1,0,0,,,1104.7996075
4385978795,2,2023_5_25_1_0,2023,5,25,62,2,2,0,0,,,7651.332206
4385978805,2,2023_5_25_1_0,2023,5,25,62,2,1,0,0,,,2081.9957405
4385978818,2,2023_5_25_1_0,2023,5,25,52,1,-3,0,0,,,1410.0860504
4385978821,2,2023_5_25_1_0,2023,5,25,26,2,1,0.9982715416,0,,,5002.3908163
4385978824,2,2023_5_25_1_0,2023,5,25,54,2,1,0,0,,,1649.1827149
4385978827,2,2023_5_25_1_0,2023,5,25,28,1,2,0,0,,,4988.3331117
4385978843,2,2023_5_25_1_0,2023,5,25,34,1,1,0,0,,,2108.293107
4385978852,2,2023_5_25_1_0,2023,5,25,83,1,1,0,0,,,6315.2228539
4385978865,2,2023_5_25_1_0,2023,5,25,26,2,4,0,0,,,4988.3331117
4385978872,2,2023_5_25_1_0,2023,5,25,45,1,1,0,0,,,3167.0604107
4385978883,2,2023_5_25_1_0,2023,5,25,24,2,1,0,0,,,4988.3331117
4385978902,2,2023_5_25_1_0,2023,5,25,26,2,1,0,0,,,4988.3331117
4385978913,2,2023_5_25_1_0,2023,5,25,59,2,2,0,0,,,4009.4941211
4385978950,2,2023_5_25_1_0,2023,5,25,58,1,1,0,0,,,735.45846784
4385978976,2,2023_5_25_1_0,2023,5,25,28,1,1,0,0,,,2108.293107
4385978983,2,2023_5_25_1_0,2023,5,25,27,2,4,0,0,,,3167.0604107
4385978988,2,2023_5_25_1_0,2023,5,25,37,2,1,0,0,,,3167.0604107
4385978989,2,2023_5_25_1_0,2023,5,25,81,1,1,0,0,,,2669.0961719
4385978994,2,2023_5_25_1_0,2023,5,25,36,1,1,0,0,,,2669.0961719
4385978995,2,2023_5_25_1_0,2023,5,25,39,2,1,0,0,,,3167.0604107
4385979006,2,2023_5_25_1_0,2023,5,25,35,1,1,0,0,,,4988.3331117
4385979013,2,2023_5_25_1_0,2023,5,25,54,2,1,0,0,,,11493.767749
4385979018,2,2023_5_25_1_0,2023,5,25,35,1,1,0,0,,,3167.0604107
4385979033,2,2023_5_25_1_0,2023,5,25,67,2,2,0,0,,,573.68535967
4385979035,2,2023_5_25_1_0,2023,5,25,29,2,1,0,0,,,3891.0880769
4385979038,2,2023_5_25_1_0,2023,5,25,33,2,1,0,0,,,3167.0604107
4385979049,2,2023_5_25_1_0,2023,5,25,34,2,1,0,0,,,11493.767749
4385979051,2,2023_5_25_1_0,2023,5,25,73,2,2,0,0,,,9486.6753672
4385979056,2,2023_5_25_1_0,2023,5,25,-3,-3,-3,0,0,,,4755.5363393
4385979060,2,2023_5_25_1_0,2023,5,25,26,2,3,0,0,,,2114.2345229
4385979077,2,2023_5_25_1_0,2023,5,25,26,2,4,0,0,,,3891.0880769
4385979082,2,2023_5_25_1_0,2023,5,25,30,1,1,0,0,,,4988.3331117
4385979089,2,2023_5_25_1_0,2023,5,25,21,2,1,0,0,,,3891.0880769
4385979091,2,2023_5_25_1_0,2023,5,25,65,1,1,2.9948146248,3.0051853752,,,575.30207193
4385979094,2,2023_5_25_1_0,2023,5,25,27,2,1,0,0,,,3891.0880769
4385979100,2,2023_5_25_1_0,2023,5,25,24,2,1,0,0,,,3891.0880769
4385979101,2,2023_5_25_1_0,2023,5,25,37,1,4,0,0,,,7493.4326069
4385979107,2,2023_5_25_1_0,2023,5,25,58,1,1,0,0,,,1644.5481863
4385979119,2,2023_5_25_1_0,2023,5,25,88,2,1,0,0,,,2669.0961719
4385979123,2,2023_5_25_1_0,2023,5,25,27,2,1,0,0,,,3891.0880769
4385979126,2,2023_5_25_1_0,2023,5,25,24,2,5,0,0,,,3891.0880769
4385979133,2,2023_5_25_1_0,2023,5,25,27,2,4,0,0,,,4988.3331117
4385979135,2,2023_5_25_1_0,2023,5,25,29,1,4,0,0,,,4988.3331117
4385979141,2,2023_5_25_1_0,2023,5,25,37,2,1,0,0,,,4988.3331117
4385979144,2,2023_5_25_1_0,2023,5,25,22,2,4,0,0,,,3891.0880769
4385979147,2,2023_5_25_1_0,2023,5,25,79,1,1,0,0,,,2081.9957405
4385979149,2,2023_5_25_1_0,2023,5,25,31,1,3,0,0,,,4988.3331117
4385979156,2,2023_5_25_1_0,2023,5,25,61,1,1,0,0,,,3167.0604107
4385979159,2,2023_5_25_1_0,2023,5,25,27,1,1,0,0,,,4988.3331117
4385979168,2,2023_5_25_1_0,2023,5,25,54,1,1,0,0,,,5968.3278669
4385979169,2,2023_5_25_1_0,2023,5,25,31,2,4,0,0,,,4988.3331117
4385979170,2,2023_5_25_1_0,2023,5,25,52,2,1,0,0,,,3167.0604107
4385979178,2,2023_5_25_1_0,2023,5,25,23,2,1,0,0,,,3891.0880769
4385979183,2,2023_5_25_1_0,2023,5,25,39,2,1,0,0,,,7493.4326069
4385979185,2,2023_5_25_1_0,2023,5,25,74,1,1,0,0,,,6315.2228539
4385979190,2,2023_5_25_1_0,2023,5,25,81,1,1,0,0,,,2669.0961719
4385979191,2,2023_5_25_1_0,2023,5,25,23,2,1,0,0,,,4988.3331117
4385979200,2,2023_5_25_1_0,2023,5,25,29,2,1,0,0,,,3891.0880769
4385979204,2,2023_5_25_1_0,2023,5,25,33,2,1,0,0,,,4988.3331117
4385979208,2,2023_5_25_1_0,2023,5,25,33,2,1,0,0,1,1,4988.3331117
4385979220,2,2023_5_25_1_0,2023,5,25,31,1,1,0,0,,,5002.3908163
4385979223,2,2023_5_25_1_0,2023,5,25,27,2,1,0,0,,,2669.0961719
4385979241,2,2023_5_25_1_0,2023,5,25,27,2,1,0,0,,,4988.3331117
4385979245,2,2023_5_25_1_0,2023,5,25,61,2,1,0,0,1,1,2108.293107
4385979265,2,2023_5_25_1_0,2023,5,25,70,2,1,0,0,,,6315.2228539
4385979276,2,2023_5_25_1_0,2023,5,25,27,1,5,0,0,,,4988.3331117
4385979285,2,2023_5_25_1_0,2023,5,25,30,1,3,0,0,,,3891.0880769
4385979289,2,2023_5_25_1_0,2023,5,25,74,1,1,0,0,,,2669.0961719
4385979300,2,2023_5_25_1_0,2023,5,25,68,2,1,0,0,,,1790.1978079
4385979311,2,2023_5_25_1_0,2023,5,25,54,1,4,0,0,,,5968.3278669
4385979319,2,2023_5_25_1_0,2023,5,25,33,1,2,0,0,,,3167.0604107
4385979339,2,2023_5_25_1_0,2023,5,25,64,1,4,0,0,,,573.68535967
4385979349,2,2023_5_25_1_0,2023,5,25,55,1,1,0,0,,,1644.5481863
4385979350,2,2023_5_25_1_0,2023,5,25,79,1,1,0,0,,,735.45846784
4385979351,2,2023_5_25_1_0,2023,5,25,61,2,4,0,0,,,1940.6189483
4385979361,2,2023_5_25_1_0,2023,5,25,-3,-3,-3,0,0,1,1,3891.0880769
4385979362,2,2023_5_25_1_0,2023,5,25,68,1,1,1.9965430832,0,,,1295.4989941
4385979376,2,2023_5_25_1_0,2023,5,25,29,1,1,0,0,,,2108.293107
4385979377,2,2023_5_25_1_0,2023,5,25,74,2,1,0,0,,,2669.0961719
4385979384,2,2023_5_25_1_0,2023,5,25,37,2,2,0,0,,,3891.0880769
4385979386,2,2023_5_25_1_0,2023,5,25,66,1,1,1.9965430832,0,,,737.5310756
4385979399,2,2023_5_25_1_0,2023,5,25,68,2,1,0,0,,,2081.9957405
4385979402,2,2023_5_25_1_0,2023,5,25,25,2,5,0,0,,,4988.3331117
4385979410,2,2023_5_25_1_0,2023,5,25,76,2,1,0,0,,,4009.4941211
4385979414,2,2023_5_25_1_0,2023,5,25,77,2,1,0,0,,,2669.0961719
4385979416,2,2023_5_25_1_0,2023,5,25,30,1,1,0,0,,,2108.293107
4385979432,2,2023_5_25_1_0,2023,5,25,34,2,1,0,0,,,3167.0604107
4385979446,2,2023_5_25_1_0,2023,5,25,13,1,1,0,0,,,7493.4326069
4385979455,2,2023_5_25_1_0,2023,5,25,73,2,1,0,0,,,2669.0961719
4385979459,2,2023_5_25_1_0,2023,5,25,67,2,1,0,0,,,2669.0961719
4385979462,2,2023_5_25_1_0,2023,5,25,63,2,1,0,0,,,4988.3331117
4385979463,2,2023_5_25_1_0,2023,5,25,53,1,1,0,0,,,735.45846784
4385979471,2,2023_5_25_1_0,2023,5,25,40,2,1,0,0,,,4988.3331117
4385979472,2,2023_5_25_1_0,2023,5,25,29,2,1,0,0,,,4988.3331117
4385979474,2,2023_5_25_1_0,2023,5,25,22,1,1,0,0,,,4988.3331117
4385979493,2,2023_5_25_1_0,2023,5,25,82,1,1,0,0,,,2081.9957405
4385979507,2,2023_5_25_1_0,2023,5,25,80,1,1,0,0,,,4009.4941211
4385979509,2,2023_5_25_1_0,2023,5,25,41,1,1,0,0,,,2108.293107
4385979511,2,2023_5_25_1_0,2023,5,25,52,2,2,0,0,,,2108.293107
4385979514,2,2023_5_25_1_0,2023,5,25,0,2,-3,0,0,,,14734.886773
4385979520,2,2023_5_25_1_0,2023,5,25,-3,2,1,0,0,,,2669.0961719
4385979523,2,2023_5_25_1_0,2023,5,25,67,2,1,0,0,,,735.45846784
4385979527,2,2023_5_25_1_0,2023,5,25,67,2,1,0,0,,,493.28163998
4385979532,2,2023_5_25_1_0,2023,5,25,-3,-3,-3,0,0,1,,735.45846784
4385979536,2,2023_5_25_1_0,2023,5,25,-3,-3,-3,0,0,,,2087.8630474
4385979538,2,2023_5_25_1_0,2023,5,25,39,2,4,0,0,,,1104.7996075
4385979539,2,2023_5_25_1_0,2023,5,25,43,2,4,0,0,,,11493.767749
4385979546,2,2023_5_25_1_0,2023,5,25,-3,-3,-3,0,0,1,1,2081.9957405
4385979552,2,2023_5_25_1_0,2023,5,25,72,2,1,0,0,,,1291.8583865
4385979556,2,2023_5_25_1_0,2023,5,25,71,1,1,0,0,,,2669.0961719
4385979559,2,2023_5_25_1_0,2023,5,25,34,1,1,0,0,,,3167.0604107
4385979565,2,2023_5_25_1_0,2023,5,25,84,1,1,0,0,,,2669.0961719
4385979573,2,2023_5_25_1_0,2023,5,25,22,1,1,0,0,,,1644.5481863
4385979579,2,2023_5_25_1_0,2023,5,25,42,1,1,0,0,,,3167.0604107
4385979589,2,2023_5_25_1_0,2023,5,25,45,1,3,0,0,,,573.68535967
4385979593,2,2023_5_25_1_0,2023,5,25,43,1,1,0,0,,,3167.0604107
4385979595,2,2023_5_25_1_0,2023,5,25,54,2,1,0,0,,,573.68535967
4385979596,2,2023_5_25_1_0,2023,5,25,12,2,1,0,0,,,3167.0604107
4385979600,2,2023_5_25_1_0,2023,5,25,67,1,1,0,0,,,735.45846784
4385979602,2,2023_5_25_1_0,2023,5,25,62,1,1,0,0,,,2108.293107
4385979604,2,2023_5_25_1_0,2023,5,25,49,2,1,0,0,,,2108.293107
4385979610,2,2023_5_25_1_0,2023,5,25,65,2,1,0,0,,,735.45846784
4385979613,2,2023_5_25_1_0,2023,5,25,32,1,1,0,0,,,3167.0604107
4385979615,2,2023_5_25_1_0,2023,5,25,56,2,1,0,0,,,2108.293107
4385979617,2,2023_5_25_1_0,2023,5,25,64,2,1,0,0,,,735.45846784
4385979619,2,2023_5_25_1_0,2023,5,25,67,1,1,0,0,,,491.8954213
4385979622,2,2023_5_25_1_0,2023,5,25,69,2,1,0,0,,,4009.4941211
4385979633,2,2023_5_25_1_0,2023,5,25,-3,-3,-3,0,0,1,1,2108.293107
4385979637,2,2023_5_25_1_0,2023,5,25,-3,-3,-3,0,0,1,1,573.68535967
4385979640,2,2023_5_25_1_0,2023,5,25,70,2,1,0,2.0034569168,,,2087.8630474
4385979645,2,2023_5_25_1_0,2023,5,25,36,1,1,0,0,,,7493.4326069
4385979648,2,2023_5_25_1_0,2023,5,25,63,2,1,0,0,,,573.68535967
4385979650,2,2023_5_25_1_0,2023,5,25,41,2,1,0,0,,,3167.0604107
4385979655,2,2023_5_25_1_0,2023,5,25,64,2,4,0,0,,,735.45846784
4385979660,2,2023_5_25_1_0,2023,5,25,75,2,1,0,0,,,1007.6982936
4385979662,2,2023_5_25_1_0,2023,5,25,38,2,1,0,0,,,3167.0604107
4385979664,2,2023_5_25_1_0,2023,5,25,11,2,1,0,0,,,4060.1374219
4385979666,2,2023_5_25_1_0,2023,5,25,18,1,1,0,0,,,4988.3331117
4385979669,2,2023_5_25_1_0,2023,5,25,59,1,1,0,0,,,3167.0604107
4385979671,2,2023_5_25_1_0,2023,5,25,50,2,4,0,0,,,573.68535967
4385979679,2,2023_5_25_1_0,2023,5,25,50,2,1,0,0,,,3167.0604107
4385979680,2,2023_5_25_1_0,2023,5,25,36,2,1,0,0,,,7493.4326069
4385979686,2,2023_5_25_1_0,2023,5,25,25,1,1,0,0,,,4988.3331117
4385979690,2,2023_5_25_1_0,2023,5,25,33,1,1,0,0,,,2108.293107
4385979699,2,2023_5_25_1_0,2023,5,25,77,1,1,0,0,,,2081.9957405
4385979704,2,2023_5_25_1_0,2023,5,25,50,1,1,0,0,,,3167.0604107
4385979710,2,2023_5_25_1_0,2023,5,25,41,1,4,0,0,,,4009.4941211
4385979738,2,2023_5_25_1_0,2023,5,25,52,2,1,0,0,,,7493.4326069
4385979741,2,2023_5_25_1_0,2023,5,25,52,2,1,0,0,,,11493.767749
4385979747,2,2023_5_25_1_0,2023,5,25,35,1,1,0,0,,,4988.3331117
4385979763,2,2023_5_25_1_0,2023,5,25,55,1,1,0,0,,,7651.332206
4385979764,2,2023_5_25_1_0,2023,5,25,49,1,1,0,0,,,11493.767749
4385979765,2,2023_5_25_1_0,2023,5,25,60,2,4,0,0,,,573.68535967
4385979783,2,2023_5_25_1_0,2023,5,25,77,2,1,0,0,,,2669.0961719
4385979791,2,2023_5_25_1_0,2023,5,25,34,1,1,0,0,,,4988.3331117
4385979797,2,2023_5_25_1_0,2023,5,25,56,2,1,0,0,,,7493.4326069
4385979799,2,2023_5_25_1_0,2023,5,25,86,2,4,0,0,,,2669.0961719
4385979800,2,2023_5_25_1_0,2023,5,25,41,2,1,0,0,,,3167.0604107
4385979810,2,2023_5_25_1_0,2023,5,25,62,1,1,0,0,,,7651.332206
4385979814,2,2023_5_25_1_0,2023,5,25,54,2,4,0,0,,,3167.0604107
4385979816,2,2023_5_25_1_0,2023,5,25,65,2,1,0,0,,,2669.0961719
4385979817,2,2023_5_25_1_0,2023,5,25,67,2,1,0,0,,,735.45846784
4385979819,2,2023_5_25_1_0,2023,5,25,73,2,1,0,0,,,2669.0961719
4385979834,2,2023_5_25_1_0,2023,5,25,13,1,1,0,9.8547422989,,,7394.1555829
4385979842,2,2023_5_25_1_0,2023,5,25,75,2,1,0,0,,,2081.9957405
4385979854,2,2023_5_25_1_0,2023,5,25,72,2,1,0,0,,,2669.0961719
4385979855,2,2023_5_25_1_0,2023,5,25,66,1,1,0.9982715416,2.0034569168,,,737.5310756
4385979857,2,2023_5_25_1_0,2023,5,25,40,1,1,0,0,,,573.68535967
4385979858,2,2023_5_25_1_0,2023,5,25,79,1,1,0,0,,,2669.0961719
4385979862,2,2023_5_25_1_0,2023,5,25,40,2,1,0,0,,,3175.9855564
4385979869,2,2023_5_25_1_0,2023,5,25,53,1,1,0,0,,,1099.9203331
4385979871,2,2023_5_25_1_0,2023,5,25,52,1,2,0,0,,,2108.293107
4385979874,2,2023_5_25_1_0,2023,5,25,29,1,1,0,0,,,2118.2195639
4385979875,2,2023_5_25_1_0,2023,5,25,50,1,1,0,0,,,2108.293107
4385979877,2,2023_5_25_1_0,2023,5,25,73,2,1,0,0,,,737.5310756
4385979879,2,2023_5_25_1_0,2023,5,25,75,2,1,0,0,,,2669.0961719
4385979881,2,2023_5_25_1_0,2023,5,25,76,1,1,0,0,,,2669.0961719
4385979882,2,2023_5_25_1_0,2023,5,25,83,2,1,0,0,,,2669.0961719
4385979883,2,2023_5_25_1_0,2023,5,25,58,2,1,0,0,,,3167.0604107
4385979884,2,2023_5_25_1_0,2023,5,25,37,1,1,0,0,,,3167.0604107
4385979890,2,2023_5_25_1_0,2023,5,25,81,2,1,0,0,,,735.45846784
4385979891,2,2023_5_25_1_0,2023,5,25,49,2,1,0,0,,,11493.767749
4385979898,2,2023_5_25_1_0,2023,5,25,35,1,1,6.9879007911,30.051853752,,,1.0033100716
4385979899,2,2023_5_25_1_0,2023,5,25,57,1,1,0,0,,,2108.293107
4385979904,2,2023_5_25_1_0,2023,5,25,-3,2,1,0,0,,,491.8954213
4385979906,2,2023_5_25_1_0,2023,5,25,69,2,1,0,0,,,735.45846784
4385979918,2,2023_5_25_1_0,2023,5,25,46,2,1,0,0,,,1644.5481863
4385979922,2,2023_5_25_1_0,2023,5,25,69,1,1,0,0,,,735.45846784
4385979925,2,2023_5_25_1_0,2023,5,25,62,2,1,0,0,,,2108.293107
4385979930,2,2023_5_25_1_0,2023,5,25,59,2,1,0,0,,,735.45846784
4385979931,2,2023_5_25_1_0,2023,5,25,61,2,1,0,0,,,573.68535967
4385979935,2,2023_5_25_1_0,2023,5,25,70,1,1,0,0,,,1392.4976279
4385979940,2,2023_5_25_1_0,2023,5,25,90,2,1,0,0,,,573.68535967
4385979943,2,2023_5_25_1_0,2023,5,25,62,2,1,0,0,,,2114.2345229
4385979952,2,2023_5_25_1_0,2023,5,25,53,2,1,0,0,,,7651.332206
4385979955,2,2023_5_25_1_0,2023,5,25,36,1,1,0,0,,,3167.0604107
4385979957,2,2023_5_25_1_0,2023,5,25,39,1,1,0,0,,,3167.0604107
4385979962,2,2023_5_25_1_0,2023,5,25,32,2,1,0,0,,,3167.0604107
4385979966,2,2023_5_25_1_0,2023,5,25,33,2,1,2.541064879,3.458935121,,,1845.5337711
4385979970,2,2023_5_25_1_0,2023,5,25,74,1,1,0,0,,,735.45846784
4385979971,2,2023_5_25_1_0,2023,5,25,46,1,3,0,0,,,4988.3331117
4385979974,2,2023_5_25_1_0,2023,5,25,82,2,1,0,0,,,2669.0961719
4385979981,2,2023_5_25_1_0,2023,5,25,74,1,1,0,0,,,2669.0961719
4385979982,2,2023_5_25_1_0,2023,5,25,39,1,1,0,0,,,2108.293107
4385979985,2,2023_5_25_1_0,2023,5,25,53,2,1,0,0,,,1644.5481863
4385979987,2,2023_5_25_1_0,2023,5,25,35,2,1,0,0,,,3167.0604107
4385979992,2,2023_5_25_1_0,2023,5,25,68,2,1,0,0,,,2669.0961719
4385979993,2,2023_5_25_1_0,2023,5,25,72,1,1,0,0,,,573.68535967
4385979998,2,2023_5_25_1_0,2023,5,25,66,2,1,0,0,,,2669.0961719
4385980000,2,2023_5_25_1_0,2023,5,25,58,1,1,0,0,,,2108.293107
4385980004,2,2023_5_25_1_0,2023,5,25,36,1,1,0,0,,,4988.3331117
4385980022,2,2023_5_25_1_0,2023,5,25,60,2,1,0,0,,,2669.0961719
4385980024,2,2023_5_25_1_0,2023,5,25,47,2,1,0,0,,,3167.0604107
4385980037,2,2023_5_25_1_0,2023,5,25,63,2,1,0,0,,,2081.9957405
4385980039,2,2023_5_25_1_0,2023,5,25,69,2,1,0,0,,,735.45846784
4385980042,2,2023_5_25_1_0,2023,5,25,48,2,1,0,0,,,1644.5481863
4385980060,2,2023_5_25_1_0,2023,5,25,91,2,1,0,0,,,2081.9957405
4385980065,2,2023_5_25_1_0,2023,5,25,69,1,1,0,0,,,2669.0961719
4385980076,2,2023_5_25_1_0,2023,5,25,70,2,1,0,1.0017284584,,,1745.0375723
4385980084,2,2023_5_25_1_0,2023,5,25,49,2,1,0,0,,,3891.0880769
4385980094,2,2023_5_25_1_0,2023,5,25,44,2,1,0,0,,,3167.0604107
4385980096,2,2023_5_25_1_0,2023,5,25,40,2,1,0,0,,,11493.767749
4385980100,2,2023_5_25_1_0,2023,5,25,63,2,4,0.9982715416,0,,,737.5310756
4385980114,2,2023_5_25_1_0,2023,5,25,72,2,1,0,0,,,1740.1336727
4385980117,2,2023_5_25_1_0,2023,5,25,56,2,1,0,0,,,2125.6083041
4385980120,2,2023_5_25_1_0,2023,5,25,66,1,1,0,0,,,2081.9957405
4385980124,2,2023_5_25_1_0,2023,5,25,17,2,1,0,0,,,11526.158527
4385980129,2,2023_5_25_1_0,2023,5,25,59,1,1,0,20.034569168,,,7514.5499741
4385980130,2,2023_5_25_1_0,2023,5,25,28,1,3,0,0,,,1644.5481863
4385980132,2,2023_5_25_1_0,2023,5,25,81,2,1,0,0,,,4926.1121501
4385980134,2,2023_5_25_1_0,2023,5,25,35,1,3,0,0,,,7493.4326069
4385980138,2,2023_5_25_1_0,2023,5,25,67,2,1,0,0,,,1669.7503526
4385980139,2,2023_5_25_1_0,2023,5,25,38,1,3,0,0,,,2108.293107
4385980142,2,2023_5_25_1_0,2023,5,25,55,2,3,0,0,1,1,1740.1336727
4385980152,2,2023_5_25_1_0,2023,5,25,36,1,1,0,0,,,7651.332206
4385980157,2,2023_5_25_1_0,2023,5,25,70,2,1,0,0,,,735.45846784
4385980171,2,2023_5_25_1_0,2023,5,25,73,1,1,0,0,,,383.69699178
4385980186,2,2023_5_25_1_0,2023,5,25,8,2,1,0,0,,,7493.4326069
4385980194,2,2023_5_25_1_0,2023,5,25,62,2,1,0,0,,,735.45846784
4385980198,2,2023_5_25_1_0,2023,5,25,62,1,1,0,0,,,1644.5481863
4385980202,2,2023_5_25_1_0,2023,5,25,72,1,1,0,0,,,2669.0961719
4385980203,2,2023_5_25_1_0,2023,5,25,37,1,1,0,0,,,2108.293107
4385980206,2,2023_5_25_1_0,2023,5,25,77,2,1,0,0,,,735.45846784
4385980210,2,2023_5_25_1_0,2023,5,25,39,1,1,0,0,,,3167.0604107
4385980213,2,2023_5_25_1_0,2023,5,25,56,2,1,0,0,,,1790.1978079
4385980219,2,2023_5_25_1_0,2023,5,25,51,1,1,0,0,,,11493.767749
4385980231,2,2023_5_25_1_0,2023,5,25,43,1,2,0,0,,,7493.4326069
4385980239,2,2023_5_25_1_0,2023,5,25,63,1,1,0,0,,,735.45846784
4385980247,2,2023_5_25_1_0,2023,5,25,68,2,1,0,0,,,735.45846784
4385980248,2,2023_5_25_2_1,2023,5,25,60,1,1,0.9982715416,0,,,77.856259941
4385980249,2,2023_5_25_2_1,2023,5,25,49,2,1,0,0,,,304.96663447
4385980250,2,2023_5_25_2_1,2023,5,25,63,2,1,0,0,,,257.7403258
4385980252,2,2023_5_25_2_1,2023,5,25,56,2,1,0,0,,,1555.4641869
4385980253,2,2023_5_25_2_1,2023,5,25,72,2,1,0,0,,,77.637468498
4385980254,2,2023_5_25_2_1,2023,5,25,49,2,3,1.9965430832,0,,,1038.3812295
4385980257,2,2023_5_25_2_1,2023,5,25,67,1,1,0,1.0017284584,,,362.22964707
4385980261,2,2023_5_25_2_1,2023,5,25,72,2,1,0,0,,,99.810888814
4385980264,2,2023_5_25_2_1,2023,5,25,61,1,1,0,0,,,203.01445819
4385980268,2,2023_5_25_2_1,2023,5,25,30,1,1,0,0,,,285.31761692
4385980280,2,2023_5_25_2_1,2023,5,25,61,2,1,0.9982715416,0,,,77.856259941
4385980281,2,2023_5_25_2_1,2023,5,25,60,2,1,0,0,,,1038.3812295
4385980285,2,2023_5_25_2_1,2023,5,25,82,2,1,0,0,,,701.33225835
4385980289,2,2023_5_25_2_1,2023,5,25,57,1,1,0,0,,,200.48219852
4385980291,2,2023_5_25_2_1,2023,5,25,68,2,1,0,0,,,361.21171034
4385980293,2,2023_5_25_2_1,2023,5,25,65,1,1,0,0,,,77.637468498
4385980301,2,2023_5_25_2_1,2023,5,25,84,2,1,0,0,,,200.48219852
4385980304,2,2023_5_25_2_1,2023,5,25,64,1,1,0,0,,,361.21171034
4385980306,2,2023_5_25_2_1,2023,5,25,33,1,1,0,0,,,304.96663447
4385980310,2,2023_5_25_2_1,2023,5,25,59,2,1,0,0,,,362.22964707
4385980311,2,2023_5_25_2_1,2023,5,25,78,2,1,0,0,,,361.21171034
4385980313,2,2023_5_25_2_1,2023,5,25,67,2,1,0,0,,,361.21171034
4385980314,2,2023_5_25_2_1,2023,5,25,64,2,1,0,0,,,281.75876548
4385980321,2,2023_5_25_2_1,2023,5,25,43,1,1,0,0,,,1106.7725945
4385980322,2,2023_5_25_2_1,2023,5,25,-3,-3,1,0,0,,,587.05645805
4385980324,2,2023_5_25_2_1,2023,5,25,33,1,1,0,0,,,428.60175656
4385980325,2,2023_5_25_2_1,2023,5,25,70,1,1,0,0,,,361.21171034
4385980331,2,2023_5_25_2_1,2023,5,25,70,1,1,0,0,,,128.64484461
4385980335,2,2023_5_25_2_1,2023,5,25,60,1,1,0,0,,,203.01445819
4385980340,2,2023_5_25_2_1,2023,5,25,56,2,-3,0,0,,,1046.909349
4385980342,2,2023_5_25_2_1,2023,5,25,73,2,1,0,0,,,361.21171034
4385980346,2,2023_5_25_2_1,2023,5,25,40,1,1,0,0,,,77.637468498
4385980349,2,2023_5_25_2_1,2023,5,25,70,2,1,0,0,,,257.01602466
4385980351,2,2023_5_25_2_1,2023,5,25,70,2,-3,0,2.0034569168,,,333.13403729
4385980352,2,2023_5_25_2_1,2023,5,25,43,1,1,0,0,,,428.60175656
4385980353,2,2023_5_25_2_1,2023,5,25,53,2,4,0,0,,,1106.7725945
4385980356,2,2023_5_25_2_1,2023,5,25,64,1,1,0,0,,,736.77187345
4385980361,2,2023_5_25_2_1,2023,5,25,37,1,1,0,0,,,428.60175656
4385980362,2,2023_5_25_2_1,2023,5,25,56,1,1,0,0,,,158.80521272
4385980363,2,2023_5_25_2_1,2023,5,25,43,2,1,0,0,,,305.82606602
4385980365,2,2023_5_25_2_1,2023,5,25,62,2,1,0,0,,,738.84818254
4385980367,2,2023_5_25_2_1,2023,5,25,23,2,1,0,0,,,675.07658734
4385980368,2,2023_5_25_2_1,2023,5,25,54,2,1,0,0,,,203.01445819
4385980369,2,2023_5_25_2_1,2023,5,25,72,2,1,0,0,,,666.65615642
4385980372,2,2023_5_25_2_1,2023,5,25,58,2,1,0,0,,,223.18570436
4385980374,2,2023_5_25_2_1,2023,5,25,-3,2,-3,0,0,,,227.33977184
4385980384,2,2023_5_25_2_1,2023,5,25,76,1,1,0,0,,,361.21171034
4385980390,2,2023_5_25_2_1,2023,5,25,65,1,1,0,0,,,99.530400534
4385980410,2,2023_5_25_2_0,2023,5,25,45,2,1,0,0,,,2985.5882419
4385980413,2,2023_5_25_2_0,2023,5,25,38,1,1,0,0,,,2985.5882419
4385980417,2,2023_5_25_2_0,2023,5,25,58,1,1,0,0,,,5510.9888058
4385980429,2,2023_5_25_2_0,2023,5,25,72,2,1,0,0,,,693.31678884
4385980431,2,2023_5_25_2_0,2023,5,25,58,2,1,0,0,,,2516.1572922
4385980436,2,2023_5_25_2_0,2023,5,25,75,2,1,0,0,,,2516.1572922
4385980447,2,2023_5_25_2_0,2023,5,25,25,1,1,0,0,,,1987.4881734
4385980449,2,2023_5_25_2_0,2023,5,25,75,2,1,0,0,,,1640.424229
4385980451,2,2023_5_25_2_0,2023,5,25,33,1,1,0,0,,,2985.5882419
4385980452,2,2023_5_25_2_0,2023,5,25,63,2,1,0,0,,,693.31678884
4385980464,2,2023_5_25_2_0,2023,5,25,69,2,1,0,0,,,2516.1572922
4385980466,2,2023_5_25_2_0,2023,5,25,65,2,1,0,0,,,2516.1572922
4385980470,2,2023_5_25_2_0,2023,5,25,40,2,1,0,0,,,1987.4881734
4385980480,2,2023_5_25_2_0,2023,5,25,67,2,1,0,0,,,693.31678884
4385980490,2,2023_5_25_2_0,2023,5,25,83,2,3,0,0,,,2247.649281
4385980499,2,2023_5_25_2_0,2023,5,25,-3,-3,-3,0,0,1,1,1235.2845202
4385980501,2,2023_5_25_2_0,2023,5,25,55,2,1,0,0,,,7212.9118194
4385980504,2,2023_5_25_2_0,2023,5,25,43,1,1,0,0,,,1987.4881734
4385980505,2,2023_5_25_2_0,2023,5,25,38,2,1,0,0,,,2994.0019778
4385980514,2,2023_5_25_2_0,2023,5,25,83,1,1,0,0,,,2516.1572922
4385980522,2,2023_5_25_2_0,2023,5,25,40,2,1,0,0,,,4702.5022429
4385980524,2,2023_5_25_2_0,2023,5,25,35,2,1,0,0,,,1987.4881734
4385980528,2,2023_5_25_2_0,2023,5,25,65,1,1,0,0,,,2516.1572922
4385980536,2,2023_5_25_2_0,2023,5,25,89,2,1,0,0,,,2516.1572922
4385980541,2,2023_5_25_2_0,2023,5,25,64,1,1,0,0,,,1962.6976427
4385980549,2,2023_5_25_2_0,2023,5,25,56,1,1,0,0,,,2667.3512861
4385980562,2,2023_5_25_2_0,2023,5,25,65,1,1,0,0,,,2516.1572922
4385980563,2,2023_5_25_2_0,2023,5,25,30,1,1,0,0,,,2985.5882419
4385980568,2,2023_5_25_2_0,2023,5,25,66,2,1,0,0,,,1041.494727
4385980574,2,2023_5_25_2_0,2023,5,25,48,1,1,0,0,,,2985.5882419
4385980575,2,2023_5_25_2_0,2023,5,25,46,1,1,0,0,,,1550.3157792
4385980577,2,2023_5_25_2_0,2023,5,25,45,2,3,0,0,,,540.8132597
4385980581,2,2023_5_25_2_0,2023,5,25,58,1,1,0,0,,,949.95730639
4385980591,2,2023_5_25_2_0,2023,5,25,43,1,1,0,0,,,1987.4881734
4385980593,2,2023_5_25_2_0,2023,5,25,34,2,1,0,0,,,2985.5882419
4385980595,2,2023_5_25_2_0,2023,5,25,53,2,3,0,0,,,1550.3157792
4385980619,2,2023_5_25_2_0,2023,5,25,46,2,1,0,0,,,4298.7792424
4385980620,2,2023_5_25_2_0,2023,5,25,36,1,1,0,0,,,2985.5882419
4385980630,2,2023_5_25_2_0,2023,5,25,46,1,3,0,0,,,540.8132597
4385980637,2,2023_5_25_2_0,2023,5,25,7,2,2,0,0,,,7064.0598478
4385980652,2,2023_5_25_2_0,2023,5,25,53,1,4,0,0,,,1987.4881734
4385980655,2,2023_5_25_2_0,2023,5,25,81,2,1,0,0,,,2516.1572922
4385980663,2,2023_5_25_2_0,2023,5,25,31,1,3,0,0,,,1987.4881734
4385980666,2,2023_5_25_2_0,2023,5,25,32,1,3,0,0,,,1044.4297807
4385980668,2,2023_5_25_2_0,2023,5,25,78,1,1,0,0,,,2516.1572922
4385980671,2,2023_5_25_2_0,2023,5,25,29,1,2,0,0,,,2985.5882419
4385980681,2,2023_5_25_2_0,2023,5,25,63,1,1,0,0,,,1987.4881734
4385980685,2,2023_5_25_2_0,2023,5,25,38,2,1,0,0,,,1987.4881734
4385980694,2,2023_5_25_2_0,2023,5,25,7,2,1,0,0,,,10835.176282
4385980703,2,2023_5_25_2_0,2023,5,25,77,1,1,0,0,,,1217.8350611
4385980709,2,2023_5_25_2_0,2023,5,25,64,1,1,0,5.0086422921,,,1993.089147
4385980714,2,2023_5_25_2_0,2023,5,25,91,2,1,0,0,,,5953.3613675
4385980715,2,2023_5_25_2_0,2023,5,25,63,2,1,0,0,,,1962.6976427
4385980721,2,2023_5_25_2_0,2023,5,25,40,1,1,0,0,,,2985.5882419
4385980723,2,2023_5_25_2_0,2023,5,25,21,2,1,0,0,,,7064.0598478
4385980725,2,2023_5_25_2_0,2023,5,25,29,1,5,0,0,,,2985.5882419
4385980730,2,2023_5_25_2_0,2023,5,25,66,2,1,0,0,,,693.31678884
4385980732,2,2023_5_25_2_0,2023,5,25,60,2,1,0,0,,,540.8132597
4385980750,2,2023_5_25_2_0,2023,5,25,35,2,1,0,0,,,2516.1572922
4385980751,2,2023_5_25_2_0,2023,5,25,19,2,1,0,0,,,4702.5022429
4385980755,2,2023_5_25_2_0,2023,5,25,38,2,1,0,0,,,1987.4881734
4385980765,2,2023_5_25_2_0,2023,5,25,32,1,1,0,0,,,1987.4881734
4385980771,2,2023_5_25_2_0,2023,5,25,64,2,1,0,0,,,693.31678884
4385980782,2,2023_5_25_2_0,2023,5,25,41,1,1,0,0,,,1041.494727
4385980807,2,2023_5_25_2_0,2023,5,25,74,1,1,0,0,,,540.8132597
4385980809,2,2023_5_25_2_0,2023,5,25,40,1,1,0,0,,,2985.5882419
4385980815,2,2023_5_25_2_0,2023,5,25,64,1,1,0,0,,,693.31678884
4385980819,2,2023_5_25_2_0,2023,5,25,54,1,1,0,0,,,5626.3434202
4385980820,2,2023_5_25_2_0,2023,5,25,58,1,1,0,0,,,1550.3157792
4385980832,2,2023_5_25_2_0,2023,5,25,73,2,1,0,0,,,693.31678884
4385980834,2,2023_5_25_2_0,2023,5,25,60,2,1,0,0,,,540.8132597
4385980839,2,2023_5_25_2_0,2023,5,25,30,2,1,0,0,,,2985.5882419
4385980848,2,2023_5_25_2_0,2023,5,25,76,2,1,0,0,,,1962.6976427
4385980852,2,2023_5_25_2_0,2023,5,25,63,1,1,0,0,,,1554.6847499
4385980859,2,2023_5_25_2_0,2023,5,25,34,2,1,0,0,,,1987.4881734
4385980868,2,2023_5_25_2_0,2023,5,25,62,1,1,0,0,,,7212.9118194
4385980876,2,2023_5_25_2_0,2023,5,25,54,2,3,0,0,,,1550.3157792
4385980877,2,2023_5_25_2_0,2023,5,25,54,2,4,0,0,,,1987.4881734
4385980878,2,2023_5_25_2_0,2023,5,25,46,2,1,0,0,,,1550.3157792
4385980881,2,2023_5_25_2_0,2023,5,25,75,2,1,0,0,,,2516.1572922
4385980882,2,2023_5_25_2_0,2023,5,25,48,1,1,0,0,,,1550.3157792
4385980883,2,2023_5_25_2_0,2023,5,25,73,1,1,0,0,,,2516.1572922
4385980888,2,2023_5_25_2_0,2023,5,25,10,1,1,0,0,,,3827.4920511
4385980889,2,2023_5_25_2_0,2023,5,25,82,1,1,0,0,,,2516.1572922
4385980891,2,2023_5_25_2_0,2023,5,25,63,2,1,0,0,,,693.31678884
4385980893,2,2023_5_25_2_0,2023,5,25,37,1,1,0,0,,,1987.4881734
4385980894,2,2023_5_25_2_0,2023,5,25,58,1,1,0,0,,,2985.5882419
4385980895,2,2023_5_25_2_0,2023,5,25,-3,-3,-3,0,0,,,3452.2882329
4385980897,2,2023_5_25_2_0,2023,5,25,67,1,1,0,0,,,693.31678884
4385980907,2,2023_5_25_2_0,2023,5,25,40,2,4,0,0,,,2985.5882419
4385980908,2,2023_5_25_2_0,2023,5,25,52,1,1,0,0,,,2516.1572922
4385980912,2,2023_5_25_2_0,2023,5,25,53,1,1,0,0,,,2985.5882419
4385980914,2,2023_5_25_2_0,2023,5,25,61,2,-3,0,0,,,7212.9118194
4385980918,2,2023_5_25_2_0,2023,5,25,54,1,1,0,0,,,693.31678884
4385980920,2,2023_5_25_2_0,2023,5,25,69,2,1,0,0,,,693.31678884
4385980925,2,2023_5_25_2_0,2023,5,25,43,2,1,0,0,,,10835.176282
4385980934,2,2023_5_25_2_0,2023,5,25,53,1,4,0,0,,,1550.3157792
4385980936,2,2023_5_25_2_0,2023,5,25,75,2,1,0,0,,,1962.6976427
4385980942,2,2023_5_25_2_0,2023,5,25,60,1,1,0,0,,,693.31678884
4385980948,2,2023_5_25_2_0,2023,5,25,15,2,1,0,0,,,3827.4920511
4385980949,2,2023_5_25_2_0,2023,5,25,68,2,1,0,0,,,1499.5892102
4385980953,2,2023_5_25_2_0,2023,5,25,65,1,1,0,0,,,5953.3613675
4385980961,2,2023_5_25_2_0,2023,5,25,42,1,1,0,0,,,2985.5882419
4385980963,2,2023_5_25_2_0,2023,5,25,64,2,1,0,0,,,2516.1572922
4385980970,2,2023_5_25_2_0,2023,5,25,65,1,1,0,0,,,693.31678884
4385980972,2,2023_5_25_2_0,2023,5,25,66,1,1,0,0,,,1962.6976427
4385980975,2,2023_5_25_2_0,2023,5,25,57,2,1,0,0,,,2985.5882419
4385980977,2,2023_5_25_2_0,2023,5,25,76,1,1,0,0,,,2516.1572922
4385980978,2,2023_5_25_2_0,2023,5,25,64,2,1,0,0,,,1522.8096853
4385980985,2,2023_5_25_2_0,2023,5,25,74,2,1,0,0,,,2516.1572922
4385980987,2,2023_5_25_2_0,2023,5,25,22,2,1,0,0,,,1640.424229
4385980988,2,2023_5_25_2_0,2023,5,25,70,2,1,0,0,,,5953.3613675
4385980994,2,2023_5_25_2_0,2023,5,25,59,1,1,0,0,,,7212.9118194
4385980997,2,2023_5_25_2_0,2023,5,25,52,2,1,0,0,,,2985.5882419
4385981000,2,2023_5_25_2_0,2023,5,25,76,1,1,0,0,,,1217.8350611
4385981003,2,2023_5_25_2_0,2023,5,25,54,2,1,0,0,,,2985.5882419
4385981004,2,2023_5_25_2_0,2023,5,25,70,2,1,0,0,,,693.31678884
4385981011,2,2023_5_25_2_0,2023,5,25,47,2,-3,0,0,,,2985.5882419
4385981013,2,2023_5_25_2_0,2023,5,25,36,1,1,0,0,,,2985.5882419
4385981014,2,2023_5_25_2_0,2023,5,25,69,2,1,0,0,,,2516.1572922
4385981023,2,2023_5_25_2_0,2023,5,25,34,2,1,0,0,,,10835.176282
4385981037,2,2023_5_25_2_0,2023,5,25,86,1,1,0,0,,,896.12450153
4385981064,2,2023_5_25_2_0,2023,5,25,35,2,3,0,0,,,1987.4881734
4385981068,2,2023_5_25_2_0,2023,5,25,57,2,1,0,0,,,1550.3157792
4385981070,2,2023_5_25_2_0,2023,5,25,74,2,1,0,0,,,2516.1572922
4385981072,2,2023_5_25_2_0,2023,5,25,21,1,2,0,0,,,7064.0598478
4385981084,2,2023_5_25_2_0,2023,5,25,60,1,1,0,0,,,1041.494727
4385981093,2,2023_5_25_2_0,2023,5,25,38,2,4,0,0,,,1987.4881734
4385981102,2,2023_5_25_2_0,2023,5,25,65,2,1,0,0,,,693.31678884
4385981103,2,2023_5_25_2_0,2023,5,25,52,2,1,0,0,,,7064.0598478
4385981104,2,2023_5_25_2_0,2023,5,25,52,2,1,0,0,,,540.8132597
4385981109,2,2023_5_25_2_0,2023,5,25,50,2,1,0,0,,,2516.1572922
4385981110,2,2023_5_25_2_0,2023,5,25,36,1,1,0,0,,,2985.5882419
4385981113,2,2023_5_25_2_0,2023,5,25,90,2,1,0,0,,,2516.1572922
4385981118,2,2023_5_25_2_0,2023,5,25,37,2,3,0,0,,,2985.5882419
4385981119,2,2023_5_25_2_0,2023,5,25,70,1,1,0,0,,,2516.1572922
4385981124,2,2023_5_24_1_1,2023,5,24,47,2,5,0,0,,,232.73077282
4385981126,2,2023_5_24_1_1,2023,5,24,77,2,1,0,0,,,95.065700794
4385981131,2,2023_5_24_1_1,2023,5,24,78,2,1,2.0003658558,0,,,369.16836514
4385981133,2,2023_5_24_1_1,2023,5,24,67,2,2,0,0,,,187.64229074
4385981148,2,2023_5_24_1_1,2023,5,24,37,2,4,0,0,,,2467.650916
4385981150,2,2023_5_24_1_1,2023,5,24,61,1,2,0,0,,,1426.3203357
4385981153,2,2023_5_24_1_1,2023,5,24,48,1,3,0,0,,,373.27138562
4385981157,2,2023_5_24_1_1,2023,5,24,58,1,1,0,0,,,1449.5237087
4385981158,2,2023_5_24_1_1,2023,5,24,-3,-3,-3,0,0,1,1,77.248111172
4385981159,2,2023_5_24_1_1,2023,5,24,63,1,1,0,0,,,189.11145094
4385981168,2,2023_5_24_1_1,2023,5,24,72,2,1,0,0,,,369.16836514
4385981177,2,2023_5_24_1_1,2023,5,24,27,2,1,0,1.9996341442,,,236.51683601
4385981184,2,2023_5_24_1_1,2023,5,24,36,2,1,0,0,,,148.86117868
4385981185,2,2023_5_24_1_1,2023,5,24,-3,-3,-3,0,0,,,1232.0132751
4385981189,2,2023_5_24_1_1,2023,5,24,43,1,1,0,0,,,358.5941184
4385981190,2,2023_5_24_1_1,2023,5,24,52,1,1,0,0,,,373.27138562
4385981191,2,2023_5_24_1_1,2023,5,24,47,2,1,0,0,,,373.27138562
4385981196,2,2023_5_24_1_1,2023,5,24,61,1,1,0,0,,,2704.5960506
4385981197,2,2023_5_24_1_1,2023,5,24,52,2,1,0,0,,,459.3679421
4385981201,2,2023_5_24_1_1,2023,5,24,73,2,1,0,0,,,363.25887141
4385981207,2,2023_5_24_1_1,2023,5,24,62,2,1,0,0,,,643.71875942
4385981217,2,2023_5_24_1_1,2023,5,24,-3,-3,-3,0,0,1,1,192.1879152
4385981227,2,2023_5_24_1_1,2023,5,24,64,2,1,0,0,,,96.612229198
4385981228,2,2023_5_24_1_1,2023,5,24,50,1,1,2.0003658558,0,,,364.42772595
4385981232,2,2023_5_24_1_1,2023,5,24,19,-3,1,0,0,,,364.42772595
4385981246,2,2023_5_24_1_1,2023,5,24,65,1,1,0,0,,,717.0065144
4385981248,2,2023_5_24_1_1,2023,5,24,70,2,2,0,0,,,363.25887141
4385981249,2,2023_5_24_1_1,2023,5,24,55,1,2,1.0001829279,0,,,1449.5237087
4385981252,2,2023_5_24_1_1,2023,5,24,51,1,1,0,0,,,295.17545707
4385981264,2,2023_5_24_1_1,2023,5,24,-3,-3,-3,0,0,,,1632.2236818
4385981265,2,2023_5_24_1_1,2023,5,24,50,2,5,0,0,,,459.3679421
4385981271,2,2023_5_24_1_1,2023,5,24,46,2,2,0,1.9996341442,,,190.69485471
4385981274,2,2023_5_24_1_1,2023,5,24,72,2,2,0,0,,,728.67077324
4385981275,2,2023_5_24_1_1,2023,5,24,71,1,2,0,0,,,187.64229074
4385981282,2,2023_5_24_1_1,2023,5,24,61,2,1,0,0,,,719.31361928
4385981295,2,2023_5_24_1_1,2023,5,24,16,2,2,0,0,,,3328.4220807
4385981296,2,2023_5_24_1_1,2023,5,24,54,1,1,2.0003658558,0.9998170721,,,236.51683601
4385981302,2,2023_5_24_1_1,2023,5,24,52,2,1,0,0,,,707.79914588
4385981307,2,2023_5_24_1_1,2023,5,24,40,2,1,0,0,,,707.79914588
4385981330,2,2023_5_24_1_1,2023,5,24,83,2,1,0,0,,,369.16836514
4385981331,2,2023_5_24_1_1,2023,5,24,70,2,1,0,0,,,187.64229074
4385981333,2,2023_5_24_1_1,2023,5,24,50,2,1,0,0,,,373.27138562
4385981334,2,2023_5_24_1_1,2023,5,24,49,2,1,0,0,,,707.79914588
4385981335,2,2023_5_24_1_1,2023,5,24,73,2,1,0,0,,,96.612229198
4385981338,2,2023_5_24_1_1,2023,5,24,65,2,1,0,0,,,717.0065144
4385981342,2,2023_5_24_1_1,2023,5,24,47,2,4,0,0,,,707.79914588
4385981344,2,2023_5_24_1_1,2023,5,24,19,1,1,0,0,,,373.27138562
4385981349,2,2023_5_24_1_1,2023,5,24,52,2,4,0,0,,,707.79914588
4385981352,2,2023_5_24_1_1,2023,5,24,34,1,1,5.0009146394,4.9990853606,,,719.31361928
4385981355,2,2023_5_24_1_1,2023,5,24,20,1,1,0,0,,,2704.5960506
4385981357,2,2023_5_24_1_1,2023,5,24,48,2,4,0,0,,,2428.1497859
4385981365,2,2023_5_24_1_1,2023,5,24,74,1,1,17.003109774,0,,,369.16836514
4385981368,2,2023_5_24_1_1,2023,5,24,57,1,1,0,4.9990853606,,,379.34376289
4385981369,2,2023_5_24_1_1,2023,5,24,67,2,1,0,0,,,369.16836514
4385981370,2,2023_5_24_1_1,2023,5,24,37,1,3,0,0,,,1249.035536
4385981371,2,2023_5_24_1_1,2023,5,24,53,2,1,0,0,,,2704.5960506
4385981381,2,2023_5_24_1_1,2023,5,24,62,-5,3,0,0,,,1280.5311229
4385981390,2,2023_5_24_1_1,2023,5,24,53,1,2,0,0,,,1575.8908114
4385981393,2,2023_5_24_1_1,2023,5,24,19,1,3,5.380396187,0,1,,1261.9541827
4385981394,2,2023_5_24_1_1,2023,5,24,36,1,3,0,0,,,707.79914588
4385981396,2,2023_5_24_1_1,2023,5,24,63,2,2,0,0,,,717.0065144
4385981403,2,2023_5_24_1_1,2023,5,24,32,2,1,0,0,,,2428.1497859
4385981406,2,2023_5_24_1_1,2023,5,24,40,2,2,0,0,,,707.79914588
4385981407,2,2023_5_24_1_1,2023,5,24,51,1,1,0,0,,,459.3679421
4385981409,2,2023_5_24_1_1,2023,5,24,38,1,1,0,0,,,707.79914588
4385981415,2,2023_5_24_1_1,2023,5,24,54,2,1,0,0,,,78.504783107
4385981421,2,2023_5_24_1_1,2023,5,24,52,1,1,0,0,,,459.3679421
4385981424,2,2023_5_24_1_1,2023,5,24,40,1,1,1.0001829279,0,,,154.95407085
4385981427,2,2023_5_24_1_1,2023,5,24,54,2,1,0,0,,,1449.5237087
4385981431,2,2023_5_24_1_1,2023,5,24,27,2,2,0,0,,,1575.8908114
4385981435,2,2023_5_24_1_1,2023,5,24,63,2,1,0,0,,,187.64229074
4385981436,2,2023_5_24_1_1,2023,5,24,65,2,1,0,0,,,96.612229198
4385981440,2,2023_5_24_1_1,2023,5,24,53,1,1,0,0,,,358.5941184
4385981442,2,2023_5_24_1_1,2023,5,24,64,1,1,0,0,,,459.3679421
4385981445,2,2023_5_24_1_1,2023,5,24,41,1,1,0,0,,,707.79914588
4385981446,2,2023_5_24_1_1,2023,5,24,40,1,1,0,0,,,358.5941184
4385981458,2,2023_5_24_1_1,2023,5,24,36,2,1,0,0,,,459.3679421
4385981475,2,2023_5_24_1_1,2023,5,24,19,2,1,0,0,,,232.73077282
4385981478,2,2023_5_24_1_1,2023,5,24,64,2,1,0,0,,,363.25887141
4385981481,2,2023_5_24_1_1,2023,5,24,60,2,1,0,0,,,189.11145094
4385981498,2,2023_5_24_1_1,2023,5,24,75,2,1,0,0,,,717.0065144
4385981499,2,2023_5_24_1_1,2023,5,24,63,1,1,0,0,,,373.27138562
4385981504,2,2023_5_24_1_1,2023,5,24,24,2,3,0,0,,,1575.8908114
4385981514,2,2023_5_24_1_1,2023,5,24,48,2,3,10.001829279,0,,,192.1879152
4385981521,2,2023_5_24_1_1,2023,5,24,36,1,1,0,0,,,358.5941184
4385981530,2,2023_5_24_1_1,2023,5,24,38,2,1,0,0,,,707.79914588
4385981535,2,2023_5_24_1_1,2023,5,24,62,2,2,0,0,,,187.64229074
4385981536,2,2023_5_24_1_1,2023,5,24,35,2,1,0,0,,,459.3679421
4385981538,2,2023_5_24_1_1,2023,5,24,47,1,1,5.0009146394,4.9990853606,,,364.42772595
4385981548,2,2023_5_24_1_1,2023,5,24,72,2,1,0,0,,,187.64229074
4385981549,2,2023_5_24_1_1,2023,5,24,26,1,1,0,0,,,358.5941184
4385981550,2,2023_5_24_1_1,2023,5,24,70,1,1,0,0,,,949.92078126
4385981552,2,2023_5_24_1_1,2023,5,24,68,1,1,0,0,,,187.64229074
4385981554,2,2023_5_24_1_1,2023,5,24,49,2,1,0,0,,,373.27138562
4385981558,2,2023_5_24_1_1,2023,5,24,64,2,1,0,0,,,1012.6180952
4385981561,2,2023_5_24_1_1,2023,5,24,-3,-3,-3,0,29.994512164,,1,634.33220963
4385981573,2,2023_5_24_1_1,2023,5,24,54,2,1,0,0,,,373.27138562
4385981574,2,2023_5_24_1_1,2023,5,24,40,2,4,0,0,,,289.12129243
4385981581,2,2023_5_24_1_1,2023,5,24,39,2,1,0,0,,,364.42772595
4385981584,2,2023_5_24_1_1,2023,5,24,52,2,2,0,0,,,2704.5960506
4385981585,2,2023_5_24_1_1,2023,5,24,52,2,1,0,0,,,192.1879152
4385981587,2,2023_5_24_1_1,2023,5,24,40,1,1,0,0,,,459.3679421
4385981588,2,2023_5_24_1_1,2023,5,24,48,2,1,0,0,,,358.5941184
4385981589,2,2023_5_24_1_1,2023,5,24,50,2,1,0,0,,,373.27138562
4385981590,2,2023_5_24_1_1,2023,5,24,13,1,1,8.001463423,7.998536577,,,364.42772595
4385981592,2,2023_5_24_1_1,2023,5,24,33,2,1,0,0,,,232.73077282
4385981593,2,2023_5_24_1_1,2023,5,24,73,1,1,1.0001829279,0,,,369.16836514
4385981594,2,2023_5_24_1_1,2023,5,24,60,2,1,0,0,,,1449.5237087
4385981595,2,2023_5_24_1_1,2023,5,24,51,1,1,0,0,,,2428.1497859
4385981600,2,2023_5_24_1_1,2023,5,24,31,1,1,0,0,,,232.73077282
4385981607,2,2023_5_24_1_1,2023,5,24,78,2,1,0,0,,,369.16836514
4385981620,2,2023_5_24_1_1,2023,5,24,55,1,1,0,0,,,2704.5960506
4385981624,2,2023_5_24_1_1,2023,5,24,29,1,3,0,0,,,459.3679421
4385981635,2,2023_5_24_1_1,2023,5,24,59,2,1,0,0,,,1755.3068964
4385981637,2,2023_5_24_1_1,2023,5,24,71,2,1,12.002195135,11.997804865,,,96.612229198
4385981638,2,2023_5_24_1_1,2023,5,24,43,1,1,2.0003658558,14.997256082,,,1392.5275187
4385981641,2,2023_5_24_1_1,2023,5,24,64,2,1,0,0,,,236.51683601
4385981646,2,2023_5_24_1_1,2023,5,24,48,1,1,0,0,,,1755.3068964
4385981647,2,2023_5_24_1_1,2023,5,24,60,2,1,2.0003658558,0,,,236.51683601
4385981649,2,2023_5_24_1_1,2023,5,24,14,1,1,0,0,,,688.81336427
4385981650,2,2023_5_24_1_1,2023,5,24,39,1,1,0,0,,,502.57078056
4385981654,2,2023_5_24_1_1,2023,5,24,42,2,1,0,0,,,2748.5944073
4385981660,2,2023_5_24_1_1,2023,5,24,84,1,1,0,0.9998170721,,,728.67077324
4385981677,2,2023_5_24_1_1,2023,5,24,71,2,1,0,0,,,717.0065144
4385981688,2,2023_5_24_1_1,2023,5,24,71,1,1,1.0001829279,0,,,299.97737011
4385981690,2,2023_5_24_1_1,2023,5,24,57,1,1,0,0,,,459.3679421
4385981696,2,2023_5_24_1_1,2023,5,24,16,1,1,0,0,,,2704.5960506
4385981697,2,2023_5_24_1_1,2023,5,24,69,1,1,0,0,,,187.64229074
4385981699,2,2023_5_24_1_1,2023,5,24,76,1,5,0,0,,,717.0065144
4385981709,2,2023_5_24_1_1,2023,5,24,40,1,1,0,0,,,358.5941184
4385981712,2,2023_5_24_1_1,2023,5,24,21,1,1,0,0,,,1575.8908114
4385981714,2,2023_5_24_1_1,2023,5,24,46,2,1,0,0,,,459.3679421
4385981718,2,2023_5_24_1_1,2023,5,24,58,1,1,0,0,,,189.11145094
4385981722,2,2023_5_24_1_1,2023,5,24,40,2,3,0,0,1,1,466.84093777
4385981724,2,2023_5_24_1_1,2023,5,24,72,2,1,0,0,,,717.0065144
4385981726,2,2023_5_24_1_1,2023,5,24,50,2,4,0,0,,,2748.5944073
4385981735,2,2023_5_24_1_1,2023,5,24,61,1,1,4.0007317115,0,,,1392.5275187
4385981736,2,2023_5_24_1_1,2023,5,24,65,2,1,0,0,,,190.69485471
4385981741,2,2023_5_24_1_1,2023,5,24,39,2,1,0,0,,,719.31361928
4385981745,2,2023_5_24_1_1,2023,5,24,67,2,1,8.001463423,7.998536577,,,299.97737011
4385981746,2,2023_5_24_1_1,2023,5,24,47,2,1,0,0,,,364.42772595
4385981747,2,2023_5_24_1_1,2023,5,24,70,2,1,0,0,,,96.612229198
4385981749,2,2023_5_24_1_1,2023,5,24,31,1,1,0,0,,,232.73077282
4385981753,2,2023_5_24_1_1,2023,5,24,79,1,1,0,0,,,1750.2910674
4385981755,2,2023_5_24_1_1,2023,5,24,47,2,1,0,0,,,364.42772595
4385981767,2,2023_5_24_1_1,2023,5,24,-3,2,1,0,0,,1,236.51683601
4385981771,2,2023_5_24_1_1,2023,5,24,43,1,2,0,0,,,643.71875942
4385981775,2,2023_5_24_1_1,2023,5,24,50,1,2,2.0003658558,1.9996341442,,,154.95407085
4385981780,2,2023_5_24_1_1,2023,5,24,38,1,5,0,0,,,459.3679421
4385981787,2,2023_5_24_1_1,2023,5,24,60,1,1,0,0,,,1783.8622213
4385981801,2,2023_5_24_1_1,2023,5,24,16,1,1,0,0,,,2428.1497859
4385981803,2,2023_5_24_1_1,2023,5,24,58,2,1,0,0,,,1091.4352609
4385981815,2,2023_5_24_1_1,2023,5,24,48,2,1,0,0,,,189.11145094
4385981816,2,2023_5_24_1_1,2023,5,24,70,2,1,0,0,,,96.612229198
4385981818,2,2023_5_24_1_1,2023,5,24,-3,-3,-3,0,0,1,1,189.11145094
4385981819,2,2023_5_24_1_1,2023,5,24,62,1,3,0,0,,,459.3679421
4385981820,2,2023_5_24_1_1,2023,5,24,71,1,1,1.0001829279,0,,,96.612229198
4385981824,2,2023_5_24_1_1,2023,5,24,57,2,1,0,0,,,592.10041507
4385981825,2,2023_5_24_1_1,2023,5,24,42,2,5,0,0,,,192.1879152
4385981827,2,2023_5_24_1_1,2023,5,24,44,1,1,15.761069832,0,,,1148.7906248
4385981828,2,2023_5_24_1_1,2023,5,24,13,1,5,1.1520460057,8.4795399434,,,2386.2738019
4385981835,2,2023_5_24_1_1,2023,5,24,70,1,1,0,0,,,717.0065144
4385981839,2,2023_5_24_1_1,2023,5,24,44,2,1,0,0,,,719.31361928
4385981848,2,2023_5_24_1_1,2023,5,24,65,2,1,0,0,,,728.67077324
4385981857,2,2023_5_24_1_1,2023,5,24,63,2,1,0,0,,,236.51683601
4385981858,2,2023_5_24_1_1,2023,5,24,64,2,1,2.0003658558,0,,,96.612229198
4385981860,2,2023_5_24_1_1,2023,5,24,54,2,1,1.0001829279,0,,,192.1879152
4385981861,2,2023_5_24_1_1,2023,5,24,70,2,1,10.001829279,0,,,96.612229198
4385981865,2,2023_5_24_1_1,2023,5,24,55,2,1,4.0007317115,0,,,364.42772595
4385981867,2,2023_5_24_1_1,2023,5,24,58,2,-3,0,0,,,363.25887141
4385981870,2,2023_5_24_1_1,2023,5,24,71,2,-3,0,0,,,369.16836514
4385981871,2,2023_5_24_1_1,2023,5,24,-3,2,2,0,0,,,373.27138562
4385981879,2,2023_5_24_1_1,2023,5,24,49,2,1,0,0,,,2467.650916
4385981881,2,2023_5_24_1_1,2023,5,24,52,2,1,0,0,,,232.73077282
4385981883,2,2023_5_24_1_1,2023,5,24,60,2,1,0,0,,,903.76274725
4385981893,2,2023_5_24_1_1,2023,5,24,53,2,1,0,0,,,232.73077282
4385981895,2,2023_5_24_1_1,2023,5,24,35,1,1,1.0001829279,0.9998170721,,,719.31361928
4385981907,2,2023_5_24_1_1,2023,5,24,73,2,1,0,0,,,363.25887141
4385981909,2,2023_5_24_1_1,2023,5,24,65,1,1,1.0001829279,1.9996341442,,,96.612229198
4385981913,2,2023_5_24_1_1,2023,5,24,42,1,1,0,0,,,707.79914588
4385981915,2,2023_5_24_1_1,2023,5,24,69,2,1,0,0,,,717.0065144
4385981920,2,2023_5_24_1_1,2023,5,24,75,1,1,0,0,,,717.0065144
4385981927,2,2023_5_24_1_1,2023,5,24,32,1,1,0,0.9998170721,,,2748.5944073
4385981929,2,2023_5_24_1_1,2023,5,24,69,2,1,0,0,,,95.065700794
4385981933,2,2023_5_24_1_1,2023,5,24,52,2,1,0,0,,,1426.3203357
4385981936,2,2023_5_24_1_1,2023,5,24,61,2,1,0,0,,,717.0065144
4385981939,2,2023_5_24_1_0,2023,5,24,58,1,1,1.0001829279,0,,,8257.5406948
4385981948,2,2023_5_24_1_0,2023,5,24,56,1,1,0,0,,,12519.639513
4385981969,2,2023_5_24_1_0,2023,5,24,55,2,1,0,0,,,2126.4251412
4385981970,2,2023_5_24_1_0,2023,5,24,82,1,2,0,0,,,2740.8469189
4385981972,2,2023_5_24_1_0,2023,5,24,18,2,2,0,0,,,2126.4251412
4385981979,2,2023_5_24_1_0,2023,5,24,60,1,1,0,0,,,962.0143642
4385981980,2,2023_5_24_1_0,2023,5,24,71,2,1,0,0,,,3319.0402266
4385981987,2,2023_5_24_1_0,2023,5,24,41,2,4,0,0,,,3276.4190985
4385981988,2,2023_5_24_1_0,2023,5,24,77,2,1,0,0,,,705.80406589
4385981989,2,2023_5_24_1_0,2023,5,24,22,1,1,0,0,,,7294.8360868
4385982003,2,2023_5_24_1_0,2023,5,24,48,2,2,0,0,,,8125.357416
4385982006,2,2023_5_24_1_0,2023,5,24,45,1,1,0,0,,,3276.4190985
4385982013,2,2023_5_24_1_0,2023,5,24,55,2,1,0,0,,,8125.357416
4385982022,2,2023_5_24_1_0,2023,5,24,49,2,1,0,0,,,12519.639513
4385982036,2,2023_5_24_1_0,2023,5,24,31,2,1,0,0,,,2126.4251412
4385982040,2,2023_5_24_1_0,2023,5,24,72,2,4,0,0,,,868.6006315
4385982042,2,2023_5_24_1_0,2023,5,24,23,2,2,0,0,,,2126.4251412
4385982053,2,2023_5_24_1_0,2023,5,24,63,2,1,0,0,,,868.6006315
4385982055,2,2023_5_24_1_0,2023,5,24,47,2,1,0,0,,,3276.4190985
4385982056,2,2023_5_24_1_0,2023,5,24,66,1,1,39.007134187,0,,,1.0010641691
4385982057,2,2023_5_24_1_0,2023,5,24,24,1,1,0,0,,,2126.4251412
4385982059,2,2023_5_24_1_0,2023,5,24,75,2,1,0,0,,,3319.0402266
4385982060,2,2023_5_24_1_0,2023,5,24,82,1,1,0,0,,,1847.9063562
4385982066,2,2023_5_24_1_0,2023,5,24,56,1,2,0,0,,,3276.4190985
4385982067,2,2023_5_24_1_0,2023,5,24,63,2,2,0,0,,,3276.4190985
4385982072,2,2023_5_24_1_0,2023,5,24,72,2,2,0,0,,,705.80406589
4385982074,2,2023_5_24_1_0,2023,5,24,-3,-3,-3,0,0,1,,3319.0402266
4385982080,2,2023_5_24_1_0,2023,5,24,29,1,2,0,0,,,3319.0402266
4385982081,2,2023_5_24_1_0,2023,5,24,69,1,2,0,0,,,705.80406589
4385982084,2,2023_5_24_1_0,2023,5,24,60,1,2,0,0,,,8125.357416
4385982087,2,2023_5_24_1_0,2023,5,24,51,1,3,0,0,,,1727.8821314
4385982093,2,2023_5_24_1_0,2023,5,24,32,1,2,0,0,,,11239.963172
4385982095,2,2023_5_24_1_0,2023,5,24,81,1,1,0,0,,,3319.0402266
4385982099,2,2023_5_24_1_0,2023,5,24,67,2,1,0,0,,,3319.0402266
4385982105,2,2023_5_24_1_0,2023,5,24,52,1,2,0,0,,,11239.963172
4385982112,2,2023_5_24_1_0,2023,5,24,78,2,1,0,0,,,868.6006315
4385982125,2,2023_5_24_1_0,2023,5,24,37,2,5,0,0,,,3276.4190985
4385982130,2,2023_5_24_1_0,2023,5,24,71,1,2,0,0,,,3319.0402266
4385982134,2,2023_5_24_1_0,2023,5,24,25,1,2,0,0,,,6602.4707938
4385982135,2,2023_5_24_1_0,2023,5,24,67,2,1,0,0,,,868.6006315
4385982139,2,2023_5_24_1_0,2023,5,24,71,2,2,0,0,,,868.6006315
4385982144,2,2023_5_24_1_0,2023,5,24,33,2,2,0,0,,,868.6006315
4385982145,2,2023_5_24_1_0,2023,5,24,5,1,2,0,0,,,4032.1384299
4385982153,2,2023_5_24_1_0,2023,5,24,36,2,2,0,0,,,3276.4190985
4385982154,2,2023_5_24_1_0,2023,5,24,43,1,2,0,0,,,3276.4190985
4385982157,2,2023_5_24_1_0,2023,5,24,49,1,2,0,0,,,3276.4190985
4385982160,2,2023_5_24_1_0,2023,5,24,60,1,1,0,0,,,2126.4251412
4385982164,2,2023_5_24_1_0,2023,5,24,40,2,3,0,0,,,3276.4190985
4385982165,2,2023_5_24_1_0,2023,5,24,53,2,4,0,0,,,12519.639513
4385982167,2,2023_5_24_1_0,2023,5,24,44,1,4,0,0,,,1338.3493464
4385982168,2,2023_5_24_1_0,2023,5,24,50,1,2,0,0.9998170721,,,6709.8797598
4385982172,2,2023_5_24_1_0,2023,5,24,42,2,1,0,0,,,3276.4190985
4385982181,2,2023_5_24_1_0,2023,5,24,50,2,1,0,0,,,1727.8821314
4385982184,2,2023_5_24_1_0,2023,5,24,62,2,4,0,0,,,705.80406589
4385982193,2,2023_5_24_1_0,2023,5,24,59,1,2,0,0,,,6602.4707938
4385982198,2,2023_5_24_1_0,2023,5,24,77,2,2,0,0,,,2696.9725808
4385982202,2,2023_5_24_1_0,2023,5,24,56,1,1,0,0,,,4523.8679227
4385982203,2,2023_5_24_1_0,2023,5,24,67,2,1,0,0,,,1245.514868
4385982208,2,2023_5_24_1_0,2023,5,24,27,2,1,0,0,,,2126.4251412
4385982213,2,2023_5_24_1_0,2023,5,24,32,1,4,0,0,,,5927.6090568
4385982220,2,2023_5_24_1_0,2023,5,24,19,2,4,0,0,,,1727.8821314
4385982227,2,2023_5_24_1_0,2023,5,24,43,2,4,0,0,,,1727.8821314
4385982241,2,2023_5_24_1_0,2023,5,24,62,1,1,0,0,,,6602.4707938
4385982247,2,2023_5_24_1_0,2023,5,24,68,1,1,0,0,,,3319.0402266
4385982257,2,2023_5_24_1_0,2023,5,24,47,1,2,0,0,,,3276.4190985
4385982295,2,2023_5_24_1_0,2023,5,24,49,1,2,0,0,,,6602.4707938
4385982311,2,2023_5_24_1_0,2023,5,24,65,2,2,0,0,,,3319.0402266
4385982316,2,2023_5_24_1_0,2023,5,24,87,1,1,0,0,,,483.60143847
4385982318,2,2023_5_24_1_0,2023,5,24,76,1,1,0,0,,,3319.0402266
4385982320,2,2023_5_24_1_0,2023,5,24,58,1,1,0,0,,,5927.6090568
4385982326,2,2023_5_24_1_0,2023,5,24,30,2,1,1.0001829279,0,,,2161.0178161
4385982329,2,2023_5_24_1_0,2023,5,24,65,1,2,0,0,,,868.6006315
4385982342,2,2023_5_24_1_0,2023,5,24,77,2,4,0,0,,,3319.0402266
4385982345,2,2023_5_24_1_0,2023,5,24,85,1,2,0,0,,,3319.0402266
4385982351,2,2023_5_24_1_0,2023,5,24,31,1,-3,0,0,,,2126.4251412
4385982375,2,2023_5_24_1_0,2023,5,24,53,1,2,0,0,,,5927.6090568
4385982386,2,2023_5_24_1_0,2023,5,24,50,2,1,0,0,,,1338.3493464
4385982405,2,2023_5_24_1_0,2023,5,24,46,2,2,0,0,,,11239.963172
4385982409,2,2023_5_24_1_0,2023,5,24,28,2,1,0,0,,,2126.4251412
4385982411,2,2023_5_24_1_0,2023,5,24,70,2,3,0,0,,,745.13838195
4385982412,2,2023_5_24_1_0,2023,5,24,22,2,1,0,0,,,2161.0178161
4385982424,2,2023_5_24_1_0,2023,5,24,32,2,4,0,0,,,1727.8821314
4385982427,2,2023_5_24_1_0,2023,5,24,70,2,2,0,0,,,3319.0402266
4385982441,2,2023_5_24_1_0,2023,5,24,43,1,1,0,0,,,8125.357416
4385982442,2,2023_5_24_1_0,2023,5,24,68,1,1,0,0,,,705.80406589
4385982463,2,2023_5_24_1_0,2023,5,24,79,1,1,0,0,,,3319.0402266
4385982469,2,2023_5_24_1_0,2023,5,24,53,2,1,0,0,,,12723.308954
4385982472,2,2023_5_24_1_0,2023,5,24,15,1,1,0,0,,,11239.963172
4385982473,2,2023_5_24_1_0,2023,5,24,62,2,1,0,0,,,962.0143642
4385982476,2,2023_5_24_1_0,2023,5,24,59,2,4,0,0,,,27874.553092
4385982480,2,2023_5_24_1_0,2023,5,24,43,2,1,0,0,,,3276.4190985
4385982487,2,2023_5_24_1_0,2023,5,24,54,2,1,0,0,,,3276.4190985
4385982489,2,2023_5_24_1_0,2023,5,24,52,2,3,0,0,,,1727.8821314
4385982493,2,2023_5_24_1_0,2023,5,24,70,2,1,0,0,,,868.6006315
4385982498,2,2023_5_24_1_0,2023,5,24,57,1,1,0,0,,,6602.4707938
4385982500,2,2023_5_24_1_0,2023,5,24,23,1,2,0,0.9998170721,,,3329.7198701
4385982512,2,2023_5_24_1_0,2023,5,24,63,1,1,0,0,,,2126.4251412
4385982515,2,2023_5_24_1_0,2023,5,24,67,2,2,0,0,,,2696.9725808
4385982520,2,2023_5_24_1_0,2023,5,24,50,1,4,0,0,,,5927.6090568
4385982522,2,2023_5_24_1_0,2023,5,24,64,1,4,0,0,,,2126.4251412
4385982523,2,2023_5_24_1_0,2023,5,24,7,2,3,0,0,,,13832.506188
4385982536,2,2023_5_24_1_0,2023,5,24,42,2,1,0,0,,,3276.4190985
4385982546,2,2023_5_24_1_0,2023,5,24,26,1,1,0,0,,,7294.8360868
4385982547,2,2023_5_24_1_0,2023,5,24,76,1,1,0,0,,,1847.9063562
4385982566,2,2023_5_24_1_0,2023,5,24,77,2,1,0,0,1,1,3319.0402266
4385982571,2,2023_5_24_1_0,2023,5,24,75,1,4,0,0,,,2696.9725808
4385982575,2,2023_5_24_1_0,2023,5,24,58,2,1,0,0,,,6602.4707938
4385982578,2,2023_5_24_1_0,2023,5,24,56,1,1,0,0,,,8125.357416
4385982582,2,2023_5_24_1_0,2023,5,24,78,2,1,0,0,,,3319.0402266
4385982583,2,2023_5_24_1_0,2023,5,24,43,1,1,0,0,,,12519.639513
4385982584,2,2023_5_24_1_0,2023,5,24,63,2,1,0,0,,,3319.0402266
4385982585,2,2023_5_24_1_0,2023,5,24,65,2,-3,0,0,,,3373.0343585
4385982586,2,2023_5_24_1_0,2023,5,24,80,2,1,0,0,,,3319.0402266
4385982587,2,2023_5_24_1_0,2023,5,24,76,2,1,0,0,,,3319.0402266
4385982591,2,2023_5_24_1_0,2023,5,24,62,2,1,0,0,,,2126.4251412
4385982592,2,2023_5_24_1_0,2023,5,24,23,1,2,0,0,,,1727.8821314
4385982593,2,2023_5_24_1_0,2023,5,24,67,1,4,0,0,,,3319.0402266
4385982598,2,2023_5_24_1_0,2023,5,24,58,1,1,0,0,,,2126.4251412
4385982602,2,2023_5_24_1_0,2023,5,24,22,1,2,0,0,,,1727.8821314
4385982603,2,2023_5_24_1_0,2023,5,24,58,2,4,0,0,,,2126.4251412
4385982614,2,2023_5_24_1_0,2023,5,24,81,2,1,0,0,,,3319.0402266
4385982619,2,2023_5_24_1_0,2023,5,24,40,1,1,0,0,,,12519.639513
4385982625,2,2023_5_24_1_0,2023,5,24,36,1,4,0,0,,,2126.4251412
4385982638,2,2023_5_24_1_0,2023,5,24,30,1,-3,0,0,,,3276.4190985
4385982639,2,2023_5_24_1_0,2023,5,24,20,2,-3,0,0,,,2126.4251412
4385982643,2,2023_5_24_1_0,2023,5,24,73,1,1,0,0,,,3319.0402266
4385982652,2,2023_5_24_1_0,2023,5,24,25,1,4,0,0,,,7294.8360868
4385982665,2,2023_5_24_1_0,2023,5,24,81,1,1,0,0,,,3319.0402266
4385982667,2,2023_5_24_1_0,2023,5,24,39,2,1,0,0,,,3276.4190985
4385982670,2,2023_5_24_1_0,2023,5,24,64,2,2,0,0,,,3319.0402266
4385982671,2,2023_5_24_1_0,2023,5,24,-3,1,-3,0,0,,,1492.4934255
4385982672,2,2023_5_24_1_0,2023,5,24,75,1,4,0,0,,,3319.0402266
4385982673,2,2023_5_24_1_0,2023,5,24,70,2,1,0,0,,,868.6006315
4385982675,2,2023_5_24_1_0,2023,5,24,44,2,1,0,0,,,3276.4190985
4385982680,2,2023_5_24_1_0,2023,5,24,17,2,4,0,0,,,11239.963172
4385982687,2,2023_5_24_1_0,2023,5,24,26,1,4,0,0,,,7294.8360868
4385982699,2,2023_5_24_1_0,2023,5,24,39,2,1,0,0,,,3276.4190985
4385982701,2,2023_5_24_1_0,2023,5,24,57,2,1,0,0,,,1727.8821314
4385982702,2,2023_5_24_1_0,2023,5,24,62,2,1,0,0,,,705.80406589
4385982708,2,2023_5_24_1_0,2023,5,24,30,2,2,0,0,,,2979.7894639
4385982710,2,2023_5_24_1_0,2023,5,24,-3,2,-3,0,0,,,7018.4431581
4385982711,2,2023_5_24_1_0,2023,5,24,42,1,1,0,0,,,3276.4190985
4385982718,2,2023_5_24_1_0,2023,5,24,60,2,3,0,0,,,27874.553092
4385982725,2,2023_5_24_1_0,2023,5,24,44,2,1,0,0,,,11239.963172
4385982726,2,2023_5_24_1_0,2023,5,24,39,2,1,0,0,,,5114.0134568
4385982742,2,2023_5_24_1_0,2023,5,24,54,2,2,0,0,,,3319.0402266
4385982744,2,2023_5_24_1_0,2023,5,24,59,2,1,0,0,,,2696.9725808
4385982745,2,2023_5_24_1_0,2023,5,24,24,2,2,0,0,,,1727.8821314
4385982746,2,2023_5_24_1_0,2023,5,24,74,2,1,0,0,,,3319.0402266
4385982750,2,2023_5_24_1_0,2023,5,24,90,2,1,0,0,,,3319.0402266
4385982763,2,2023_5_24_1_0,2023,5,24,60,2,4,0,0,,,705.80406589
4385982764,2,2023_5_24_1_0,2023,5,24,65,1,2,0,0,,,2696.9725808
4385982778,2,2023_5_24_1_0,2023,5,24,53,1,1,0,0,,,3276.4190985
4385982782,2,2023_5_24_1_0,2023,5,24,79,2,2,0,0,,,2696.9725808
4385982799,2,2023_5_24_1_0,2023,5,24,16,1,3,0,0,,,4032.1384299
4385982803,2,2023_5_24_1_0,2023,5,24,88,2,1,0,0,,,1532.7979154
4385982806,2,2023_5_24_1_0,2023,5,24,44,2,3,0,0,,,2126.4251412
4385982817,2,2023_5_24_1_0,2023,5,24,51,1,1,0,0,,,2126.4251412
4385982823,2,2023_5_24_1_0,2023,5,24,68,2,-3,0,0,,,3319.0402266
4385982831,2,2023_5_24_1_0,2023,5,24,36,1,1,0,0,,,7294.8360868
4385982833,2,2023_5_24_1_0,2023,5,24,53,-3,1,0,0,,,3276.4190985
4385982836,2,2023_5_24_1_0,2023,5,24,-3,-3,-3,0,0,,,1727.8821314
4385982840,2,2023_5_24_1_0,2023,5,24,60,1,3,0,0,,,6602.4707938
4385982843,2,2023_5_24_1_0,2023,5,24,71,2,1,0,0,,,3319.0402266
4385982848,2,2023_5_24_1_0,2023,5,24,68,2,1,0,0,,,3319.0402266
4385982857,2,2023_5_24_1_0,2023,5,24,38,2,1,0,0,,,3276.4190985
4385982860,2,2023_5_24_1_0,2023,5,24,0,1,4,0,0,1,1,15407.345059
4385982863,2,2023_5_24_1_0,2023,5,24,33,1,5,0,0,,,7294.8360868
4385982865,2,2023_5_24_1_0,2023,5,24,58,1,1,0,0,,,3752.4495213
4385982866,2,2023_5_24_1_0,2023,5,24,56,1,2,0,0,,,3373.0343585
4385982868,2,2023_5_24_1_0,2023,5,24,68,2,1,0,0,,,3319.0402266
4385982872,2,2023_5_24_1_0,2023,5,24,74,2,1,0,0,,,1847.9063562
4385982879,2,2023_5_24_1_0,2023,5,24,63,1,1,0,0,,,868.6006315
4385982883,2,2023_5_24_1_0,2023,5,24,75,2,1,0,0,,,868.6006315
4385982885,2,2023_5_24_1_0,2023,5,24,72,2,1,0,0,,,2421.3055377
4385982887,2,2023_5_24_1_0,2023,5,24,18,1,5,0,0,,,11239.963172
4385982890,2,2023_5_24_1_0,2023,5,24,82,1,1,0,0,,,1847.9063562
4385982896,2,2023_5_24_1_0,2023,5,24,65,2,1,0,0,,,483.60143847
4385982906,2,2023_5_24_1_0,2023,5,24,71,2,1,0,0,,,483.60143847
4385982908,2,2023_5_24_1_0,2023,5,24,52,2,3,0,0,,,1727.8821314
4385982909,2,2023_5_24_1_0,2023,5,24,23,1,1,0,0,,,1727.8821314
4385982911,2,2023_5_24_1_0,2023,5,24,52,2,3,0,0,,,7294.8360868
4385982912,2,2023_5_24_1_0,2023,5,24,29,2,1,0,0,,,7294.8360868
4385982915,2,2023_5_24_1_0,2023,5,24,63,2,1,0,0,,,3319.0402266
4385982916,2,2023_5_24_1_0,2023,5,24,42,2,1,0,0,,,3276.4190985
4385982923,2,2023_5_24_1_0,2023,5,24,37,1,1,0,0,,,1727.8821314
4385982925,2,2023_5_24_1_0,2023,5,24,63,1,1,0,0,,,705.80406589
4385982926,2,2023_5_24_1_0,2023,5,24,76,2,1,0,0,,,3321.8515045
4385982936,2,2023_5_24_1_0,2023,5,24,40,1,2,0,0,,,1727.8821314
4385982939,2,2023_5_24_1_0,2023,5,24,68,1,3,0,0,,,868.6006315
4385982945,2,2023_5_24_1_0,2023,5,24,80,2,1,0,0,,,1847.9063562
4385982947,2,2023_5_24_1_0,2023,5,24,68,1,4,0,0,,,3319.0402266
4385982949,2,2023_5_24_1_0,2023,5,24,67,1,1,0,0,,,3319.0402266
4385982950,2,2023_5_24_1_0,2023,5,24,70,2,1,0,0,,,3319.0402266
4385982952,2,2023_5_24_1_0,2023,5,24,59,2,4,0,0,,,5927.6090568
4385982954,2,2023_5_24_1_0,2023,5,24,37,2,1,0,0,,,705.80406589
4385982963,2,2023_5_24_1_0,2023,5,24,-3,1,4,0,0,1,1,1492.4934255
4385982966,2,2023_5_24_1_0,2023,5,24,51,2,1,0,0,,,1755.9913103
4385982973,2,2023_5_24_1_0,2023,5,24,37,2,1,0,0,,,3276.4190985
4385982981,2,2023_5_24_1_0,2023,5,24,70,2,2,0,0,,,2696.9725808
4385982986,2,2023_5_24_1_0,2023,5,24,22,2,5,0,0,,,8125.357416
4385982998,2,2023_5_24_1_0,2023,5,24,74,2,1,0,0,,,3319.0402266
4385983005,2,2023_5_24_1_0,2023,5,24,42,2,3,0,0,,,3276.4190985
4385983014,2,2023_5_24_1_0,2023,5,24,52,2,1,0,0,,,1727.8821314
4385983017,2,2023_5_24_1_0,2023,5,24,65,2,1,0,0,,,868.6006315
4385983020,2,2023_5_24_1_0,2023,5,24,33,2,1,0,0,,,3276.4190985
4385983023,2,2023_5_24_1_0,2023,5,24,71,1,1,0,0,,,3319.0402266
4385983024,2,2023_5_24_1_0,2023,5,24,60,2,1,0,0,,,705.80406589
4385983026,2,2023_5_24_1_0,2023,5,24,47,2,2,0,0,,,3276.4190985
4385983029,2,2023_5_24_1_0,2023,5,24,77,2,1,0,0,,,3319.0402266
4385983033,2,2023_5_24_1_0,2023,5,24,39,2,4,0,0,,,3276.4190985
4385983034,2,2023_5_24_1_0,2023,5,24,33,2,1,0,0,,,2126.4251412
4385983037,2,2023_5_24_1_0,2023,5,24,73,2,1,0,0,1,1,3319.0402266
4385983044,2,2023_5_24_1_0,2023,5,24,31,1,1,0,0,,,2126.4251412
4385983046,2,2023_5_24_1_0,2023,5,24,42,1,1,0,0,,,3276.4190985
4385983048,2,2023_5_24_1_0,2023,5,24,53,2,4,0,10.007028053,,,1358.9177491
4385983050,2,2023_5_24_1_0,2023,5,24,61,2,1,0,0,,,4523.8679227
4385983054,2,2023_5_24_1_0,2023,5,24,86,2,1,0,0,,,3319.0402266
4385983056,2,2023_5_24_1_0,2023,5,24,50,2,2,0,0,,,2126.4251412
4385983060,2,2023_5_24_1_0,2023,5,24,47,2,1,0,0,,,6602.4707938
4385983069,2,2023_5_24_1_0,2023,5,24,30,2,1,0,0,,,11239.963172
4385983073,2,2023_5_24_1_0,2023,5,24,62,1,1,0,0,,,868.6006315
4385983076,2,2023_5_24_1_0,2023,5,24,25,2,1,0,0,,,2126.4251412
4385983078,2,2023_5_24_1_0,2023,5,24,68,2,2,0,0,,,3319.0402266
4385983081,2,2023_5_24_1_0,2023,5,24,33,1,1,0,0,,,2126.4251412
4385983087,2,2023_5_24_1_0,2023,5,24,48,2,3,0,0,,,12519.639513
4385983096,2,2023_5_24_1_0,2023,5,24,66,1,1,0,0,,,705.80406589
4385983097,2,2023_5_24_1_0,2023,5,24,69,1,1,0,0,,,868.6006315
4385983104,2,2023_5_24_1_0,2023,5,24,72,1,1,0,0,,,868.6006315
4385983110,2,2023_5_24_1_0,2023,5,24,67,2,1,0,0,,,483.60143847
4385983111,2,2023_5_24_1_0,2023,5,24,29,1,1,0,0,,,2126.4251412
4385983114,2,2023_5_24_1_0,2023,5,24,29,1,1,0,0,,,7294.8360868
4385983115,2,2023_5_24_1_0,2023,5,24,23,2,1,0,0,,,2126.4251412
4385983119,2,2023_5_24_1_0,2023,5,24,-3,-3,-3,0,0,,,5793.6878079
4385983121,2,2023_5_24_1_0,2023,5,24,60,2,1,0,0,,,1727.8821314
4385983122,2,2023_5_24_1_0,2023,5,24,53,2,1,0,0,,,12519.639513
4385983124,2,2023_5_24_1_0,2023,5,24,52,2,2,0,0,,,3276.4190985
4385983127,2,2023_5_24_1_0,2023,5,24,-3,-3,-3,0,0,1,1,2126.4251412
4385983130,2,2023_5_24_1_0,2023,5,24,64,2,1,0,0,,,2696.9725808
4385983136,2,2023_5_24_1_0,2023,5,24,65,2,1,0,0,,,705.80406589
4385983137,2,2023_5_24_1_0,2023,5,24,-3,2,4,0,0,,,1727.8821314
4385983138,2,2023_5_24_1_0,2023,5,24,51,1,1,0,0,,,1824.1766488
4385983140,2,2023_5_24_1_0,2023,5,24,39,1,1,0,0,,,2126.4251412
4385983143,2,2023_5_24_1_0,2023,5,24,61,1,1,0,0,,,2126.4251412
4385983146,2,2023_5_24_1_0,2023,5,24,52,1,5,0,0,,,1727.8821314
4385983155,2,2023_5_24_1_0,2023,5,24,68,2,1,0,0,,,3319.0402266
4385983158,2,2023_5_24_1_0,2023,5,24,75,2,1,0,0,,,868.6006315
4385983159,2,2023_5_24_1_0,2023,5,24,69,1,1,0,0,,,868.6006315
4385983161,2,2023_5_24_1_0,2023,5,24,42,2,1,0,0,,,3276.4190985
4385983165,2,2023_5_24_1_0,2023,5,24,60,2,1,0,0,,,705.80406589
4385983168,2,2023_5_24_1_0,2023,5,24,80,1,1,0,0,,,868.6006315
4385983172,2,2023_5_24_1_0,2023,5,24,69,2,1,0,0,,,3319.0402266
4385983176,2,2023_5_24_1_0,2023,5,24,56,1,1,0,0,,,2126.4251412
4385983179,2,2023_5_24_1_0,2023,5,24,66,2,1,0,0,,,2696.9725808
4385983187,2,2023_5_24_1_0,2023,5,24,34,2,4,0,0,,,1338.3493464
4385983189,2,2023_5_24_1_0,2023,5,24,3,2,2,0,0,,,11239.963172
4385983192,2,2023_5_24_1_0,2023,5,24,68,2,2,0,0,,,3319.0402266
4385983193,2,2023_5_24_1_0,2023,5,24,22,1,2,0,0,,,12519.639513
4385983195,2,2023_5_24_1_0,2023,5,24,79,1,1,0,0,,,1245.514868
4385983200,2,2023_5_24_1_0,2023,5,24,64,1,1,0,0,,,4523.8679227
4385983202,2,2023_5_24_1_0,2023,5,24,23,2,4,0,0,1,1,1727.8821314
4385983205,2,2023_5_24_1_0,2023,5,24,59,1,2,0,0,,,8125.357416
4385983207,2,2023_5_24_1_0,2023,5,24,-3,-3,-3,0,0,,,1836.7430772
4385983215,2,2023_5_24_1_0,2023,5,24,46,2,1,0,0,,,2696.9725808
4385983228,2,2023_5_24_1_0,2023,5,24,30,2,3,0,0,,,2126.4251412
4385983231,2,2023_5_24_1_0,2023,5,24,20,1,2,0,0,,,3276.4190985
4385983248,2,2023_5_24_1_0,2023,5,24,84,2,1,0,0,,,3319.0402266
4385983254,2,2023_5_24_1_0,2023,5,24,13,2,2,0,0,,,5650.2923039
4385983257,2,2023_5_24_1_0,2023,5,24,7,2,1,0,0,,,4032.1384299
4385983258,2,2023_5_24_1_0,2023,5,24,81,2,2,0,0,,,3319.0402266
4385983266,2,2023_5_24_1_0,2023,5,24,79,2,4,1.250171487,11.247427694,,,2698.5508912
4385983267,2,2023_5_24_1_0,2023,5,24,47,1,1,0,0,,,3276.4190985
4385983268,2,2023_5_24_1_0,2023,5,24,26,1,1,0,0,,,483.60143847
4385983271,2,2023_5_24_1_0,2023,5,24,45,1,1,0,0,,,3276.4190985
4385983272,2,2023_5_24_1_0,2023,5,24,60,2,1,0,0,,,2126.4251412
4385983276,2,2023_5_24_1_0,2023,5,24,-3,-3,-3,0,0,1,1,3319.0402266
4385983279,2,2023_5_24_1_0,2023,5,24,51,2,1,0,0,,,1727.8821314
4385983282,2,2023_5_24_1_0,2023,5,24,48,2,4,0,0,,,3276.4190985
4385983283,2,2023_5_24_1_0,2023,5,24,44,2,4,0,0,,,3276.4190985
4385983313,2,2023_5_24_1_0,2023,5,24,56,1,1,0,0,,,12519.639513
4385983318,2,2023_5_24_1_0,2023,5,24,19,2,1,0,0,,,5927.6090568
4385983382,2,2023_5_24_1_0,2023,5,24,57,1,2,1.0001829279,1.9996341442,,,2161.0178161
4385983384,2,2023_5_24_1_0,2023,5,24,64,2,1,0,0,,,868.6006315
4385983389,2,2023_5_24_1_0,2023,5,24,46,2,4,0,0,,,3276.4190985
4385983396,2,2023_5_24_1_0,2023,5,24,20,2,1,0,0,,,7294.8360868
4385983398,2,2023_5_24_1_0,2023,5,24,59,1,1,0,0,,,2126.4251412
4385983401,2,2023_5_24_1_0,2023,5,24,92,1,1,0,0,,,11386.17765
4385983402,2,2023_5_24_1_0,2023,5,24,-3,-3,-3,0,0,1,1,3319.0402266
4385983406,2,2023_5_24_1_0,2023,5,24,64,2,1,0,0,,,705.80406589
4385983412,2,2023_5_24_1_0,2023,5,24,11,1,1,1.0001829279,0.9998170721,,,4097.7332402
4385983419,2,2023_5_24_1_0,2023,5,24,23,2,2,0,0,,,5927.6090568
4385983426,2,2023_5_24_1_0,2023,5,24,69,1,2,0,0,,,4591.2921738
4385983432,2,2023_5_24_1_0,2023,5,24,52,1,2,0,3.9992682885,,,2161.0178161
4385983452,2,2023_5_24_1_0,2023,5,24,82,2,2,0,0,,,868.6006315
4385983456,2,2023_5_24_1_0,2023,5,24,32,1,4,0,0,,,7294.8360868
4385983466,2,2023_5_24_1_0,2023,5,24,-3,-3,-3,0,0,1,1,868.6006315
4385983475,2,2023_5_24_1_0,2023,5,24,77,1,2,0,0,,,3319.0402266
4385983492,2,2023_5_24_1_0,2023,5,24,22,2,4,0,0,,,5927.6090568
4385983497,2,2023_5_24_1_0,2023,5,24,66,1,2,0,0,1,1,2421.3055377
4385983510,2,2023_5_24_1_0,2023,5,24,76,2,1,0,0,,,3319.0402266
4385983513,2,2023_5_24_1_0,2023,5,24,30,2,1,0,0,,,2126.4251412
4385983536,2,2023_5_24_1_0,2023,5,24,63,1,1,0,0,,,3276.4190985
4385983551,2,2023_5_24_1_0,2023,5,24,67,2,1,0,0,,,3373.0343585
4385983553,2,2023_5_24_1_0,2023,5,24,49,2,1,0,0,,,12519.639513
4385983579,2,2023_5_24_1_0,2023,5,24,74,2,1,0,0,,,3319.0402266
4385983580,2,2023_5_24_1_0,2023,5,24,7,1,1,0,0,,,4032.1384299
4385983613,2,2023_5_24_1_0,2023,5,24,43,1,1,0,0.9998170721,,,3329.7198701
4385983615,2,2023_5_24_1_0,2023,5,24,59,2,1,0,0,,,1727.8821314
4385983628,2,2023_5_24_1_0,2023,5,24,65,1,1,0,0,,,2696.9725808
4385983636,2,2023_5_24_1_0,2023,5,24,71,1,1,0,0,,,3319.0402266
4385983638,2,2023_5_24_1_0,2023,5,24,68,2,1,0,0,,,5258.3603017
4385983641,2,2023_5_24_1_0,2023,5,24,57,1,1,0,0,,,6602.4707938
4385983649,2,2023_5_24_1_0,2023,5,24,37,2,1,0,0,,,3276.4190985
4385983657,2,2023_5_24_1_0,2023,5,24,42,1,1,0,0,,,1727.8821314
4385983659,2,2023_5_24_1_0,2023,5,24,28,2,1,0,0,,,3276.4190985
4385983668,2,2023_5_24_1_0,2023,5,24,24,2,2,0,0,,,3319.0402266
4385983669,2,2023_5_24_1_0,2023,5,24,22,1,2,0,0,,,5617.5973254
4385983674,2,2023_5_24_1_0,2023,5,24,70,1,1,0,0,,,2979.7894639
4385983683,2,2023_5_24_1_0,2023,5,24,99,2,1,0,0,,,3319.0402266
4385983687,2,2023_5_24_1_0,2023,5,24,76,2,3,0,0,,,3319.0402266
4385983689,2,2023_5_24_1_0,2023,5,24,31,2,1,0,0,,,2126.4251412
4385983690,2,2023_5_24_1_0,2023,5,24,29,2,1,0,0,,,2126.4251412
4385983692,2,2023_5_24_1_0,2023,5,24,34,1,1,0,0,,,3276.4190985
4385983704,2,2023_5_24_1_0,2023,5,24,24,1,2,0,0,,,7294.8360868
4385983708,2,2023_5_24_1_0,2023,5,24,79,1,1,0,0,,,3319.0402266
4385983713,2,2023_5_24_1_0,2023,5,24,50,1,-3,0,0,,,3276.4190985
4385983722,2,2023_5_24_1_0,2023,5,24,72,1,2,0,0,,,3319.0402266
4385983726,2,2023_5_24_1_0,2023,5,24,-3,-3,-3,0,0,1,1,9252.1352036
4385983737,2,2023_5_24_1_0,2023,5,24,40,1,2,0,0,,,7294.8360868
4385983744,2,2023_5_24_1_0,2023,5,24,39,1,1,0,0,,,3276.4190985
4385983750,2,2023_5_24_1_0,2023,5,24,58,2,1,0,0,,,6602.4707938
4385983755,2,2023_5_24_1_0,2023,5,24,56,1,1,0,0,,,7294.8360868
4385983766,2,2023_5_24_1_0,2023,5,24,60,2,2,0,0,,,1727.8821314
4385983783,2,2023_5_24_1_0,2023,5,24,49,1,4,0,0,,,1338.3493464
4385983785,2,2023_5_24_1_0,2023,5,24,45,2,4,0,0,,,3276.4190985
4385983787,2,2023_5_24_1_0,2023,5,24,76,2,2,0,0,,,3319.0402266
4385983798,2,2023_5_24_1_0,2023,5,24,40,1,2,0,0,,,3276.4190985
4385983801,2,2023_5_24_1_0,2023,5,24,76,1,1,0,0,,,11386.17765
4385983803,2,2023_5_24_1_0,2023,5,24,-3,-3,1,0,0,1,1,4039.6446248
4385983808,2,2023_5_24_1_0,2023,5,24,59,1,1,0,0,,,2126.4251412
4385983810,2,2023_5_24_1_0,2023,5,24,21,2,4,0,0,,,6602.4707938
4385983814,2,2023_5_24_1_0,2023,5,24,-3,2,1,0,0,,,3319.0402266
4385983820,2,2023_5_24_1_0,2023,5,24,72,1,1,0,0,,,3319.0402266
4385983821,2,2023_5_24_1_0,2023,5,24,41,2,4,1.0001829279,0,,,3329.7198701
4385983825,2,2023_5_24_1_0,2023,5,24,47,1,1,0,0,,,1183.9068725
4385983826,2,2023_5_24_1_0,2023,5,24,49,1,1,0,0,,,3276.4190985
4385983827,2,2023_5_24_1_0,2023,5,24,62,1,1,0,0,,,1824.1766488
4385983830,2,2023_5_24_1_0,2023,5,24,77,2,2,0,0,,,483.60143847
4385983834,2,2023_5_24_1_0,2023,5,24,61,2,1,0,0,,,8125.357416
4385983835,2,2023_5_24_1_0,2023,5,24,71,1,1,0,0,,,1338.3493464
4385983838,2,2023_5_24_1_0,2023,5,24,32,2,2,0,0,,,3276.4190985
4385983840,2,2023_5_24_1_0,2023,5,24,49,1,1,0,0,,,1853.8523465
4385983842,2,2023_5_24_1_0,2023,5,24,50,1,1,0,0,,,42949.416061
4385983843,2,2023_5_24_1_0,2023,5,24,72,2,1,0,0,,,868.6006315
4385983847,2,2023_5_24_1_0,2023,5,24,27,1,1,0,0,,,3276.4190985
4385983848,2,2023_5_24_1_0,2023,5,24,86,1,1,0,0,,,1532.7979154
4385983853,2,2023_5_24_1_0,2023,5,24,53,1,2,1.0001829279,0,,,12723.308954
4385983855,2,2023_5_24_1_0,2023,5,24,70,1,1,0,0,,,868.6006315
4385983860,2,2023_5_24_1_0,2023,5,24,79,2,1,0,0,,,3319.0402266
4385983863,2,2023_5_24_1_0,2023,5,24,18,2,3,0,0,,,1727.8821314
4385983868,2,2023_5_24_1_0,2023,5,24,66,2,1,0,0,,,868.6006315
4385983869,2,2023_5_24_1_0,2023,5,24,65,1,-3,0,0,,,2696.9725808
4385983876,2,2023_5_24_1_0,2023,5,24,41,1,1,0,0,,,1727.8821314
4385983882,2,2023_5_24_1_0,2023,5,24,-3,2,1,0,0,,,8125.357416
4385983886,2,2023_5_24_1_0,2023,5,24,68,2,1,0,0,,,705.80406589
4385983891,2,2023_5_24_1_0,2023,5,24,65,2,1,0,0,,,868.6006315
4385983897,2,2023_5_24_1_0,2023,5,24,76,2,1,0,0,,,3373.0343585
4385983907,2,2023_5_24_1_0,2023,5,24,35,1,1,0,0,,,3276.4190985
4385983928,2,2023_5_24_1_0,2023,5,24,79,1,1,0,0,,,3319.0402266
4385983933,2,2023_5_24_1_0,2023,5,24,80,2,1,0,0,,,3319.0402266
4385983934,2,2023_5_24_1_0,2023,5,24,51,2,1,0,0,,,3276.4190985
4385983945,2,2023_5_24_1_0,2023,5,24,48,1,1,0,0,,,2126.4251412
4385983950,2,2023_5_24_1_0,2023,5,24,26,1,1,0,0,,,3276.4190985
4385983960,2,2023_5_24_1_0,2023,5,24,-3,-3,-3,0,0,1,1,491.46866456
4385983971,2,2023_5_24_1_0,2023,5,24,64,2,5,0,0,,,3319.0402266
4385983978,2,2023_5_24_1_0,2023,5,24,66,1,1,0,0,,,2979.7894639
4385983980,2,2023_5_24_1_0,2023,5,24,75,2,1,0,0,,,3319.0402266
4385983983,2,2023_5_24_1_0,2023,5,24,58,1,1,0,0,,,2126.4251412
4385983984,2,2023_5_24_1_0,2023,5,24,63,1,1,0,0,,,2817.1786321
4385983993,2,2023_5_24_1_0,2023,5,24,74,2,1,0,0,,,3319.0402266
4385983998,2,2023_5_24_1_0,2023,5,24,75,2,1,0,0,,,705.80406589
4385984013,2,2023_5_24_1_0,2023,5,24,28,1,1,1.0001829279,0,,,1755.9913103
4385984022,2,2023_5_24_2_1,2023,5,24,-3,-3,-3,0,0,1,1,871.61485451
4385984034,2,2023_5_24_2_1,2023,5,24,12,1,1,0,0,,,412.87082687
4385984036,2,2023_5_24_2_1,2023,5,24,-3,1,1,0,0,,,231.45318418
4385984037,2,2023_5_24_2_1,2023,5,24,73,1,1,0,0,,,418.24163564
4385984039,2,2023_5_24_2_1,2023,5,24,67,2,1,0,0,,,418.24163564
4385984041,2,2023_5_24_2_1,2023,5,24,63,2,1,0,0,,,425.04558873
4385984042,2,2023_5_24_2_1,2023,5,24,77,2,1,0,0,,,109.45481947
4385984044,2,2023_5_24_2_1,2023,5,24,55,1,1,3.0005487836,2.9994512164,,,439.56776043
4385984048,2,2023_5_24_2_1,2023,5,24,84,1,1,0,0,,,418.24163564
4385984052,2,2023_5_24_2_1,2023,5,24,-3,-3,-3,0,0,1,,217.73530885
4385984053,2,2023_5_24_2_1,2023,5,24,-3,2,-3,0,0,,,231.45318418
4385984057,2,2023_5_24_2_1,2023,5,24,57,1,3,0,0,,,319.64486325
4385984058,2,2023_5_24_2_1,2023,5,24,60,2,1,0,0,,,217.73530885
4385984060,2,2023_5_24_2_1,2023,5,24,74,1,1,0,0,,,418.24163564
4385984061,2,2023_5_24_2_1,2023,5,24,-3,1,-3,0,0,,,438.157904
4385984065,2,2023_5_24_2_1,2023,5,24,53,1,4,0,0,,,419.58740768
4385984069,2,2023_5_24_2_1,2023,5,24,-3,-3,-3,0,0,1,1,285.28338681
4385984072,2,2023_5_24_2_1,2023,5,24,59,2,1,0,0,,,221.2774259
4385984075,2,2023_5_24_2_1,2023,5,24,55,1,1,3.0005487836,0.9998170721,,,285.28338681
4385984077,2,2023_5_24_2_1,2023,5,24,74,2,1,0,0,,,445.28585486
4385984078,2,2023_5_24_2_1,2023,5,24,71,2,1,0,0,,,114.66695374
4385984081,2,2023_5_24_2_1,2023,5,24,53,1,1,0,0,,,267.95683945
4385984084,2,2023_5_24_2_1,2023,5,24,71,2,1,0,0,,,418.24163564
4385984087,2,2023_5_24_2_1,2023,5,24,66,1,1,0,0,,,418.24163564
4385984089,2,2023_5_24_2_1,2023,5,24,57,2,1,0,0,,,228.10365689
4385984095,2,2023_5_24_2_0,2023,5,24,75,1,1,0,0,,,1232.4258538
4385984102,2,2023_5_24_2_0,2023,5,24,64,2,1,0,0,,,4709.2654976
4385984106,2,2023_5_24_2_0,2023,5,24,45,1,1,0,0,,,4648.7919286
4385984109,2,2023_5_24_2_0,2023,5,24,40,1,1,0,0,,,4648.7919286
4385984122,2,2023_5_24_2_0,2023,5,24,50,2,1,0,0,,,3017.1073163
4385984128,2,2023_5_24_2_0,2023,5,24,81,1,1,0,0,,,4709.2654976
4385984136,2,2023_5_24_2_0,2023,5,24,35,1,5,0,0,,,4227.9149255
4385984140,2,2023_5_24_2_0,2023,5,24,-3,1,-3,0,0,,,13193.065962
4385984144,2,2023_5_24_2_0,2023,5,24,11,2,1,0,0,,,4648.7919286
4385984146,2,2023_5_24_2_0,2023,5,24,44,1,1,0,0,,,4648.7919286
4385984151,2,2023_5_24_2_0,2023,5,24,25,2,1,0,0,,,4648.7919286
4385984153,2,2023_5_24_2_0,2023,5,24,62,2,1,0,0,,,3017.1073163
4385984166,2,2023_5_24_2_0,2023,5,24,33,2,1,0,0,,,4648.7919286
4385984167,2,2023_5_24_2_0,2023,5,24,68,2,1,0,0,,,1232.4258538
4385984168,2,2023_5_24_2_0,2023,5,24,46,2,1,0,0,,,4648.7919286
4385984172,2,2023_5_24_2_0,2023,5,24,19,2,5,0,0,,,1232.4258538
4385984178,2,2023_5_24_2_0,2023,5,24,43,1,1,0,0,,,4648.7919286
4385984183,2,2023_5_24_2_0,2023,5,24,40,1,1,0,0,,,4227.9149255
4385984188,2,2023_5_24_2_0,2023,5,24,-3,2,-3,0,0,1,1,39550.189867
4385984195,2,2023_5_24_2_0,2023,5,24,64,1,1,0,0,,,4648.7919286
4385984197,2,2023_5_24_2_0,2023,5,24,48,2,1,0,0,,,2451.6291306
4385984204,2,2023_5_24_2_0,2023,5,24,54,1,1,0,0,,,17763.661292
4385984206,2,2023_5_24_2_0,2023,5,24,37,1,1,0,0,,,2451.6291306
4385984209,2,2023_5_24_2_0,2023,5,24,87,2,1,0,0,,,1232.4258538
4385984211,2,2023_5_24_2_0,2023,5,24,65,2,1,0,0,,,3826.6363332
4385984215,2,2023_5_24_2_0,2023,5,24,72,1,1,0,0,,,4709.2654976
4385984216,2,2023_5_24_2_0,2023,5,24,43,2,1,0,0,,,4724.4184554
4385984221,2,2023_5_24_2_0,2023,5,24,50,1,1,0,0,,,2451.6291306
4385984222,2,2023_5_24_2_0,2023,5,24,51,2,5,0,0,,,2451.6291306
4385984230,2,2023_5_24_2_0,2023,5,24,72,2,1,0,0,,,1232.4258538
4385984234,2,2023_5_24_2_0,2023,5,24,67,2,1,0,0,,,4709.2654976
4385984242,2,2023_5_23_1_1,2023,5,23,55,1,1,0,0,,,129.61364847
4385984245,2,2023_5_23_1_1,2023,5,23,55,1,1,0,0,,,118.15493342
4385984249,2,2023_5_23_1_1,2023,5,23,-3,-3,-3,0,0,1,1,49.373338999
4385984252,2,2023_5_23_1_1,2023,5,23,79,2,1,0,0,,,49.373338999
4385984254,2,2023_5_23_1_1,2023,5,23,27,1,1,0,0,,,390.08090798
4385984255,2,2023_5_23_1_1,2023,5,23,65,2,1,0,0,,,163.00290093
4385984257,2,2023_5_23_1_1,2023,5,23,81,2,1,0,0,,,178.81099071
4385984259,2,2023_5_23_1_1,2023,5,23,62,2,1,0,0,,,163.66311954
4385984261,2,2023_5_23_1_1,2023,5,23,65,2,1,0,0,,,163.00290093
4385984263,2,2023_5_23_1_1,2023,5,23,76,2,1,0,0,,,68.389820456
4385984268,2,2023_5_23_1_1,2023,5,23,55,2,1,0,0,,,118.15493342
4385984269,2,2023_5_23_1_1,2023,5,23,31,2,1,0,0,,,163.66311954
4385984270,2,2023_5_23_1_1,2023,5,23,59,2,1,0,0,,,163.66311954
4385984272,2,2023_5_23_1_1,2023,5,23,43,2,1,0,0,,,200.55263944
4385984274,2,2023_5_23_1_1,2023,5,23,60,2,1,0,0,,,427.91111823
4385984276,2,2023_5_23_1_1,2023,5,23,35,2,1,0,0,,,200.55263944
4385984277,2,2023_5_23_1_1,2023,5,23,52,2,1,0,0,,,182.82244223
4385984280,2,2023_5_23_1_1,2023,5,23,73,1,1,0,0,,,129.09078577
4385984281,2,2023_5_23_1_1,2023,5,23,66,2,1,0,0,,,49.373338999
4385984282,2,2023_5_23_1_1,2023,5,23,73,2,1,0,0,,,163.00290093
4385984285,2,2023_5_23_1_1,2023,5,23,41,1,1,0,0,,,200.55263944
4385984286,2,2023_5_23_1_1,2023,5,23,42,1,1,0,0,,,325.09356168
4385984291,2,2023_5_23_1_1,2023,5,23,70,2,1,0,0,,,163.00290093
4385984293,2,2023_5_23_1_1,2023,5,23,85,1,1,0,0,,,163.00290093
4385984295,2,2023_5_23_1_1,2023,5,23,-3,1,1,0,1.0002817339,,,327.37305047
4385984312,2,2023_5_23_1_1,2023,5,23,65,2,1,0,0,,,178.81099071
4385984314,2,2023_5_23_1_1,2023,5,23,33,1,1,0,0,,,178.81099071
4385984315,2,2023_5_23_1_1,2023,5,23,42,2,1,0,0,,,163.66311954
4385984319,2,2023_5_23_1_1,2023,5,23,56,2,1,0,0,,,338.88588592
4385984320,2,2023_5_23_1_1,2023,5,23,65,1,1,0,0,,,163.00290093
4385984330,2,2023_5_23_1_1,2023,5,23,65,1,4,0,7.0019721372,,,68.389820456
4385984334,2,2023_5_23_1_1,2023,5,23,49,1,1,0,2.0005634678,,,200.55263944
4385984335,2,2023_5_23_1_1,2023,5,23,55,2,1,0,0,,,200.55263944
4385984336,2,2023_5_23_1_1,2023,5,23,67,1,1,2.9991547984,2.0005634678,,,62.343702053
4385984338,2,2023_5_23_1_1,2023,5,23,63,1,1,0,0,,,163.66311954
4385984340,2,2023_5_23_1_1,2023,5,23,61,1,1,0,0,,,129.09078577
4385984342,2,2023_5_23_1_1,2023,5,23,65,2,1,0,0,,,219.11482716
4385984346,2,2023_5_23_1_1,2023,5,23,35,2,1,0,0,,,149.19420307
4385984347,2,2023_5_23_1_1,2023,5,23,60,1,1,0.9997182661,1.0002817339,,,200.55263944
4385984349,2,2023_5_23_1_1,2023,5,23,69,1,1,0,0,,,62.343702053
4385984350,2,2023_5_23_1_1,2023,5,23,29,1,1,0,0,,,398.36935802
4385984351,2,2023_5_23_1_1,2023,5,23,12,1,1,0,0,,,398.36935802
4385984356,2,2023_5_23_1_1,2023,5,23,24,2,1,0,0,,,54.161586147
4385984362,2,2023_5_23_1_1,2023,5,23,28,1,1,0,0,,,427.91111823
4385984365,2,2023_5_23_1_1,2023,5,23,33,2,1,0,0,,,200.55263944
4385984369,2,2023_5_23_1_1,2023,5,23,45,2,1,0,0,,,200.55263944
4385984370,2,2023_5_23_1_1,2023,5,23,37,1,1,4.9985913306,0,,,149.19420307
4385984374,2,2023_5_23_1_1,2023,5,23,29,2,1,0,0,,,163.66311954
4385984378,2,2023_5_23_1_1,2023,5,23,56,2,1,0,0,,,427.91111823
4385984379,2,2023_5_23_1_1,2023,5,23,36,1,1,0.9997182661,0,,,325.09356168
4385984382,2,2023_5_23_1_1,2023,5,23,67,2,1,0,0,,,68.389820456
4385984386,2,2023_5_23_1_1,2023,5,23,62,2,1,0,0,,,54.161586147
4385984387,2,2023_5_23_1_1,2023,5,23,67,2,1,0,0,,,62.343702053
4385984393,2,2023_5_23_1_1,2023,5,23,69,1,1,0,0,,,89.286547072
4385984397,2,2023_5_23_1_1,2023,5,23,68,1,1,0,0,,,68.389820456
4385984405,2,2023_5_23_1_1,2023,5,23,58,2,1,0,0,,,163.66311954
4385984409,2,2023_5_23_1_1,2023,5,23,73,1,1,0,0,,,54.161586147
4385984415,2,2023_5_23_1_1,2023,5,23,37,1,1,0,0,,,182.82244223
4385984417,2,2023_5_23_1_1,2023,5,23,62,2,1,0.9997182661,0,,,149.19420307
4385984418,2,2023_5_23_1_1,2023,5,23,33,2,-3,0,0,,,54.161586147
4385984420,2,2023_5_23_1_1,2023,5,23,30,2,1,0,0,,,163.66311954
4385984422,2,2023_5_23_1_1,2023,5,23,39,1,3,0,2.0005634678,,,200.55263944
4385984424,2,2023_5_23_1_1,2023,5,23,56,1,1,0,0,,,182.82244223
4385984428,2,2023_5_23_1_1,2023,5,23,49,2,1,0,0,,,118.15493342
4385984429,2,2023_5_23_1_1,2023,5,23,-3,1,-3,0,0,,,90.39433502
4385984432,2,2023_5_23_1_1,2023,5,23,61,1,1,0,0,,,338.88588592
4385984435,2,2023_5_23_1_1,2023,5,23,53,2,1,0,0,,,49.373338999
4385984436,2,2023_5_23_1_1,2023,5,23,53,1,3,0,0,,,129.61364847
4385984439,2,2023_5_23_1_1,2023,5,23,65,2,1,14.995773992,15.004226008,,,62.343702053
4385984456,2,2023_5_23_1_1,2023,5,23,57,2,1,0,0,,,62.343702053
4385984457,2,2023_5_23_1_1,2023,5,23,61,1,1,0,1.0002817339,,,118.15493342
4385984458,2,2023_5_23_1_1,2023,5,23,54,2,1,0,0,,,163.66311954
4385984462,2,2023_5_23_1_1,2023,5,23,46,1,1,0,0,,,163.66311954
4385984464,2,2023_5_23_1_1,2023,5,23,58,2,1,0,0,,,68.389820456
4385984470,2,2023_5_23_1_1,2023,5,23,20,1,1,0,0,,,524.36189932
4385984471,2,2023_5_23_1_1,2023,5,23,53,2,1,0,0,,,129.61364847
4385984480,2,2023_5_23_1_1,2023,5,23,70,1,1,19.994365322,20.005634678,,,163.00290093
4385984484,2,2023_5_23_1_1,2023,5,23,69,2,1,0,0,,,178.81099071
4385984488,2,2023_5_23_1_1,2023,5,23,35,1,5,0,0,,,163.66311954
4385984489,2,2023_5_23_1_1,2023,5,23,28,2,1,0,0,,,200.55263944
4385984493,2,2023_5_23_1_1,2023,5,23,63,2,1,0,0,,,149.19420307
4385984496,2,2023_5_23_1_1,2023,5,23,50,2,1,0,0,,,308.92610276
4385984497,2,2023_5_23_1_1,2023,5,23,32,2,1,0,0,,,163.66311954
4385984500,2,2023_5_23_1_1,2023,5,23,38,1,1,0,0,,,182.82244223
4385984503,2,2023_5_23_1_1,2023,5,23,60,2,1,0,0,,,171.81236127
4385984505,2,2023_5_23_1_1,2023,5,23,5,1,5,0,0,,,1041.5705013
4385984509,2,2023_5_23_1_1,2023,5,23,32,2,1,0,0,,,163.66311954
4385984513,2,2023_5_23_1_1,2023,5,23,89,2,1,0,0,,,141.61006438
4385984515,2,2023_5_23_1_1,2023,5,23,63,2,-3,0,0,,,68.389820456
4385984518,2,2023_5_23_1_1,2023,5,23,30,1,1,0,0,,,200.55263944
4385984519,2,2023_5_23_1_1,2023,5,23,35,2,1,0,0,,,200.55263944
4385984520,2,2023_5_23_1_1,2023,5,23,34,2,3,0,0,,,325.09356168
4385984523,2,2023_5_23_1_1,2023,5,23,22,1,1,0,0,,,398.36935802
4385984531,2,2023_5_23_1_1,2023,5,23,-3,1,-3,0,0,1,1,163.66311954
4385984532,2,2023_5_23_1_1,2023,5,23,29,2,1,0,0,,,200.55263944
4385984534,2,2023_5_23_1_1,2023,5,23,65,1,1,0,0,,,163.00290093
4385984538,2,2023_5_23_1_1,2023,5,23,76,1,1,0,0,,,68.389820456
4385984542,2,2023_5_23_1_1,2023,5,23,36,2,1,0,0,,,200.55263944
4385984543,2,2023_5_23_1_1,2023,5,23,51,2,1,3.9988730645,0,,,182.82244223
4385984544,2,2023_5_23_1_1,2023,5,23,-3,2,-3,0,0,,,338.88588592
4385984546,2,2023_5_23_1_1,2023,5,23,68,2,1,0,0,,,141.61006438
4385984547,2,2023_5_23_1_1,2023,5,23,75,2,1,0,0,,,178.81099071
4385984550,2,2023_5_23_1_1,2023,5,23,19,1,1,2.9991547984,0,,,62.343702053
4385984551,2,2023_5_23_1_1,2023,5,23,27,2,1,0,0,,,325.09356168
4385984556,2,2023_5_23_1_1,2023,5,23,66,1,1,0,10.002817339,,,135.8466732
4385984569,2,2023_5_23_1_1,2023,5,23,41,1,1,0,0,,,129.09078577
4385984571,2,2023_5_23_1_1,2023,5,23,28,2,1,0,0,,,163.66311954
4385984574,2,2023_5_23_1_1,2023,5,23,33,2,1,0,0,,,325.09356168
4385984578,2,2023_5_23_1_1,2023,5,23,56,2,1,0,0,,,149.19420307
4385984582,2,2023_5_23_1_1,2023,5,23,40,1,1,0,0,,,182.82244223
4385984583,2,2023_5_23_1_1,2023,5,23,67,2,1,0,0,,,62.343702053
4385984584,2,2023_5_23_1_1,2023,5,23,56,2,1,7.9977461289,0,,,118.15493342
4385984586,2,2023_5_23_1_1,2023,5,23,64,1,1,0,0,,,68.389820456
4385984592,2,2023_5_23_1_1,2023,5,23,67,2,1,0,0,,,54.161586147
4385984596,2,2023_5_23_1_1,2023,5,23,30,2,1,0,0,,,163.66311954
4385984597,2,2023_5_23_1_1,2023,5,23,65,2,1,0,0,,,163.00290093
4385984599,2,2023_5_23_1_1,2023,5,23,22,2,3,0,0,,,163.66311954
4385984601,2,2023_5_23_1_1,2023,5,23,64,2,1,0,0,,,163.66311954
4385984605,2,2023_5_23_1_1,2023,5,23,44,2,1,0,0,,,200.55263944
4385984609,2,2023_5_23_1_1,2023,5,23,62,1,1,0,0,,,163.66311954
4385984616,2,2023_5_23_1_1,2023,5,23,54,1,1,0.9997182661,0,,,200.55263944
4385984620,2,2023_5_23_1_1,2023,5,23,60,1,1,1.9994365322,2.0005634678,,,163.66311954
4385984632,2,2023_5_23_1_1,2023,5,23,58,2,1,0,0,,,163.66311954
4385984633,2,2023_5_23_1_1,2023,5,23,7,2,1,0,0,,,253.23776461
4385984643,2,2023_5_23_1_1,2023,5,23,-3,-3,-3,0,0,1,1,298.4310791
4385984646,2,2023_5_23_1_1,2023,5,23,51,1,1,0,0,,,118.15493342
4385984659,2,2023_5_23_1_1,2023,5,23,55,2,1,0,0,,,163.66311954
4385984662,2,2023_5_23_1_1,2023,5,23,55,1,1,0,0,,,163.66311954
4385984663,2,2023_5_23_1_1,2023,5,23,78,2,1,0,0,,,78.757862552
4385984675,2,2023_5_23_1_1,2023,5,23,30,1,1,0,0,,,163.66311954
4385984679,2,2023_5_23_1_1,2023,5,23,50,2,1,4.9985913306,0,,,118.15493342
4385984683,2,2023_5_23_1_1,2023,5,23,33,2,1,0,0,,,200.55263944
4385984684,2,2023_5_23_1_1,2023,5,23,58,2,1,0,0,,,427.91111823
4385984687,2,2023_5_23_1_1,2023,5,23,73,2,1,0,0,,,68.389820456
4385984689,2,2023_5_23_1_1,2023,5,23,-3,-3,-3,0,0,1,1,149.19420307
4385984699,2,2023_5_23_1_1,2023,5,23,37,1,1,0,0,,,200.55263944
4385984704,2,2023_5_23_1_1,2023,5,23,66,1,1,0,0,,,68.389820456
4385984706,2,2023_5_23_1_1,2023,5,23,13,1,1,0,0,,,253.23776461
4385984723,2,2023_5_23_1_1,2023,5,23,64,1,1,0,0,,,149.19420307
4385984726,2,2023_5_23_1_1,2023,5,23,18,2,1,0,0,,,163.66311954
4385984727,2,2023_5_23_1_1,2023,5,23,65,1,1,0,0,,,68.389820456
4385984729,2,2023_5_23_1_1,2023,5,23,67,2,1,0,0,,,68.389820456
4385984732,2,2023_5_23_1_1,2023,5,23,30,1,1,1.9994365322,2.0005634678,,,163.66311954
4385984734,2,2023_5_23_1_1,2023,5,23,37,1,1,0,0,,,200.55263944
4385984738,2,2023_5_23_1_1,2023,5,23,32,2,1,0,0,,,182.82244223
4385984739,2,2023_5_23_1_1,2023,5,23,38,1,1,0,0,,,182.82244223
4385984740,2,2023_5_23_1_1,2023,5,23,65,2,1,0,0,,,141.61006438
4385984744,2,2023_5_23_1_1,2023,5,23,67,2,1,0,0,,,141.61006438
4385984748,2,2023_5_23_1_1,2023,5,23,55,2,1,0,0,,,135.8466732
4385984751,2,2023_5_23_1_1,2023,5,23,55,1,1,0,0,,,308.92610276
4385984752,2,2023_5_23_1_1,2023,5,23,62,1,1,0,0,,,849.9847119
4385984755,2,2023_5_23_1_1,2023,5,23,71,2,1,0,0,,,62.343702053
4385984756,2,2023_5_23_1_1,2023,5,23,66,2,1,0,0,,,68.389820456
4385984759,2,2023_5_23_1_1,2023,5,23,42,1,3,0,0,,,129.61364847
4385984764,2,2023_5_23_1_1,2023,5,23,34,1,1,0,0,,,129.61364847
4385984766,2,2023_5_23_1_1,2023,5,23,49,2,1,0,0,,,118.15493342
4385984769,2,2023_5_23_1_1,2023,5,23,62,2,1,0,0,,,149.19420307
4385984770,2,2023_5_23_1_1,2023,5,23,31,2,1,0,0,,,76.395916409
4385984772,2,2023_5_23_1_1,2023,5,23,38,1,1,0,0,,,325.09356168
4385984774,2,2023_5_23_1_1,2023,5,23,52,2,1,0,0,,,118.15493342
4385984777,2,2023_5_23_1_1,2023,5,23,45,1,1,0,0,,,118.15493342
4385984779,2,2023_5_23_1_1,2023,5,23,37,2,1,0,0,,,182.82244223
4385984781,2,2023_5_23_1_1,2023,5,23,4,2,1,0,1.0002817339,,,199.74360816
4385984782,2,2023_5_23_1_1,2023,5,23,59,2,1,0,0,,,163.66311954
4385984787,2,2023_5_23_1_1,2023,5,23,72,2,1,0,0,,,178.81099071
4385984789,2,2023_5_23_1_1,2023,5,23,41,2,1,0,0,,,398.36935802
4385984791,2,2023_5_23_1_1,2023,5,23,37,1,1,0,0,,,163.66311954
4385984793,2,2023_5_23_1_1,2023,5,23,43,1,1,0,0,,,182.82244223
4385984797,2,2023_5_23_1_1,2023,5,23,64,2,1,0,0,,,234.39279904
4385984799,2,2023_5_23_1_1,2023,5,23,66,2,1,0,0,,,178.81099071
4385984800,2,2023_5_23_1_1,2023,5,23,33,2,1,0,0,,,163.66311954
4385984801,2,2023_5_23_1_1,2023,5,23,69,1,1,0,0,,,68.389820456
4385984804,2,2023_5_23_1_1,2023,5,23,65,2,1,0,0,,,62.343702053
4385984807,2,2023_5_23_1_1,2023,5,23,19,1,1,0,0,,,398.36935802
4385984814,2,2023_5_23_1_1,2023,5,23,66,2,1,0,0,,,163.00290093
4385984815,2,2023_5_23_1_1,2023,5,23,69,2,1,0,0,,,62.343702053
4385984817,2,2023_5_23_1_1,2023,5,23,65,2,1,0.9997182661,0,,,62.343702053
4385984820,2,2023_5_23_1_1,2023,5,23,57,1,1,0,0,,,163.66311954
4385984821,2,2023_5_23_1_1,2023,5,23,50,1,1,0,0,,,163.66311954
4385984831,2,2023_5_23_1_1,2023,5,23,62,1,1,0,0,,,449.21800247
4385984852,2,2023_5_23_1_1,2023,5,23,70,2,1,1.9994365322,0,,,178.81099071
4385984854,2,2023_5_23_1_1,2023,5,23,46,2,1,0,0,,,163.66311954
4385984859,2,2023_5_23_1_1,2023,5,23,66,1,1,0,0,,,68.389820456
4385984862,2,2023_5_23_1_1,2023,5,23,51,2,1,0,0,,,163.66311954
4385984864,2,2023_5_23_1_1,2023,5,23,72,2,1,0,0,,,178.81099071
4385984867,2,2023_5_23_1_1,2023,5,23,63,2,1,0,0,,,62.343702053
4385984869,2,2023_5_23_1_1,2023,5,23,18,1,1,0,0,,,182.82244223
4385984875,2,2023_5_23_1_1,2023,5,23,69,2,1,0,7.0019721372,,,178.81099071
4385984877,2,2023_5_23_1_1,2023,5,23,66,2,4,0,0,,,163.00290093
4385984889,2,2023_5_23_1_1,2023,5,23,70,2,1,0,0,,,163.00290093
4385984890,2,2023_5_23_1_1,2023,5,23,30,2,1,1.9994365322,0,,,163.66311954
4385984897,2,2023_5_23_1_1,2023,5,23,68,2,1,0,0,,,163.00290093
4385984900,2,2023_5_23_1_1,2023,5,23,65,1,1,0,0,,,199.74360816
4385984901,2,2023_5_23_1_1,2023,5,23,65,1,1,0,0,,,129.09078577
4385984902,2,2023_5_23_1_1,2023,5,23,78,2,1,0,0,,,178.81099071
4385984904,2,2023_5_23_1_1,2023,5,23,21,2,1,0,2.0005634678,,,325.09356168
4385984908,2,2023_5_23_1_1,2023,5,23,57,2,1,0,0,,,163.66311954
4385984913,2,2023_5_23_1_1,2023,5,23,60,1,1,1.9994365322,0,,,118.15493342
4385984914,2,2023_5_23_1_1,2023,5,23,67,2,1,0,0,,,178.81099071
4385984917,2,2023_5_23_1_1,2023,5,23,64,2,1,1.9994365322,0,,,149.19420307
4385984918,2,2023_5_23_1_1,2023,5,23,13,1,1,0,0,,,199.74360816
4385984919,2,2023_5_23_1_1,2023,5,23,59,2,1,0,0,,,199.74360816
4385984924,2,2023_5_23_1_1,2023,5,23,65,2,1,0,0,,,68.389820456
4385984926,2,2023_5_23_1_1,2023,5,23,65,1,1,0,0,,,178.81099071
4385984930,2,2023_5_23_1_1,2023,5,23,22,1,4,0,2.0005634678,,,129.61364847
4385984938,2,2023_5_23_1_1,2023,5,23,38,1,1,0,0,,,200.55263944
4385984940,2,2023_5_23_1_1,2023,5,23,53,1,1,0,0,,,163.66311954
4385984941,2,2023_5_23_1_1,2023,5,23,34,2,1,0,0,,,54.161586147
4385984942,2,2023_5_23_1_1,2023,5,23,67,1,1,0,0,,,62.343702053
4385984943,2,2023_5_23_1_1,2023,5,23,68,2,1,0,0,,,141.61006438
4385984950,2,2023_5_23_1_1,2023,5,23,64,2,1,0,0,,,178.81099071
4385984953,2,2023_5_23_1_1,2023,5,23,71,-3,-3,0,0,,,163.00290093
4385984954,2,2023_5_23_1_1,2023,5,23,19,2,1,0,0,,,390.08090798
4385984955,2,2023_5_23_1_1,2023,5,23,59,2,1,9.9971826612,0,,,89.286547072
4385984960,2,2023_5_23_1_1,2023,5,23,35,1,1,0,0,,,182.82244223
4385984964,2,2023_5_23_1_1,2023,5,23,62,2,1,0,0,,,149.19420307
4385984965,2,2023_5_23_1_1,2023,5,23,16,1,1,0,0,,,182.82244223
4385984966,2,2023_5_23_1_1,2023,5,23,64,2,1,0,0,,,68.389820456
4385984967,2,2023_5_23_1_1,2023,5,23,54,1,1,0,0,,,149.19420307
4385984968,2,2023_5_23_1_1,2023,5,23,64,2,1,0,1.0002817339,,,54.161586147
4385984973,2,2023_5_23_1_1,2023,5,23,18,1,1,0,1.0002817339,,,524.36189932
4385984976,2,2023_5_23_1_1,2023,5,23,53,2,1,0,0,,,129.61364847
4385984977,2,2023_5_23_1_1,2023,5,23,67,1,1,0,0,,,68.389820456
4385984978,2,2023_5_23_1_1,2023,5,23,31,1,1,0,0,,,200.55263944
4385984983,2,2023_5_23_1_1,2023,5,23,65,1,1,0,0,,,62.343702053
4385984984,2,2023_5_23_1_1,2023,5,23,68,1,1,0,0,,,163.00290093
4385984994,2,2023_5_23_1_1,2023,5,23,59,2,1,0,0,,,178.81099071
4385985005,2,2023_5_23_1_1,2023,5,23,58,2,1,0,0,,,62.343702053
4385985006,2,2023_5_23_1_1,2023,5,23,64,2,1,0,0,,,68.389820456
4385985008,2,2023_5_23_1_1,2023,5,23,29,2,1,0.9997182661,5.0014086694,,,200.55263944
4385985010,2,2023_5_23_1_1,2023,5,23,51,2,1,0,0,,,427.91111823
4385985012,2,2023_5_23_1_1,2023,5,23,69,1,1,0,4.0011269355,,,68.389820456
4385985015,2,2023_5_23_1_1,2023,5,23,14,1,1,0,0,,,503.02088266
4385985017,2,2023_5_23_1_1,2023,5,23,27,1,1,0,0,,,200.55263944
4385985019,2,2023_5_23_1_1,2023,5,23,77,1,1,0,0,,,68.389820456
4385985028,2,2023_5_23_1_1,2023,5,23,59,2,1,0,0,,,163.66311954
4385985032,2,2023_5_23_1_0,2023,5,23,86,2,1,0,0,,,725.50740191
4385985037,2,2023_5_23_1_0,2023,5,23,76,1,1,0,0,,,551.18405496
4385985049,2,2023_5_23_1_0,2023,5,23,17,2,1,0,0,,,1027.4864645
4385985050,2,2023_5_23_1_0,2023,5,23,51,2,1,0,0,,,813.72192957
4385985053,2,2023_5_23_1_0,2023,5,23,60,1,1,0,0,,,664.04645582
4385985058,2,2023_5_23_1_0,2023,5,23,61,2,1,0,0,,,1736.205825
4385985072,2,2023_5_23_1_0,2023,5,23,50,2,1,0,0,,,725.50740191
4385985074,2,2023_5_23_1_0,2023,5,23,60,2,1,0,0,,,194.13694702
4385985087,2,2023_5_23_1_0,2023,5,23,65,1,5,0,0,,,574.56842827
4385985088,2,2023_5_23_1_0,2023,5,23,45,1,1,0,0,,,813.72192957
4385985094,2,2023_5_23_1_0,2023,5,23,66,2,1,0,0,,,574.56842827
4385985097,2,2023_5_23_1_0,2023,5,23,66,1,1,0,0,,,725.50740191
4385985102,2,2023_5_23_1_0,2023,5,23,66,1,1,0,0,,,194.13694702
4385985108,2,2023_5_23_1_0,2023,5,23,80,1,1,0,0,,,277.48473826
4385985113,2,2023_5_23_1_0,2023,5,23,31,2,1,0,0,,,664.04645582
4385985115,2,2023_5_23_1_0,2023,5,23,26,1,1,0,1.0002817339,,,1736.205825
4385985125,2,2023_5_23_1_0,2023,5,23,61,1,1,0,0,,,725.50740191
4385985126,2,2023_5_23_1_0,2023,5,23,43,1,1,0,0,,,664.04645582
4385985129,2,2023_5_23_1_0,2023,5,23,68,2,1,0,0,,,507.5875269
4385985131,2,2023_5_23_1_0,2023,5,23,-3,-3,-3,0,0,,,463.32974904
4385985134,2,2023_5_23_1_0,2023,5,23,37,1,1,0,0,,,2127.545056
4385985142,2,2023_5_23_1_0,2023,5,23,63,1,1,0,0,,,525.89419131
4385985149,2,2023_5_23_1_0,2023,5,23,51,1,1,0,0,,,664.04645582
4385985151,2,2023_5_23_1_0,2023,5,23,57,1,1,0,0,,,664.04645582
4385985162,2,2023_5_23_1_0,2023,5,23,36,2,1,0,0,,,813.72192957
4385985163,2,2023_5_23_1_0,2023,5,23,38,1,1,0,0,,,1616.3431386
4385985167,2,2023_5_23_1_0,2023,5,23,-3,1,-3,0,0,1,,1051.9388004
4385985171,2,2023_5_23_1_0,2023,5,23,13,1,1,0,0,,,718.86146452
4385985181,2,2023_5_23_1_0,2023,5,23,70,2,4,0,0,,,1441.1174978
4385985187,2,2023_5_23_1_0,2023,5,23,58,2,1,0,0,,,664.04645582
4385985189,2,2023_5_23_1_0,2023,5,23,77,2,1,0,0,,,507.5875269
4385985190,2,2023_5_23_1_0,2023,5,23,56,1,3,0,0,,,525.89419131
4385985198,2,2023_5_23_1_0,2023,5,23,54,1,1,0,0,1,1,664.04645582
4385985205,2,2023_5_23_1_0,2023,5,23,70,2,1,0,0,,,277.48473826
4385985212,2,2023_5_23_1_0,2023,5,23,76,2,1,0,0,,,194.13694702
4385985216,2,2023_5_23_1_0,2023,5,23,35,1,1,0,0,,,664.04645582
4385985222,2,2023_5_23_1_0,2023,5,23,46,2,1,0,0,,,664.04645582
4385985228,2,2023_5_23_1_0,2023,5,23,87,2,1,0,0,,,1441.1174978
4385985229,2,2023_5_23_1_0,2023,5,23,39,2,1,0,0,,,813.72192957
4385985234,2,2023_5_23_1_0,2023,5,23,85,2,1,0,0,,,725.50740191
4385985238,2,2023_5_23_1_0,2023,5,23,44,1,1,0,0,,,1736.205825
4385985239,2,2023_5_23_1_0,2023,5,23,73,2,1,0,0,,,194.13694702
4385985242,2,2023_5_23_1_0,2023,5,23,-3,1,1,0,0,,,1051.9388004
4385985251,2,2023_5_23_1_0,2023,5,23,73,1,1,0,0,,,507.5875269
4385985252,2,2023_5_23_1_0,2023,5,23,61,2,1,0,0,,,1736.205825
4385985257,2,2023_5_23_1_0,2023,5,23,47,2,1,0,0,,,464.58753883
4385985260,2,2023_5_23_1_0,2023,5,23,59,2,1,0,0,,,464.58753883
4385985262,2,2023_5_23_1_0,2023,5,23,54,2,1,0,0,,,2127.545056
4385985263,2,2023_5_23_1_0,2023,5,23,60,1,1,0,0,,,2127.545056
4385985268,2,2023_5_23_1_0,2023,5,23,53,1,1,0,0,,,525.89419131
4385985273,2,2023_5_23_1_0,2023,5,23,41,2,1,0,0,,,219.75512519
4385985274,2,2023_5_23_1_0,2023,5,23,75,2,1,0,0,,,725.50740191
4385985275,2,2023_5_23_1_0,2023,5,23,-3,-3,-3,0,0,1,1,1736.205825
4385985282,2,2023_5_23_1_0,2023,5,23,69,2,1,0,0,,,194.13694702
4385985286,2,2023_5_23_1_0,2023,5,23,22,1,1,0,0,,,525.89419131
4385985289,2,2023_5_23_1_0,2023,5,23,71,2,1,0,0,,,725.50740191
4385985296,2,2023_5_23_1_0,2023,5,23,77,1,1,0,0,,,194.13694702
4385985298,2,2023_5_23_1_0,2023,5,23,66,1,1,0,0,,,219.75512519
4385985300,2,2023_5_23_1_0,2023,5,23,83,2,1,0,0,,,725.50740191
4385985306,2,2023_5_23_1_0,2023,5,23,10,1,1,0,0,,,813.72192957
4385985312,2,2023_5_23_1_0,2023,5,23,20,2,1,0,0,,,813.72192957
4385985314,2,2023_5_23_1_0,2023,5,23,76,2,1,0,0,,,277.48473826
4385985317,2,2023_5_23_1_0,2023,5,23,52,1,1,0,0,,,569.30515212
4385985319,2,2023_5_23_1_0,2023,5,23,99,2,1,0,0,,,277.48473826
4385985324,2,2023_5_23_1_0,2023,5,23,69,2,1,0,0,,,507.5875269
4385985326,2,2023_5_23_1_0,2023,5,23,88,1,1,0,0,,,1441.1174978
4385985331,2,2023_5_23_1_0,2023,5,23,68,1,1,0,0,,,277.48473826
4385985332,2,2023_5_23_1_0,2023,5,23,34,1,1,0,0,,,813.72192957
4385985337,2,2023_5_23_1_0,2023,5,23,68,2,1,0,0,,,277.48473826
4385985339,2,2023_5_23_1_0,2023,5,23,80,2,1,0,0,,,725.50740191
4385985341,2,2023_5_23_1_0,2023,5,23,80,2,1,0,0,,,725.50740191
4385985344,2,2023_5_23_1_0,2023,5,23,69,2,4,0,0,,,277.48473826
4385985346,2,2023_5_23_1_0,2023,5,23,26,1,1,0,0,,,664.04645582
4385985348,2,2023_5_23_1_0,2023,5,23,40,2,1,0,0,,,1616.3431386
4385985359,2,2023_5_23_1_0,2023,5,23,34,1,1,9.6098869701,0,,,639.29385397
4385985362,2,2023_5_23_1_0,2023,5,23,75,2,1,0,0,,,277.48473826
4385985369,2,2023_5_23_1_0,2023,5,23,58,2,1,0,0,,,1736.205825
4385985371,2,2023_5_23_1_0,2023,5,23,81,2,1,0,0,,,725.50740191
4385985376,2,2023_5_23_1_0,2023,5,23,73,1,1,0,0,,,277.48473826
4385985378,2,2023_5_23_1_0,2023,5,23,75,1,1,0,0,,,277.48473826
4385985392,2,2023_5_23_1_0,2023,5,23,57,2,1,0,0,,,664.04645582
4385985397,2,2023_5_23_1_0,2023,5,23,35,2,1,0,0,,,525.89419131
4385985401,2,2023_5_23_1_0,2023,5,23,-3,-3,-3,0,0,1,1,277.48473826
4385985403,2,2023_5_23_1_0,2023,5,23,53,2,1,0,0,,,1488.4966445
4385985414,2,2023_5_23_1_0,2023,5,23,71,1,1,0,0,,,725.50740191
4385985433,2,2023_5_23_1_0,2023,5,23,-3,1,1,0,0,1,1,402.33492025
4385985434,2,2023_5_23_1_0,2023,5,23,73,1,1,0,0,,,194.13694702
4385985435,2,2023_5_23_1_0,2023,5,23,73,1,1,0,0,,,277.48473826
4385985437,2,2023_5_23_1_0,2023,5,23,70,2,1,0,0,,,725.50740191
4385985441,2,2023_5_23_1_0,2023,5,23,35,2,1,0,0,,,664.04645582
4385985450,2,2023_5_23_1_0,2023,5,23,34,1,1,0,0,,,1616.3431386
4385985453,2,2023_5_23_1_0,2023,5,23,53,2,1,0,0,,,569.30515212
4385985463,2,2023_5_23_1_0,2023,5,23,23,1,1,0,0,,,1319.0340503
4385985465,2,2023_5_23_1_0,2023,5,23,32,2,1,0,0,,,1319.0340503
4385985467,2,2023_5_23_1_0,2023,5,23,52,2,1,0,0,,,664.04645582
4385985471,2,2023_5_23_1_0,2023,5,23,70,1,1,0,0,,,277.48473826
4385985473,2,2023_5_23_1_0,2023,5,23,59,2,1,0,0,,,574.56842827
4385985484,2,2023_5_23_1_0,2023,5,23,80,2,1,0,0,,,725.50740191
4385985486,2,2023_5_23_1_0,2023,5,23,72,1,1,0,0,,,507.5875269
4385985490,2,2023_5_23_1_0,2023,5,23,66,2,1,0,0,,,153.7475155
4385985495,2,2023_5_23_1_0,2023,5,23,37,1,1,0,0,,,1319.0340503
4385985500,2,2023_5_23_1_0,2023,5,23,70,2,1,0,0,,,277.48473826
4385985502,2,2023_5_23_1_0,2023,5,23,64,2,1,0,0,,,664.04645582
4385985506,2,2023_5_23_1_0,2023,5,23,73,2,1,0,0,,,725.50740191
4385985512,2,2023_5_23_1_0,2023,5,23,35,2,1,0,0,,,813.72192957
4385985517,2,2023_5_23_1_0,2023,5,23,63,1,1,0,0,,,277.48473826
4385985518,2,2023_5_23_1_0,2023,5,23,75,2,1,0,0,,,725.50740191
4385985529,2,2023_5_23_1_0,2023,5,23,61,2,1,0,0,,,277.48473826
4385985533,2,2023_5_23_1_0,2023,5,23,70,2,1,0,0,,,340.02954864
4385985545,2,2023_5_23_1_0,2023,5,23,52,1,1,0,0,,,664.04645582
4385985547,2,2023_5_23_1_0,2023,5,23,80,2,1,0,0,,,277.48473826
4385985551,2,2023_5_23_1_0,2023,5,23,17,1,1,0,0,,,1616.3431386
4385985555,2,2023_5_23_1_0,2023,5,23,63,1,1,0,0,,,1736.205825
4385985564,2,2023_5_23_1_0,2023,5,23,61,2,1,0,0,,,664.04645582
4385985568,2,2023_5_23_1_0,2023,5,23,65,2,1,0,0,,,277.48473826
4385985570,2,2023_5_23_1_0,2023,5,23,74,1,1,0,0,,,725.50740191
4385985582,2,2023_5_23_1_0,2023,5,23,46,2,1,0,0,,,813.72192957
4385985583,2,2023_5_23_1_0,2023,5,23,77,2,-3,0,0,,,725.50740191
4385985588,2,2023_5_23_1_0,2023,5,23,69,2,1,0,0,,,277.48473826
4385985589,2,2023_5_23_1_0,2023,5,23,-3,-3,-3,0,0,1,1,507.5875269
4385985604,2,2023_5_23_1_0,2023,5,23,73,1,-3,0,0,,,507.5875269
4385985606,2,2023_5_23_1_0,2023,5,23,-3,-3,-3,0,0,1,1,194.13694702
4385985613,2,2023_5_23_1_0,2023,5,23,60,2,1,0,0,,,664.04645582
4385985627,2,2023_5_23_1_0,2023,5,23,50,2,1,0,0,,,725.50740191
4385985632,2,2023_5_23_1_0,2023,5,23,48,2,1,0,0,,,813.72192957
4385985633,2,2023_5_23_1_0,2023,5,23,40,1,1,0,0,,,664.04645582
4385985637,2,2023_5_23_1_0,2023,5,23,21,1,1,0,0,,,664.04645582
4385985640,2,2023_5_23_1_0,2023,5,23,64,1,1,0,0,,,664.04645582
4385985644,2,2023_5_23_1_0,2023,5,23,39,2,1,0,0,,,813.72192957
4385985645,2,2023_5_23_1_0,2023,5,23,46,1,1,0,0,,,464.58753883
4385985651,2,2023_5_23_1_0,2023,5,23,68,2,1,0.9997182661,0,,,401.98592981
4385985655,2,2023_5_23_1_0,2023,5,23,67,1,1,0,0,,,551.18405496
4385985661,2,2023_5_23_1_0,2023,5,23,33,1,1,0,0,,,1736.205825
4385985662,2,2023_5_23_1_0,2023,5,23,41,2,1,0,0,,,813.72192957
4385985669,2,2023_5_23_1_0,2023,5,23,86,2,1,0,0,,,725.50740191
4385985672,2,2023_5_23_1_0,2023,5,23,49,2,1,0,0,,,525.89419131
4385985675,2,2023_5_23_1_0,2023,5,23,70,1,1,0,0,,,277.48473826
4385985679,2,2023_5_23_1_0,2023,5,23,24,1,1,0,0,,,1319.0340503
4385985686,2,2023_5_23_1_0,2023,5,23,46,2,3,0,0,,,1319.0340503
4385985691,2,2023_5_23_1_0,2023,5,23,85,2,1,0,0,,,725.50740191
4385985692,2,2023_5_23_1_0,2023,5,23,58,2,2,0,0,,,1736.205825
4385985695,2,2023_5_23_1_0,2023,5,23,40,1,1,0,0,,,569.30515212
4385985696,2,2023_5_23_1_0,2023,5,23,66,1,1,0,0,,,340.02954864
4385985699,2,2023_5_23_1_0,2023,5,23,85,2,4,0,0,1,1,1441.1174978
4385985704,2,2023_5_23_1_0,2023,5,23,64,2,1,0,0,,,277.48473826
4385985705,2,2023_5_23_1_0,2023,5,23,58,2,4,0,0,,,277.48473826
4385985712,2,2023_5_23_1_0,2023,5,23,66,1,1,0,0,,,277.48473826
4385985713,2,2023_5_23_1_0,2023,5,23,64,1,1,0,0,,,367.93192085
4385985717,2,2023_5_23_1_0,2023,5,23,46,1,1,0,0,,,813.72192957
4385985721,2,2023_5_23_1_0,2023,5,23,-3,1,1,0,0,,,1529.6533456
4385985727,2,2023_5_23_1_0,2023,5,23,60,1,1,0,0,,,367.93192085
4385985734,2,2023_5_23_1_0,2023,5,23,64,2,1,0,0,,,725.50740191
4385985735,2,2023_5_23_1_0,2023,5,23,49,1,1,0,0,,,813.72192957
4385985737,2,2023_5_23_1_0,2023,5,23,43,1,1,0,0,,,2127.545056
4385985745,2,2023_5_23_1_0,2023,5,23,-3,2,1,0,0,,,1374.9950026
4385985749,2,2023_5_23_1_0,2023,5,23,42,2,1,0,0,,,813.72192957
4385985756,2,2023_5_23_1_0,2023,5,23,46,1,1,0,0,,,1319.0340503
4385985773,2,2023_5_23_1_0,2023,5,23,61,2,1,1.9994365322,1.0002817339,,,525.89419131
4385985776,2,2023_5_23_1_0,2023,5,23,-3,-3,-3,0,0,1,1,525.89419131
4385985792,2,2023_5_23_1_0,2023,5,23,25,2,1,0,0,,,1980.3551323
4385985798,2,2023_5_23_1_0,2023,5,23,34,2,1,0,0,,,813.72192957
4385985803,2,2023_5_23_1_0,2023,5,23,30,2,1,1.9994365322,0,,,1319.0340503
4385985804,2,2023_5_23_1_0,2023,5,23,30,1,1,0,0,,,664.04645582
4385985807,2,2023_5_23_1_0,2023,5,23,59,2,1,0,0,,,525.89419131
4385985814,2,2023_5_23_1_0,2023,5,23,40,1,1,0,0,,,1616.3431386
4385985820,2,2023_5_23_1_0,2023,5,23,71,2,1,0,0,,,725.50740191
4385985824,2,2023_5_23_1_0,2023,5,23,25,1,1,0,0,,,1319.0340503
4385985825,2,2023_5_23_1_0,2023,5,23,46,2,1,0,0,,,813.72192957
4385985828,2,2023_5_23_1_0,2023,5,23,69,2,1,0,0,,,194.13694702
4385985829,2,2023_5_23_1_0,2023,5,23,29,1,1,2.9991547984,5.0014086694,,,922.83721669
4385985831,2,2023_5_23_1_0,2023,5,23,73,1,1,0,0,,,277.48473826
4385985835,2,2023_5_23_1_0,2023,5,23,39,1,1,0,0,,,664.04645582
4385985836,2,2023_5_23_1_0,2023,5,23,-3,-3,-3,0,0,,,219.75512519
4385985842,2,2023_5_23_1_0,2023,5,23,34,2,-3,0,0,,,1616.3431386
4385985843,2,2023_5_23_1_0,2023,5,23,74,2,1,0,0,,,725.50740191
4385985845,2,2023_5_23_1_0,2023,5,23,13,1,1,0,0,,,2127.545056
4385985849,2,2023_5_23_1_0,2023,5,23,92,1,1,0,0,,,725.50740191
4385985850,2,2023_5_23_1_0,2023,5,23,41,2,1,0,0,,,813.72192957
4385985853,2,2023_5_23_1_0,2023,5,23,29,1,3,0,0,,,1044.6141819
4385985863,2,2023_5_23_1_0,2023,5,23,45,2,1,0,0,,,813.72192957
4385985866,2,2023_5_23_1_0,2023,5,23,28,1,1,0,0,,,813.72192957
4385985870,2,2023_5_23_1_0,2023,5,23,28,1,1,0,0,,,664.04645582
4385985873,2,2023_5_23_1_0,2023,5,23,41,2,1,0,0,,,813.72192957
4385985874,2,2023_5_23_1_0,2023,5,23,75,1,1,0,0,,,277.48473826
4385985876,2,2023_5_23_1_0,2023,5,23,31,1,1,0,0,,,664.04645582
4385985883,2,2023_5_23_1_0,2023,5,23,47,2,1,0,0,,,1488.4966445
4385985895,2,2023_5_23_1_0,2023,5,23,-3,1,-3,0,0,1,1,725.50740191
4385985897,2,2023_5_23_1_0,2023,5,23,17,2,1,0,0,,,813.72192957
4385985899,2,2023_5_23_1_0,2023,5,23,67,2,1,0,0,,,277.48473826
4385985900,2,2023_5_23_1_0,2023,5,23,-3,-3,-3,0,0,1,1,725.50740191
4385985902,2,2023_5_23_1_0,2023,5,23,62,2,1,0,0,,,507.5875269
4385985904,2,2023_5_23_1_0,2023,5,23,63,1,1,0,0,,,664.04645582
4385985911,2,2023_5_23_1_0,2023,5,23,44,1,1,0,0,,,813.72192957
4385985912,2,2023_5_23_1_0,2023,5,23,62,2,1,0,0,,,1374.9950026
4385985914,2,2023_5_23_1_0,2023,5,23,24,2,1,0,0,,,277.48473826
4385985917,2,2023_5_23_1_0,2023,5,23,54,1,1,0,0,,,1044.6141819
4385985923,2,2023_5_23_1_0,2023,5,23,82,1,1,0,0,,,574.56842827
4385985924,2,2023_5_23_1_0,2023,5,23,76,1,1,0,0,,,277.48473826
4385985925,2,2023_5_23_1_0,2023,5,23,62,2,1,0,0,,,664.04645582
4385985926,2,2023_5_23_1_0,2023,5,23,20,1,1,0,0,,,664.04645582
4385985932,2,2023_5_23_1_0,2023,5,23,52,2,1,0,0,,,367.93192085
4385985948,2,2023_5_23_1_0,2023,5,23,51,1,1,0,0,,,813.72192957
4385985954,2,2023_5_23_1_0,2023,5,23,30,2,1,0,0,,,664.04645582
4385985955,2,2023_5_23_1_0,2023,5,23,-3,-3,-3,0,0,1,1,277.48473826
4385985969,2,2023_5_23_1_0,2023,5,23,58,1,1,0,0,,,1214.7035558
4385985971,2,2023_5_23_1_0,2023,5,23,57,1,1,0,0,,,664.04645582
4385985973,2,2023_5_23_1_0,2023,5,23,70,1,1,0,0,,,507.5875269
4385985977,2,2023_5_23_1_0,2023,5,23,50,1,1,0,0,,,813.72192957
4385985979,2,2023_5_23_1_0,2023,5,23,59,2,1,0,0,,,525.89419131
4385985982,2,2023_5_23_1_0,2023,5,23,21,2,1,0,0,,,664.04645582
4385985984,2,2023_5_23_1_0,2023,5,23,75,2,1,0,0,,,725.50740191
4385985986,2,2023_5_23_1_0,2023,5,23,60,2,3,0,0,,,277.48473826
4385985990,2,2023_5_23_1_0,2023,5,23,33,2,2,0,0,,,1319.0340503
4385985996,2,2023_5_23_1_0,2023,5,23,23,2,1,0,0,,,664.04645582
4385985998,2,2023_5_23_1_0,2023,5,23,52,1,1,0,0,,,813.72192957
4385986005,2,2023_5_23_1_0,2023,5,23,46,1,1,0,0,,,664.04645582
4385986008,2,2023_5_23_1_0,2023,5,23,52,1,1,0,0,,,664.04645582
4385986011,2,2023_5_23_1_0,2023,5,23,74,2,1,0,0,,,725.50740191
4385986017,2,2023_5_23_1_0,2023,5,23,80,1,1,0,2.0005634678,,,725.50740191
4385986037,2,2023_5_23_1_0,2023,5,23,-3,-3,-3,0,0,1,1,725.50740191
4385986042,2,2023_5_23_1_0,2023,5,23,63,2,1,0,0,,,340.02954864
4385986044,2,2023_5_23_1_0,2023,5,23,51,1,1,0,0,,,525.89419131
4385986045,2,2023_5_23_1_0,2023,5,23,68,2,1,0,0,,,725.50740191
4385986048,2,2023_5_23_1_0,2023,5,23,70,1,1,0,0,,,219.75512519
4385986059,2,2023_5_23_1_0,2023,5,23,75,2,1,0,0,,,551.18405496
4385986060,2,2023_5_23_1_0,2023,5,23,40,2,1,0,0,,,813.72192957
4385986064,2,2023_5_23_1_0,2023,5,23,55,2,1,0,0,,,1044.6141819
4385986067,2,2023_5_23_1_0,2023,5,23,74,2,1,0,0,,,277.48473826
4385986078,2,2023_5_23_1_0,2023,5,23,61,2,1,0,0,,,664.04645582
4385986086,2,2023_5_23_1_0,2023,5,23,7,1,2,0,0,,,1616.3431386
4385986088,2,2023_5_23_1_0,2023,5,23,67,2,1,0,0,,,277.48473826
4385986096,2,2023_5_23_1_0,2023,5,23,54,2,1,0,0,,,464.58753883
4385986099,2,2023_5_23_1_0,2023,5,23,34,1,3,0,0,,,1319.0340503
4385986101,2,2023_5_23_1_0,2023,5,23,38,1,1,0,0,,,569.30515212
4385986113,2,2023_5_23_1_0,2023,5,23,33,2,1,0,0,,,2127.545056
4385986115,2,2023_5_23_1_0,2023,5,23,27,1,1,0,0,,,1319.0340503
4385986116,2,2023_5_23_1_0,2023,5,23,27,2,1,0,0,,,813.72192957
4385986117,2,2023_5_23_1_0,2023,5,23,79,1,1,0,0,,,725.50740191
4385986127,2,2023_5_23_1_0,2023,5,23,73,1,1,0,0,,,277.48473826
4385986131,2,2023_5_23_1_0,2023,5,23,43,1,1,0,0,,,725.50740191
4385986137,2,2023_5_23_1_0,2023,5,23,40,1,1,0,0,,,664.04645582
4385986142,2,2023_5_23_1_0,2023,5,23,21,1,1,0,0,,,340.02954864
4385986146,2,2023_5_23_1_0,2023,5,23,48,1,1,0,0,1,1,813.72192957
4385986154,2,2023_5_23_1_0,2023,5,23,65,2,1,0,0,,,507.5875269
4385986157,2,2023_5_23_1_0,2023,5,23,77,1,1,0,0,,,551.18405496
4385986158,2,2023_5_23_1_0,2023,5,23,71,2,1,0,0,,,277.48473826
4385986164,2,2023_5_23_1_0,2023,5,23,66,2,1,0,0,,,397.40428189
4385986169,2,2023_5_23_1_0,2023,5,23,31,1,1,0,0,,,664.04645582
4385986171,2,2023_5_23_1_0,2023,5,23,35,2,1,0,0,,,813.72192957
4385986172,2,2023_5_23_1_0,2023,5,23,59,2,1,0,0,,,664.04645582
4385986175,2,2023_5_23_1_0,2023,5,23,58,2,1,0,0,,,664.04645582
4385986188,2,2023_5_23_1_0,2023,5,23,72,2,1,0,0,,,219.75512519
4385986189,2,2023_5_23_1_0,2023,5,23,41,1,1,0,0,,,464.58753883
4385986192,2,2023_5_23_1_0,2023,5,23,-3,-3,-3,0,0,1,1,464.58753883
4385986197,2,2023_5_23_1_0,2023,5,23,75,2,1,0,0,,,507.5875269
4385986208,2,2023_5_23_1_0,2023,5,23,20,1,2,0,0,,,1319.0340503
4385986211,2,2023_5_23_1_0,2023,5,23,62,2,1,0,0,,,664.04645582
4385986213,2,2023_5_23_1_0,2023,5,23,21,1,1,0,1.0002817339,,,436.51237094
4385986216,2,2023_5_23_1_0,2023,5,23,33,1,4,0,0,,,277.48473826
4385986217,2,2023_5_23_1_0,2023,5,23,74,2,1,0,0,,,789.38721071
4385986218,2,2023_5_23_1_0,2023,5,23,58,2,1,0,0,,,664.04645582
4385986227,2,2023_5_23_1_0,2023,5,23,45,2,-3,1.9994365322,0,,,194.13694702
4385986242,2,2023_5_23_1_0,2023,5,23,64,2,1,0,0,,,664.04645582
4385986263,2,2023_5_23_1_0,2023,5,23,15,1,1,0,6.9260780943,,,1745.927973
4385986267,2,2023_5_23_1_0,2023,5,23,75,2,1,0,0,,,277.48473826
4385986275,2,2023_5_23_1_0,2023,5,23,75,2,1,0,0,,,725.50740191
4385986280,2,2023_5_23_1_0,2023,5,23,54,2,1,0,0,,,664.04645582
4385986304,2,2023_5_23_1_0,2023,5,23,40,1,1,0,0,,,1374.9950026
4385986305,2,2023_5_23_1_0,2023,5,23,68,1,1,0,0,,,277.48473826
4385986310,2,2023_5_23_1_0,2023,5,23,62,1,1,0,0,,,194.13694702
4385986312,2,2023_5_23_1_0,2023,5,23,46,1,1,0,0,,,813.72192957
4385986314,2,2023_5_23_1_0,2023,5,23,31,1,1,0,0,,,813.72192957
4385986321,2,2023_5_23_1_0,2023,5,23,55,1,1,0,0,,,664.04645582
4385986323,2,2023_5_23_1_0,2023,5,23,67,2,1,0,0,,,277.48473826
4385986326,2,2023_5_23_1_0,2023,5,23,50,2,1,0,0,,,664.04645582
4385986327,2,2023_5_23_1_0,2023,5,23,-3,-3,-3,0,0,1,1,277.48473826
4385986331,2,2023_5_23_1_0,2023,5,23,52,2,1,0,0,,,551.18405496
4385986334,2,2023_5_23_1_0,2023,5,23,30,2,1,0,0,,,569.30515212
4385986335,2,2023_5_23_1_0,2023,5,23,66,1,1,0,0,,,725.50740191
4385986339,2,2023_5_23_1_0,2023,5,23,15,2,1,0,0,,,813.72192957
4385986343,2,2023_5_23_1_0,2023,5,23,65,2,1,0,0,,,574.56842827
4385986345,2,2023_5_23_1_0,2023,5,23,38,2,1,0,0,,,813.72192957
4385986349,2,2023_5_23_1_0,2023,5,23,80,2,1,0,0,,,507.5875269
4385986350,2,2023_5_23_1_0,2023,5,23,38,1,1,0,0,,,664.04645582
4385986352,2,2023_5_23_1_0,2023,5,23,43,1,1,0,0,,,1374.9950026
4385986361,2,2023_5_23_1_0,2023,5,23,50,1,1,0,0,,,664.04645582
4385986365,2,2023_5_23_1_0,2023,5,23,65,1,1,0,0,,,551.18405496
4385986368,2,2023_5_23_1_0,2023,5,23,64,1,3,0,0,,,725.50740191
4385986369,2,2023_5_23_1_0,2023,5,23,-3,1,-3,0,0,,,664.04645582
4385986373,2,2023_5_23_1_0,2023,5,23,57,2,1,0,0,,,277.48473826
4385986382,2,2023_5_23_1_0,2023,5,23,66,2,1,0,0,,,277.48473826
4385986387,2,2023_5_23_1_0,2023,5,23,29,2,1,0,0,,,1319.0340503
4385986389,2,2023_5_23_1_0,2023,5,23,85,2,1,0,0,,,507.5875269
4385986407,2,2023_5_23_1_0,2023,5,23,62,1,1,0,0,,,1374.9950026
4385986426,2,2023_5_23_1_0,2023,5,23,77,2,1,0,0,,,277.48473826
4385986433,2,2023_5_23_1_0,2023,5,23,63,2,1,0,0,,,277.48473826
4385986443,2,2023_5_23_1_0,2023,5,23,9,1,3,0,0,,,1488.4966445
4385986446,2,2023_5_23_1_0,2023,5,23,79,2,1,0,0,,,725.50740191
4385986454,2,2023_5_23_1_0,2023,5,23,33,2,1,0,0,,,813.72192957
4385986455,2,2023_5_23_1_0,2023,5,23,70,2,1,0,0,,,277.48473826
4385986456,2,2023_5_23_1_0,2023,5,23,52,1,1,0,0,,,177.05596553
4385986457,2,2023_5_23_1_0,2023,5,23,66,1,1,0,0,,,277.48473826
4385986459,2,2023_5_23_1_0,2023,5,23,76,1,1,0,0,,,277.48473826
4385986461,2,2023_5_23_1_0,2023,5,23,75,2,1,0,0,,,507.5875269
4385986465,2,2023_5_23_1_0,2023,5,23,58,2,1,0,0,,,664.04645582
4385986466,2,2023_5_23_1_0,2023,5,23,59,2,2,0,0,,,464.58753883
4385986468,2,2023_5_23_1_0,2023,5,23,78,1,1,0,0,,,574.56842827
4385986479,2,2023_5_23_1_0,2023,5,23,28,1,1,0,0,,,813.72192957
4385986482,2,2023_5_23_1_0,2023,5,23,58,2,1,0,0,,,507.5875269
4385986486,2,2023_5_23_1_0,2023,5,23,36,2,1,0,0,,,813.72192957
4385986491,2,2023_5_23_1_0,2023,5,23,67,1,1,0,0,,,725.50740191
4385986493,2,2023_5_23_1_0,2023,5,23,55,2,1,0,0,,,664.04645582
4385986496,2,2023_5_23_1_0,2023,5,23,67,1,1,0,0,,,507.5875269
4385986499,2,2023_5_23_1_0,2023,5,23,40,2,1,0,0,,,569.30515212
4385986507,2,2023_5_23_1_0,2023,5,23,43,2,1,0,0,,,2127.545056
4385986511,2,2023_5_23_1_0,2023,5,23,-3,-3,-3,0,0,1,,663.56523731
4385986518,2,2023_5_23_1_0,2023,5,23,75,2,1,0,0,,,725.50740191
4385986521,2,2023_5_23_1_0,2023,5,23,55,1,1,0,0,,,1736.205825
4385986522,2,2023_5_23_1_0,2023,5,23,54,1,1,0,0,,,664.04645582
4385986526,2,2023_5_23_1_0,2023,5,23,35,2,1,0,0,,,813.72192957
4385986528,2,2023_5_23_1_0,2023,5,23,51,1,1,0,0,,,525.89419131
4385986530,2,2023_5_23_1_0,2023,5,23,52,2,1,0,0,,,340.02954864
4385986532,2,2023_5_23_1_0,2023,5,23,88,2,1,0,0,,,507.5875269
4385986535,2,2023_5_23_1_0,2023,5,23,57,2,1,0,0,,,464.58753883
4385986536,2,2023_5_23_1_0,2023,5,23,61,2,1,0,0,,,1736.205825
4385986541,2,2023_5_23_1_0,2023,5,23,28,2,1,0,0,,,1616.3431386
4385986547,2,2023_5_23_1_0,2023,5,23,30,2,1,0,0,,,664.04645582
4385986557,2,2023_5_23_1_0,2023,5,23,70,2,1,0,0,,,507.5875269
4385986559,2,2023_5_23_1_0,2023,5,23,79,2,1,0,0,,,507.5875269
4385986570,2,2023_5_23_1_0,2023,5,23,58,2,1,0,0,,,525.89419131
4385986573,2,2023_5_23_1_0,2023,5,23,68,2,1,0,0,,,725.50740191
4385986576,2,2023_5_23_1_0,2023,5,23,62,2,1,0,0,,,277.48473826
4385986582,2,2023_5_23_1_0,2023,5,23,19,1,1,0,0,,,1044.6141819
4385986590,2,2023_5_23_1_0,2023,5,23,45,2,1,0,0,,,813.72192957
4385986591,2,2023_5_23_1_0,2023,5,23,73,2,1,0,0,,,277.48473826
4385986605,2,2023_5_23_1_0,2023,5,23,65,2,1,0,0,,,725.50740191
4385986613,2,2023_5_23_1_0,2023,5,23,73,2,1,0,0,,,725.50740191
4385986618,2,2023_5_23_1_0,2023,5,23,73,1,1,0,0,,,277.48473826
4385986620,2,2023_5_23_1_0,2023,5,23,33,1,1,0,0,,,569.30515212
4385986624,2,2023_5_23_1_0,2023,5,23,62,2,1,0,0,,,725.50740191
4385986628,2,2023_5_23_1_0,2023,5,23,47,1,1,0,0,,,813.72192957
4385986633,2,2023_5_23_1_0,2023,5,23,57,1,1,0,0,,,401.98592981
4385986634,2,2023_5_23_1_0,2023,5,23,-3,-3,-3,0,0,1,,725.50740191
4385986642,2,2023_5_23_1_0,2023,5,23,64,2,1,0,0,1,1,725.50740191
4385986644,2,2023_5_23_1_0,2023,5,23,70,1,1,0,0,,,277.48473826
4385986657,2,2023_5_23_1_0,2023,5,23,62,2,1,0,0,,,464.58753883
4385986658,2,2023_5_23_1_0,2023,5,23,72,1,1,0,0,,,401.98592981
4385986661,2,2023_5_23_1_0,2023,5,23,63,2,1,0,0,,,1214.7035558
4385986663,2,2023_5_23_1_0,2023,5,23,63,1,1,0,0,,,961.9892382
4385986669,2,2023_5_23_1_0,2023,5,23,81,2,1,0,0,,,584.5388745
4385986670,2,2023_5_23_1_0,2023,5,23,63,1,1,0,0,,,725.50740191
4385986673,2,2023_5_23_1_0,2023,5,23,76,2,-3,0,0,,,507.5875269
4385986690,2,2023_5_23_1_0,2023,5,23,38,1,1,0,0,,,813.72192957
4385986695,2,2023_5_23_1_0,2023,5,23,69,2,1,0,0,,,507.5875269
4385986696,2,2023_5_23_1_0,2023,5,23,24,1,1,0,0,,,664.04645582
4385986701,2,2023_5_23_1_0,2023,5,23,15,1,1,0,0,,,2040.9560522
4385986702,2,2023_5_23_1_0,2023,5,23,-3,2,-3,0,0,,,1328.2828441
4385986707,2,2023_5_23_1_0,2023,5,23,76,2,1,0,0,,,277.48473826
4385986709,2,2023_5_23_1_0,2023,5,23,68,2,1,0,0,,,277.48473826
4385986712,2,2023_5_23_1_0,2023,5,23,61,2,1,0,0,,,1736.205825
4385986713,2,2023_5_23_1_0,2023,5,23,54,1,1,0,5.0014086694,,,464.58753883
4385986717,2,2023_5_23_1_0,2023,5,23,64,1,1,0,0,,,725.50740191
4385986719,2,2023_5_23_1_0,2023,5,23,59,2,1,0,0,,,194.13694702
4385986726,2,2023_5_23_1_0,2023,5,23,63,2,1,0,0,,,277.48473826
4385986732,2,2023_5_23_1_0,2023,5,23,42,1,1,0,0,,,1889.0760725
4385986736,2,2023_5_23_1_0,2023,5,23,34,1,1,0,0,,,1319.0340503
4385986742,2,2023_5_23_1_0,2023,5,23,60,1,1,0,0,,,664.04645582
4385986743,2,2023_5_23_1_0,2023,5,23,44,2,1,0,0,,,569.30515212
4385986749,2,2023_5_23_1_0,2023,5,23,58,1,1,0,0,,,937.08390308
4385986756,2,2023_5_23_1_0,2023,5,23,0,1,1,0,0,,,300.39025671
4385986786,2,2023_5_23_1_0,2023,5,23,64,1,1,0,0,,,725.50740191
4385986791,2,2023_5_23_1_0,2023,5,23,33,1,1,0,0,,,219.75512519
4385986792,2,2023_5_23_1_0,2023,5,23,24,1,1,0,0,,,813.72192957
4385986793,2,2023_5_23_1_0,2023,5,23,85,2,1,0,0,,,835.4958656
4385986794,2,2023_5_23_1_0,2023,5,23,61,2,1,0,0,,,664.04645582
4385986807,2,2023_5_23_1_0,2023,5,23,73,2,1,0,0,,,725.50740191
4385986811,2,2023_5_23_1_0,2023,5,23,78,1,1,0,0,,,397.40428189
4385986813,2,2023_5_23_1_0,2023,5,23,45,1,1,0,0,,,2127.545056
4385986814,2,2023_5_23_1_0,2023,5,23,65,1,1,0,0,,,725.50740191
4385986815,2,2023_5_23_1_0,2023,5,23,49,2,1,0,0,,,813.72192957
4385986816,2,2023_5_23_1_0,2023,5,23,67,2,1,0,0,,,507.5875269
4385986829,2,2023_5_23_1_0,2023,5,23,49,1,1,0,3.0008452016,,,725.50740191
4385986840,2,2023_5_23_1_0,2023,5,23,42,2,1,0,0,,,1616.3431386
4385986844,2,2023_5_23_1_0,2023,5,23,63,2,1,0,0,,,725.50740191
4385986847,2,2023_5_23_1_0,2023,5,23,87,1,1,0,0,,,725.50740191
4385986857,2,2023_5_23_1_0,2023,5,23,77,2,1,0,0,,,725.50740191
4385986858,2,2023_5_23_1_0,2023,5,23,24,2,1,0,0,,,664.04645582
4385986866,2,2023_5_23_1_0,2023,5,23,60,1,1,0,0,,,813.72192957
4385986873,2,2023_5_23_1_0,2023,5,23,57,1,1,0,0,,,1488.4966445
4385986874,2,2023_5_23_1_0,2023,5,23,-3,-3,-3,0,0,,,1328.2828441
4385986879,2,2023_5_23_1_0,2023,5,23,59,1,1,0,0,,,1736.205825
4385986883,2,2023_5_23_1_0,2023,5,23,66,1,1,0,0,,,277.48473826
4385986890,2,2023_5_23_1_0,2023,5,23,76,1,1,0,0,,,725.50740191
4385986892,2,2023_5_23_1_0,2023,5,23,37,1,1,0,0,,,569.30515212
4385986905,2,2023_5_23_1_0,2023,5,23,50,2,1,0,0,,,464.58753883
4385986906,2,2023_5_23_1_0,2023,5,23,95,1,1,0,0,,,277.48473826
4385986912,2,2023_5_23_1_0,2023,5,23,22,1,1,0,0,,,1319.0340503
4385986924,2,2023_5_23_1_0,2023,5,23,28,1,1,0,0,,,1319.0340503
4385986938,2,2023_5_23_1_0,2023,5,23,51,1,1,0,0,,,813.72192957
4385986939,2,2023_5_23_1_0,2023,5,23,33,1,1,0,0,,,1319.0340503
4385986944,2,2023_5_23_1_0,2023,5,23,60,1,1,0,0,,,1736.205825
4385986947,2,2023_5_23_1_0,2023,5,23,30,1,1,0,0,,,813.72192957
4385986953,2,2023_5_23_1_0,2023,5,23,81,2,1,0,0,1,1,835.4958656
4385986954,2,2023_5_23_1_0,2023,5,23,37,1,1,0,0,,,813.72192957
4385986964,2,2023_5_23_1_0,2023,5,23,59,1,-3,0,0,1,1,194.13694702
4385986968,2,2023_5_23_1_0,2023,5,23,43,2,1,0,0,,,1319.0340503
4385986973,2,2023_5_23_1_0,2023,5,23,47,1,1,0,0,,,525.89419131
4385986974,2,2023_5_23_1_0,2023,5,23,58,2,1,0,0,,,664.04645582
4385986978,2,2023_5_23_1_0,2023,5,23,86,2,1,0,0,1,1,574.56842827
4385986980,2,2023_5_23_1_0,2023,5,23,57,2,1,0,0,,,664.04645582
4385986981,2,2023_5_23_1_0,2023,5,23,42,2,5,0,0,,,2127.545056
4385986982,2,2023_5_23_1_0,2023,5,23,39,1,1,0.9997182661,0,,,153.7475155
4385986986,2,2023_5_23_1_0,2023,5,23,69,2,1,0,0,,,725.50740191
4385986992,2,2023_5_23_1_0,2023,5,23,47,2,1,0,0,,,813.72192957
4385986995,2,2023_5_23_1_0,2023,5,23,81,1,1,0,0,,,401.98592981
4385987002,2,2023_5_23_1_0,2023,5,23,75,2,1,0,0,,,507.5875269
4385987005,2,2023_5_23_1_0,2023,5,23,59,1,1,0,0,,,664.04645582
4385987006,2,2023_5_23_1_0,2023,5,23,61,1,1,0,0,,,664.04645582
4385987007,2,2023_5_23_1_0,2023,5,23,70,1,1,0,0,,,1441.1174978
4385987009,2,2023_5_23_1_0,2023,5,23,60,1,1,0,0,,,194.13694702
4385987018,2,2023_5_23_1_0,2023,5,23,70,2,1,0,0,,,574.56842827
4385987024,2,2023_5_23_1_0,2023,5,23,50,2,1,0,0,,,1736.205825
4385987026,2,2023_5_23_1_0,2023,5,23,67,2,1,0,0,,,277.48473826
4385987028,2,2023_5_23_1_0,2023,5,23,41,1,1,0,0,,,1736.205825
4385987034,2,2023_5_23_1_0,2023,5,23,54,2,1,0,0,,,664.04645582
4385987040,2,2023_5_23_1_0,2023,5,23,73,1,1,0,0,,,277.48473826
4385987042,2,2023_5_23_1_0,2023,5,23,40,1,1,0,0,,,340.02954864
4385987044,2,2023_5_23_1_0,2023,5,23,27,1,1,0,0,,,664.04645582
4385987050,2,2023_5_23_1_0,2023,5,23,58,2,1,0,0,,,664.04645582
4385987051,2,2023_5_23_1_0,2023,5,23,69,1,1,0,0,,,725.50740191
4385987058,2,2023_5_23_1_0,2023,5,23,47,1,1,0,1.0002817339,,,525.89419131
4385987070,2,2023_5_23_1_0,2023,5,23,78,1,1,0,5.0014086694,,,725.50740191
4385987074,2,2023_5_23_1_0,2023,5,23,51,2,4,0,0,1,1,1214.7035558
4385987077,2,2023_5_23_1_0,2023,5,23,11,2,1,0,0,,,1027.4864645
4385987084,2,2023_5_23_2_1,2023,5,23,71,2,1,0,0,,,376.77084608
4385987096,2,2023_5_23_2_1,2023,5,23,58,2,1,0,0,,,422.58245618
4385987098,2,2023_5_23_2_1,2023,5,23,57,2,1,2.9991547984,3.0008452016,,,474.45217654
4385987102,2,2023_5_23_2_1,2023,5,23,57,1,1,0,0,,,434.25923079
4385987104,2,2023_5_23_2_1,2023,5,23,39,1,1,0,0,,,532.14087074
4385987106,2,2023_5_23_2_1,2023,5,23,49,2,1,0,0,,,273.10761942
4385987108,2,2023_5_23_2_1,2023,5,23,60,1,1,0,0,,,434.25923079
4385987122,2,2023_5_23_2_1,2023,5,23,57,2,1,0,0,,,344.85291857
4385987128,2,2023_5_23_2_1,2023,5,23,39,1,1,0,0,,,422.58245618
4385987132,2,2023_5_23_2_1,2023,5,23,65,2,-3,0,0,,,474.45217654
4385987134,2,2023_5_23_2_0,2023,5,23,74,2,1,0,0,1,1,3118.4995138
4385987162,2,2023_5_23_2_0,2023,5,23,55,1,1,0,0,,,2975.4140475
4385987167,2,2023_5_23_2_0,2023,5,23,39,2,1,0,0,1,1,4603.891239
4385987179,2,2023_5_23_2_0,2023,5,23,73,2,1,0,0,,,1094.1345191
4385987182,2,2023_5_23_2_0,2023,5,23,28,2,1,0,0,,,4603.891239
4385987189,2,2023_5_23_2_0,2023,5,23,54,2,1,0,0,,,3757.0545283
4385987191,2,2023_5_23_2_0,2023,5,23,55,2,1,0,0,,,4051.4242903
4385987193,2,2023_5_23_2_0,2023,5,23,69,2,1,0,0,,,4104.7894252
4385987194,2,2023_5_23_2_0,2023,5,23,56,1,1,0,0,,,12037.264436
4385987195,2,2023_5_23_2_0,2023,5,23,10,1,1,0,0,,,5813.3322459
4385987198,2,2023_5_23_2_0,2023,5,23,49,1,1,0,0,,,1243.3346808
4385987206,2,2023_5_23_2_0,2023,5,23,80,2,1,0,0,,,2248.4414212
4385987222,2,2023_5_23_2_0,2023,5,23,72,2,1,0,0,,,4104.7894252
4385987237,2,2023_5_23_2_0,2023,5,23,62,1,1,0,0,,,3612.2146942
4385987239,2,2023_5_23_2_0,2023,5,23,74,1,1,0,0,,,1569.9583716
4385987247,2,2023_5_28_1_1,2023,5,28,39,2,1,0,0,,,1115.9044864
4385987250,2,2023_5_28_1_1,2023,5,28,41,2,1,0,0,,,110.21308114
4385987253,2,2023_5_28_1_1,2023,5,28,63,2,1,0,0,,,68.909705026
4385987257,2,2023_5_28_1_1,2023,5,28,65,1,4,0,0,,,68.909705026
4385987258,2,2023_5_28_1_1,2023,5,28,52,1,1,0,0,,,164.41081211
4385987262,2,2023_5_28_1_1,2023,5,28,-3,-3,-3,0,0,1,1,100.31201478
4385987273,2,2023_5_28_1_1,2023,5,28,42,1,1,0,0,,,213.73621414
4385987276,2,2023_5_28_1_1,2023,5,28,-3,-3,-3,0,0,1,1,222.58358335
4385987281,2,2023_5_28_1_1,2023,5,28,63,2,1,0,0,,,46.135946524
4385987288,2,2023_5_28_1_1,2023,5,28,16,1,1,0,0,,1,629.15026834
4385987291,2,2023_5_28_1_1,2023,5,28,55,1,1,0,0,,,110.07518364
4385987306,2,2023_5_28_1_1,2023,5,28,50,1,1,0,0,,,164.41081211
4385987315,2,2023_5_28_1_1,2023,5,28,77,1,1,0,0,,,177.92033631
4385987316,2,2023_5_28_1_1,2023,5,28,69,2,1,0,0,,,122.37614082
4385987325,2,2023_5_28_1_1,2023,5,28,38,2,1,9.9999119131,0,,,214.00397376
4385987328,2,2023_5_28_1_1,2023,5,28,72,2,1,0,0,,,100.31201478
4385987332,2,2023_5_28_1_1,2023,5,28,53,2,1,0,0,,,110.07518364
4385987336,2,2023_5_28_1_1,2023,5,28,61,2,1,0,0,,,239.33319419
4385987341,2,2023_5_28_1_1,2023,5,28,84,1,1,0,0,,,100.31201478
4385987346,2,2023_5_28_1_1,2023,5,28,44,2,1,0,0,,,311.13629444
4385987349,2,2023_5_28_1_1,2023,5,28,-3,-3,-3,1.9999823826,1.0000088087,,,31.732960975
4385987350,2,2023_5_28_1_1,2023,5,28,27,2,1,0,0,,,239.33319419
4385987354,2,2023_5_28_1_1,2023,5,28,-3,2,3,0,0,,,255.02839783
4385987359,2,2023_5_28_1_1,2023,5,28,65,1,1,0,0,,,177.92033631
4385987370,2,2023_5_28_1_1,2023,5,28,84,1,1,0,0,,,100.31201478
4385987373,2,2023_5_28_1_1,2023,5,28,16,1,1,0,0,,,213.73621414
4385987374,2,2023_5_28_1_1,2023,5,28,-3,-3,-3,0,0,1,1,31.732960975
4385987378,2,2023_5_28_1_1,2023,5,28,22,2,1,0,0,,,239.33319419
4385987386,2,2023_5_28_1_1,2023,5,28,40,1,1,0,0,,,311.13629444
4385987391,2,2023_5_28_1_1,2023,5,28,65,2,1,0,0,,,68.909705026
4385987395,2,2023_5_28_1_1,2023,5,28,36,2,1,0.9999911913,0,,,239.63302061
4385987399,2,2023_5_28_1_1,2023,5,28,40,2,1,0,0,,,311.13629444
4385987402,2,2023_5_28_1_1,2023,5,28,69,1,1,1.9999823826,0,,,122.37614082
4385987412,2,2023_5_28_1_1,2023,5,28,-3,-3,-3,0,0,,1,266.16920493
4385987413,2,2023_5_28_1_1,2023,5,28,67,1,1,0,0,,,100.31201478
4385987421,2,2023_5_28_1_1,2023,5,28,75,1,1,0,0,,,68.909705026
4385987425,2,2023_5_28_1_1,2023,5,28,-3,-3,-3,0,0,1,1,81.932422821
4385987432,2,2023_5_28_1_1,2023,5,28,36,1,1,9.6113419928,16.927680885,,,401.90946044
4385987438,2,2023_5_28_1_1,2023,5,28,-3,-3,-3,0,0,1,1,68.909705026
4385987440,2,2023_5_28_1_1,2023,5,28,57,1,2,1.9999823826,0,,,75.711278729
4385987441,2,2023_5_28_1_1,2023,5,28,73,2,1,0,0,,,68.996032167
4385987444,2,2023_5_28_1_1,2023,5,28,67,2,4,0,0,,,202.84143042
4385987446,2,2023_5_28_1_1,2023,5,28,57,1,1,0,0,,,177.92033631
4385987453,2,2023_5_28_1_1,2023,5,28,65,1,2,0,1.0000088087,,,247.45741083
4385987456,2,2023_5_28_1_1,2023,5,28,69,1,1,0,0,,,100.31201478
4385987458,2,2023_5_28_1_1,2023,5,28,42,1,1,0,0,,,311.13629444
4385987459,2,2023_5_28_1_1,2023,5,28,5,1,2,0,0,,,629.15026834
4385987461,2,2023_5_28_1_1,2023,5,28,64,2,4,0,0,,,100.31201478
4385987469,2,2023_5_28_1_1,2023,5,28,22,2,4,0,0,,,239.33319419
4385987472,2,2023_5_28_1_1,2023,5,28,66,2,1,10.999903104,3.0000264261,,,68.996032167
4385987473,2,2023_5_28_1_1,2023,5,28,29,2,1,0,0,,,353.5880149
4385987474,2,2023_5_28_1_1,2023,5,28,21,2,1,0,0,,,130.57030437
4385987486,2,2023_5_28_1_1,2023,5,28,59,1,1,0,0,,,239.33319419
4385987487,2,2023_5_28_1_1,2023,5,28,66,2,1,0,0,,,100.31201478
4385987492,2,2023_5_28_1_1,2023,5,28,52,2,5,0,0,,,100.31201478
4385987496,2,2023_5_28_1_1,2023,5,28,60,2,1,0,0,,,164.61677896
4385987499,2,2023_5_28_1_1,2023,5,28,59,2,1,0,0,,,75.616549539
4385987503,2,2023_5_28_1_1,2023,5,28,22,1,3,0,0,,,483.95685762
4385987505,2,2023_5_28_1_1,2023,5,28,44,2,1,0,0,,,213.73621414
4385987511,2,2023_5_28_1_1,2023,5,28,77,1,1,0,0,,,100.31201478
4385987512,2,2023_5_28_1_1,2023,5,28,-3,-3,-3,0,0,1,1,68.996032167
4385987531,2,2023_5_28_1_1,2023,5,28,52,2,1,0,0,,,164.41081211
4385987532,2,2023_5_28_1_1,2023,5,28,71,1,1,0,0,,,68.996032167
4385987536,2,2023_5_28_1_1,2023,5,28,51,2,1,1.9999823826,2.0000176174,,,164.61677896
4385987537,2,2023_5_28_1_1,2023,5,28,21,2,1,0,0,,,100.31201478
4385987538,2,2023_5_28_1_1,2023,5,28,72,2,1,1.9999823826,4.0000352348,,,68.996032167
4385987542,2,2023_5_28_1_1,2023,5,28,63,1,1,0.9999911913,10.000088087,,,164.61677896
4385987545,2,2023_5_28_1_1,2023,5,28,51,2,1,2.9999735739,0,,,239.63302061
4385987553,2,2023_5_28_1_1,2023,5,28,72,2,1,0,2.0000176174,,,100.4376814
4385987559,2,2023_5_28_1_1,2023,5,28,67,2,1,0,0,,,177.92033631
4385987560,2,2023_5_28_1_1,2023,5,28,68,2,1,0,0,,,100.4376814
4385987562,2,2023_5_28_1_1,2023,5,28,32,1,1,0,0,,,239.33319419
4385987563,2,2023_5_28_1_1,2023,5,28,37,1,1,0.9999911913,0,,,311.52607272
4385987567,2,2023_5_28_1_1,2023,5,28,41,2,1,1.9999823826,3.0000264261,,,214.00397376
4385987569,2,2023_5_28_1_1,2023,5,28,65,1,1,0,0,,,31.693257014
4385987573,2,2023_5_28_1_1,2023,5,28,76,2,1,0,0,,,100.31201478
4385987574,2,2023_5_28_1_1,2023,5,28,34,1,1,0,0,,,311.13629444
4385987583,2,2023_5_28_1_1,2023,5,28,52,2,1,0,0,,,629.15026834
4385987585,2,2023_5_28_1_1,2023,5,28,52,2,1,0,0,,,75.616549539
4385987587,2,2023_5_28_1_1,2023,5,28,59,1,1,3.9999647652,4.0000352348,,,164.61677896
4385987594,2,2023_5_28_1_1,2023,5,28,73,2,1,0,0,,,68.909705026
4385987601,2,2023_5_28_1_1,2023,5,28,67,2,1,2.9999735739,0,,,68.996032167
4385987606,2,2023_5_28_1_1,2023,5,28,58,2,-3,0,0,1,1,100.31201478
4385987617,2,2023_5_28_1_1,2023,5,28,63,2,1,0,0,,,164.61677896
4385987618,2,2023_5_28_1_1,2023,5,28,66,2,1,0.9999911913,0,,,122.37614082
4385987619,2,2023_5_28_1_1,2023,5,28,57,1,1,0,0,,,164.41081211
4385987621,2,2023_5_28_1_1,2023,5,28,71,2,1,0,0,,,100.31201478
4385987622,2,2023_5_28_1_1,2023,5,28,75,2,1,0,0,,,68.909705026
4385987628,2,2023_5_28_1_1,2023,5,28,77,2,1,0,0,,,177.92033631
4385987629,2,2023_5_28_1_1,2023,5,28,55,1,1,5.9999471479,0,,,369.03435696
4385987634,2,2023_5_28_1_1,2023,5,28,38,2,1,0,0,,,629.15026834
4385987635,2,2023_5_28_1_1,2023,5,28,24,1,1,0,0,,,239.33319419
4385987638,2,2023_5_28_1_1,2023,5,28,66,2,1,0,0,,,68.996032167
4385987639,2,2023_5_28_1_1,2023,5,28,67,2,1,0,0,,,46.135946524
4385987644,2,2023_5_28_1_1,2023,5,28,80,1,2,0,0,,,100.31201478
4385987646,2,2023_5_28_1_1,2023,5,28,50,2,1,0,0,,,110.07518364
4385987649,2,2023_5_28_1_1,2023,5,28,36,2,-3,0,0,,,311.13629444
4385987650,2,2023_5_28_1_1,2023,5,28,72,2,1,0,0,,,31.732960975
4385987659,2,2023_5_28_1_1,2023,5,28,27,1,1,0,0,,,311.13629444
4385987661,2,2023_5_28_1_1,2023,5,28,78,1,1,0,0,,,100.31201478
4385987663,2,2023_5_28_1_1,2023,5,28,52,2,1,0,0,,,239.33319419
4385987664,2,2023_5_28_1_1,2023,5,28,35,2,3,0,0,,,629.15026834
4385987673,2,2023_5_28_1_1,2023,5,28,16,1,1,0,0,,,629.15026834
4385987675,2,2023_5_28_1_1,2023,5,28,56,2,1,0,0,,,222.58358335
4385987677,2,2023_5_28_1_1,2023,5,28,66,2,1,0,0,,,100.31201478
4385987680,2,2023_5_28_1_1,2023,5,28,70,1,1,0,0,,,68.909705026
4385987684,2,2023_5_28_1_1,2023,5,28,-3,-3,-3,0,0,1,1,122.22302503
4385987685,2,2023_5_28_1_1,2023,5,28,60,1,1,0,1.0000088087,,,46.193743671
4385987695,2,2023_5_28_1_1,2023,5,28,48,2,1,0,0,,,31.732960975
4385987696,2,2023_5_28_1_1,2023,5,28,55,1,1,3.9999647652,0,,,164.61677896
4385987697,2,2023_5_28_1_1,2023,5,28,34,2,1,0,0,,,311.52607272
4385987700,2,2023_5_28_1_1,2023,5,28,64,2,1,0,0,,,31.732960975
4385987701,2,2023_5_28_1_1,2023,5,28,36,2,1,0,0,,,213.73621414
4385987704,2,2023_5_28_1_1,2023,5,28,32,1,1,4.9999559566,0,,,164.61677896
4385987711,2,2023_5_28_1_1,2023,5,28,41,2,1,0,0,,,239.63302061
4385987717,2,2023_5_28_1_1,2023,5,28,65,1,4,0.9999911913,1.0000088087,,,100.4376814
4385987718,2,2023_5_28_1_1,2023,5,28,68,2,1,0,0,,,46.193743671
4385987719,2,2023_5_28_1_1,2023,5,28,59,2,1,0,0,,,164.41081211
4385987721,2,2023_5_28_1_1,2023,5,28,36,1,1,1.9999823826,0,,,239.63302061
4385987725,2,2023_5_28_1_1,2023,5,28,77,2,1,0,0,,,68.909705026
4385987726,2,2023_5_28_1_1,2023,5,28,44,1,1,9.9999119131,10.000088087,,,214.00397376
4385987727,2,2023_5_28_1_1,2023,5,28,61,2,1,0,0,,,100.31201478
4385987729,2,2023_5_28_1_1,2023,5,28,75,2,1,0,0,,,68.996032167
4385987730,2,2023_5_28_1_1,2023,5,28,-3,-3,-3,0,0,1,1,46.135946524
4385987731,2,2023_5_28_1_1,2023,5,28,54,2,1,0,0,,,75.616549539
4385987735,2,2023_5_28_1_1,2023,5,28,72,1,1,0,0,,,100.31201478
4385987741,2,2023_5_28_1_1,2023,5,28,52,2,1,0,0,,,110.07518364
4385987744,2,2023_5_28_1_1,2023,5,28,53,2,1,0,0,,,164.61677896
4385987754,2,2023_5_28_1_1,2023,5,28,76,2,1,2.9999735739,0,,,122.37614082
4385987758,2,2023_5_28_1_1,2023,5,28,84,2,1,0,0,,,46.135946524
4385987759,2,2023_5_28_1_1,2023,5,28,-3,-3,-3,0,0,1,1,68.996032167
4385987761,2,2023_5_28_1_1,2023,5,28,59,2,1,0,0,,,100.31201478
4385987764,2,2023_5_28_1_1,2023,5,28,59,2,1,9.9999119131,1.0000088087,,,164.61677896
4385987769,2,2023_5_28_1_1,2023,5,28,64,2,2,0,0,,,68.996032167
4385987774,2,2023_5_28_1_1,2023,5,28,67,2,2,4.9999559566,0,,,122.37614082
4385987775,2,2023_5_28_1_1,2023,5,28,-3,-3,-3,0,0,1,1,68.909705026
4385987781,2,2023_5_28_1_1,2023,5,28,64,2,1,0,0,,,68.909705026
4385987783,2,2023_5_28_1_1,2023,5,28,39,1,1,0,0,,,311.13629444
4385987787,2,2023_5_28_1_1,2023,5,28,70,2,1,0,4.0000352348,,,100.4376814
4385987789,2,2023_5_28_1_1,2023,5,28,39,2,1,0,0,,,311.52607272
4385987794,2,2023_5_28_1_1,2023,5,28,75,2,1,0,0,,,139.51722422
4385987798,2,2023_5_28_1_1,2023,5,28,66,2,1,0,0,,,100.31201478
4385987802,2,2023_5_28_1_1,2023,5,28,38,2,1,2.9999735739,0,,,214.00397376
4385987805,2,2023_5_28_1_1,2023,5,28,50,2,1,0,0,,,379.57226823
4385987806,2,2023_5_28_1_1,2023,5,28,68,2,2,0,0,,,100.4376814
4385987808,2,2023_5_28_1_1,2023,5,28,61,2,1,0,0,,,164.61677896
4385987813,2,2023_5_28_1_1,2023,5,28,61,2,1,0,0,,,178.14322732
4385987816,2,2023_5_28_1_1,2023,5,28,71,1,1,0,0,,,100.4376814
4385987823,2,2023_5_28_1_1,2023,5,28,50,1,1,0,0,1,1,81.932422821
4385987825,2,2023_5_28_1_1,2023,5,28,40,1,1,0,0,,,311.13629444
4385987826,2,2023_5_28_1_1,2023,5,28,56,2,1,0,10.000088087,,,100.4376814
4385987828,2,2023_5_28_1_1,2023,5,28,20,1,1,0,0,,,239.33319419
4385987829,2,2023_5_28_1_1,2023,5,28,63,2,1,0,10.000088087,,,100.4376814
4385987840,2,2023_5_28_1_1,2023,5,28,30,1,1,0,0,,,332.45593139
4385987841,2,2023_5_28_1_1,2023,5,28,57,2,1,0,0,,,311.52607272
4385987849,2,2023_5_28_1_1,2023,5,28,23,1,1,0,0,,,195.23696872
4385987851,2,2023_5_28_1_1,2023,5,28,56,1,1,0,0,,,81.829909799
4385987860,2,2023_5_28_1_1,2023,5,28,71,2,1,0,0,,,68.996032167
4385987888,2,2023_5_28_1_1,2023,5,28,71,2,1,2.9999735739,2.0000176174,,,68.996032167
4385987889,2,2023_5_28_1_1,2023,5,28,65,2,3,0,0,,,130.57030437
4385987891,2,2023_5_28_1_1,2023,5,28,50,2,1,0,2.0000176174,,,214.00397376
4385987894,2,2023_5_28_1_1,2023,5,28,55,1,1,0,0,,,213.73621414
4385987900,2,2023_5_28_1_1,2023,5,28,52,1,1,0,0,,,75.616549539
4385987903,2,2023_5_28_1_1,2023,5,28,36,1,1,11.999894296,6.0000528521,,,311.52607272
4385987906,2,2023_5_28_1_1,2023,5,28,58,2,1,0,0,,,291.97571934
4385987911,2,2023_5_28_1_1,2023,5,28,63,1,-3,0,0,1,1,239.63302061
4385987918,2,2023_5_28_1_1,2023,5,28,67,2,1,0,0,,,122.37614082
4385987921,2,2023_5_28_1_1,2023,5,28,67,1,2,0,2.0000176174,,,130.57030437
4385987925,2,2023_5_28_1_1,2023,5,28,61,2,1,0,0,,,164.41081211
4385987926,2,2023_5_28_1_1,2023,5,28,11,2,1,0,0,,,676.4943806
4385987935,2,2023_5_28_1_1,2023,5,28,53,2,1,0,0,,,110.07518364
4385987942,2,2023_5_28_1_1,2023,5,28,33,2,1,0,1.0000088087,,,253.50949971
4385987945,2,2023_5_28_1_1,2023,5,28,62,1,1,24.999779783,0,,,68.996032167
4385987952,2,2023_5_28_1_1,2023,5,28,54,2,1,0,0,,,31.693257014
4385987954,2,2023_5_28_1_1,2023,5,28,68,2,1,0,0,,,100.31201478
4385987958,2,2023_5_28_1_1,2023,5,28,90,1,1,0,0,,,31.693257014
4385987961,2,2023_5_28_1_1,2023,5,28,25,1,1,41.332847878,13.333411633,,,233.64524057
4385987967,2,2023_5_28_1_1,2023,5,28,29,1,1,0,0,,,311.13629444
4385987969,2,2023_5_28_1_1,2023,5,28,17,2,1,0,0,,,676.4943806
4385987970,2,2023_5_28_1_1,2023,5,28,67,1,1,0,0,,,68.909705026
4385987972,2,2023_5_28_1_1,2023,5,28,64,1,1,0,0,,,81.932422821
4385987981,2,2023_5_28_1_1,2023,5,28,27,1,1,0,2.0000176174,,,264.02687023
4385987986,2,2023_5_28_1_1,2023,5,28,50,1,1,0,0,,,110.07518364
4385987987,2,2023_5_28_1_1,2023,5,28,55,2,-3,0,0,,,164.41081211
4385987989,2,2023_5_28_1_1,2023,5,28,33,2,1,0,0,,,311.52607272
4385988006,2,2023_5_28_1_1,2023,5,28,27,1,1,0,10.000088087,,,629.93844097
4385988009,2,2023_5_28_1_1,2023,5,28,56,2,1,0,0,,,164.61677896
4385988034,2,2023_5_28_1_0,2023,5,28,-3,1,-3,0,0,,,559.86085397
4385988040,2,2023_5_28_1_0,2023,5,28,78,2,2,0,0,,,249.94683905
4385988045,2,2023_5_28_1_0,2023,5,28,81,2,2,0,0,,,140.92077125
4385988048,2,2023_5_28_1_0,2023,5,28,23,1,1,0,0,,,679.87442756
4385988084,2,2023_5_28_1_0,2023,5,28,42,1,2,0,0,,,883.84568129
4385988096,2,2023_5_28_1_0,2023,5,28,44,1,2,0,0,,,883.84568129
4385988128,2,2023_5_28_1_0,2023,5,28,23,1,1,0,0,,,883.84568129
4385988141,2,2023_5_28_1_0,2023,5,28,79,2,1,0,0,,,140.92077125
4385988147,2,2023_5_28_1_0,2023,5,28,49,2,2,0,0,,,336.2211235
4385988150,2,2023_5_28_1_0,2023,5,28,54,2,1,0,0,,,679.87442756
4385988174,2,2023_5_28_1_0,2023,5,28,16,1,2,0,0,,,883.84568129
4385988184,2,2023_5_28_1_0,2023,5,28,71,2,1,0,0,,,249.94683905
4385988198,2,2023_5_28_1_0,2023,5,28,56,1,1,0,0,,,249.94683905
4385988215,2,2023_5_28_1_0,2023,5,28,71,1,1,0,0,,,249.94683905
4385988218,2,2023_5_28_1_0,2023,5,28,70,1,1,0,0,,,140.92077125
4385988226,2,2023_5_28_1_0,2023,5,28,65,2,2,0,0,1,1,64.812905818
4385988243,2,2023_5_28_1_0,2023,5,28,-3,-3,-3,0,0,,,373.92100761
4385988250,2,2023_5_28_1_0,2023,5,28,28,1,1,0,0,,,883.84568129
4385988252,2,2023_5_28_1_0,2023,5,28,60,1,1,0,0,,,336.2211235
4385988256,2,2023_5_28_1_0,2023,5,28,21,1,2,0,0,,,154.63630959
4385988262,2,2023_5_28_1_0,2023,5,28,46,2,1,0,0,,,286.36970866
4385988270,2,2023_5_28_1_0,2023,5,28,49,1,1,0,0,,,154.63630959
4385988276,2,2023_5_28_1_0,2023,5,28,39,1,1,0,0,,,183.42835636
4385988278,2,2023_5_28_1_0,2023,5,28,78,2,1,0,0,,,75.221978128
4385988279,2,2023_5_28_1_0,2023,5,28,57,1,1,0,0,,,101.18638865
4385988293,2,2023_5_28_1_0,2023,5,28,90,1,1,0,0,,,249.94683905
4385988294,2,2023_5_28_1_0,2023,5,28,74,1,1,0,0,,,166.93500402
4385988296,2,2023_5_28_1_0,2023,5,28,76,2,1,0,0,,,140.92077125
4385988297,2,2023_5_28_1_0,2023,5,28,57,1,1,1.9999823826,2.0000176174,,,154.83003137
4385988306,2,2023_5_28_1_0,2023,5,28,18,1,1,0,0,,,883.84568129
4385988307,2,2023_5_28_1_0,2023,5,28,77,1,1,0,0,,,159.94775439
4385988310,2,2023_5_28_1_0,2023,5,28,63,2,1,0,0,,,92.21161554
4385988313,2,2023_5_28_1_0,2023,5,28,62,1,1,0,0,,,140.92077125
4385988320,2,2023_5_28_1_0,2023,5,28,80,2,5,0,0,,,140.92077125
4385988328,2,2023_5_28_1_0,2023,5,28,65,1,2,0,0,,,140.92077125
4385988334,2,2023_5_28_1_0,2023,5,28,51,1,1,0,0,,,437.0918745
4385988339,2,2023_5_28_1_0,2023,5,28,56,1,1,0,0,,,336.2211235
4385988340,2,2023_5_28_1_0,2023,5,28,58,1,1,0,0,,,179.47118635
4385988345,2,2023_5_28_1_0,2023,5,28,48,2,1,0,0,,,336.2211235
4385988346,2,2023_5_28_1_0,2023,5,28,30,1,1,0,0,,,437.0918745
4385988352,2,2023_5_28_1_0,2023,5,28,83,1,1,0,0,,,249.94683905
4385988354,2,2023_5_28_1_0,2023,5,28,51,1,1,0,0,,,336.2211235
4385988356,2,2023_5_28_1_0,2023,5,28,15,2,2,0,0,,,437.0918745
4385988358,2,2023_5_28_1_0,2023,5,28,54,2,1,0,0,,,64.812905818
4385988366,2,2023_5_28_1_0,2023,5,28,43,1,2,0,0,,,140.92077125
4385988367,2,2023_5_28_1_0,2023,5,28,0,2,1,0,0,,1,437.0918745
4385988372,2,2023_5_28_1_0,2023,5,28,-3,-3,-3,0,0,1,1,140.92077125
4385988377,2,2023_5_28_1_0,2023,5,28,51,2,1,0,0,,,336.2211235
4385988380,2,2023_5_28_1_0,2023,5,28,-3,-3,-3,0,0,,,322.69480969
4385988386,2,2023_5_28_1_0,2023,5,28,87,2,1,0,0,,,249.94683905
4385988410,2,2023_5_28_1_0,2023,5,28,-3,-3,-3,0,0,1,1,140.92077125
4385988415,2,2023_5_28_1_0,2023,5,28,-3,-3,-3,0,0,1,1,92.21161554
4385988420,2,2023_5_28_1_0,2023,5,28,38,2,1,0,0,,,437.63944456
4385988423,2,2023_5_28_1_0,2023,5,28,68,1,1,0,0,,,92.21161554
4385988430,2,2023_5_28_1_0,2023,5,28,6,2,1,0,0,,,437.0918745
4385988439,2,2023_5_28_1_0,2023,5,28,65,2,1,0,0,,,140.92077125
4385988442,2,2023_5_28_1_0,2023,5,28,81,1,1,0,0,,,140.92077125
4385988457,2,2023_5_28_1_0,2023,5,28,69,1,1,0,0,,,92.21161554
4385988464,2,2023_5_28_1_0,2023,5,28,54,2,1,0,0,,,249.94683905
4385988477,2,2023_5_28_1_0,2023,5,28,75,2,1,0,0,,,249.94683905
4385988482,2,2023_5_28_1_0,2023,5,28,55,2,1,0,0,,,336.2211235
4385988483,2,2023_5_28_1_0,2023,5,28,70,2,1,0,0,,,249.94683905
4385988493,2,2023_5_28_1_0,2023,5,28,44,2,1,0,0,,,437.0918745
4385988495,2,2023_5_28_1_0,2023,5,28,69,2,1,0,0,,,249.94683905
4385988502,2,2023_5_28_1_0,2023,5,28,58,2,1,0,0,,,437.0918745
4385988503,2,2023_5_28_1_0,2023,5,28,-3,-3,-3,0,0,1,1,316.046649
4385988507,2,2023_5_28_1_0,2023,5,28,76,1,1,0,0,,,249.94683905
4385988513,2,2023_5_28_1_0,2023,5,28,84,1,1,0,0,,,249.94683905
4385988520,2,2023_5_28_1_0,2023,5,28,-3,-3,-3,0,0,1,1,140.92077125
4385988523,2,2023_5_28_1_0,2023,5,28,7,2,1,0,0,,,437.0918745
4385988529,2,2023_5_28_1_0,2023,5,28,29,1,2,11.999894296,12.000105704,,,680.72614526
4385988530,2,2023_5_28_1_0,2023,5,28,56,2,1,0,0,,,437.0918745
4385988531,2,2023_5_28_1_0,2023,5,28,63,2,1,0,0,,,183.19885265
4385988532,2,2023_5_28_1_0,2023,5,28,31,1,1,0,0,,,437.0918745
4385988534,2,2023_5_28_1_0,2023,5,28,65,2,1,0,0,,,249.94683905
4385988535,2,2023_5_28_1_0,2023,5,28,32,2,1,0,0,,,437.0918745
4385988536,2,2023_5_28_1_0,2023,5,28,38,1,1,2.9999735739,3.0000264261,,,286.36970866
4385988542,2,2023_5_28_1_0,2023,5,28,37,2,1,0,0,,,336.2211235
4385988556,2,2023_5_28_1_0,2023,5,28,56,2,1,0,0,,,154.63630959
4385988560,2,2023_5_28_1_0,2023,5,28,61,2,1,0,0,,,154.63630959
4385988562,2,2023_5_28_1_0,2023,5,28,70,1,1,0,0,,,140.92077125
4385988563,2,2023_5_28_1_0,2023,5,28,71,1,1,0,0,,,140.92077125
4385988584,2,2023_5_28_1_0,2023,5,28,27,2,1,0,0,,,437.0918745
4385988588,2,2023_5_28_1_0,2023,5,28,30,2,1,0,0,,,437.63944456
4385988591,2,2023_5_28_1_0,2023,5,28,59,1,1,0,0,,,114.95665824
4385988597,2,2023_5_28_1_0,2023,5,28,57,1,1,0,0,,,336.2211235
4385988605,2,2023_5_28_1_0,2023,5,28,58,2,1,0,0,,,336.2211235
4385988611,2,2023_5_28_1_0,2023,5,28,61,1,1,0,0,,,336.2211235
4385988612,2,2023_5_28_1_0,2023,5,28,65,1,1,0.9999911913,0,,,141.09731079
4385988617,2,2023_5_28_1_0,2023,5,28,71,1,1,0,0,,,140.92077125
4385988623,2,2023_5_28_1_0,2023,5,28,63,1,1,0,0,,,183.19885265
4385988626,2,2023_5_28_1_0,2023,5,28,10,1,2,0,0,,,950.35584788
4385988630,2,2023_5_28_1_0,2023,5,28,35,1,1,0,0,,,154.63630959
4385988634,2,2023_5_28_1_0,2023,5,28,35,1,1,4.9999559566,7.0000616608,,,597.09214458
4385988636,2,2023_5_28_1_0,2023,5,28,70,1,1,0,0,,,140.92077125
4385988637,2,2023_5_28_1_0,2023,5,28,34,1,1,0,5.0000440434,,,437.63944456
4385988638,2,2023_5_28_1_0,2023,5,28,32,1,1,0,0,,,336.2211235
4385988641,2,2023_5_28_1_0,2023,5,28,78,1,1,0,0,,,140.92077125
4385988643,2,2023_5_28_1_0,2023,5,28,58,2,1,0,0,,,336.2211235
4385988644,2,2023_5_28_1_0,2023,5,28,67,2,1,0,0,,,140.92077125
4385988653,2,2023_5_28_1_0,2023,5,28,51,1,1,0,0,,,140.92077125
4385988656,2,2023_5_28_1_0,2023,5,28,56,1,1,0,0,,,336.2211235
4385988668,2,2023_5_28_1_0,2023,5,28,42,1,1,0,0,,,249.94683905
4385988674,2,2023_5_28_1_0,2023,5,28,74,2,1,0,0,,,140.92077125
4385988682,2,2023_5_28_1_0,2023,5,28,70,2,5,0,0,,,64.894100664
4385988688,2,2023_5_28_1_0,2023,5,28,61,2,1,0,0,,,140.92077125
4385988689,2,2023_5_28_1_0,2023,5,28,66,1,1,0,0,,,114.95665824
4385988693,2,2023_5_28_1_0,2023,5,28,51,2,1,0,0,,,140.92077125
4385988694,2,2023_5_28_1_0,2023,5,28,62,1,1,0,0,,,437.0918745
4385988695,2,2023_5_28_1_0,2023,5,28,18,2,2,0,0,,,64.894100664
4385988696,2,2023_5_28_1_0,2023,5,28,82,2,1,0,0,,,140.92077125
4385988707,2,2023_5_28_1_0,2023,5,28,37,2,1,0,0,,,437.0918745
4385988714,2,2023_5_28_1_0,2023,5,28,65,1,1,0,0,,,140.92077125
4385988727,2,2023_5_28_1_0,2023,5,28,51,1,1,0,0,,,437.0918745
4385988728,2,2023_5_28_1_0,2023,5,28,16,2,2,0,0,,,950.35584788
4385988735,2,2023_5_28_1_0,2023,5,28,22,2,1,0,0,,,437.0918745
4385988745,2,2023_5_28_1_0,2023,5,28,64,1,1,0,0,,,92.21161554
4385988752,2,2023_5_28_1_0,2023,5,28,52,1,1,0,0,,,114.95665824
4385988768,2,2023_5_28_1_0,2023,5,28,66,2,2,0,0,,,183.19885265
4385988783,2,2023_5_28_1_0,2023,5,28,-3,-3,-3,0,0,,,550.83723641
4385988805,2,2023_5_28_1_0,2023,5,28,76,1,1,0,0,,,140.92077125
4385988808,2,2023_5_28_1_0,2023,5,28,65,2,1,0,0,,,64.812905818
4385988820,2,2023_5_28_1_0,2023,5,28,35,1,2,0,0,,,517.77983598
4385988849,2,2023_5_28_1_0,2023,5,28,-3,-3,-3,0,0,1,1,64.812905818
4385988863,2,2023_5_28_1_0,2023,5,28,62,2,5,0,0,,,92.21161554
4385988874,2,2023_5_28_1_0,2023,5,28,52,1,2,0,0,,,154.63630959
4385988877,2,2023_5_28_1_0,2023,5,28,43,2,1,0,0,,,437.0918745
4385988886,2,2023_5_28_1_0,2023,5,28,40,2,1,0,0,,,883.84568129
4385988896,2,2023_5_28_1_0,2023,5,28,-3,-3,-3,0,0,1,1,336.2211235
4385988898,2,2023_5_28_1_0,2023,5,28,49,2,4,0,0,,,140.92077125
4385988900,2,2023_5_28_1_0,2023,5,28,60,2,1,0,0,,,64.812905818
4385988906,2,2023_5_28_1_0,2023,5,28,79,1,1,0,0,,,92.21161554
4385988908,2,2023_5_28_1_0,2023,5,28,68,2,1,0,0,,,183.42835636
4385988917,2,2023_5_28_1_0,2023,5,28,72,1,1,0,0,,,64.812905818
4385988927,2,2023_5_28_1_0,2023,5,28,51,1,1,0,0,,,154.63630959
4385988928,2,2023_5_28_1_0,2023,5,28,77,1,1,0,0,,,140.92077125
4385988939,2,2023_5_28_1_0,2023,5,28,38,2,1,0,0,,,64.812905818
4385988955,2,2023_5_28_1_0,2023,5,28,45,1,2,0,10.000088087,,,131.22268786
4385988958,2,2023_5_28_1_0,2023,5,28,69,1,2,0,0,,,232.45443772
4385988972,2,2023_5_28_1_0,2023,5,28,73,2,1,0,0,,,140.92077125
4385988975,2,2023_5_28_1_0,2023,5,28,51,1,1,0,0,,,336.2211235
4385988976,2,2023_5_28_1_0,2023,5,28,35,1,1,0,0,,,437.0918745
4385988984,2,2023_5_28_1_0,2023,5,28,43,2,2,0,0,,,336.2211235
4385988993,2,2023_5_28_1_0,2023,5,28,70,1,1,6.9999383392,0,,,141.09731079
4385988994,2,2023_5_28_1_0,2023,5,28,-3,-3,-3,0.9999911913,0,1,,680.47271703
4385988996,2,2023_5_28_1_0,2023,5,28,79,2,1,0,0,,,183.19885265
4385989005,2,2023_5_28_1_0,2023,5,28,76,2,1,0,0,,,284.95660144
4385989010,2,2023_5_28_1_0,2023,5,28,69,1,1,0,0,,,140.92077125
4385989011,2,2023_5_28_1_0,2023,5,28,66,1,1,0,0,,,140.92077125
4385989012,2,2023_5_28_1_0,2023,5,28,65,1,-3,0,0,,,159.94775439
4385989020,2,2023_5_28_1_0,2023,5,28,35,2,1,0,0,,,437.0918745
4385989031,2,2023_5_28_1_0,2023,5,28,54,2,1,0,0,,,114.95665824
4385989038,2,2023_5_28_1_0,2023,5,28,21,1,1,0,0,,,336.2211235
4385989039,2,2023_5_28_1_0,2023,5,28,20,2,2,0,0,,,336.2211235
4385989051,2,2023_5_28_1_0,2023,5,28,81,2,1,0,0,,,140.92077125
4385989059,2,2023_5_28_1_0,2023,5,28,63,1,1,0,0,,,336.2211235
4385989075,2,2023_5_28_1_0,2023,5,28,41,1,1,0,0,,,312.69086062
4385989079,2,2023_5_28_1_0,2023,5,28,26,1,1,0.9999911913,0,,,64.894100664
4385989080,2,2023_5_28_1_0,2023,5,28,57,2,1,0,0,,,336.2211235
4385989082,2,2023_5_28_1_0,2023,5,28,57,2,1,0,0,,,336.2211235
4385989083,2,2023_5_28_1_0,2023,5,28,81,2,1,0,0,,,64.812905818
4385989086,2,2023_5_28_1_0,2023,5,28,64,1,1,0,0,,,679.87442756
4385989088,2,2023_5_28_1_0,2023,5,28,-3,2,1,0,0,,,296.08748384
4385989089,2,2023_5_28_1_0,2023,5,28,58,1,1,0,0,,,336.2211235
4385989090,2,2023_5_28_1_0,2023,5,28,79,2,1,0,0,,,64.812905818
4385989091,2,2023_5_28_1_0,2023,5,28,30,1,1,0,5.0000440434,,,884.95292548
4385989097,2,2023_5_28_1_0,2023,5,28,41,1,5,0,0,,,131.05850335
4385989100,2,2023_5_28_1_0,2023,5,28,30,2,1,0,0,,,154.63630959
4385989109,2,2023_5_28_1_0,2023,5,28,75,1,1,0,0,,,249.94683905
4385989114,2,2023_5_28_1_0,2023,5,28,51,2,1,0,0,,,336.2211235
4385989120,2,2023_5_28_1_0,2023,5,28,36,1,2,0,1.0000088087,,,884.95292548
4385989131,2,2023_5_28_1_0,2023,5,28,-3,-3,-3,0,10.000088087,,,285.31358293
4385989133,2,2023_5_28_1_0,2023,5,28,76,1,1,0,0,,,284.95660144
4385989138,2,2023_5_28_1_0,2023,5,28,69,1,1,0,0,,,140.92077125
4385989156,2,2023_5_28_1_0,2023,5,28,55,2,2,0,0,,,679.87442756
4385989158,2,2023_5_28_1_0,2023,5,28,64,1,1,0,0,,,140.92077125
4385989168,2,2023_5_28_1_0,2023,5,28,40,2,1,0,0,,,336.2211235
4385989195,2,2023_5_28_1_0,2023,5,28,82,2,1,0,0,,,140.92077125
4385989197,2,2023_5_28_1_0,2023,5,28,30,1,1,0,0,,,336.2211235
4385989198,2,2023_5_28_1_0,2023,5,28,70,1,1,0,0,,,140.92077125
4385989199,2,2023_5_28_1_0,2023,5,28,59,2,-3,0,0,,,296.08748384
4385989205,2,2023_5_28_1_0,2023,5,28,54,2,4,0,0,,,336.2211235
4385989206,2,2023_5_28_1_0,2023,5,28,64,2,1,0,0,,,220.28216675
4385989208,2,2023_5_28_1_0,2023,5,28,72,2,1,0,0,,,64.812905818
4385989210,2,2023_5_28_1_0,2023,5,28,35,1,1,0,0,,,336.2211235
4385989211,2,2023_5_28_1_0,2023,5,28,73,1,1,0,0,,,166.93500402
4385989216,2,2023_5_28_1_0,2023,5,28,40,2,1,0,0,,,370.44732282
4385989219,2,2023_5_28_1_0,2023,5,28,-3,1,-3,0,0,,,140.92077125
4385989220,2,2023_5_28_1_0,2023,5,28,74,2,1,0,0,,,249.94683905
4385989231,2,2023_5_28_1_0,2023,5,28,56,2,1,0,0,,,596.3450689
4385989235,2,2023_5_28_1_0,2023,5,28,67,1,1,0,0,,,140.92077125
4385989244,2,2023_5_28_1_0,2023,5,28,54,2,2,0,0,,,140.92077125
4385989257,2,2023_5_28_1_0,2023,5,28,78,1,1,0,2.0000176174,,,92.32713432
4385989281,2,2023_5_28_1_0,2023,5,28,63,1,3,0,0,,,284.95660144
4385989283,2,2023_5_28_1_0,2023,5,28,83,1,1,0,0,,,249.94683905
4385989295,2,2023_5_28_1_0,2023,5,28,27,1,1,0,0,,,578.34510438
4385989297,2,2023_5_28_1_0,2023,5,28,84,2,1,0,0,,,140.92077125
4385989307,2,2023_5_28_1_0,2023,5,28,29,1,1,0,0,,,679.87442756
4385989316,2,2023_5_28_1_0,2023,5,28,33,2,1,0,0,,,679.87442756
4385989323,2,2023_5_28_1_0,2023,5,28,50,1,1,0.9999911913,1.0000088087,,,286.36970866
4385989345,2,2023_5_28_1_0,2023,5,28,49,2,2,0,0,,,883.84568129
4385989353,2,2023_5_28_1_0,2023,5,28,82,1,1,0,0,,,159.94775439
4385989359,2,2023_5_28_1_0,2023,5,28,58,1,1,0,0,,,220.00655192
4385989360,2,2023_5_28_1_0,2023,5,28,58,1,1,0,0,,,140.92077125
4385989362,2,2023_5_28_1_0,2023,5,28,61,2,1,0,0,,,336.2211235
4385989363,2,2023_5_28_1_0,2023,5,28,64,2,1,0,0,,,64.812905818
4385989384,2,2023_5_28_1_0,2023,5,28,57,1,1,0,0,,,437.0918745
4385989400,2,2023_5_28_1_0,2023,5,28,38,1,1,0,2.0000176174,,,884.95292548
4385989411,2,2023_5_28_1_0,2023,5,28,19,1,1,0,0,,,679.87442756
4385989419,2,2023_5_28_1_0,2023,5,28,22,1,-3,0,0,,,1003.1816509
4385989422,2,2023_5_28_1_0,2023,5,28,80,1,1,0,0,,,284.95660144
4385989424,2,2023_5_28_1_0,2023,5,28,70,2,1,0,0,,,141.09731079
4385989426,2,2023_5_28_1_0,2023,5,28,17,1,1,0,0,,,370.44732282
4385989428,2,2023_5_28_1_0,2023,5,28,45,1,1,0,1.0000088087,,,579.06963047
4385989433,2,2023_5_28_1_0,2023,5,28,80,2,1,0,0,,,92.21161554
4385989452,2,2023_5_28_1_0,2023,5,28,60,2,1,0,0,,,154.63630959
4385989453,2,2023_5_28_1_0,2023,5,28,19,2,4,0,0,,,220.28216675
4385989456,2,2023_5_28_1_0,2023,5,28,26,2,1,0,0,,,336.2211235
4385989466,2,2023_5_28_1_0,2023,5,28,76,2,1,0,0,,,140.92077125
4385989467,2,2023_5_28_1_0,2023,5,28,64,2,1,0,0,,,336.2211235
4385989471,2,2023_5_28_1_0,2023,5,28,56,2,2,0,0,,,131.05850335
4385989483,2,2023_5_28_1_0,2023,5,28,70,1,1,0,0,,,140.92077125
4385989496,2,2023_5_28_1_0,2023,5,28,72,2,1,0,0,,,284.95660144
4385989497,2,2023_5_28_1_0,2023,5,28,53,2,4,0,0,,,154.63630959
4385989504,2,2023_5_28_1_0,2023,5,28,25,1,3,0,0,,,336.2211235
4385989507,2,2023_5_28_1_0,2023,5,28,70,2,4,0,0,,,140.92077125
4385989510,2,2023_5_28_1_0,2023,5,28,24,2,4,0,0,,,336.64232699
4385989511,2,2023_5_28_1_0,2023,5,28,42,1,4,0,0,,,336.2211235
4385989552,2,2023_5_28_1_0,2023,5,28,45,1,2,0,0,,,437.0918745
4385989556,2,2023_5_28_1_0,2023,5,28,57,1,1,6.9999383392,14.000123322,,,313.0825864
4385989574,2,2023_5_28_1_0,2023,5,28,73,1,2,0,0,,,64.812905818
4385989576,2,2023_5_28_1_0,2023,5,28,35,1,1,0,0,,,884.95292548
4385989586,2,2023_5_28_1_0,2023,5,28,27,1,2,0,0,,,883.84568129
4385989594,2,2023_5_28_1_0,2023,5,28,72,2,1,0,0,,,284.95660144
4385989599,2,2023_5_28_1_0,2023,5,28,76,1,2,0,0,,,159.94775439
4385989605,2,2023_5_28_1_0,2023,5,28,49,1,1,0,0,,,679.87442756
4385989627,2,2023_5_28_1_0,2023,5,28,73,2,1,0,0,,,183.19885265
4385989629,2,2023_5_28_1_0,2023,5,28,21,2,1,0,3.0000264261,,,274.61726605
4385989630,2,2023_5_28_1_0,2023,5,28,29,1,1,0,0,,,220.00655192
4385989631,2,2023_5_28_1_0,2023,5,28,34,2,1,0,0,,,336.2211235
4385989636,2,2023_5_28_1_0,2023,5,28,74,1,1,0,0,,,140.92077125
4385989637,2,2023_5_28_1_0,2023,5,28,59,1,1,0,0,,,336.2211235
4385989638,2,2023_5_28_1_0,2023,5,28,71,2,1,0,0,,,92.32713432
4385989639,2,2023_5_28_1_0,2023,5,28,-3,-3,-3,0,0,1,1,336.2211235
4385989640,2,2023_5_28_1_0,2023,5,28,52,1,1,0,0,,,154.63630959
4385989643,2,2023_5_28_1_0,2023,5,28,55,2,1,0,0,,,336.2211235
4385989652,2,2023_5_28_1_0,2023,5,28,39,1,1,0,0,,,437.0918745
4385989664,2,2023_5_28_1_0,2023,5,28,65,2,1,0,0,,,140.92077125
4385989665,2,2023_5_28_1_0,2023,5,28,50,2,3,0,0,,,154.63630959
4385989669,2,2023_5_28_1_0,2023,5,28,52,1,1,0,0,,,336.2211235
4385989670,2,2023_5_28_1_0,2023,5,28,48,1,1,0,0,,,140.92077125
4385989674,2,2023_5_28_1_0,2023,5,28,64,1,1,0,0,,,249.94683905
4385989675,2,2023_5_28_1_0,2023,5,28,62,1,1,0,2.0000176174,,,154.83003137
4385989682,2,2023_5_28_1_0,2023,5,28,28,1,2,0,0,,,336.2211235
4385989686,2,2023_5_28_1_0,2023,5,28,54,2,3,0,0,,,154.63630959
4385989689,2,2023_5_28_1_0,2023,5,28,34,1,1,0,3.0000264261,,,884.95292548
4385989692,2,2023_5_28_1_0,2023,5,28,82,2,1,0,0,,,140.92077125
4385989696,2,2023_5_28_1_0,2023,5,28,63,1,1,0,0,,,114.95665824
4385989702,2,2023_5_28_1_0,2023,5,28,52,2,4,0,0,,,437.63944456
4385989704,2,2023_5_28_1_0,2023,5,28,55,1,1,0,0,,,336.2211235
4385989707,2,2023_5_28_1_0,2023,5,28,83,1,3,0,0,,,249.94683905
4385989709,2,2023_5_28_1_0,2023,5,28,-3,1,-3,0,10.000088087,,,664.04303813
4385989728,2,2023_5_28_1_0,2023,5,28,52,1,1,0,0,,,336.2211235
4385989735,2,2023_5_28_1_0,2023,5,28,85,-3,3,39.999647652,40.000352348,,,1.0003281115
4385989744,2,2023_5_28_1_0,2023,5,28,75,1,1,0,0,,,140.92077125
4385989748,2,2023_5_28_1_0,2023,5,28,52,2,1,0,0,,,183.42835636
4385989759,2,2023_5_28_1_0,2023,5,28,76,2,2,0,0,,,159.94775439
4385989780,2,2023_5_28_1_0,2023,5,28,-3,1,2,0,0,,,140.92077125
4385989802,2,2023_5_28_1_0,2023,5,28,54,1,2,0,0,,,140.92077125
4385989803,2,2023_5_28_1_0,2023,5,28,-3,-3,-3,0,0,1,1,249.94683905
4385989805,2,2023_5_28_1_0,2023,5,28,28,1,2,0,0,,,163.75779934
4385989812,2,2023_5_28_1_0,2023,5,28,71,1,1,0,0,,,92.21161554
4385989822,2,2023_5_28_1_0,2023,5,28,74,1,1,0,0,,,64.894100664
4385989823,2,2023_5_28_1_0,2023,5,28,65,2,1,0,0,,,42.410374995
4385989828,2,2023_5_28_1_0,2023,5,28,38,1,1,0,0,,,437.0918745
4385989836,2,2023_5_28_1_0,2023,5,28,91,1,3,0,0,,,140.92077125
4385989838,2,2023_5_28_1_0,2023,5,28,28,1,1,0,0,,,437.0918745
4385989841,2,2023_5_28_1_0,2023,5,28,60,2,1,0,0,,,336.2211235
4385989843,2,2023_5_28_1_0,2023,5,28,77,2,1,0,0,,,249.94683905
4385989848,2,2023_5_28_1_0,2023,5,28,35,1,1,0,0,,,336.2211235
4385989853,2,2023_5_28_1_0,2023,5,28,73,2,1,0,0,,,159.94775439
4385989854,2,2023_5_28_1_0,2023,5,28,47,2,1,0,0,,,154.63630959
4385989855,2,2023_5_28_1_0,2023,5,28,47,1,-3,0,0,,,140.92077125
4385989862,2,2023_5_28_1_0,2023,5,28,82,1,1,0,0,,,249.94683905
4385989868,2,2023_5_28_1_0,2023,5,28,65,1,1,1.9999823826,3.0000264261,,,64.894100664
4385989877,2,2023_5_28_1_0,2023,5,28,67,2,1,0,0,,,140.92077125
4385989880,2,2023_5_28_1_0,2023,5,28,40,1,3,0,4.0000352348,,,680.72614526
4385989887,2,2023_5_28_1_0,2023,5,28,21,2,1,0,0,,,336.2211235
4385989892,2,2023_5_28_1_0,2023,5,28,23,1,2,0,0,,,336.2211235
4385989893,2,2023_5_28_1_0,2023,5,28,50,2,1,0,0,,,154.83003137
4385989904,2,2023_5_28_1_0,2023,5,28,26,1,4,0,0,,,154.63630959
4385989905,2,2023_5_28_1_0,2023,5,28,51,1,1,0,0,,,286.36970866
4385989906,2,2023_5_28_1_0,2023,5,28,19,2,5,0,0,,,437.0918745
4385989910,2,2023_5_28_1_0,2023,5,28,27,1,1,4.9999559566,2.0000176174,,,154.83003137
4385989911,2,2023_5_28_1_0,2023,5,28,74,2,1,0,0,,,140.92077125
4385989913,2,2023_5_28_1_0,2023,5,28,45,1,2,0,0,,,437.0918745
4385989924,2,2023_5_28_1_0,2023,5,28,56,1,1,0,0,,,286.01140576
4385989938,2,2023_5_28_1_0,2023,5,28,14,1,1,0,2.0000176174,,,437.63944456
4385989942,2,2023_5_28_1_0,2023,5,28,37,1,2,0,0,,,336.2211235
4385989952,2,2023_5_28_1_0,2023,5,28,35,2,1,0,0,,,183.19885265
4385989954,2,2023_5_28_1_0,2023,5,28,11,2,1,0,0,,,437.0918745
4385989955,2,2023_5_28_1_0,2023,5,28,62,1,1,0,3.0000264261,,,336.64232699
4385989965,2,2023_5_28_1_0,2023,5,28,83,2,1,0,0,1,1,296.08748384
4385989966,2,2023_5_28_1_0,2023,5,28,33,1,1,0,0,,,336.2211235
4385989968,2,2023_5_28_1_0,2023,5,28,65,2,1,0,0,,,249.94683905
4385989971,2,2023_5_28_1_0,2023,5,28,64,1,1,0,0,,,596.3450689
4385989973,2,2023_5_28_1_0,2023,5,28,40,2,1,0,0,,,336.64232699
4385989979,2,2023_5_28_1_0,2023,5,28,28,1,2,0,0,,,437.0918745
4385989980,2,2023_5_28_1_0,2023,5,28,16,1,1,0,2.0000176174,,,183.42835636
4385989986,2,2023_5_28_1_0,2023,5,28,61,1,1,0,0,,,220.00655192
4385989988,2,2023_5_28_1_0,2023,5,28,48,2,1,0,7.0000616608,,,336.64232699
4385989992,2,2023_5_28_1_0,2023,5,28,70,2,1,0,0,,,140.92077125
4385989993,2,2023_5_28_1_0,2023,5,28,56,1,1,0,0,,,336.2211235
4385989996,2,2023_5_28_1_0,2023,5,28,80,2,1,0,0,,,140.92077125
4385989998,2,2023_5_28_1_0,2023,5,28,31,1,1,0,0,,,437.0918745
4385990022,2,2023_5_28_1_0,2023,5,28,39,1,1,0,10.000088087,,,437.63944456
4385990037,2,2023_5_28_1_0,2023,5,28,48,1,1,0,0,,,284.95660144
4385990050,2,2023_5_28_1_0,2023,5,28,59,2,1,0,0,,,336.2211235
4385990051,2,2023_5_28_1_0,2023,5,28,-3,-3,-3,0,0,1,1,114.95665824
4385990052,2,2023_5_28_1_0,2023,5,28,74,2,1,0,0,,,140.92077125
4385990057,2,2023_5_28_1_0,2023,5,28,37,1,1,0,0,,,249.94683905
4385990067,2,2023_5_28_1_0,2023,5,28,60,1,1,0,0,,,336.2211235
4385990069,2,2023_5_28_1_0,2023,5,28,69,2,1,0,0,,,140.92077125
4385990075,2,2023_5_28_1_0,2023,5,28,70,2,1,0,0,,,140.92077125
4385990079,2,2023_5_28_1_0,2023,5,28,64,1,1,0,0,,,336.2211235
4385990081,2,2023_5_28_1_0,2023,5,28,37,1,1,0,12.000105704,,,42.463504904
4385990084,2,2023_5_28_1_0,2023,5,28,68,2,1,0,0,,,140.92077125
4385990085,2,2023_5_28_1_0,2023,5,28,66,1,1,0,0,,,249.94683905
4385990086,2,2023_5_28_1_0,2023,5,28,46,1,1,0,0,,,437.0918745
4385990099,2,2023_5_28_1_0,2023,5,28,57,1,2,0,0,,,679.87442756
4385990109,2,2023_5_28_1_0,2023,5,28,-3,-3,-3,0,0,1,1,220.28216675
4385990114,2,2023_5_28_1_0,2023,5,28,52,2,1,0,0,,,336.2211235
4385990122,2,2023_5_28_1_0,2023,5,28,-3,-3,-3,0,0,1,1,64.812905818
4385990123,2,2023_5_28_1_0,2023,5,28,66,2,1,0,0,,,140.92077125
4385990135,2,2023_5_28_1_0,2023,5,28,71,2,1,0,0,,,64.812905818
4385990140,2,2023_5_28_1_0,2023,5,28,60,1,5,2.9999735739,4.0000352348,,,336.64232699
4385990152,2,2023_5_28_1_0,2023,5,28,5,1,1,0,0,,,324.9341721
4385990159,2,2023_5_28_1_0,2023,5,28,70,2,1,0,0,,,140.92077125
4385990195,2,2023_5_28_1_0,2023,5,28,19,1,1,0,0,,,437.0918745
4385990200,2,2023_5_28_1_0,2023,5,28,66,2,1,0,0,,,140.92077125
4385990201,2,2023_5_28_1_0,2023,5,28,-3,-3,-3,0,0,1,1,101.18638865
4385990209,2,2023_5_28_1_0,2023,5,28,26,2,1,0,0,,,336.2211235
4385990211,2,2023_5_28_1_0,2023,5,28,34,1,1,0,0,,,437.0918745
4385990225,2,2023_5_28_1_0,2023,5,28,22,2,1,0,0,,,220.00655192
4385990251,2,2023_5_28_1_0,2023,5,28,68,2,1,0,0,,,284.95660144
4385990255,2,2023_5_28_1_0,2023,5,28,54,1,1,0,0,,,336.2211235
4385990262,2,2023_5_28_1_0,2023,5,28,59,2,1,0,0,,,336.2211235
4385990275,2,2023_5_28_1_0,2023,5,28,65,1,1,0,0,,,140.92077125
4385990279,2,2023_5_28_1_0,2023,5,28,19,1,2,0,0,,,883.84568129
4385990285,2,2023_5_28_1_0,2023,5,28,14,1,2,0,0,,,1921.7193475
4385990291,2,2023_5_28_2_1,2023,5,28,34,1,1,0,0,,,267.41057678
4385990298,2,2023_5_28_2_1,2023,5,28,65,2,1,0,0,,,112.39033906
4385990301,2,2023_5_28_2_1,2023,5,28,66,2,1,0,0,,,112.39033906
4385990302,2,2023_5_28_2_1,2023,5,28,-3,2,1,0,0,,,88.817755527
4385990304,2,2023_5_28_2_1,2023,5,28,52,1,1,0,0,,,267.41057678
4385990313,2,2023_5_28_2_1,2023,5,28,60,2,1,0,0,,,112.39033906
4385990315,2,2023_5_28_2_1,2023,5,28,68,1,1,0,0,,,199.34328871
4385990317,2,2023_5_28_2_1,2023,5,28,50,2,1,0,0,,,268.15071855
4385990318,2,2023_5_28_2_1,2023,5,28,68,1,1,0,0,,,152.91619976
4385990321,2,2023_5_28_2_1,2023,5,28,42,1,1,0,0,,,348.59945443
4385990323,2,2023_5_28_2_1,2023,5,28,48,1,1,0,0,,,618.30013386
4385990328,2,2023_5_28_2_1,2023,5,28,31,2,1,0,0,,,267.41057678
4385990331,2,2023_5_28_2_1,2023,5,28,53,2,1,0,0,,,412.9515529
4385990341,2,2023_5_28_2_1,2023,5,28,18,1,1,0,0,,,268.15071855
4385990344,2,2023_5_28_2_1,2023,5,28,48,2,1,0,0,,,94.605704549
4385990346,2,2023_5_28_2_1,2023,5,28,46,1,1,0,0,,,94.605704549
4385990347,2,2023_5_28_2_1,2023,5,28,75,2,1,0,0,,,112.39033906
4385990348,2,2023_5_28_2_1,2023,5,28,55,2,1,0,0,,,205.69836642
4385990351,2,2023_5_28_2_1,2023,5,28,37,2,1,0,0,,,349.03616496
4385990360,2,2023_5_28_2_1,2023,5,28,32,1,1,0,0,,,268.15071855
4385990363,2,2023_5_28_2_1,2023,5,28,42,2,1,0,0,,,618.30013386
4385990364,2,2023_5_28_2_1,2023,5,28,40,2,1,0,0,,,348.59945443
4385990375,2,2023_5_28_2_1,2023,5,28,59,2,1,0,0,,,268.15071855
4385990377,2,2023_5_28_2_1,2023,5,28,63,2,1,0,0,,,112.39033906
4385990379,2,2023_5_28_2_1,2023,5,28,90,1,5,0,0,,,86.21460823
4385990380,2,2023_5_28_2_1,2023,5,28,47,2,1,0,0,,,348.59945443
4385990386,2,2023_5_28_2_1,2023,5,28,46,2,1,0,0,,,349.03616496
4385990388,2,2023_5_28_2_1,2023,5,28,68,2,1,0,0,,,112.39033906
4385990391,2,2023_5_28_2_1,2023,5,28,72,2,1,0,0,,,112.39033906
4385990401,2,2023_5_28_2_1,2023,5,28,64,2,1,0,0,,,86.21460823
4385990402,2,2023_5_28_2_1,2023,5,28,47,1,1,0,0,,,268.15071855
4385990404,2,2023_5_28_2_1,2023,5,28,75,1,1,0,0,,,86.21460823
4385990406,2,2023_5_28_2_1,2023,5,28,61,2,2,0,0,,,51.691062969
4385990409,2,2023_5_28_2_1,2023,5,28,16,1,1,0,0,,,112.08012253
4385990410,2,2023_5_28_2_1,2023,5,28,61,2,1,0,0,,,268.15071855
4385990413,2,2023_5_28_2_1,2023,5,28,57,1,1,0,0,,,267.41057678
4385990414,2,2023_5_28_2_1,2023,5,28,34,1,1,0,1.0000088087,,,267.74557735
4385990415,2,2023_5_28_2_1,2023,5,28,37,2,1,0,0,,,267.41057678
4385990420,2,2023_5_28_2_1,2023,5,28,52,2,1,0,0,,,348.59945443
4385990422,2,2023_5_28_2_1,2023,5,28,63,2,1,0,0,,,199.34328871
4385990428,2,2023_5_28_2_1,2023,5,28,26,2,1,0,0,,,268.15071855
4385990429,2,2023_5_28_2_1,2023,5,28,6,2,2,0,0,,,348.59945443
4385990435,2,2023_5_28_2_1,2023,5,28,73,2,1,0,0,,,199.34328871
4385990436,2,2023_5_28_2_1,2023,5,28,65,1,1,0,0,,,146.10891625
4385990437,2,2023_5_28_2_1,2023,5,28,58,1,1,0,0,,,123.32906719
4385990444,2,2023_5_28_2_1,2023,5,28,75,1,1,0,0,1,1,112.39033906
4385990445,2,2023_5_28_2_1,2023,5,28,50,2,1,0,0,,,268.15071855
4385990446,2,2023_5_28_2_1,2023,5,28,16,2,1,0,0,,,704.90471288
4385990450,2,2023_5_28_2_1,2023,5,28,49,1,1,0,0,,,618.30013386
4385990459,2,2023_5_28_2_1,2023,5,28,34,2,1,0,0,,,348.59945443
4385990461,2,2023_5_28_2_1,2023,5,28,65,2,1,0,0,,,112.39033906
4385990469,2,2023_5_28_2_1,2023,5,28,46,2,1,0,0,,,348.59945443
4385990473,2,2023_5_28_2_1,2023,5,28,35,1,1,0,0,,,316.77505957
4385990481,2,2023_5_28_2_1,2023,5,28,73,2,1,0,0,,,199.34328871
4385990483,2,2023_5_28_2_1,2023,5,28,60,2,1,0,0,,,86.21460823
4385990487,2,2023_5_28_2_1,2023,5,28,63,2,3,0,0,,,86.21460823
4385990492,2,2023_5_28_2_1,2023,5,28,70,1,1,0,0,1,,86.21460823
4385990499,2,2023_5_28_2_1,2023,5,28,65,2,1,0,0,,,199.34328871
4385990503,2,2023_5_28_2_1,2023,5,28,61,2,2,0,0,,,94.724222542
4385990504,2,2023_5_28_2_1,2023,5,28,51,2,1,0,0,,,205.95605657
4385990511,2,2023_5_28_2_1,2023,5,28,62,2,1,0,0,,,86.21460823
4385990513,2,2023_5_28_2_1,2023,5,28,51,2,1,0,0,,,268.15071855
4385990515,2,2023_5_28_2_1,2023,5,28,45,1,1,0.9999911913,0,,,349.03616496
4385990517,2,2023_5_28_2_1,2023,5,28,43,1,1,0,0,,,348.59945443
4385990521,2,2023_5_28_2_1,2023,5,28,59,1,1,5.9999471479,2.0000176174,,,416.46477949
4385990524,2,2023_5_28_2_1,2023,5,28,79,1,1,0,0,,,152.91619976
4385990525,2,2023_5_28_2_1,2023,5,28,56,2,1,0,0,,,205.69836642
4385990526,2,2023_5_28_2_1,2023,5,28,62,2,1,0,0,,,475.61068461
4385990529,2,2023_5_28_2_1,2023,5,28,70,2,1,0,0,,,86.322614216
4385990534,2,2023_5_28_2_1,2023,5,28,73,1,1,0,0,,,152.91619976
4385990541,2,2023_5_28_2_1,2023,5,28,65,2,1,0,0,,,86.21460823
4385990549,2,2023_5_28_2_1,2023,5,28,47,1,1,0,0,,,267.41057678
4385990556,2,2023_5_28_2_1,2023,5,28,64,2,1,0,0,,,94.605704549
4385990558,2,2023_5_28_2_1,2023,5,28,64,1,1,0,0,,,268.15071855
4385990565,2,2023_5_28_2_1,2023,5,28,41,1,1,0,2.0000176174,,,123.48356859
4385990568,2,2023_5_28_2_1,2023,5,28,52,2,1,0,0,,,267.41057678
4385990573,2,2023_5_28_2_1,2023,5,28,47,1,2,0,1.0000088087,,,123.48356859
4385990576,2,2023_5_28_2_1,2023,5,28,45,2,1,0,0,,,349.03616496
4385990578,2,2023_5_28_2_1,2023,5,28,78,1,1,0,0,,,112.39033906
4385990581,2,2023_5_28_2_1,2023,5,28,91,1,1,0,0,,,104.52475883
4385990582,2,2023_5_28_2_1,2023,5,28,71,1,2,0,0,,,91.682849034
4385990583,2,2023_5_28_2_1,2023,5,28,52,2,1,0,0,,,94.724222542
4385990585,2,2023_5_28_2_1,2023,5,28,75,2,1,1.9999823826,40.000352348,,,112.22053173
4385990588,2,2023_5_28_2_1,2023,5,28,60,2,1,0,0,,,112.22053173
4385990597,2,2023_5_28_2_1,2023,5,28,68,1,1,0,0,,,152.91619976
4385990599,2,2023_5_28_2_1,2023,5,28,39,1,1,0,1.0000088087,,,123.48356859
4385990609,2,2023_5_28_2_1,2023,5,28,72,2,1,0,0,,,86.322614216
4385990621,2,2023_5_28_2_1,2023,5,28,76,2,1,0,0,,,112.39033906
4385990626,2,2023_5_28_2_1,2023,5,28,50,1,3,0,0,,,123.32906719
4385990628,2,2023_5_28_2_1,2023,5,28,62,2,1,1.9999823826,1.0000088087,,,205.95605657
4385990630,2,2023_5_28_2_1,2023,5,28,63,2,1,0,0,,,268.15071855
4385990631,2,2023_5_28_2_1,2023,5,28,60,2,-3,0,0,,,317.65183287
4385990636,2,2023_5_28_2_1,2023,5,28,55,2,1,0,0,,,205.95605657
4385990637,2,2023_5_28_2_1,2023,5,28,69,1,1,0,0,,,112.39033906
4385990638,2,2023_5_28_2_1,2023,5,28,75,1,1,0,0,,,112.39033906
4385990649,2,2023_5_28_2_1,2023,5,28,59,1,1,0,0,,,475.61068461
4385990652,2,2023_5_28_2_1,2023,5,28,54,2,1,0,0,,,94.724222542
4385990656,2,2023_5_28_2_1,2023,5,28,39,2,1,0,0,,,267.41057678
4385990658,2,2023_5_28_2_1,2023,5,28,44,1,1,0,0,,,267.41057678
4385990659,2,2023_5_28_2_1,2023,5,28,54,2,1,0,0,,,205.69836642
4385990660,2,2023_5_28_2_1,2023,5,28,28,1,1,0,0,,,348.59945443
4385990666,2,2023_5_28_2_1,2023,5,28,62,2,1,0,0,,,268.15071855
4385990667,2,2023_5_28_2_1,2023,5,28,51,1,1,0,0,,,348.59945443
4385990674,2,2023_5_28_2_1,2023,5,28,55,1,1,0,0,,,348.59945443
4385990676,2,2023_5_28_2_1,2023,5,28,12,2,1,0,0,,,348.59945443
4385990679,2,2023_5_28_2_1,2023,5,28,71,1,1,0,0,,,112.39033906
4385990682,2,2023_5_28_2_1,2023,5,28,52,1,1,0,0,,,218.74497446
4385990689,2,2023_5_28_2_1,2023,5,28,54,2,2,0,0,,,304.73744774
4385990696,2,2023_5_28_2_1,2023,5,28,70,1,1,0,0,,,112.39033906
4385990701,2,2023_5_28_2_1,2023,5,28,78,2,1,0,0,,,127.56517147
4385990702,2,2023_5_28_2_1,2023,5,28,55,2,1,0,0,,,123.32906719
4385990703,2,2023_5_28_2_1,2023,5,28,60,2,1,0,0,,,123.32906719
4385990722,2,2023_5_28_2_1,2023,5,28,17,2,1,0,0,,,348.59945443
4385990728,2,2023_5_28_2_0,2023,5,28,50,2,2,0,0,,,8201.591839
4385990730,2,2023_5_28_2_0,2023,5,28,54,1,1,0,0,,,947.505609
4385990734,2,2023_5_28_2_0,2023,5,28,-3,2,2,0,0,,,5146.4710416
4385990735,2,2023_5_28_2_0,2023,5,28,35,2,1,0,0,,,947.505609
4385990746,2,2023_5_28_2_0,2023,5,28,59,1,1,0,0,,,2678.2002482
4385990747,2,2023_5_28_2_0,2023,5,28,65,2,1,0,0,,,863.46616481
4385990748,2,2023_5_28_2_0,2023,5,28,67,2,1,0,0,,,3959.1382532
4385990750,2,2023_5_28_2_0,2023,5,28,78,2,1,0,0,,,3959.1382532
4385990754,2,2023_5_28_2_0,2023,5,28,88,2,1,0,0,,,3959.1382532
4385990756,2,2023_5_28_2_0,2023,5,28,-3,-3,-3,0,0,,,8784.981353
4385990777,2,2023_5_28_2_0,2023,5,28,-3,2,1,0,0,,,2724.0769145
4385990793,2,2023_5_28_2_0,2023,5,28,55,2,1,0,0,,,9446.0589433
4385990796,2,2023_5_28_2_0,2023,5,28,64,2,2,0,0,,,8005.7934061
4385990807,2,2023_5_28_2_0,2023,5,28,47,2,1,0,0,,,5325.7161268
4385990810,2,2023_5_28_2_0,2023,5,28,51,1,2,0,0,,,4952.9986152
4385990816,2,2023_5_28_2_0,2023,5,28,45,2,4,0,0,,,6923.5008814
4385990831,2,2023_5_28_2_0,2023,5,28,20,2,1,0,0,,,14000.04601
4385990832,2,2023_5_28_2_0,2023,5,28,54,2,1,0,0,,,3959.1382532
4385990840,2,2023_5_28_2_0,2023,5,28,44,2,1,0,0,,,6923.5008814
4385990857,2,2023_5_28_2_0,2023,5,28,45,1,5,0,0,1,1,1026.6313257
4385990858,2,2023_5_28_2_0,2023,5,28,51,2,2,0,0,,,2232.1739225
4385990860,2,2023_5_28_2_0,2023,5,28,58,2,1,0,0,,,5325.7161268
4385990864,2,2023_5_28_2_0,2023,5,28,66,2,-3,0,0,,,3959.1382532
4385990885,2,2023_5_28_2_0,2023,5,28,47,2,1,0,0,,,2678.2002482
4385990886,2,2023_5_28_2_0,2023,5,28,19,1,2,0,0,1,1,14000.04601
4385990893,2,2023_5_28_2_0,2023,5,28,42,1,3,0,0,,,14000.04601
4385990894,2,2023_5_28_2_0,2023,5,28,59,2,2,0,0,,,12280.000635
4385990897,2,2023_5_28_2_0,2023,5,28,42,1,2,0,0,,,9308.9626561
4385990906,2,2023_5_28_2_0,2023,5,28,59,2,2,0,0,,,2232.1739225
4385990912,2,2023_5_28_2_0,2023,5,28,22,2,1,0,0,,,5325.7161268
4385990917,2,2023_5_28_2_0,2023,5,28,76,1,2,0,0,,,3959.1382532
4385990919,2,2023_5_28_2_0,2023,5,28,73,1,1,0,0,,,2232.1739225
4385990925,2,2023_5_28_2_0,2023,5,28,35,1,1,0,0,,,6923.5008814
4385990938,2,2023_5_28_2_0,2023,5,28,56,1,1,0,0,,,5325.7161268
4385990941,2,2023_5_28_2_0,2023,5,28,42,2,2,0,0,,,4952.9986152
4385990957,2,2023_5_28_2_0,2023,5,28,19,2,2,0,0,,,2232.1739225
4385990959,2,2023_5_28_2_0,2023,5,28,55,1,2,0,0,,,6923.5008814
4385990962,2,2023_5_28_2_0,2023,5,28,65,2,-3,0,0,,,2232.1739225
4385990963,2,2023_5_28_2_0,2023,5,28,61,2,1,0,0,,,863.46616481
4385990969,2,2023_5_28_2_0,2023,5,28,55,1,1,0,0,,,2060.1332327
4385990973,2,2023_5_28_2_0,2023,5,28,54,2,1,0,0,,,4344.4733037
4385990976,2,2023_5_28_2_0,2023,5,28,49,1,2,0,0,,,2449.42697
4385990984,2,2023_5_28_2_0,2023,5,28,68,2,1,0,0,,,2232.1739225
4385990988,2,2023_5_28_2_0,2023,5,28,95,2,1,0,0,,,3959.1382532
4385990990,2,2023_5_28_2_0,2023,5,28,49,2,1,0,0,,,4750.2414331
4385990992,2,2023_5_28_2_0,2023,5,28,29,1,2,0,0,1,1,7160.6681924
4385990993,2,2023_5_28_2_0,2023,5,28,6,2,2,0,0,,,2901.8554034
4385991010,2,2023_5_28_2_0,2023,5,28,-3,1,1,0,0,,,4999.8903894
4385991028,2,2023_5_28_2_0,2023,5,28,77,2,1,0,0,,,3959.1382532
4385991031,2,2023_5_28_2_0,2023,5,28,58,1,1,0,0,,,5325.7161268
4385991032,2,2023_5_28_2_0,2023,5,28,34,1,3,0,0,,,5325.7161268
4385991048,2,2023_5_28_2_0,2023,5,28,-3,-3,-3,0,0,1,1,2449.42697
4385991049,2,2023_5_28_2_0,2023,5,28,17,2,1,0,0,,,15053.561812
4385991055,2,2023_5_28_2_0,2023,5,28,41,2,2,0,0,,,2533.5598374
4385991063,2,2023_5_28_2_0,2023,5,28,41,1,1,0,0,,,863.46616481
4385991078,2,2023_5_28_2_0,2023,5,28,59,2,1,0,0,,,947.505609
4385991084,2,2023_5_28_2_0,2023,5,28,-3,-3,-3,0,0,1,1,1026.6313257
4385991089,2,2023_5_28_2_0,2023,5,28,-3,-3,-3,0,0,1,,2232.1739225
4385991107,2,2023_5_28_2_0,2023,5,28,71,2,1,0,0,,,2232.1739225
4385991109,2,2023_5_28_2_0,2023,5,28,33,2,2,0,0,,,3959.1382532
4385991113,2,2023_5_28_2_0,2023,5,28,62,2,2,0,0,1,1,3959.1382532
4385991114,2,2023_5_28_2_0,2023,5,28,21,1,2,0,0,,,6923.5008814
4385991115,2,2023_5_28_2_0,2023,5,28,61,1,1,0,0,,,9446.0589433
4385991118,2,2023_5_28_2_0,2023,5,28,6,1,2,0,0,1,1,8483.2999474
4385991119,2,2023_5_28_2_0,2023,5,28,55,2,1,0,0,,,6308.853089
4385991124,2,2023_5_28_2_0,2023,5,28,38,2,2,0,0,,,6923.5008814
4385991126,2,2023_5_28_2_0,2023,5,28,63,1,1,0.9999911913,6.0000528521,,,1027.9174456
4385991128,2,2023_5_28_2_0,2023,5,28,79,2,1,0,0,,,2232.1739225
4385991134,2,2023_5_28_2_0,2023,5,28,71,1,2,0,0,,,1820.9044163
4385991138,2,2023_5_28_2_0,2023,5,28,78,2,1,0,0,,,3959.1382532
4385991139,2,2023_5_28_2_0,2023,5,28,77,2,1,0,0,,,1531.5033874
4385991142,2,2023_5_28_2_0,2023,5,28,57,1,1,0,0,,,4513.6901333
4385991147,2,2023_5_28_2_0,2023,5,28,66,2,1,0,0,,,397.12918628
4385991151,2,2023_5_28_2_0,2023,5,28,53,2,1,0,0,,,2449.42697
4385991163,2,2023_5_28_2_0,2023,5,28,30,1,1,0,0,,,14000.04601
4385991168,2,2023_5_28_2_0,2023,5,28,81,1,1,0,0,,,3959.1382532
4385991169,2,2023_5_28_2_0,2023,5,28,67,1,2,0,0,,,3297.7872076
4385991185,2,2023_5_28_2_0,2023,5,28,19,2,2,0,0,,,14000.04601
4385991191,2,2023_5_28_2_0,2023,5,28,-3,1,2,0,0,,,3959.1382532
4385991206,2,2023_5_28_2_0,2023,5,28,65,2,1,0,0,,,3959.1382532
4385991214,2,2023_5_28_2_0,2023,5,28,71,1,1,0,0,,,2232.1739225
4385991236,2,2023_5_28_2_0,2023,5,28,55,1,3,0,0,,,10769.157409
4385991242,2,2023_5_28_2_0,2023,5,28,59,2,1,0,0,,,5325.7161268
4385991246,2,2023_5_28_2_0,2023,5,28,14,2,1,0,0,,,2901.8554034
4385991269,2,2023_5_28_2_0,2023,5,28,85,2,1,0,0,,,3959.1382532
4385991270,2,2023_5_28_2_0,2023,5,28,19,1,2,0,0,,,14000.04601
4385991295,2,2023_5_28_2_0,2023,5,28,38,2,2,0,0,,,6923.5008814
4385991314,2,2023_5_28_2_0,2023,5,28,79,1,1,0,0,,,3959.1382532
4385991317,2,2023_5_28_2_0,2023,5,28,55,1,1,0,0,,,6923.5008814
4385991323,2,2023_5_28_2_0,2023,5,28,69,1,2,0,0,,,3959.1382532
4385991330,2,2023_5_28_2_0,2023,5,28,62,1,1,0,0,,,2449.42697
4385991335,2,2023_5_28_2_0,2023,5,28,57,2,2,0,0,,,9446.0589433
4385991340,2,2023_5_28_2_0,2023,5,28,53,2,-3,0,0,,,14000.04601
4385991351,2,2023_5_28_2_0,2023,5,28,63,1,3,0,0,,,9446.0589433
4385991363,2,2023_5_28_2_0,2023,5,28,69,1,1,0,0,,,2232.1739225
4385991388,2,2023_5_28_2_0,2023,5,28,42,2,1,0,0,,,6923.5008814
4385991390,2,2023_5_28_2_0,2023,5,28,59,2,1,1.9999823826,0,,,2452.4955077
4385991398,2,2023_5_28_2_0,2023,5,28,41,1,2,0,0,,,10769.157409
4385991421,2,2023_5_28_2_0,2023,5,28,87,2,1,0,0,,,863.46616481
4385991429,2,2023_5_28_2_0,2023,5,28,34,1,1,0,0,,,1026.6313257
4385991437,2,2023_5_28_2_0,2023,5,28,67,1,1,0,0,,,863.46616481
4385991452,2,2023_5_28_2_0,2023,5,28,67,1,1,0,0,,,2232.1739225
4385991454,2,2023_5_28_2_0,2023,5,28,-3,-3,-3,0,0,1,1,2449.42697
4385991458,2,2023_5_28_2_0,2023,5,28,28,1,1,0,0,,,5325.7161268
4385991459,2,2023_5_28_2_0,2023,5,28,32,1,1,0,0,,,2678.2002482
4385991464,2,2023_5_28_2_0,2023,5,28,75,1,1,0,0,,,3959.1382532
4385991467,2,2023_5_28_2_0,2023,5,28,73,1,1,0,0,,,863.46616481
4385991470,2,2023_5_28_2_0,2023,5,28,15,1,1,0,0,,,14000.04601
4385991478,2,2023_5_28_2_0,2023,5,28,60,2,1,0,0,,,5325.7161268
4385991480,2,2023_5_28_2_0,2023,5,28,47,2,1,0,0,,,2060.1332327
4385991481,2,2023_5_28_2_0,2023,5,28,90,2,1,0,0,,,1165.2460717
4385991482,2,2023_5_28_2_0,2023,5,28,38,2,1,0,0,,,2678.2002482
4385991484,2,2023_5_28_2_0,2023,5,28,50,1,1,0,0,,,2452.4955077
4385991497,2,2023_5_28_2_0,2023,5,28,62,2,1,0,0,,,2232.1739225
4385991502,2,2023_5_28_2_0,2023,5,28,69,1,3,0,0,,,3959.1382532
4385991503,2,2023_5_28_2_0,2023,5,28,50,1,1,0,0,,,2232.1739225
4385991508,2,2023_5_28_2_0,2023,5,28,41,1,1,0,0,,,6923.5008814
4385991517,2,2023_5_28_2_0,2023,5,28,68,2,2,0,0,,,3959.1382532
4385991541,2,2023_5_37_1_1,2023,5,37,26,1,1,0,0,,,1157.3617414
4385991546,2,2023_5_37_1_1,2023,5,37,62,2,1,0,0,,,382.48966915
4385991548,2,2023_5_37_1_1,2023,5,37,62,1,1,0,0,,,533.32608016
4385991549,2,2023_5_37_1_1,2023,5,37,-3,-3,-3,0,0,1,1,467.3006528
4385991550,2,2023_5_37_1_1,2023,5,37,-3,-3,-3,0,0,1,1,1399.0694121
4385991552,2,2023_5_37_1_1,2023,5,37,73,2,1,0,0,,,478.94651159
4385991556,2,2023_5_37_1_1,2023,5,37,35,2,1,0,0,,,559.79610455
4385991559,2,2023_5_37_1_1,2023,5,37,52,1,1,0,0,,,533.32608016
4385991560,2,2023_5_37_1_1,2023,5,37,57,2,2,0,0,,,425.70134329
4385991562,2,2023_5_37_1_1,2023,5,37,77,2,1,0,0,,,382.48966915
4385991565,2,2023_5_37_1_1,2023,5,37,53,1,1,0,4.0120267126,,,559.79610455
4385991572,2,2023_5_37_1_1,2023,5,37,67,2,3,0,0,,,132.23760216
4385991577,2,2023_5_37_1_1,2023,5,37,87,2,1,0,0,,,478.94651159
4385991578,2,2023_5_37_1_1,2023,5,37,36,1,1,0,0,,,1306.2867487
4385991580,2,2023_5_37_1_1,2023,5,37,81,1,1,0,0,,,178.13528282
4385991581,2,2023_5_37_1_1,2023,5,37,61,2,1,0,0,,,573.74709381
4385991582,2,2023_5_37_1_1,2023,5,37,67,2,2,0,0,,,178.13528282
4385991587,2,2023_5_37_1_1,2023,5,37,70,2,1,0,0,,,445.62805025
4385991589,2,2023_5_37_1_1,2023,5,37,-3,2,1,0,1.0030066781,,,571.30475161
4385991590,2,2023_5_37_1_1,2023,5,37,49,1,1,0,0,,,520.357951
4385991593,2,2023_5_37_1_1,2023,5,37,72,2,1,0,0,,,142.25994707
4385991597,2,2023_5_37_1_1,2023,5,37,49,1,3,0,0,,,2834.7503761
4385991602,2,2023_5_37_1_1,2023,5,37,80,2,1,0,0,,,178.13528282
4385991613,2,2023_5_37_1_1,2023,5,37,40,2,1,0.9969933219,1.0030066781,,,573.74709381
4385991616,2,2023_5_37_1_1,2023,5,37,5,1,1,0,0,,,2905.3967627
4385991617,2,2023_5_37_1_1,2023,5,37,60,2,1,0,0,,,395.91124732
4385991618,2,2023_5_37_1_1,2023,5,37,72,2,1,0,0,,,191.63623274
4385991622,2,2023_5_37_1_1,2023,5,37,53,2,1,0,0,,,533.32608016
4385991627,2,2023_5_37_1_1,2023,5,37,71,1,1,0,0,,,178.13528282
4385991628,2,2023_5_37_1_1,2023,5,37,34,2,1,0,0,,,1245.078687
4385991632,2,2023_5_37_1_1,2023,5,37,78,1,3,0,0,,,478.94651159
4385991638,2,2023_5_37_1_1,2023,5,37,67,1,1,0,0,,,178.13528282
4385991645,2,2023_5_37_1_1,2023,5,37,63,1,2,0,0,,,533.32608016
4385991651,2,2023_5_37_1_1,2023,5,37,61,2,1,0,0,,,533.32608016
4385991652,2,2023_5_37_1_1,2023,5,37,52,2,1,0,0,,,3111.7606795
4385991654,2,2023_5_37_1_1,2023,5,37,40,2,1,0,0,,,386.56830934
4385991655,2,2023_5_37_1_1,2023,5,37,57,1,1,0,2.0060133563,,,191.63623274
4385991661,2,2023_5_37_1_1,2023,5,37,84,1,1,0,0,,,478.94651159
4385991662,2,2023_5_37_1_1,2023,5,37,71,2,1,0,0,,,132.23760216
4385991666,2,2023_5_37_1_1,2023,5,37,77,2,1,0,0,,,355.54291804
4385991676,2,2023_5_37_1_1,2023,5,37,41,2,1,0,0,,,1157.3617414
4385991680,2,2023_5_37_1_1,2023,5,37,76,2,1,0,0,,,478.94651159
4385991682,2,2023_5_37_1_1,2023,5,37,63,1,2,0,0,,,520.357951
4385991688,2,2023_5_37_1_1,2023,5,37,36,2,1,0,0,,,859.16017929
4385991692,2,2023_5_37_1_1,2023,5,37,57,2,1,0,0,,,173.80382137
4385991695,2,2023_5_37_1_1,2023,5,37,41,1,1,0,0,,,1157.3617414
4385991701,2,2023_5_37_1_1,2023,5,37,77,2,1,0,0,,,478.94651159
4385991704,2,2023_5_37_1_1,2023,5,37,45,2,1,0,0,,,1157.3617414
4385991705,2,2023_5_37_1_1,2023,5,37,75,2,1,0,0,,,132.23760216
4385991706,2,2023_5_37_1_1,2023,5,37,35,1,1,0,0,1,1,520.357951
4385991707,2,2023_5_37_1_1,2023,5,37,30,1,1,0,0,,,1157.3617414
4385991709,2,2023_5_37_1_1,2023,5,37,-3,-3,-3,0,0,1,1,178.13528282
4385991715,2,2023_5_37_1_1,2023,5,37,38,1,1,0,0,,,1157.3617414
4385991718,2,2023_5_37_1_1,2023,5,37,72,1,1,0,0,,,178.13528282
4385991723,2,2023_5_37_1_1,2023,5,37,70,2,1,4.9849666093,6.0180400688,,,191.63623274
4385991726,2,2023_5_37_1_1,2023,5,37,68,2,1,0,0,,,178.13528282
4385991730,2,2023_5_37_1_1,2023,5,37,75,1,1,0,0,,,178.13528282
4385991732,2,2023_5_37_1_1,2023,5,37,82,2,1,0,0,,,478.94651159
4385991737,2,2023_5_37_1_1,2023,5,37,49,2,1,3.9879732874,0,,,559.79610455
4385991754,2,2023_5_37_1_1,2023,5,37,81,1,1,0,0,,,178.13528282
4385991760,2,2023_5_37_1_1,2023,5,37,49,1,3,0,0,,,533.32608016
4385991762,2,2023_5_37_1_1,2023,5,37,76,1,2,0,0,,,178.13528282
4385991763,2,2023_5_37_1_1,2023,5,37,66,1,1,0,1.0030066781,,,191.63623274
4385991764,2,2023_5_37_1_1,2023,5,37,42,1,1,0,0,,,533.32608016
4385991765,2,2023_5_37_1_1,2023,5,37,78,2,1,0,0,,,178.13528282
4385991767,2,2023_5_37_1_1,2023,5,37,48,1,1,0.9969933219,0,,,2485.0714725
4385991770,2,2023_5_37_1_1,2023,5,37,30,1,3,0,0,,,533.32608016
4385991771,2,2023_5_37_1_1,2023,5,37,55,2,1,0,0,,,559.79610455
4385991772,2,2023_5_37_1_1,2023,5,37,73,2,1,0,0,,,142.25994707
4385991775,2,2023_5_37_1_1,2023,5,37,57,1,1,0,1.0030066781,,,425.91753152
4385991780,2,2023_5_37_1_1,2023,5,37,74,2,1,0,0,,,478.94651159
4385991784,2,2023_5_37_1_1,2023,5,37,59,1,1,0,0,,,533.32608016
4385991794,2,2023_5_37_1_1,2023,5,37,32,1,1,0.9969933219,1.0030066781,,,1245.078687
4385991798,2,2023_5_37_1_1,2023,5,37,-3,-3,-3,0,0,1,1,386.28443855
4385991800,2,2023_5_37_1_1,2023,5,37,60,2,1,0,0,,,178.13528282
4385991802,2,2023_5_37_1_1,2023,5,37,61,2,1,3.9879732874,3.0090200344,,,1145.1505436
4385991807,2,2023_5_37_1_1,2023,5,37,4,1,5,0,0,,,2905.3967627
4385991810,2,2023_5_37_1_1,2023,5,37,21,2,1,0,0,,,520.357951
4385991812,2,2023_5_37_1_1,2023,5,37,40,2,1,0,0,,,533.32608016
4385991815,2,2023_5_37_1_1,2023,5,37,24,2,1,0,0,,,520.357951
4385991817,2,2023_5_37_1_1,2023,5,37,64,2,1,8.9729398967,5.0150333907,,,142.25994707
4385991819,2,2023_5_37_1_1,2023,5,37,81,2,1,0,0,,,355.54291804
4385991821,2,2023_5_37_1_1,2023,5,37,71,2,1,0,0,,,138.80081496
4385991822,2,2023_5_37_1_1,2023,5,37,72,2,1,0,0,,,478.94651159
4385991824,2,2023_5_37_1_1,2023,5,37,54,1,1,0,0,,,1157.3617414
4385991826,2,2023_5_37_1_1,2023,5,37,25,2,3,0,0,,,1157.3617414
4385991830,2,2023_5_37_1_1,2023,5,37,7,1,1,0,2.0060133563,,,1245.078687
4385991831,2,2023_5_37_1_1,2023,5,37,52,2,1,0,0,,,3111.7606795
4385991833,2,2023_5_37_1_1,2023,5,37,50,2,1,0,0,,,924.27629986
4385991834,2,2023_5_37_1_1,2023,5,37,52,2,1,0,0,,,533.32608016
4385991837,2,2023_5_37_1_1,2023,5,37,84,1,1,0,0,,,355.54291804
4385991839,2,2023_5_37_1_1,2023,5,37,31,2,2,0,0,,,2834.7503761
4385991844,2,2023_5_37_1_1,2023,5,37,37,2,1,0,0,,,1245.078687
4385991845,2,2023_5_37_1_1,2023,5,37,82,1,1,0,0,,,478.94651159
4385991852,2,2023_5_37_1_1,2023,5,37,61,2,1,0,0,,,478.94651159
4385991853,2,2023_5_37_1_1,2023,5,37,8,1,1,0,0,,,2834.7503761
4385991855,2,2023_5_37_1_1,2023,5,37,47,2,1,0,0,,,1157.3617414
4385991859,2,2023_5_37_1_1,2023,5,37,64,2,1,0,0,,,395.91124732
4385991861,2,2023_5_37_1_1,2023,5,37,77,2,1,0,0,,,173.80382137
4385991867,2,2023_5_37_1_1,2023,5,37,65,2,1,0,0,,,178.13528282
4385991868,2,2023_5_37_1_1,2023,5,37,77,2,1,0,0,,,478.94651159
4385991875,2,2023_5_37_1_1,2023,5,37,30,1,4,0,0,,,870.00220223
4385991879,2,2023_5_37_1_1,2023,5,37,35,2,1,0,0,,,1306.2867487
4385991884,2,2023_5_37_1_1,2023,5,37,33,1,1,0,0,,,533.32608016
4385991889,2,2023_5_37_1_1,2023,5,37,15,1,1,0,0,,,1186.2049954
4385991891,2,2023_5_37_1_1,2023,5,37,73,1,1,0,0,,,178.13528282
4385991892,2,2023_5_37_1_1,2023,5,37,38,2,1,0,0,,,1157.3617414
4385991893,2,2023_5_37_1_1,2023,5,37,52,2,1,0.9969933219,0,,,2485.0714725
4385991894,2,2023_5_37_1_1,2023,5,37,56,2,1,0,0,,,533.32608016
4385991895,2,2023_5_37_1_1,2023,5,37,54,2,1,0,0,,,1157.3617414
4385991899,2,2023_5_37_1_1,2023,5,37,82,2,1,0,0,1,,478.94651159
4385991909,2,2023_5_37_1_1,2023,5,37,51,2,1,0,0,,,520.357951
4385991910,2,2023_5_37_1_1,2023,5,37,71,2,-3,0,0,,,178.13528282
4385991913,2,2023_5_37_1_1,2023,5,37,70,1,1,0,0,,,178.13528282
4385991917,2,2023_5_37_1_1,2023,5,37,57,2,1,0,0,,,533.32608016
4385991920,2,2023_5_37_1_1,2023,5,37,43,2,1,0,0,,,386.28443855
4385991923,2,2023_5_37_1_1,2023,5,37,47,1,1,0,3.0090200344,,,1245.078687
4385991929,2,2023_5_37_1_1,2023,5,37,59,2,1,0,0,,,425.91753152
4385991930,2,2023_5_37_1_1,2023,5,37,26,1,1,0,0,,,859.16017929
4385991934,2,2023_5_37_1_1,2023,5,37,69,1,1,14.954899828,20.060133563,,,382.48966915
4385991936,2,2023_5_37_1_1,2023,5,37,-3,1,-3,0,0,1,1,132.23760216
4385991940,2,2023_5_37_1_1,2023,5,37,-3,-3,-3,0,0,1,1,559.79610455
4385991941,2,2023_5_37_1_1,2023,5,37,65,2,1,0,0,,,132.23760216
4385991942,2,2023_5_37_1_1,2023,5,37,74,1,1,0,0,,,355.54291804
4385991946,2,2023_5_37_1_1,2023,5,37,55,2,1,0,0,,,559.79610455
4385991947,2,2023_5_37_1_1,2023,5,37,61,2,1,0,0,,,1157.3617414
4385991954,2,2023_5_37_1_1,2023,5,37,30,2,1,9.9699332186,0,,,1245.078687
4385991956,2,2023_5_37_1_1,2023,5,37,76,2,1,0,0,,,191.63623274
4385991964,2,2023_5_37_1_1,2023,5,37,25,1,1,0,2.0060133563,,,1405.2907848
4385991965,2,2023_5_37_1_1,2023,5,37,59,2,2,0,0,,,520.357951
4385991971,2,2023_5_37_1_1,2023,5,37,45,2,1,0,0,,,1157.3617414
4385991981,2,2023_5_37_1_1,2023,5,37,25,2,4,0,0,,,1306.2867487
4385991994,2,2023_5_37_1_1,2023,5,37,20,2,1,0,0,,,1274.5236381
4385991995,2,2023_5_37_1_1,2023,5,37,31,2,3,0,0,,,520.357951
4385992001,2,2023_5_37_1_1,2023,5,37,18,1,1,5.9819599312,2.0060133563,,,1117.3055521
4385992002,2,2023_5_37_1_1,2023,5,37,83,1,1,0,0,,,478.94651159
4385992003,2,2023_5_37_1_1,2023,5,37,49,2,1,2.9909799656,1.0030066781,,,425.91753152
4385992007,2,2023_5_37_1_1,2023,5,37,67,2,1,0,0,,,355.54291804
4385992009,2,2023_5_37_1_1,2023,5,37,17,1,1,4.9849666093,12.036080138,,,924.27629986
4385992012,2,2023_5_37_1_1,2023,5,37,68,2,1,0,0,,,191.63623274
4385992014,2,2023_5_37_1_1,2023,5,37,68,2,1,0,0,,,191.63623274
4385992015,2,2023_5_37_1_1,2023,5,37,71,1,1,0,0,,,178.13528282
4385992016,2,2023_5_37_1_1,2023,5,37,31,2,1,0,0,,,1157.3617414
4385992019,2,2023_5_37_1_1,2023,5,37,36,2,1,0,0,,,967.04975709
4385992023,2,2023_5_37_1_1,2023,5,37,72,2,2,0,0,,,478.94651159
4385992025,2,2023_5_37_1_1,2023,5,37,53,2,1,0,0,,,573.74709381
4385992036,2,2023_5_37_1_1,2023,5,37,77,1,1,0,0,,,132.23760216
4385992037,2,2023_5_37_1_1,2023,5,37,58,1,1,0,0,,,520.357951
4385992039,2,2023_5_37_1_1,2023,5,37,34,1,2,0,0,1,1,1742.5136583
4385992043,2,2023_5_37_1_1,2023,5,37,33,2,1,0,0,,,237.62253092
4385992045,2,2023_5_37_1_1,2023,5,37,51,2,1,9.9699332186,10.030066781,,,415.56110276
4385992046,2,2023_5_37_1_1,2023,5,37,74,2,1,0,0,,,515.24607429
4385992049,2,2023_5_37_1_1,2023,5,37,67,2,1,0.9969933219,2.0060133563,,,382.48966915
4385992053,2,2023_5_37_1_1,2023,5,37,60,2,1,9.9699332186,10.030066781,,,425.91753152
4385992057,2,2023_5_37_1_1,2023,5,37,40,1,1,1.9939866437,10.030066781,,,3049.5973298
4385992061,2,2023_5_37_1_1,2023,5,37,11,2,3,0,0,,,1157.3617414
4385992065,2,2023_5_37_1_1,2023,5,37,65,2,1,0,0,,,191.63623274
4385992069,2,2023_5_37_1_1,2023,5,37,51,2,1,0,0,1,1,178.13528282
4385992074,2,2023_5_37_1_1,2023,5,37,70,1,2,0,0,,,478.94651159
4385992088,2,2023_5_37_1_1,2023,5,37,44,2,1,0,0,,,386.56830934
4385992090,2,2023_5_37_1_1,2023,5,37,39,1,2,0,0,,,1157.3617414
4385992096,2,2023_5_37_1_1,2023,5,37,55,1,1,0,0,,,533.32608016
4385992098,2,2023_5_37_1_1,2023,5,37,33,1,1,0,0,,,3111.7606795
4385992100,2,2023_5_37_1_1,2023,5,37,80,2,2,0,0,,,478.94651159
4385992102,2,2023_5_37_1_1,2023,5,37,35,2,1,0.9969933219,10.030066781,,,186.97648796
4385992105,2,2023_5_37_1_1,2023,5,37,43,2,1,0,5.0150333907,,,415.56110276
4385992106,2,2023_5_37_1_1,2023,5,37,52,1,1,0,0,,,1157.3617414
4385992107,2,2023_5_37_1_1,2023,5,37,73,1,1,0,0,,,178.13528282
4385992111,2,2023_5_37_1_1,2023,5,37,60,2,1,0,0,,,573.74709381
4385992112,2,2023_5_37_1_1,2023,5,37,68,1,1,0,0,,,478.94651159
4385992116,2,2023_5_37_1_1,2023,5,37,85,1,1,0,0,,,178.13528282
4385992119,2,2023_5_37_1_1,2023,5,37,66,2,1,0,0,,,478.94651159
4385992121,2,2023_5_37_1_1,2023,5,37,46,2,1,0,0,,,924.27629986
4385992132,2,2023_5_37_1_1,2023,5,37,75,2,1,0,0,,,178.13528282
4385992134,2,2023_5_37_1_1,2023,5,37,67,2,1,0,0,,,178.13528282
4385992135,2,2023_5_37_1_1,2023,5,37,46,2,1,0,0,,,924.27629986
4385992138,2,2023_5_37_1_1,2023,5,37,42,2,1,0,0,,,1157.3617414
4385992140,2,2023_5_37_1_1,2023,5,37,64,1,1,0,0,,,533.32608016
4385992142,2,2023_5_37_1_1,2023,5,37,71,2,1,0,0,,,178.13528282
4385992143,2,2023_5_37_1_1,2023,5,37,55,1,1,0,0,,,3111.7606795
4385992150,2,2023_5_37_1_1,2023,5,37,80,1,1,0,0,,,478.94651159
4385992151,2,2023_5_37_1_1,2023,5,37,77,2,1,0,0,,,355.54291804
4385992154,2,2023_5_37_1_1,2023,5,37,74,2,2,0,20.060133563,,,515.24607429
4385992156,2,2023_5_37_1_1,2023,5,37,47,1,1,0,10.030066781,,,138.80081496
4385992158,2,2023_5_37_1_1,2023,5,37,57,2,1,0,0,,,395.91124732
4385992161,2,2023_5_37_1_1,2023,5,37,42,1,1,9.9699332186,20.060133563,,,1245.078687
4385992163,2,2023_5_37_1_1,2023,5,37,66,1,1,5.9819599312,0,,,382.48966915
4385992173,2,2023_5_37_1_1,2023,5,37,45,2,1,0,0,,,346.89768832
4385992174,2,2023_5_37_1_1,2023,5,37,18,2,1,0,0,,,1306.2867487
4385992179,2,2023_5_37_1_1,2023,5,37,75,2,2,0,0,,,386.56830934
4385992189,2,2023_5_37_1_1,2023,5,37,67,2,1,0,0,,,132.23760216
4385992190,2,2023_5_37_1_1,2023,5,37,71,2,1,0,0,,,478.94651159
4385992196,2,2023_5_37_1_1,2023,5,37,71,2,1,0,0,,,191.63623274
4385992197,2,2023_5_37_1_1,2023,5,37,71,2,1,0,0,,,382.48966915
4385992202,2,2023_5_37_1_1,2023,5,37,49,2,-3,0,3.0090200344,,,186.97648796
4385992208,2,2023_5_37_1_1,2023,5,37,47,2,1,0,0,,,520.357951
4385992209,2,2023_5_37_1_1,2023,5,37,-3,-3,-3,0,0,1,1,478.94651159
4385992210,2,2023_5_37_1_1,2023,5,37,72,1,1,0,0,,,173.80382137
4385992212,2,2023_5_37_1_1,2023,5,37,22,2,1,0,7.021046747,,,1405.2907848
4385992216,2,2023_5_37_1_1,2023,5,37,55,1,1,0,0,,,1433.9363971
4385992221,2,2023_5_37_1_1,2023,5,37,56,1,3,0,0,,,533.32608016
4385992227,2,2023_5_37_1_1,2023,5,37,60,2,1,0,0,,,559.79610455
4385992228,2,2023_5_37_1_1,2023,5,37,36,2,1,0,0,,,395.91124732
4385992229,2,2023_5_37_1_1,2023,5,37,78,1,1,0,0,,,478.94651159
4385992237,2,2023_5_37_1_1,2023,5,37,60,2,1,0,0,,,859.16017929
4385992240,2,2023_5_37_1_1,2023,5,37,43,2,1,0,0,,,415.56110276
4385992249,2,2023_5_37_1_1,2023,5,37,65,2,1,0,0,,,436.31048261
4385992253,2,2023_5_37_1_1,2023,5,37,16,1,1,0,0,,,1157.3617414
4385992254,2,2023_5_37_1_1,2023,5,37,48,2,3,0,0,,,520.357951
4385992255,2,2023_5_37_1_1,2023,5,37,81,2,2,0,0,,,467.3006528
4385992260,2,2023_5_37_1_1,2023,5,37,64,2,-3,0,0,,,478.94651159
4385992261,2,2023_5_37_1_1,2023,5,37,49,2,1,0,0,,,237.62253092
4385992266,2,2023_5_37_1_1,2023,5,37,64,2,1,0,0,,,191.63623274
4385992284,2,2023_5_37_1_1,2023,5,37,67,2,1,0,0,1,,478.94651159
4385992285,2,2023_5_37_1_1,2023,5,37,62,2,1,0,0,,,191.63623274
4385992288,2,2023_5_37_1_1,2023,5,37,83,2,1,0,0,,,1118.1266321
4385992294,2,2023_5_37_1_1,2023,5,37,46,2,1,0,0,1,,533.32608016
4385992296,2,2023_5_37_1_1,2023,5,37,56,2,1,0,0,,,1505.1054863
4385992299,2,2023_5_37_1_1,2023,5,37,63,1,1,0,0,,,573.74709381
4385992309,2,2023_5_37_1_1,2023,5,37,65,1,-3,19.939866437,1.0030066781,,,138.80081496
4385992310,2,2023_5_37_1_1,2023,5,37,79,1,-3,0,0,,,600.29883681
4385992312,2,2023_5_37_1_1,2023,5,37,83,1,-3,0,0,,,386.56830934
4385992319,2,2023_5_37_1_1,2023,5,37,63,2,1,0,0,,,395.91124732
4385992320,2,2023_5_37_1_1,2023,5,37,61,2,1,0.9969933219,1.0030066781,,,573.74709381
4385992325,2,2023_5_37_1_1,2023,5,37,47,1,-3,0,2.0060133563,,,515.24607429
4385992327,2,2023_5_37_1_1,2023,5,37,71,2,1,0,0,,,478.94651159
4385992338,2,2023_5_37_1_1,2023,5,37,49,1,1,3.9879732874,4.0120267126,,,425.91753152
4385992339,2,2023_5_37_1_1,2023,5,37,73,1,-3,0,0,,,355.54291804
4385992346,2,2023_5_37_1_1,2023,5,37,68,1,1,0,0,,,478.94651159
4385992348,2,2023_5_37_1_1,2023,5,37,47,1,1,0,0,,,1433.9363971
4385992350,2,2023_5_37_1_1,2023,5,37,76,2,1,0,0,,,178.13528282
4385992360,2,2023_5_37_1_1,2023,5,37,61,2,-3,0,0,,,478.94651159
4385992362,2,2023_5_37_1_1,2023,5,37,53,2,1,0,0,,,1157.3617414
4385992365,2,2023_5_37_1_1,2023,5,37,65,1,1,0,4.0120267126,,,348.44027068
4385992374,2,2023_5_37_1_1,2023,5,37,67,1,2,0,0,,,502.71757084
4385992388,2,2023_5_37_1_1,2023,5,37,70,2,1,0,0,,,355.54291804
4385992389,2,2023_5_37_1_1,2023,5,37,82,1,1,0,0,,,178.13528282
4385992393,2,2023_5_37_1_1,2023,5,37,75,1,1,0,0,,,132.23760216
4385992397,2,2023_5_37_1_1,2023,5,37,72,1,1,0,0,,,178.13528282
4385992399,2,2023_5_37_1_1,2023,5,37,59,2,1,0,0,,,533.32608016
4385992402,2,2023_5_37_1_1,2023,5,37,28,1,1,5.9819599312,0,,,425.91753152
4385992403,2,2023_5_37_1_1,2023,5,37,35,1,1,0,0,,,1157.3617414
4385992405,2,2023_5_37_1_1,2023,5,37,67,2,-3,21.933853081,22.066146919,,,255.63204503
4385992408,2,2023_5_37_1_1,2023,5,37,33,2,4,0,20.060133563,,,573.74709381
4385992411,2,2023_5_37_1_1,2023,5,37,47,1,1,0,0,1,,1306.2867487
4385992415,2,2023_5_37_1_1,2023,5,37,46,2,1,0,0,,,1245.078687
4385992417,2,2023_5_37_1_1,2023,5,37,38,1,1,0,0,,,1157.3617414
4385992419,2,2023_5_37_1_1,2023,5,37,58,2,1,0,0,,,386.28443855
4385992424,2,2023_5_37_1_1,2023,5,37,40,2,1,0,0,,,924.27629986
4385992426,2,2023_5_37_1_1,2023,5,37,-3,-3,-3,0,0,1,1,132.23760216
4385992428,2,2023_5_37_1_1,2023,5,37,24,1,5,0,0,,,1274.5236381
4385992430,2,2023_5_37_1_1,2023,5,37,-3,2,-3,9.9699332186,0,,,425.91753152
4385992431,2,2023_5_37_1_1,2023,5,37,43,1,1,0.9969933219,0,,,924.27629986
4385992432,2,2023_5_37_1_1,2023,5,37,36,2,1,0,0,,,924.27629986
4385992433,2,2023_5_37_1_1,2023,5,37,30,2,1,9.9699332186,0,,,1405.2907848
4385992435,2,2023_5_37_1_1,2023,5,37,30,2,1,0,0,,,1245.078687
4385992436,2,2023_5_37_1_1,2023,5,37,60,2,1,0,0,,,573.74709381
4385992439,2,2023_5_37_1_1,2023,5,37,45,2,1,0,0,,,1274.5236381
4385992440,2,2023_5_37_1_1,2023,5,37,32,1,1,0,0,,,1157.3617414
4385992444,2,2023_5_37_1_1,2023,5,37,67,2,1,4.9849666093,5.0150333907,,,234.35136391
4385992447,2,2023_5_37_1_1,2023,5,37,56,1,1,0,0,,,520.357951
4385992452,2,2023_5_37_1_1,2023,5,37,51,2,1,0,0,,,533.32608016
4385992455,2,2023_5_37_1_1,2023,5,37,79,2,3,0,0,,,178.13528282
4385992457,2,2023_5_37_1_1,2023,5,37,63,2,1,1.9939866437,0,,,142.25994707
4385992458,2,2023_5_37_1_1,2023,5,37,35,1,1,0,0,,,1157.3617414
4385992462,2,2023_5_37_1_1,2023,5,37,46,2,1,0,0,,,924.27629986
4385992463,2,2023_5_37_1_1,2023,5,37,46,2,1,1.9939866437,0,,,2804.8412332
4385992471,2,2023_5_37_1_1,2023,5,37,65,2,1,0,0,,,186.97648796
4385992473,2,2023_5_37_1_1,2023,5,37,74,2,1,0,0,,,178.13528282
4385992474,2,2023_5_37_1_1,2023,5,37,68,2,1,7.9759465749,0,,,191.63623274
4385992476,2,2023_5_37_1_1,2023,5,37,85,1,1,0,0,,,478.94651159
4385992483,2,2023_5_37_1_1,2023,5,37,68,1,1,0,0,,,178.13528282
4385992492,2,2023_5_37_1_1,2023,5,37,61,2,1,0,0,,,1542.6150551
4385992498,2,2023_5_37_1_1,2023,5,37,71,2,1,55.831626024,0,,,142.25994707
4385992499,2,2023_5_37_1_1,2023,5,37,29,2,1,0,0,,,425.91753152
4385992506,2,2023_5_37_1_1,2023,5,37,56,1,1,1.9939866437,2.0060133563,,,425.91753152
4385992508,2,2023_5_37_1_1,2023,5,37,79,1,1,0,0,,,132.23760216
4385992509,2,2023_5_37_1_1,2023,5,37,79,1,1,0,0,,,478.94651159
4385992513,2,2023_5_37_1_1,2023,5,37,-3,-3,-3,0,0,1,1,415.56110276
4385992514,2,2023_5_37_1_1,2023,5,37,68,1,2,0,0,,,467.3006528
4385992518,2,2023_5_37_1_1,2023,5,37,30,2,1,0,0,,,533.32608016
4385992525,2,2023_5_37_1_1,2023,5,37,64,2,1,3.9879732874,1.0030066781,,,186.97648796
4385992527,2,2023_5_37_1_1,2023,5,37,48,2,1,0,0,,,3347.6023636
4385992528,2,2023_5_37_1_1,2023,5,37,53,2,2,0,0,,,573.74709381
4385992531,2,2023_5_37_1_1,2023,5,37,32,1,1,0.9969933219,0,,,573.74709381
4385992532,2,2023_5_37_1_1,2023,5,37,81,2,1,0,0,,,478.94651159
4385992534,2,2023_5_37_1_1,2023,5,37,51,-5,1,4.9849666093,0,,,425.91753152
4385992539,2,2023_5_37_1_1,2023,5,37,34,2,3,5.9819599312,0,,,425.91753152
4385992543,2,2023_5_37_1_1,2023,5,37,62,2,1,0,2.0060133563,,,573.74709381
4385992549,2,2023_5_37_1_1,2023,5,37,58,2,1,0,0,,,467.3006528
4385992553,2,2023_5_37_1_1,2023,5,37,24,2,1,0,0,,,1405.2907848
4385992560,2,2023_5_37_1_1,2023,5,37,0,2,-3,0,0,,,947.31070225
4385992562,2,2023_5_37_1_1,2023,5,37,39,1,3,0,2.0060133563,,,924.27629986
4385992563,2,2023_5_37_1_1,2023,5,37,65,2,1,0,0,,,178.13528282
4385992565,2,2023_5_37_1_1,2023,5,37,75,1,1,0,0,,,178.13528282
4385992566,2,2023_5_37_1_1,2023,5,37,66,2,1,0,0,,,178.13528282
4385992569,2,2023_5_37_1_1,2023,5,37,66,2,1,0,0,,,142.25994707
4385992573,2,2023_5_37_1_1,2023,5,37,64,1,1,0,0,,,395.91124732
4385992578,2,2023_5_37_1_1,2023,5,37,4,1,3,0,0,,,1157.3617414
4385992579,2,2023_5_37_1_1,2023,5,37,72,2,1,0.9969933219,1.0030066781,,,191.63623274
4385992582,2,2023_5_37_1_1,2023,5,37,65,1,1,1.9939866437,4.0120267126,,,382.48966915
4385992584,2,2023_5_37_1_1,2023,5,37,53,2,1,0,0,,,1245.078687
4385992596,2,2023_5_37_1_1,2023,5,37,40,1,1,0,5.0150333907,,,138.80081496
4385992602,2,2023_5_37_1_1,2023,5,37,41,1,1,0,0,,,1157.3617414
4385992605,2,2023_5_37_1_1,2023,5,37,79,1,1,0,0,,,478.94651159
4385992607,2,2023_5_37_1_1,2023,5,37,70,2,1,0,0,,,178.13528282
4385992610,2,2023_5_37_1_1,2023,5,37,59,1,1,0,0,,,533.32608016
4385992611,2,2023_5_37_1_1,2023,5,37,64,2,1,0,1.0030066781,,,186.97648796
4385992612,2,2023_5_37_1_1,2023,5,37,50,2,1,0,0,,,425.91753152
4385992617,2,2023_5_37_1_1,2023,5,37,54,2,1,0,0,,,1274.5236381
4385992618,2,2023_5_37_1_1,2023,5,37,72,1,1,2.9909799656,0,,,142.25994707
4385992622,2,2023_5_37_1_1,2023,5,37,77,1,1,7.9759465749,0,,,382.48966915
4385992627,2,2023_5_37_1_1,2023,5,37,41,1,1,0,2.0060133563,,,1245.078687
4385992629,2,2023_5_37_1_1,2023,5,37,80,1,1,0,0,,,355.54291804
4385992637,2,2023_5_37_1_1,2023,5,37,70,2,1,15.95189315,0,,,142.25994707
4385992640,2,2023_5_37_1_1,2023,5,37,46,2,1,0,0,,,425.91753152
4385992642,2,2023_5_37_1_1,2023,5,37,61,2,1,0,0,,,386.56830934
4385992648,2,2023_5_37_1_1,2023,5,37,66,1,1,0,0,,,132.23760216
4385992652,2,2023_5_37_1_1,2023,5,37,80,2,1,0,1.0030066781,,,191.63623274
4385992658,2,2023_5_37_1_1,2023,5,37,72,2,1,0,0,,,178.13528282
4385992660,2,2023_5_37_1_1,2023,5,37,58,2,1,2.9909799656,1.0030066781,,,1117.3055521
4385992666,2,2023_5_37_1_1,2023,5,37,55,2,1,9.9699332186,5.0150333907,,,425.91753152
4385992670,2,2023_5_37_1_1,2023,5,37,78,2,1,0,0,,,355.54291804
4385992674,2,2023_5_37_1_1,2023,5,37,14,1,1,0,0,,,1157.3617414
4385992679,2,2023_5_37_1_1,2023,5,37,61,1,1,0,0,,,533.32608016
4385992680,2,2023_5_37_1_1,2023,5,37,54,2,1,0,0,,,478.94651159
4385992682,2,2023_5_37_1_1,2023,5,37,23,2,2,0,0,,,178.13528282
4385992689,2,2023_5_37_1_1,2023,5,37,34,2,1,0,0,,,573.74709381
4385992691,2,2023_5_37_1_1,2023,5,37,47,2,5,0,0,,,425.70134329
4385992692,2,2023_5_37_1_1,2023,5,37,63,1,1,0,0,,,1306.2867487
4385992694,2,2023_5_37_1_1,2023,5,37,-3,-3,-3,0,0,1,1,142.25994707
4385992701,2,2023_5_37_1_1,2023,5,37,49,2,3,0,0,,,559.79610455
4385992703,2,2023_5_37_1_1,2023,5,37,60,2,3,0,4.0120267126,,,573.74709381
4385992704,2,2023_5_37_1_1,2023,5,37,36,2,5,0,5.0150333907,,,415.86648824
4385992716,2,2023_5_37_1_1,2023,5,37,75,2,1,0,0,,,415.86648824
4385992727,2,2023_5_37_1_1,2023,5,37,68,2,1,0,0,,,178.13528282
4385992733,2,2023_5_37_1_1,2023,5,37,56,1,1,9.9699332186,10.030066781,,,1542.6150551
4385992735,2,2023_5_37_1_1,2023,5,37,34,2,3,0,0,,,573.74709381
4385992736,2,2023_5_37_1_1,2023,5,37,67,1,1,0,0,,,502.71757084
4385992738,2,2023_5_37_1_1,2023,5,37,56,1,1,0,0,,,520.357951
4385992739,2,2023_5_37_1_1,2023,5,37,25,1,1,0,0,,,1157.3617414
4385992750,2,2023_5_37_1_1,2023,5,37,65,2,1,0,0,,,142.25994707
4385992751,2,2023_5_37_1_1,2023,5,37,67,2,1,1.9939866437,2.0060133563,,,142.25994707
4385992754,2,2023_5_37_1_1,2023,5,37,66,1,1,0,0,,,223.27003221
4385992757,2,2023_5_37_1_1,2023,5,37,74,2,1,19.939866437,0,,,142.25994707
4385992771,2,2023_5_37_1_1,2023,5,37,54,2,1,0,0,,,533.32608016
4385992773,2,2023_5_37_1_1,2023,5,37,41,2,1,0,0,,,1157.3617414
4385992781,2,2023_5_37_1_1,2023,5,37,33,1,1,0,0,,,1043.2087388
4385992789,2,2023_5_37_1_1,2023,5,37,50,1,1,0,1.0030066781,,,924.27629986
4385992790,2,2023_5_37_1_1,2023,5,37,58,2,1,0,0,,,425.91753152
4385992791,2,2023_5_37_1_1,2023,5,37,69,1,1,6.978953253,10.030066781,,,191.63623274
4385992792,2,2023_5_37_1_1,2023,5,37,-3,-3,-3,0,0,1,1,178.13528282
4385992796,2,2023_5_37_1_1,2023,5,37,49,1,1,3.9879732874,4.0120267126,,,382.48966915
4385992797,2,2023_5_37_1_1,2023,5,37,69,2,1,0,4.0120267126,,,191.63623274
4385992799,2,2023_5_37_1_1,2023,5,37,74,2,1,0,0,,,178.13528282
4385992801,2,2023_5_37_1_1,2023,5,37,41,2,1,0,0,,,520.357951
4385992802,2,2023_5_37_1_1,2023,5,37,65,1,-3,0,2.0060133563,,,469.37864228
4385992804,2,2023_5_37_1_1,2023,5,37,62,2,1,0,0,,,573.74709381
4385992806,2,2023_5_37_1_1,2023,5,37,-3,1,1,18.942873115,14.042093494,,,455.81367323
4385992807,2,2023_5_37_1_1,2023,5,37,56,1,1,0,0,,,395.91124732
4385992808,2,2023_5_37_1_1,2023,5,37,72,2,1,0,0,,,178.13528282
4385992815,2,2023_5_37_1_1,2023,5,37,35,1,1,0,0,,,533.32608016
4385992828,2,2023_5_37_1_1,2023,5,37,30,1,1,0,0,,,1157.3617414
4385992833,2,2023_5_37_1_1,2023,5,37,62,2,1,0,0,,,178.13528282
4385992840,2,2023_5_37_1_1,2023,5,37,19,1,1,0,0,,,386.56830934
4385992841,2,2023_5_37_1_1,2023,5,37,76,1,1,0,23.069153597,,,142.25994707
4385992843,2,2023_5_37_1_1,2023,5,37,57,2,1,0,0,,,395.91124732
4385992845,2,2023_5_37_1_1,2023,5,37,53,2,1,0,0,,,415.56110276
4385992847,2,2023_5_37_1_1,2023,5,37,65,2,1,0,6.0180400688,,,142.25994707
4385992858,2,2023_5_37_1_1,2023,5,37,55,1,1,0,0,,,3111.7606795
4385992859,2,2023_5_37_1_1,2023,5,37,65,2,1,0,0,,,191.63623274
4385992861,2,2023_5_37_1_1,2023,5,37,66,2,1,0,0,,,178.13528282
4385992865,2,2023_5_37_1_1,2023,5,37,58,2,1,0,0,,,573.74709381
4385992869,2,2023_5_37_1_1,2023,5,37,71,2,1,0,0,,,186.97648796
4385992872,2,2023_5_37_1_0,2023,5,37,27,1,1,0,0,,,4296.5442968
4385992879,2,2023_5_37_1_0,2023,5,37,37,2,1,0,0,,,9323.856782
4385992882,2,2023_5_37_1_0,2023,5,37,28,1,1,0,0,,,10523.616018
4385992883,2,2023_5_37_1_0,2023,5,37,35,1,1,0,0,,,4296.5442968
4385992885,2,2023_5_37_1_0,2023,5,37,54,2,1,0,0,,,2030.1416943
4385992889,2,2023_5_37_1_0,2023,5,37,63,2,1,0,0,,,4296.5442968
4385992898,2,2023_5_37_1_0,2023,5,37,53,2,1,0,0,,,25068.748929
4385992903,2,2023_5_37_1_0,2023,5,37,58,2,1,0,0,,,4296.5442968
4385992917,2,2023_5_37_1_0,2023,5,37,57,2,1,0,0,,,4296.5442968
4385992923,2,2023_5_37_1_0,2023,5,37,26,1,4,0,0,,,4192.071361
4385992927,2,2023_5_37_1_0,2023,5,37,38,2,4,0,0,,,9323.856782
4385992938,2,2023_5_37_1_0,2023,5,37,50,1,1,0,0,,,4296.5442968
4385992949,2,2023_5_37_1_0,2023,5,37,50,2,1,0,0,,,1506.3069159
4385992951,2,2023_5_37_1_0,2023,5,37,70,1,1,0,0,,,694.98287509
4385992953,2,2023_5_37_1_0,2023,5,37,41,2,4,0,0,,,9323.856782
4385992955,2,2023_5_37_1_0,2023,5,37,-3,-3,-3,0,0,1,1,11271.085228
4385992963,2,2023_5_37_1_0,2023,5,37,71,2,1,0,0,,,1435.0810169
4385992967,2,2023_5_37_1_0,2023,5,37,52,2,1,0,0,,,1400.1861999
4385992969,2,2023_5_37_1_0,2023,5,37,74,2,1,0,0,,,3858.4554167
4385992973,2,2023_5_37_1_0,2023,5,37,34,1,1,0,0,,,4296.5442968
4385992976,2,2023_5_37_1_0,2023,5,37,19,2,2,0,0,,,10267.728267
4385992978,2,2023_5_37_1_0,2023,5,37,69,2,1,0,0,,,1435.0810169
4385992990,2,2023_5_37_1_0,2023,5,37,32,2,4,0,0,,,4296.5442968
4385992998,2,2023_5_37_1_0,2023,5,37,63,2,1,0,0,,,3858.4554167
4385993001,2,2023_5_37_1_0,2023,5,37,42,1,1,0,0,,,11551.978195
4385993006,2,2023_5_37_1_0,2023,5,37,10,1,2,0,0,,,22837.11788
4385993009,2,2023_5_37_1_0,2023,5,37,68,1,2,0,0,,,9450.5957405
4385993020,2,2023_5_37_1_0,2023,5,37,36,2,3,0,0,,,10523.616018
4385993025,2,2023_5_37_1_0,2023,5,37,39,1,1,0,0,,,9323.856782
4385993026,2,2023_5_37_1_0,2023,5,37,25,2,1,0,0,,,10523.616018
4385993030,2,2023_5_37_1_0,2023,5,37,52,1,1,0,0,,,9323.856782
4385993039,2,2023_5_37_1_0,2023,5,37,66,1,2,0,0,,,3858.4554167
4385993058,2,2023_5_37_1_0,2023,5,37,41,1,1,0,0,,,9323.856782
4385993059,2,2023_5_37_1_0,2023,5,37,22,1,2,0,0,,,10523.616018
4385993061,2,2023_5_37_1_0,2023,5,37,-3,-3,-3,0,0,,,4192.071361
4385993075,2,2023_5_37_1_0,2023,5,37,53,2,1,0,0,,,4296.5442968
4385993078,2,2023_5_37_1_0,2023,5,37,73,1,1,0,0,,,3858.4554167
4385993084,2,2023_5_37_1_0,2023,5,37,54,2,1,0,0,,,4296.5442968
4385993086,2,2023_5_37_1_0,2023,5,37,-3,-3,-3,0,0,,,12397.274804
4385993089,2,2023_5_37_1_0,2023,5,37,78,2,1,0,0,,,9919.6474316
4385993091,2,2023_5_37_1_0,2023,5,37,26,1,1,0,0,,,4296.5442968
4385993094,2,2023_5_37_1_0,2023,5,37,53,2,1,0,0,,,9323.856782
4385993099,2,2023_5_37_1_0,2023,5,37,-3,-3,-3,0,0,1,1,11551.978195
4385993110,2,2023_5_37_1_0,2023,5,37,58,2,1,0,0,,,2080.7359816
4385993112,2,2023_5_37_1_0,2023,5,37,71,2,2,0,0,,,3764.634863
4385993113,2,2023_5_37_1_0,2023,5,37,31,2,2,0,0,,,10523.616018
4385993114,2,2023_5_37_1_0,2023,5,37,65,2,1,0,0,,,3858.4554167
4385993128,2,2023_5_37_1_0,2023,5,37,48,1,1,0,0,,,9323.856782
4385993149,2,2023_5_37_1_0,2023,5,37,64,1,1,0,0,,,4296.5442968
4385993151,2,2023_5_37_1_0,2023,5,37,27,2,1,0,0,,,10523.616018
4385993161,2,2023_5_37_1_0,2023,5,37,36,1,1,0,0,,,4296.5442968
4385993163,2,2023_5_37_1_0,2023,5,37,20,1,1,0,0,,,4192.071361
4385993170,2,2023_5_37_1_0,2023,5,37,63,1,1,0,0,,,4296.5442968
4385993172,2,2023_5_37_1_0,2023,5,37,46,1,1,0,0,,,4296.5442968
4385993174,2,2023_5_37_1_0,2023,5,37,26,2,4,0,0,,,10523.616018
4385993186,2,2023_5_37_1_0,2023,5,37,-3,2,-3,0,0,,,4278.2546505
4385993187,2,2023_5_37_1_0,2023,5,37,76,1,2,0,0,,,1914.3180279
4385993199,2,2023_5_37_1_0,2023,5,37,11,1,2,0,0,,,9323.856782
4385993204,2,2023_5_37_1_0,2023,5,37,46,2,1,0,0,,,10030.515909
4385993206,2,2023_5_37_1_0,2023,5,37,58,2,1,0,0,,,4192.071361
4385993207,2,2023_5_37_1_0,2023,5,37,70,2,1,0,0,,,1435.0810169
4385993210,2,2023_5_37_1_0,2023,5,37,76,2,1,0,0,,,1435.0810169
4385993213,2,2023_5_37_1_0,2023,5,37,61,2,1,0,0,,,4192.071361
4385993221,2,2023_5_37_1_0,2023,5,37,40,1,1,0,0,,,9323.856782
4385993224,2,2023_5_37_1_0,2023,5,37,-3,-3,-3,0,0,,,6150.7323766
4385993226,2,2023_5_37_1_0,2023,5,37,80,1,1,0,0,,,1435.0810169
4385993229,2,2023_5_37_1_0,2023,5,37,-3,-3,-3,0,0,1,1,4049.958163
4385993232,2,2023_5_37_1_0,2023,5,37,36,2,1,0,0,,,22837.11788
4385993235,2,2023_5_37_1_0,2023,5,37,-3,2,1,0,0,,,3413.3918224
4385993239,2,2023_5_37_1_0,2023,5,37,32,1,1,0,0,,,9323.856782
4385993240,2,2023_5_37_1_0,2023,5,37,63,1,1,0,0,,,2080.7359816
4385993242,2,2023_5_37_1_0,2023,5,37,63,2,1,0,0,,,4192.071361
4385993244,2,2023_5_37_1_0,2023,5,37,52,1,3,0,0,,,4296.5442968
4385993255,2,2023_5_37_1_0,2023,5,37,61,2,1,0,0,,,3858.4554167
4385993269,2,2023_5_37_1_0,2023,5,37,36,1,1,0,0,,,4296.5442968
4385993287,2,2023_5_37_1_0,2023,5,37,70,2,2,0,0,,,3858.4554167
4385993295,2,2023_5_37_1_0,2023,5,37,26,2,3,0,0,,,10523.616018
4385993300,2,2023_5_37_1_0,2023,5,37,25,2,1,0,0,,,10267.728267
4385993303,2,2023_5_37_1_0,2023,5,37,71,1,1,0,0,,,3858.4554167
4385993304,2,2023_5_37_1_0,2023,5,37,83,2,1,0,0,,,3858.4554167
4385993311,2,2023_5_37_1_0,2023,5,37,17,2,3,0,0,,,22837.11788
4385993313,2,2023_5_37_1_0,2023,5,37,41,1,1,0,0,,,10523.616018
4385993317,2,2023_5_37_1_0,2023,5,37,14,2,1,0,1.0030066781,,,10280.49196
4385993319,2,2023_5_37_1_0,2023,5,37,16,1,4,0,0,,,23406.254363
4385993320,2,2023_5_37_1_0,2023,5,37,71,2,1,0,0,,,1435.0810169
4385993327,2,2023_5_37_1_0,2023,5,37,-3,-3,-3,0,0,1,1,3858.4554167
4385993330,2,2023_5_37_1_0,2023,5,37,25,2,1,0,0,,,22837.11788
4385993331,2,2023_5_37_1_0,2023,5,37,38,2,1,0,0,,,4296.5442968
4385993342,2,2023_5_37_1_0,2023,5,37,57,1,2,0,0,,,10523.616018
4385993349,2,2023_5_37_1_0,2023,5,37,76,1,1,0,0,,,3114.2445993
4385993358,2,2023_5_37_1_0,2023,5,37,39,1,2,0,0,,,3858.4554167
4385993359,2,2023_5_37_1_0,2023,5,37,-3,-3,-3,0,0,,,1.0054646283
4385993363,2,2023_5_37_1_0,2023,5,37,10,2,5,0,0,,,23406.254363
4385993365,2,2023_5_37_1_0,2023,5,37,24,2,3,0,0,,,10523.616018
4385993378,2,2023_5_37_1_0,2023,5,37,62,2,1,0,0,,,2080.7359816
4385993387,2,2023_5_37_1_0,2023,5,37,37,2,1,0,0,,,9323.856782
4385993388,2,2023_5_37_1_0,2023,5,37,43,1,1,0,0,,,3114.2445993
4385993394,2,2023_5_37_1_0,2023,5,37,45,1,2,0,0,,,22837.11788
4385993395,2,2023_5_37_1_0,2023,5,37,69,2,1,0,0,,,694.98287509
4385993397,2,2023_5_37_1_0,2023,5,37,70,2,1,0,0,,,3858.4554167
4385993401,2,2023_5_37_1_0,2023,5,37,24,1,1,0,0,,,4296.5442968
4385993414,2,2023_5_37_1_0,2023,5,37,50,2,2,0,0,,,10267.728267
4385993421,2,2023_5_37_1_0,2023,5,37,77,1,1,0,0,,,3858.4554167
4385993430,2,2023_5_37_1_0,2023,5,37,96,2,1,0,0,,,1435.0810169
4385993446,2,2023_5_37_1_0,2023,5,37,78,1,1,0,0,,,3858.4554167
4385993455,2,2023_5_37_1_0,2023,5,37,54,1,1,0,0,,,11271.085228
4385993464,2,2023_5_37_1_0,2023,5,37,42,2,1,0,0,,,2080.7359816
4385993466,2,2023_5_37_1_0,2023,5,37,56,2,1,0,0,,,4296.5442968
4385993489,2,2023_5_37_1_0,2023,5,37,3,1,3,0,0,,,9556.221789
4385993500,2,2023_5_37_1_0,2023,5,37,59,1,2,0,0,,,1400.1861999
4385993510,2,2023_5_37_1_0,2023,5,37,50,2,2,0,0,,,4192.071361
4385993529,2,2023_5_37_1_0,2023,5,37,65,2,1,0,0,,,1435.0810169
4385993531,2,2023_5_37_1_0,2023,5,37,56,2,1,0,0,,,4296.5442968
4385993536,2,2023_5_37_1_0,2023,5,37,37,1,2,0,0,,,9323.856782
4385993552,2,2023_5_37_1_0,2023,5,37,55,1,1,0,2.0060133563,,,4622.1812423
4385993554,2,2023_5_37_1_0,2023,5,37,70,2,1,0,0,,,1435.0810169
4385993555,2,2023_5_37_1_0,2023,5,37,63,1,1,0,0,,,4515.3693185
4385993571,2,2023_5_37_1_0,2023,5,37,23,2,2,0,0,,,1435.0810169
4385993572,2,2023_5_37_1_0,2023,5,37,46,2,1,0,0,,,4296.5442968
4385993573,2,2023_5_37_1_0,2023,5,37,54,1,2,0,0,,,3858.4554167
4385993579,2,2023_5_37_1_0,2023,5,37,46,2,1,0,0,,,1823.1421989
4385993582,2,2023_5_37_1_0,2023,5,37,82,2,2,0,0,,,3858.4554167
4385993584,2,2023_5_37_1_0,2023,5,37,74,2,2,0,0,,,7627.7845838
4385993586,2,2023_5_37_1_0,2023,5,37,31,1,1,0,0,,,4296.5442968
4385993590,2,2023_5_37_1_0,2023,5,37,59,1,1,0,0,,,11271.085228
4385993591,2,2023_5_37_1_0,2023,5,37,63,2,1,0,0,,,9323.856782
4385993595,2,2023_5_37_1_0,2023,5,37,59,2,-3,0,0,,,4296.5442968
4385993598,2,2023_5_37_1_0,2023,5,37,68,1,1,0,4.0120267126,,,1506.3069159
4385993609,2,2023_5_37_1_0,2023,5,37,35,2,1,0,0,,,4857.5911067
4385993626,2,2023_5_37_1_0,2023,5,37,75,2,1,0,0,,,1914.3180279
4385993644,2,2023_5_37_1_0,2023,5,37,-3,-3,-3,0,0,1,1,4192.071361
4385993646,2,2023_5_37_1_0,2023,5,37,48,1,2,0,0,,,9323.856782
4385993648,2,2023_5_37_1_0,2023,5,37,-3,-3,2,0,0,,,11223.106166
4385993657,2,2023_5_37_1_0,2023,5,37,73,1,1,0,0,,,3514.9740196
4385993660,2,2023_5_37_1_0,2023,5,37,63,2,1,0,0,,,1435.0810169
4385993662,2,2023_5_37_1_0,2023,5,37,11,1,2,0,0,,,25180.224477
4385993670,2,2023_5_37_1_0,2023,5,37,66,1,1,0,0,,,1435.0810169
4385993673,2,2023_5_37_1_0,2023,5,37,74,2,1,0,0,,,694.98287509
4385993683,2,2023_5_37_1_0,2023,5,37,68,2,1,0,0,,,694.98287509
4385993693,2,2023_5_37_1_0,2023,5,37,31,1,1,0,0,,,2080.7359816
4385993695,2,2023_5_37_1_0,2023,5,37,28,2,1,3.9879732874,0,,,4622.1812423
4385993700,2,2023_5_37_1_0,2023,5,37,80,1,1,0,0,,,3858.4554167
4385993705,2,2023_5_37_1_0,2023,5,37,26,1,1,0,1.0030066781,,,11321.205416
4385993710,2,2023_5_37_1_0,2023,5,37,75,2,1,0,0,,,1435.0810169
4385993717,2,2023_5_37_1_0,2023,5,37,78,2,2,0,0,,,1867.7702885
4385993730,2,2023_5_37_1_0,2023,5,37,61,1,1,0,0,,,3858.4554167
4385993738,2,2023_5_37_1_0,2023,5,37,69,2,1,0,0,,,1435.0810169
4385993741,2,2023_5_37_1_0,2023,5,37,67,1,1,0,0,,,1435.0810169
4385993744,2,2023_5_37_1_0,2023,5,37,61,1,1,0,0,,,9323.856782
4385993750,2,2023_5_37_1_0,2023,5,37,46,1,2,0,0,,,4296.5442968
4385993753,2,2023_5_37_1_0,2023,5,37,32,1,1,0,0,,,4296.5442968
4385993756,2,2023_5_37_1_0,2023,5,37,85,2,1,0,0,,,3858.4554167
4385993757,2,2023_5_37_1_0,2023,5,37,52,1,1,8.9729398967,6.0180400688,,,2184.0070089
4385993766,2,2023_5_37_1_0,2023,5,37,82,2,1,0,0,,,3858.4554167
4385993771,2,2023_5_37_1_0,2023,5,37,70,1,1,0,0,,,1435.0810169
4385993773,2,2023_5_37_1_0,2023,5,37,62,2,1,0,0,,,1435.0810169
4385993776,2,2023_5_37_1_0,2023,5,37,77,2,1,0,0,,,3858.4554167
4385993777,2,2023_5_37_1_0,2023,5,37,63,2,1,0,0,,,4622.1812423
4385993779,2,2023_5_37_1_0,2023,5,37,68,2,1,0,0,,,3858.4554167
4385993791,2,2023_5_37_1_0,2023,5,37,55,1,-3,0,0,1,1,10523.616018
4385993792,2,2023_5_37_1_0,2023,5,37,64,2,2,0,0,,,11551.978195
4385993801,2,2023_5_37_1_0,2023,5,37,71,1,2,0,0,,,10166.860468
4385993802,2,2023_5_37_1_0,2023,5,37,44,2,1,2.2463570761,3.7536429239,,,10433.835469
4385993803,2,2023_5_37_1_0,2023,5,37,61,1,1,0,0,,,1435.0810169
4385993806,2,2023_5_37_1_0,2023,5,37,34,1,1,0,0,,,10523.616018
4385993808,2,2023_5_37_1_0,2023,5,37,83,2,1,0,0,,,1435.0810169
4385993809,2,2023_5_37_1_0,2023,5,37,30,1,1,0,0,,,2080.7359816
4385993827,2,2023_5_37_1_0,2023,5,37,22,1,2,0,0,,,10523.616018
4385993839,2,2023_5_37_1_0,2023,5,37,58,1,2,0,0,,,9323.856782
4385993852,2,2023_5_37_1_0,2023,5,37,49,2,1,0,0,,,22837.11788
4385993856,2,2023_5_37_1_0,2023,5,37,63,2,1,0,0,,,694.98287509
4385993865,2,2023_5_37_1_0,2023,5,37,53,1,1,0,0,,,678.08396836
4385993878,2,2023_5_37_1_0,2023,5,37,69,1,1,0,0,,,1435.0810169
4385993880,2,2023_5_37_1_0,2023,5,37,45,2,1,0,0,,,9323.856782
4385993884,2,2023_5_37_2_1,2023,5,37,70,1,1,0.9969933219,1.0030066781,,,555.10523751
4385993885,2,2023_5_37_2_1,2023,5,37,52,1,1,0,7.021046747,,,1661.9509382
4385993895,2,2023_5_37_2_1,2023,5,37,-3,-3,-3,0,0,1,1,1970.7252277
4385993897,2,2023_5_37_2_1,2023,5,37,66,2,1,0,0,,,732.97474205
4385993899,2,2023_5_37_2_1,2023,5,37,88,1,1,0,0,,,1970.7252277
4385993908,2,2023_5_37_2_1,2023,5,37,83,1,2,0,0,,,3315.4294255
4385993911,2,2023_5_37_2_1,2023,5,37,63,2,1,0,0,,,1661.9509382
4385993916,2,2023_5_37_2_1,2023,5,37,53,1,1,0,0,,,715.15204132
4385993920,2,2023_5_37_2_1,2023,5,37,64,1,1,0,0,,,732.97474205
4385993923,2,2023_5_37_2_1,2023,5,37,56,2,1,0,0,,,732.97474205
4385993927,2,2023_5_37_2_1,2023,5,37,76,2,1,0,0,,,1970.7252277
4385993928,2,2023_5_37_2_1,2023,5,37,49,1,1,0,0,,,2141.1212247
4385993934,2,2023_5_37_2_1,2023,5,37,77,2,1,0,0,,,732.97474205
4385993939,2,2023_5_37_2_1,2023,5,37,76,2,1,0,0,,,732.97474205
4385993940,2,2023_5_37_2_1,2023,5,37,72,2,1,0,0,,,740.47942316
4385993942,2,2023_5_37_2_1,2023,5,37,69,2,1,0,0,,,515.99755989
4385993946,2,2023_5_37_2_1,2023,5,37,0,2,1,0,0,,,1147.6635138
4385993947,2,2023_5_37_2_1,2023,5,37,24,1,1,0,6.0180400688,,,541.60753568
4385993953,2,2023_5_37_2_1,2023,5,37,76,1,1,0,0,1,1,1970.7252277
4385993959,2,2023_5_37_2_1,2023,5,37,51,1,1,0,1.0030066781,,,3606.5711082
4385993970,2,2023_5_37_2_1,2023,5,37,63,2,1,0,0,,,1353.6116639
4385993975,2,2023_5_37_2_1,2023,5,37,35,2,1,0,0,1,1,4762.2060631
4385993976,2,2023_5_37_2_1,2023,5,37,54,2,1,0,0,,,1621.5396491
4385993977,2,2023_5_37_2_1,2023,5,37,-3,1,-3,0,0,,,1743.406791
4385993978,2,2023_5_37_2_1,2023,5,37,67,2,1,0,0,,,769.35372299
4385993979,2,2023_5_37_2_1,2023,5,37,65,2,1,0,0,,,1970.7252277
4385993981,2,2023_5_37_2_1,2023,5,37,67,2,1,0,0,,,1970.7252277
4385993988,2,2023_5_37_2_1,2023,5,37,66,2,1,0,0,,,715.15204132
4385993995,2,2023_5_37_2_1,2023,5,37,71,2,1,0,0,,,1456.2024758
4385993996,2,2023_5_37_2_1,2023,5,37,58,1,1,0,0,,,4762.2060631
4385993999,2,2023_5_37_2_1,2023,5,37,62,1,1,0,0,,,1544.8649567
4385994003,2,2023_5_37_2_1,2023,5,37,70,2,1,0,0,,,788.5272139
4385994005,2,2023_5_37_2_1,2023,5,37,56,2,1,0,0,,,1544.8649567
4385994006,2,2023_5_37_2_1,2023,5,37,69,2,1,0,5.0150333907,,,2120.0873427
4385994009,2,2023_5_37_2_1,2023,5,37,58,1,1,0,0,,,2194.4812945
4385994011,2,2023_5_37_2_1,2023,5,37,35,2,1,0,0,,,4762.2060631
4385994019,2,2023_5_37_2_1,2023,5,37,75,2,1,0,0,,,1492.4933055
4385994020,2,2023_5_37_2_1,2023,5,37,29,1,1,0,0,,,5374.9890395
4385994025,2,2023_5_37_2_1,2023,5,37,47,2,1,0,0,,,1661.9509382
4385994029,2,2023_5_37_2_1,2023,5,37,57,2,1,0,0,,,4762.2060631
4385994032,2,2023_5_37_2_1,2023,5,37,42,2,1,0,0,,,5123.1357147
4385994034,2,2023_5_37_2_1,2023,5,37,79,2,1,0,0,,,788.5272139
4385994035,2,2023_5_37_2_1,2023,5,37,77,1,1,0,0,,,732.97474205
4385994037,2,2023_5_37_2_1,2023,5,37,30,1,1,0,0,,,3352.4848365
4385994041,2,2023_5_37_2_1,2023,5,37,77,1,1,0,0,,,3010.6551645
4385994045,2,2023_5_37_2_1,2023,5,37,46,2,1,0,0,,,4762.2060631
4385994055,2,2023_5_37_2_1,2023,5,37,82,2,1,0,0,,,732.97474205
4385994056,2,2023_5_37_2_1,2023,5,37,16,1,1,0,0,,,4762.2060631
4385994058,2,2023_5_37_2_1,2023,5,37,-3,-3,-3,0,0,1,1,1970.7252277
4385994065,2,2023_5_37_2_1,2023,5,37,56,1,1,7.9759465749,0,,,1661.9509382
4385994070,2,2023_5_37_2_1,2023,5,37,37,2,1,0,0,,,9013.7163857
4385994072,2,2023_5_37_2_1,2023,5,37,54,2,1,0,1.222362375,,,11302.55889
4385994074,2,2023_5_37_2_1,2023,5,37,65,2,1,0,0,,,1970.7252277
4385994083,2,2023_5_37_2_1,2023,5,37,1,1,1,0,0,,,4762.2060631
4385994092,2,2023_5_37_2_1,2023,5,37,68,2,1,0,0,,,788.5272139
4385994098,2,2023_5_37_2_1,2023,5,37,71,2,1,0,0,,,732.97474205
4385994099,2,2023_5_37_2_1,2023,5,37,54,1,1,0,0,,,1507.3006804
4385994106,2,2023_5_37_2_1,2023,5,37,69,2,1,0,0,,,732.97474205
4385994107,2,2023_5_37_2_1,2023,5,37,88,2,1,0,0,,,1922.8059149
4385994125,2,2023_5_37_2_1,2023,5,37,46,2,1,0,0,,,4762.2060631
4385994127,2,2023_5_37_2_1,2023,5,37,72,2,1,0,0,,,788.5272139
4385994129,2,2023_5_37_2_1,2023,5,37,76,2,1,0,0,,,1970.7252277
4385994135,2,2023_5_37_2_1,2023,5,37,58,2,1,0,0,,,715.15204132
4385994139,2,2023_5_37_2_1,2023,5,37,46,2,1,0,0,,,2194.4812945
4385994144,2,2023_5_37_2_1,2023,5,37,63,2,3,0,0,,,732.97474205
4385994146,2,2023_5_37_2_1,2023,5,37,54,2,1,0,0,,,2194.4812945
4385994150,2,2023_5_37_2_1,2023,5,37,72,1,1,0,0,,,1970.7252277
4385994155,2,2023_5_37_2_1,2023,5,37,42,1,1,0,0,,,4762.2060631
4385994161,2,2023_5_37_2_1,2023,5,37,12,1,1,0,0,,,4880.8876421
4385994162,2,2023_5_37_2_1,2023,5,37,48,1,1,0,0,,,2194.4812945
4385994163,2,2023_5_37_2_1,2023,5,37,40,1,1,0,0,,,4762.2060631
4385994166,2,2023_5_37_2_0,2023,5,37,45,1,1,0,0.5738861694,,,40947.032461
4385994168,2,2023_5_37_2_0,2023,5,37,61,2,1,0,0,,,1830.5377337
4385994174,2,2023_5_37_2_0,2023,5,37,60,1,1,0,0,,,10243.177492
4385994178,2,2023_5_37_2_0,2023,5,37,76,2,1,0,0,,,4574.9681539
4385994183,2,2023_5_37_2_0,2023,5,37,51,2,1,0,0,,,22228.543063
4385994184,2,2023_5_37_2_0,2023,5,37,48,1,1,0,0,,,25088.829367
4385994188,2,2023_5_37_2_0,2023,5,37,72,2,1,0,0,,,9198.751589
4385994190,2,2023_5_37_2_0,2023,5,37,83,1,-3,0,0,,,9198.751589
4385994205,2,2023_5_37_2_0,2023,5,37,31,1,2,0,0,,,54444.836522
4385994207,2,2023_5_37_2_0,2023,5,37,66,2,1,0,0,,,4574.9681539
4385994213,2,2023_5_37_2_0,2023,5,37,-3,-3,-3,0,0,1,1,9994.1087632
4385994214,2,2023_5_37_2_0,2023,5,37,40,1,2,0,0,,,27540.496468
4385994219,2,2023_5_37_2_0,2023,5,37,19,1,1,0,0,,,10243.177492
4385994224,2,2023_5_37_2_0,2023,5,37,40,2,1,0,0,,,10243.177492
4385994229,2,2023_5_37_2_0,2023,5,37,41,2,1,0,0,,,10243.177492
4385994236,2,2023_5_37_2_0,2023,5,37,66,2,1,0,0,,,9198.751589
4385994240,2,2023_5_37_2_0,2023,5,37,-3,2,-3,0,0,1,1,22228.543063
4385994251,2,2023_5_37_2_0,2023,5,37,67,1,1,0,0,,,8975.0786746
4385994252,2,2023_5_37_2_0,2023,5,37,62,1,1,0,0,,,18185.021721
4385994259,2,2023_5_37_2_0,2023,5,37,51,2,1,0,0,,,10243.177492
4385994266,2,2023_5_37_2_0,2023,5,37,79,2,1,0,0,,,9198.751589
4385994268,2,2023_5_37_2_0,2023,5,37,69,1,3,0,0,,,3421.3052527
4385994276,2,2023_5_37_2_0,2023,5,37,77,2,1,0,0,,,3421.3052527
4385994281,2,2023_5_37_2_0,2023,5,37,77,2,1,0,0,,,3421.3052527
4385994283,2,2023_5_37_2_0,2023,5,37,60,1,1,0,0,,,4970.5363685
4385994285,2,2023_5_37_2_0,2023,5,37,-3,-3,-3,0,0,1,1,9198.751589
4385994297,2,2023_5_37_2_0,2023,5,37,70,1,1,0,0,,,3421.3052527
4385994305,2,2023_5_37_2_0,2023,5,37,71,1,1,0,0,,,9198.751589
4385994308,2,2023_5_37_2_0,2023,5,37,58,2,1,0,0,,,5094.4098627
4385994310,2,2023_5_37_2_0,2023,5,37,47,2,1,0,0,,,22228.543063
4385994314,2,2023_5_37_2_0,2023,5,37,37,1,1,0,0,,,10243.177492
4385994324,2,2023_5_37_2_0,2023,5,37,49,1,1,0,0,,,64294.784107
4385994335,2,2023_5_37_2_0,2023,5,37,82,2,1,0,0,,,9198.751589
4385994348,2,2023_5_37_2_0,2023,5,37,-3,-3,-3,0,0,,,9198.751589
4385994364,2,2023_5_37_2_0,2023,5,37,55,2,1,0,0,,,9994.1087632
4385994370,2,2023_5_37_2_0,2023,5,37,56,1,1,0,0,,,10243.177492
4385994375,2,2023_5_37_2_0,2023,5,37,36,1,1,0,0,,,19962.052399
4385994376,2,2023_5_37_2_0,2023,5,37,72,2,1,0,0,,,3421.3052527
4385994377,2,2023_5_37_2_0,2023,5,37,58,1,1,0,0,,,10243.177492
4385994380,2,2023_5_37_2_0,2023,5,37,79,2,1,0,0,,,3421.3052527
4385994384,2,2023_5_37_2_0,2023,5,37,76,2,1,0,0,,,9198.751589
4385994389,2,2023_5_37_2_0,2023,5,37,50,2,2,0,0,,,19962.052399
4385994391,2,2023_5_37_2_0,2023,5,37,61,1,1,0,0,,,10243.177492
4385994395,2,2023_5_37_2_0,2023,5,37,63,2,1,0,0,,,3338.1142556
4385994396,2,2023_5_37_2_0,2023,5,37,39,1,1,0,0,,,10243.177492
4385994397,2,2023_5_37_2_0,2023,5,37,55,2,1,0,0,,,5094.4098627
4385994400,2,2023_5_37_2_0,2023,5,37,49,2,5,0,0,,,10243.177492
4385994429,2,2023_5_37_2_0,2023,5,37,42,1,1,0,0,,,18185.021721
4385994436,2,2023_5_37_2_0,2023,5,37,53,2,1,0,0,,,10243.177492
4385994443,2,2023_5_37_2_0,2023,5,37,56,1,1,0,0,,,9994.1087632
4385994444,2,2023_5_37_2_0,2023,5,37,82,2,1,0,0,,,3421.3052527
4385994465,2,2023_5_37_2_0,2023,5,37,61,1,1,0,0,,,10243.177492
4385994479,2,2023_5_37_2_0,2023,5,37,50,2,1,0,0,,,5094.4098627
4385994480,2,2023_5_37_2_0,2023,5,37,56,1,1,0,0,,,9994.1087632
4385994484,2,2023_5_37_2_0,2023,5,37,69,2,4,0,0,,,3421.3052527
4385994485,2,2023_5_37_2_0,2023,5,37,81,1,2,0,0,,,9198.751589
4385994495,2,2023_5_37_2_0,2023,5,37,47,1,1,0,0,,,8975.0786746
4385994516,2,2023_5_37_2_0,2023,5,37,93,2,2,0,0,,,8975.0786746
4385994528,2,2023_5_37_2_0,2023,5,37,68,2,1,0,0,,,1701.5746566
4385994529,2,2023_5_37_2_0,2023,5,37,68,2,1,0,0,,,9198.751589
4385994531,2,2023_5_37_2_0,2023,5,37,8,2,1,0,0,,,22782.512916
4385994533,2,2023_5_37_2_0,2023,5,37,65,1,1,0,0,,,1701.5746566
4385994548,2,2023_5_37_2_0,2023,5,37,75,1,2,0,0,,,9198.751589
4385994556,2,2023_5_37_2_0,2023,5,37,82,2,1,0,0,,,9198.751589
4385994569,2,2023_5_37_2_0,2023,5,37,70,2,1,0,0,,,9198.751589
4385994573,2,2023_5_37_2_0,2023,5,37,38,1,1,0,0,,,10243.177492
4385994578,2,2023_5_37_2_0,2023,5,37,35,1,4,0,0,,,11019.512332
4385994584,2,2023_5_37_2_0,2023,5,37,45,2,1,0,0,,,22228.543063
4385994587,2,2023_5_37_2_0,2023,5,37,36,1,1,0,0,,,25088.829367
4385994589,2,2023_5_37_2_0,2023,5,37,58,1,2,0,0,,,9198.751589
4385994599,2,2023_5_37_2_0,2023,5,37,50,1,1,0,0,,,9994.1087632
4385994606,2,2023_5_37_2_0,2023,5,37,-3,2,2,0,0,,,24478.780109
4385994608,2,2023_5_37_2_0,2023,5,37,78,2,1,0,0,,,9198.751589
4385994637,2,2023_5_37_2_0,2023,5,37,42,1,2,0,0,,,22228.543063
4385994651,2,2023_5_37_2_0,2023,5,37,60,1,1,0,0,,,5094.4098627
4385994671,2,2023_5_37_2_0,2023,5,37,40,1,1,0,0,,,22228.543063
4385994672,2,2023_5_37_2_0,2023,5,37,60,2,1,0,0,,,10243.177492
4385994677,2,2023_5_37_2_0,2023,5,37,55,1,3,0,0,,,22228.543063
4385994681,2,2023_5_37_2_0,2023,5,37,60,1,4,0,0,,,9994.1087632
4385994698,2,2023_5_37_2_0,2023,5,37,62,2,2,0,0,,,3421.3052527
4385994705,2,2023_5_37_2_0,2023,5,37,69,2,1,0,0,,,3421.3052527
4385994719,2,2023_5_37_2_0,2023,5,37,77,2,1,0,0,,,9198.751589
4385994726,2,2023_5_37_2_0,2023,5,37,60,1,2,11.963919862,1.0030066781,,,1.0054646283
4385994728,2,2023_5_37_2_0,2023,5,37,62,1,1,0,0,,,10243.177492
4385994741,2,2023_5_37_2_0,2023,5,37,65,1,1,0,0,,,3421.3052527
4385994751,2,2023_5_37_2_0,2023,5,37,75,1,1,0,0,,,9198.751589
4385994754,2,2023_5_37_2_0,2023,5,37,60,2,1,0,0,,,22530.695109
4385994760,2,2023_5_37_2_0,2023,5,37,31,2,1,0,0,,,5094.4098627
4385994769,2,2023_5_37_2_0,2023,5,37,63,1,1,0,0,,,10243.177492
4385994773,2,2023_5_37_2_0,2023,5,37,33,1,1,0,0,,,10243.177492
4385994788,2,2023_5_37_2_0,2023,5,37,59,2,1,0,0,,,10243.177492
4385994794,2,2023_5_37_2_0,2023,5,37,-3,-3,-3,0,0,1,1,24478.780109
4385994796,2,2023_5_37_2_0,2023,5,37,70,2,1,0,0,,,1701.5746566
4385994801,2,2023_5_37_2_0,2023,5,37,70,2,1,0,0,,,7424.515606
4385994802,2,2023_5_37_2_0,2023,5,37,85,1,1,0,0,1,1,9198.751589
4385994806,2,2023_5_37_2_0,2023,5,37,70,2,1,0,0,,,3421.3052527
4385994809,2,2023_5_37_2_0,2023,5,37,79,2,1,0,0,,,3421.3052527
4385994815,2,2023_5_37_2_0,2023,5,37,43,2,1,0,0,,,8975.0786746
4385994816,2,2023_5_37_2_0,2023,5,37,79,2,1,0,0,,,3421.3052527
4385994824,2,2023_5_37_2_0,2023,5,37,87,2,1,0,0,,,9198.751589
4385994827,2,2023_5_37_2_0,2023,5,37,85,2,1,0,0,,,9198.751589
4385994837,2,2023_5_37_2_0,2023,5,37,-3,-3,-3,0,0,1,1,3338.1142556
4385994838,2,2023_5_37_2_0,2023,5,37,66,1,1,0,0,,,3338.1142556
4385994843,2,2023_5_37_2_0,2023,5,37,69,2,1,0,0,,,3421.3052527
4385994845,2,2023_5_37_2_0,2023,5,37,68,1,1,0,0,,,3338.1142556
4385994846,2,2023_5_37_2_0,2023,5,37,27,1,1,0,0,,,9994.1087632
4385994848,2,2023_5_37_2_0,2023,5,37,75,2,1,0,0,,,3421.3052527
4385994850,2,2023_5_37_2_0,2023,5,37,57,2,1,0,0,,,26870.83352
4385994852,2,2023_5_37_2_0,2023,5,37,36,1,1,0,0,,,54444.836522
4385994865,2,2023_5_37_2_0,2023,5,37,60,1,1,0,0,,,3421.3052527
4385994869,2,2023_5_37_2_0,2023,5,37,39,2,1,0,0,,,22228.543063
4385994870,2,2023_5_37_2_0,2023,5,37,64,1,1,0,0,,,9198.751589
4385994875,2,2023_5_37_2_0,2023,5,37,31,1,1,0,0,,,10243.177492
4385994878,2,2023_5_33_1_1,2023,5,33,76,1,1,1.0001167297,0,,,47.273031809
4385994880,2,2023_5_33_1_1,2023,5,33,-3,-3,-3,0,0,1,1,26.555287871
4385994885,2,2023_5_33_1_1,2023,5,33,51,2,1,0,0,,,39.275420583
4385994886,2,2023_5_33_1_1,2023,5,33,52,1,1,0,0,,,94.412745293
4385994892,2,2023_5_33_1_1,2023,5,33,63,2,1,0,0,,,48.788588358
4385994894,2,2023_5_33_1_1,2023,5,33,45,1,1,0,0,,,47.273031809
4385994896,2,2023_5_33_1_1,2023,5,33,59,2,1,0,0,,,20.295907311
4385994903,2,2023_5_33_1_1,2023,5,33,35,2,1,0,0,,,39.275420583
4385994908,2,2023_5_33_1_1,2023,5,33,66,2,1,0,0,,,11.046920589
4385994912,2,2023_5_33_1_1,2023,5,33,59,2,1,0,0,,,39.275420583
4385994913,2,2023_5_33_1_1,2023,5,33,41,2,1,0,0,,,64.957587481
4385994916,2,2023_5_33_1_1,2023,5,33,62,2,1,0,0,,,39.275420583
4385994917,2,2023_5_33_1_1,2023,5,33,62,2,1,0,0,,,20.295907311
4385994918,2,2023_5_33_1_1,2023,5,33,30,1,1,0,0,,,39.275420583
4385994921,2,2023_5_33_1_1,2023,5,33,72,1,1,0,0,,,33.567385277
4385994922,2,2023_5_33_1_1,2023,5,33,34,1,1,0,0,,,64.957587481
4385994924,2,2023_5_33_1_1,2023,5,33,63,2,1,0,0,,,39.275420583
4385994926,2,2023_5_33_1_1,2023,5,33,63,2,1,0,0,,,39.275420583
4385994927,2,2023_5_33_1_1,2023,5,33,36,1,1,0,0,,,64.957587481
4385994930,2,2023_5_33_1_1,2023,5,33,39,2,1,0,0,,,139.83428977
4385994932,2,2023_5_33_1_1,2023,5,33,71,2,3,0,0,,,47.273031809
4385994935,2,2023_5_33_1_1,2023,5,33,55,2,1,0,0,,,39.275420583
4385994937,2,2023_5_33_1_1,2023,5,33,69,2,1,0,0,,,33.567385277
4385994939,2,2023_5_33_1_1,2023,5,33,67,1,1,0,0,,,20.295907311
4385994941,2,2023_5_33_1_1,2023,5,33,54,1,1,0,0,,,38.055378707
4385994949,2,2023_5_33_1_1,2023,5,33,57,1,1,0,0.9998832703,,,38.055378707
4385994953,2,2023_5_33_1_1,2023,5,33,47,1,1,0,0,,,81.921867172
4385994957,2,2023_5_33_1_1,2023,5,33,29,1,1,0,0,,,64.957587481
4385994959,2,2023_5_33_1_1,2023,5,33,48,2,1,0,0,,,39.275420583
4385994960,2,2023_5_33_1_1,2023,5,33,79,2,1,0,0,,,48.788588358
4385994966,2,2023_5_33_1_1,2023,5,33,47,1,1,0,0,,,156.14916583
4385994970,2,2023_5_33_1_1,2023,5,33,69,1,1,0,0,,,48.788588358
4385994972,2,2023_5_33_1_1,2023,5,33,37,1,1,0,0,,,31.469275705
4385994977,2,2023_5_33_1_1,2023,5,33,46,1,1,0,0,,,64.957587481
4385994978,2,2023_5_33_1_1,2023,5,33,51,1,1,1.0001167297,1.9997665405,,,156.14916583
4385994979,2,2023_5_33_1_1,2023,5,33,10,2,1,0,0,,,64.957587481
4385994983,2,2023_5_33_1_1,2023,5,33,29,1,1,0,0,,,84.548253032
4385994988,2,2023_5_33_1_1,2023,5,33,50,2,1,0,0,,,64.957587481
4385994989,2,2023_5_33_1_1,2023,5,33,61,1,1,0,0,,,39.275420583
4385994993,2,2023_5_33_1_1,2023,5,33,38,1,1,0,0,,,47.273031809
4385994994,2,2023_5_33_1_1,2023,5,33,57,1,1,0,0,,,38.055378707
4385994999,2,2023_5_33_1_1,2023,5,33,30,1,1,0,0,,,64.957587481
4385995005,2,2023_5_33_1_1,2023,5,33,71,1,1,0,0,,,48.788588358
4385995007,2,2023_5_33_1_1,2023,5,33,60,1,1,10.001167297,1.9997665405,,,48.788588358
4385995008,2,2023_5_33_1_1,2023,5,33,60,2,1,0,0,,,94.412745293
4385995012,2,2023_5_33_1_1,2023,5,33,63,2,1,0,0,,,43.691028163
4385995015,2,2023_5_33_1_1,2023,5,33,45,1,1,3.0003501892,0,,,64.957587481
4385995016,2,2023_5_33_1_1,2023,5,33,73,2,1,0,0,,,19.665440304
4385995017,2,2023_5_33_1_1,2023,5,33,55,1,1,0,0,,,38.055378707
4385995021,2,2023_5_33_1_1,2023,5,33,59,2,1,0,0,,,39.275420583
4385995049,2,2023_5_33_1_1,2023,5,33,63,1,1,0,0,,,39.275420583
4385995050,2,2023_5_33_1_1,2023,5,33,34,1,1,0,0,,,64.957587481
4385995052,2,2023_5_33_1_1,2023,5,33,62,2,4,0,0,,,19.665440304
4385995053,2,2023_5_33_1_1,2023,5,33,40,2,1,0,0,,,33.567385277
4385995055,2,2023_5_33_1_1,2023,5,33,69,2,1,0,0,,,80.691408247
4385995056,2,2023_5_33_1_1,2023,5,33,53,1,1,0,0,,,64.957587481
4385995068,2,2023_5_33_1_1,2023,5,33,63,2,1,0,0,,,84.548253032
4385995072,2,2023_5_33_1_1,2023,5,33,65,2,1,0,0,,,48.788588358
4385995075,2,2023_5_33_1_1,2023,5,33,42,1,2,0,0,,,64.957587481
4385995077,2,2023_5_33_1_1,2023,5,33,31,2,1,0,0,,,39.275420583
4385995079,2,2023_5_33_1_1,2023,5,33,63,2,1,0,0,,,48.788588358
4385995088,2,2023_5_33_1_1,2023,5,33,38,2,1,0,0,,,64.957587481
4385995092,2,2023_5_33_1_1,2023,5,33,66,2,1,0,0,,,20.295907311
4385995095,2,2023_5_33_1_1,2023,5,33,68,2,1,0,0,,,47.273031809
4385995096,2,2023_5_33_1_1,2023,5,33,59,1,1,0,0,,,91.479931305
4385995100,2,2023_5_33_1_1,2023,5,33,42,2,1,0,0,,,64.957587481
4385995105,2,2023_5_33_1_1,2023,5,33,44,2,1,0,0,,,156.14916583
4385995106,2,2023_5_33_1_1,2023,5,33,48,2,1,0,0,,,94.412745293
4385995107,2,2023_5_33_1_1,2023,5,33,48,2,1,0,0,,,38.055378707
4385995110,2,2023_5_33_1_1,2023,5,33,55,1,2,0,0,,,20.295907311
4385995114,2,2023_5_33_1_1,2023,5,33,57,2,1,0,0,,,57.365723181
4385995117,2,2023_5_33_1_1,2023,5,33,40,2,1,0,0,,,156.14916583
4385995124,2,2023_5_33_1_1,2023,5,33,58,1,1,0,0,,,39.275420583
4385995125,2,2023_5_33_1_1,2023,5,33,70,2,1,0,0,,,48.788588358
4385995126,2,2023_5_33_1_1,2023,5,33,42,1,1,0,1.9997665405,,,81.921867172
4385995127,2,2023_5_33_1_1,2023,5,33,69,2,1,0,0,,,20.295907311
4385995128,2,2023_5_33_1_1,2023,5,33,52,2,1,0,0,,,38.055378707
4385995134,2,2023_5_33_1_1,2023,5,33,51,1,1,0,0,,,156.14916583
4385995136,2,2023_5_33_1_1,2023,5,33,60,1,1,0,1.9997665405,,,39.275420583
4385995145,2,2023_5_33_1_1,2023,5,33,-3,1,-3,0,0,1,1,47.273031809
4385995154,2,2023_5_33_1_1,2023,5,33,28,2,4,0,0,,,84.548253032
4385995155,2,2023_5_33_1_1,2023,5,33,70,2,1,0,0,,,20.295907311
4385995159,2,2023_5_33_1_1,2023,5,33,65,2,1,0,0,,,19.665440304
4385995163,2,2023_5_33_1_1,2023,5,33,62,2,1,0,0.9998832703,,,47.273031809
4385995172,2,2023_5_33_1_1,2023,5,33,61,2,1,0,0,,,156.14916583
4385995176,2,2023_5_33_1_1,2023,5,33,60,1,1,0,0,,,91.479931305
4385995179,2,2023_5_33_1_1,2023,5,33,57,2,1,0,0,,,94.412745293
4385995180,2,2023_5_33_1_1,2023,5,33,54,1,1,0,0,,,91.479931305
4385995188,2,2023_5_33_1_1,2023,5,33,86,2,1,0,0,,,47.273031809
4385995193,2,2023_5_33_1_1,2023,5,33,49,1,1,0,0,,,156.14916583
4385995194,2,2023_5_33_1_1,2023,5,33,58,1,1,0,0,,,48.788588358
4385995203,2,2023_5_33_1_1,2023,5,33,53,1,1,0,0,,,39.275420583
4385995207,2,2023_5_33_1_1,2023,5,33,17,1,1,0,3.999533081,,,336.14252852
4385995208,2,2023_5_33_1_1,2023,5,33,43,1,1,0,0,,,156.14916583
4385995211,2,2023_5_33_1_1,2023,5,33,49,1,1,0,0,,,156.14916583
4385995213,2,2023_5_33_1_1,2023,5,33,68,1,1,0,0,,,47.273031809
4385995215,2,2023_5_33_1_1,2023,5,33,41,2,1,0,0,,,39.275420583
4385995220,2,2023_5_33_1_1,2023,5,33,64,1,1,0,0,,,94.412745293
4385995221,2,2023_5_33_1_1,2023,5,33,67,2,1,0,0,,,25.730381027
4385995226,2,2023_5_33_1_1,2023,5,33,33,2,4,0,0,,,64.957587481
4385995233,2,2023_5_33_1_1,2023,5,33,36,1,1,0,0,,,38.055378707
4385995235,2,2023_5_33_1_1,2023,5,33,48,1,4,0,0,,,156.14916583
4385995240,2,2023_5_33_1_1,2023,5,33,51,1,1,0,0,,,47.273031809
4385995241,2,2023_5_33_1_1,2023,5,33,28,2,1,0,0,,,84.548253032
4385995244,2,2023_5_33_1_1,2023,5,33,29,1,1,0,0,,,39.275420583
4385995253,2,2023_5_33_1_1,2023,5,33,39,1,1,0,0,,,64.957587481
4385995266,2,2023_5_33_1_1,2023,5,33,63,2,1,0,0,,,39.275420583
4385995293,2,2023_5_33_1_1,2023,5,33,1,1,3,0,0,,,33.567385277
4385995304,2,2023_5_33_1_1,2023,5,33,58,1,1,0,0.9998832703,,,48.788588358
4385995318,2,2023_5_33_1_1,2023,5,33,27,2,1,0,0,,,39.275420583
4385995319,2,2023_5_33_1_1,2023,5,33,56,1,1,0,0,,,20.295907311
4385995320,2,2023_5_33_1_1,2023,5,33,33,1,1,0,0,,,19.665440304
4385995329,2,2023_5_33_1_1,2023,5,33,10,1,1,0,0,,,144.31732726
4385995333,2,2023_5_33_1_1,2023,5,33,35,2,1,0,0,,,39.275420583
4385995334,2,2023_5_33_1_1,2023,5,33,35,1,5,0,0,,,38.055378707
4385995354,2,2023_5_33_1_1,2023,5,33,59,1,1,1.0001167297,1.9997665405,,,45.097428821
4385995355,2,2023_5_33_1_1,2023,5,33,30,1,1,1.0001167297,0,,,19.665440304
4385995358,2,2023_5_33_1_1,2023,5,33,54,1,1,0,0,,,25.730381027
4385995360,2,2023_5_33_1_1,2023,5,33,58,2,1,0,0,,,94.412745293
4385995363,2,2023_5_33_1_1,2023,5,33,54,2,1,0,0,,,38.055378707
4385995365,2,2023_5_33_1_1,2023,5,33,46,2,1,0,0,,,39.275420583
4385995369,2,2023_5_33_1_1,2023,5,33,42,1,1,0,0,,,156.14916583
4385995370,2,2023_5_33_1_1,2023,5,33,62,1,1,0,0,,,38.055378707
4385995374,2,2023_5_33_1_1,2023,5,33,69,1,1,0,0,,,48.788588358
4385995376,2,2023_5_33_1_1,2023,5,33,64,2,1,0,0,,,19.665440304
4385995377,2,2023_5_33_1_1,2023,5,33,70,2,1,0,0,,,19.665440304
4385995380,2,2023_5_33_1_1,2023,5,33,49,1,1,0,0,,,48.788588358
4385995381,2,2023_5_33_1_1,2023,5,33,35,1,1,0,0,,,47.273031809
4385995384,2,2023_5_33_1_1,2023,5,33,63,1,1,0,0,,,39.275420583
4385995389,2,2023_5_33_1_1,2023,5,33,47,2,1,0,0,,,91.479931305
4385995396,2,2023_5_33_1_1,2023,5,33,47,1,1,0,0,,,139.83428977
4385995397,2,2023_5_33_1_1,2023,5,33,78,1,1,0,0,,,48.788588358
4385995399,2,2023_5_33_1_1,2023,5,33,68,1,1,0,0,,,20.295907311
4385995401,2,2023_5_33_1_1,2023,5,33,27,1,1,0,0,,,94.412745293
4385995411,2,2023_5_33_1_1,2023,5,33,41,2,1,0,0,,,64.957587481
4385995416,2,2023_5_33_1_1,2023,5,33,75,2,1,0,0,,,20.295907311
4385995418,2,2023_5_33_1_1,2023,5,33,61,2,1,0,0,,,39.275420583
4385995419,2,2023_5_33_1_1,2023,5,33,58,1,1,0,0,,,39.275420583
4385995423,2,2023_5_33_1_1,2023,5,33,14,1,5,1.0001167297,0,,,33.567385277
4385995424,2,2023_5_33_1_1,2023,5,33,36,2,1,0,0,,,64.957587481
4385995425,2,2023_5_33_1_1,2023,5,33,65,2,1,0,0,1,1,29.644224892
4385995427,2,2023_5_33_1_1,2023,5,33,47,2,1,0,0,,,39.275420583
4385995428,2,2023_5_33_1_1,2023,5,33,45,1,1,0,0,,,64.957587481
4385995432,2,2023_5_33_1_1,2023,5,33,74,1,1,0,1.9997665405,,,48.788588358
4385995434,2,2023_5_33_1_1,2023,5,33,69,1,1,0,0,,,19.665440304
4385995449,2,2023_5_33_1_1,2023,5,33,34,2,1,0,0,,,39.275420583
4385995451,2,2023_5_33_1_1,2023,5,33,60,1,1,0,0,,,38.055378707
4385995452,2,2023_5_33_1_1,2023,5,33,27,1,1,0,0,,,38.055378707
4385995456,2,2023_5_33_1_1,2023,5,33,46,1,1,0,0,,,64.957587481
4385995457,2,2023_5_33_1_1,2023,5,33,59,2,1,0,0,,,94.412745293
4385995461,2,2023_5_33_1_1,2023,5,33,68,1,1,0,0,,,48.788588358
4385995463,2,2023_5_33_1_1,2023,5,33,55,2,1,0,0,,,39.275420583
4385995469,2,2023_5_33_1_1,2023,5,33,22,1,1,0,0,,,196.92897656
4385995476,2,2023_5_33_1_1,2023,5,33,64,2,1,0,0,,,94.412745293
4385995480,2,2023_5_33_1_1,2023,5,33,32,1,1,0,0,,,43.691028163
4385995486,2,2023_5_33_1_1,2023,5,33,40,1,1,0,0,,,64.957587481
4385995494,2,2023_5_33_1_1,2023,5,33,60,2,1,0,0,,,48.788588358
4385995495,2,2023_5_33_1_1,2023,5,33,58,1,1,0,0,,,39.275420583
4385995503,2,2023_5_33_1_1,2023,5,33,21,1,1,0,0,,,38.055378707
4385995505,2,2023_5_33_1_1,2023,5,33,56,2,1,2.0002334595,0,,,39.275420583
4385995506,2,2023_5_33_1_1,2023,5,33,83,2,1,0,0,,,48.788588358
4385995507,2,2023_5_33_1_1,2023,5,33,38,1,1,0,0,,,64.957587481
4385995508,2,2023_5_33_1_1,2023,5,33,73,1,1,0,0,,,48.788588358
4385995511,2,2023_5_33_1_1,2023,5,33,65,2,1,0,0,,,47.273031809
4385995516,2,2023_5_33_1_1,2023,5,33,41,1,1,0,0,,,38.055378707
4385995525,2,2023_5_33_1_1,2023,5,33,50,1,1,8.0009338379,0,,,64.957587481
4385995526,2,2023_5_33_1_1,2023,5,33,71,2,1,0,0,,,20.295907311
4385995527,2,2023_5_33_1_1,2023,5,33,52,2,1,0,0,,,64.957587481
4385995539,2,2023_5_33_1_1,2023,5,33,36,2,1,0,0,,,64.957587481
4385995540,2,2023_5_33_1_1,2023,5,33,33,1,1,0,0,,,84.548253032
4385995542,2,2023_5_33_1_1,2023,5,33,61,2,1,0,0,,,38.055378707
4385995543,2,2023_5_33_1_1,2023,5,33,17,1,1,0,0,,,64.957587481
4385995557,2,2023_5_33_1_1,2023,5,33,51,2,1,0,0,,,39.275420583
4385995558,2,2023_5_33_1_1,2023,5,33,60,2,1,0,0,,,94.412745293
4385995565,2,2023_5_33_1_1,2023,5,33,60,2,1,0,0,,,39.275420583
4385995567,2,2023_5_33_1_1,2023,5,33,-3,-3,-3,0,0,,,10.703761801
4385995576,2,2023_5_33_1_1,2023,5,33,55,1,1,0,0,,,39.275420583
4385995580,2,2023_5_33_1_1,2023,5,33,68,2,1,0,0,,,20.295907311
4385995581,2,2023_5_33_1_1,2023,5,33,59,2,1,0,0,,,39.275420583
4385995584,2,2023_5_33_1_1,2023,5,33,59,2,1,0,0,,,39.275420583
4385995588,2,2023_5_33_1_1,2023,5,33,35,2,4,0,0,,,64.957587481
4385995590,2,2023_5_33_1_1,2023,5,33,-3,1,1,5.0005836487,0,,,83.321257105
4385995591,2,2023_5_33_1_1,2023,5,33,58,2,1,0,0,1,1,94.412745293
4385995593,2,2023_5_33_1_1,2023,5,33,51,2,1,0,0,,,64.957587481
4385995594,2,2023_5_33_1_1,2023,5,33,58,2,1,0,0,,,19.665440304
4385995595,2,2023_5_33_1_1,2023,5,33,45,1,1,0,2.9996498108,,,43.691028163
4385995597,2,2023_5_33_1_1,2023,5,33,19,2,1,0,0,,,336.14252852
4385995608,2,2023_5_33_1_1,2023,5,33,27,1,1,0,0,,,84.548253032
4385995612,2,2023_5_33_1_1,2023,5,33,39,1,1,0,2.9996498108,,,84.548253032
4385995613,2,2023_5_33_1_1,2023,5,33,62,2,1,0,0,,,19.665440304
4385995615,2,2023_5_33_1_1,2023,5,33,82,1,1,0,0,,,48.788588358
4385995617,2,2023_5_33_1_1,2023,5,33,40,2,1,0,0,,,64.957587481
4385995624,2,2023_5_33_1_1,2023,5,33,82,1,1,0,0,,,43.691028163
4385995625,2,2023_5_33_1_1,2023,5,33,50,2,1,0,0,,,156.14916583
4385995628,2,2023_5_33_1_1,2023,5,33,60,2,1,2.0002334595,1.9997665405,,,39.275420583
4385995630,2,2023_5_33_1_1,2023,5,33,59,1,1,0,0,,,39.275420583
4385995631,2,2023_5_33_1_1,2023,5,33,67,2,1,0,0,,,48.788588358
4385995635,2,2023_5_33_1_1,2023,5,33,48,1,1,10.001167297,0,,,64.957587481
4385995636,2,2023_5_33_1_1,2023,5,33,67,2,1,0,0,,,20.295907311
4385995641,2,2023_5_33_1_1,2023,5,33,34,1,1,0,0,,,84.548253032
4385995643,2,2023_5_33_1_1,2023,5,33,25,1,1,0,0,,,39.275420583
4385995649,2,2023_5_33_1_1,2023,5,33,59,1,1,0,0.9998832703,,,39.275420583
4385995653,2,2023_5_33_1_1,2023,5,33,54,1,1,0,9.9988327026,,,39.275420583
4385995657,2,2023_5_33_1_1,2023,5,33,75,2,1,0,0,1,1,48.788588358
4385995658,2,2023_5_33_1_1,2023,5,33,52,1,1,0,0,,,38.055378707
4385995659,2,2023_5_33_1_1,2023,5,33,48,1,1,0,0,,,64.957587481
4385995660,2,2023_5_33_1_1,2023,5,33,50,1,1,0,0,,,47.273031809
4385995661,2,2023_5_33_1_1,2023,5,33,32,2,1,0,0,,,139.83428977
4385995667,2,2023_5_33_1_1,2023,5,33,50,2,1,0,0,,,64.957587481
4385995668,2,2023_5_33_1_1,2023,5,33,59,2,1,0,0,,,39.275420583
4385995675,2,2023_5_33_1_1,2023,5,33,72,2,1,0,0,,,48.788588358
4385995680,2,2023_5_33_1_1,2023,5,33,50,2,3,1.0001167297,0.9998832703,,,39.275420583
4385995685,2,2023_5_33_1_1,2023,5,33,56,2,1,0,0,,,94.412745293
4385995696,2,2023_5_33_1_1,2023,5,33,37,1,1,4.000466919,0,,,39.275420583
4385995702,2,2023_5_33_1_1,2023,5,33,54,2,1,0,0,,,38.055378707
4385995704,2,2023_5_33_1_1,2023,5,33,59,2,1,0,0,,,20.295907311
4385995710,2,2023_5_33_1_1,2023,5,33,40,2,1,0,0,,,64.957587481
4385995712,2,2023_5_33_1_1,2023,5,33,55,2,1,0,0,,,64.957587481
4385995716,2,2023_5_33_1_1,2023,5,33,48,2,1,0,0,,,64.957587481
4385995717,2,2023_5_33_1_1,2023,5,33,56,2,1,0,0,,,38.055378707
4385995718,2,2023_5_33_1_1,2023,5,33,64,2,1,0,0,,,94.412745293
4385995725,2,2023_5_33_1_1,2023,5,33,38,2,1,0,0,,,64.957587481
4385995726,2,2023_5_33_1_1,2023,5,33,69,1,1,0,0,,,48.788588358
4385995728,2,2023_5_33_1_1,2023,5,33,44,2,1,0,0,,,64.957587481
4385995729,2,2023_5_33_1_1,2023,5,33,75,2,1,0,0,,,48.788588358
4385995731,2,2023_5_33_1_1,2023,5,33,39,1,1,0,0,,,64.957587481
4385995735,2,2023_5_33_1_1,2023,5,33,73,2,1,0,0,,,18.270493349
4385995748,2,2023_5_33_1_1,2023,5,33,43,1,1,1.0001167297,0,,,156.14916583
4385995749,2,2023_5_33_1_1,2023,5,33,22,1,1,0,0,,,91.479931305
4385995752,2,2023_5_33_1_1,2023,5,33,65,2,1,0,0,,,20.295907311
4385995757,2,2023_5_33_1_1,2023,5,33,55,2,1,0,0,,,91.479931305
4385995758,2,2023_5_33_1_1,2023,5,33,63,2,1,0,0,,,94.412745293
4385995760,2,2023_5_33_1_1,2023,5,33,39,1,1,0,0,,,64.957587481
4385995761,2,2023_5_33_1_1,2023,5,33,48,1,1,0,0,,,156.14916583
4385995769,2,2023_5_33_1_1,2023,5,33,46,2,4,0,0,,,38.055378707
4385995771,2,2023_5_33_1_1,2023,5,33,63,1,1,0,0,,,20.295907311
4385995776,2,2023_5_33_1_1,2023,5,33,74,2,1,0,0,,,20.295907311
4385995777,2,2023_5_33_1_1,2023,5,33,67,1,1,0,0,,,48.788588358
4385995778,2,2023_5_33_1_1,2023,5,33,52,2,1,0,0,,,64.957587481
4385995785,2,2023_5_33_1_1,2023,5,33,30,1,1,0,0,,,39.275420583
4385995788,2,2023_5_33_1_1,2023,5,33,65,2,1,0,0,,,20.295907311
4385995791,2,2023_5_33_1_1,2023,5,33,52,1,1,0,0,,,94.412745293
4385995795,2,2023_5_33_1_1,2023,5,33,14,1,1,4.000466919,0,,,64.957587481
4385995796,2,2023_5_33_1_1,2023,5,33,66,2,1,0,0,,,47.273031809
4385995806,2,2023_5_33_1_1,2023,5,33,65,2,1,0,0,,,48.788588358
4385995807,2,2023_5_33_1_1,2023,5,33,56,1,1,0,0,,,156.14916583
4385995810,2,2023_5_33_1_1,2023,5,33,45,1,1,3.0003501892,2.9996498108,,,38.055378707
4385995812,2,2023_5_33_1_1,2023,5,33,64,2,1,0,0,,,25.730381027
4385995813,2,2023_5_33_1_1,2023,5,33,65,1,1,0,0,,,48.788588358
4385995818,2,2023_5_33_1_1,2023,5,33,49,2,1,0,0,,,64.957587481
4385995822,2,2023_5_33_1_1,2023,5,33,62,1,1,0,0,,,38.055378707
4385995823,2,2023_5_33_1_1,2023,5,33,53,2,1,0,0,,,39.275420583
4385995824,2,2023_5_33_1_1,2023,5,33,66,2,1,0,0,,,20.295907311
4385995825,2,2023_5_33_1_1,2023,5,33,91,2,1,0,0,,,48.788588358
4385995826,2,2023_5_33_1_1,2023,5,33,64,2,1,0,0,,,20.295907311
4385995828,2,2023_5_33_1_1,2023,5,33,56,1,1,0,0,,,39.275420583
4385995829,2,2023_5_33_1_1,2023,5,33,64,1,1,0,0,,,39.275420583
4385995831,2,2023_5_33_1_1,2023,5,33,45,2,3,0,0,,,156.14916583
4385995832,2,2023_5_33_1_1,2023,5,33,73,2,1,0,0,,,48.788588358
4385995833,2,2023_5_33_1_1,2023,5,33,9,1,1,0,0,,,64.957587481
4385995834,2,2023_5_33_1_1,2023,5,33,60,2,1,0,0,,,20.295907311
4385995840,2,2023_5_33_1_1,2023,5,33,30,1,1,0,0,,,39.275420583
4385995843,2,2023_5_33_1_1,2023,5,33,51,2,1,9.0010505676,0,,,39.275420583
4385995846,2,2023_5_33_1_1,2023,5,33,23,1,1,35.004085541,29.996498108,,,55.583728654
4385995847,2,2023_5_33_1_1,2023,5,33,16,1,1,0,0,,,64.957587481
4385995851,2,2023_5_33_1_1,2023,5,33,53,1,1,0,0,,,64.957587481
4385995853,2,2023_5_33_1_1,2023,5,33,75,2,1,0,0,,,48.788588358
4385995856,2,2023_5_33_1_1,2023,5,33,44,2,1,0,0,,,64.957587481
4385995857,2,2023_5_33_1_1,2023,5,33,68,2,1,0,0,,,19.665440304
4385995859,2,2023_5_33_1_1,2023,5,33,9,1,1,0,0,,,64.957587481
4385995873,2,2023_5_33_1_1,2023,5,33,71,1,1,0,0,,,20.295907311
4385995874,2,2023_5_33_1_1,2023,5,33,51,2,1,0,0,,,39.275420583
4385995875,2,2023_5_33_1_1,2023,5,33,59,1,1,0,0,,,39.275420583
4385995878,2,2023_5_33_1_1,2023,5,33,71,2,1,0,0,,,24.051612844
4385995881,2,2023_5_33_1_1,2023,5,33,64,1,1,0,0,,,84.548253032
4385995886,2,2023_5_33_1_1,2023,5,33,73,2,1,0,0,,,11.046920589
4385995887,2,2023_5_33_1_1,2023,5,33,61,2,1,0,0,,,39.275420583
4385995889,2,2023_5_33_1_1,2023,5,33,60,2,1,0,0,,,94.412745293
4385995898,2,2023_5_33_1_1,2023,5,33,54,1,1,0,0,,,38.055378707
4385995901,2,2023_5_33_1_1,2023,5,33,52,2,1,0,0,,,91.479931305
4385995902,2,2023_5_33_1_1,2023,5,33,68,2,1,0,0,,,105.02726266
4385995903,2,2023_5_33_1_1,2023,5,33,44,2,3,0,0,,,64.957587481
4385995905,2,2023_5_33_1_1,2023,5,33,67,2,1,0,0,,,20.295907311
4385995907,2,2023_5_33_1_1,2023,5,33,26,1,1,0,0,,,84.548253032
4385995909,2,2023_5_33_1_1,2023,5,33,62,2,1,0,0,,,39.275420583
4385995910,2,2023_5_33_1_1,2023,5,33,58,2,1,0,0,,,38.055378707
4385995912,2,2023_5_33_1_1,2023,5,33,64,2,1,0,0,,,19.665440304
4385995913,2,2023_5_33_1_1,2023,5,33,47,2,4,0,0,,,94.412745293
4385995922,2,2023_5_33_1_1,2023,5,33,51,2,1,0,0,,,94.412745293
4385995923,2,2023_5_33_1_1,2023,5,33,71,2,1,0,0,,,48.788588358
4385995924,2,2023_5_33_1_1,2023,5,33,59,2,1,0,0,,,38.055378707
4385995925,2,2023_5_33_1_1,2023,5,33,48,1,1,0,0,,,33.567385277
4385995931,2,2023_5_33_1_1,2023,5,33,74,1,1,0,0,,,48.788588358
4385995937,2,2023_5_33_1_1,2023,5,33,65,2,1,38.00443573,0,,,20.295907311
4385995941,2,2023_5_33_1_1,2023,5,33,60,2,1,0,0,,,48.788588358
4385995947,2,2023_5_33_1_1,2023,5,33,66,1,1,0,0,,,20.295907311
4385995950,2,2023_5_33_1_1,2023,5,33,-3,2,-3,0,0,1,1,19.665440304
4385995963,2,2023_5_33_1_1,2023,5,33,17,1,1,0,43.283802456,,1,62.537960686
4385995965,2,2023_5_33_1_1,2023,5,33,64,2,1,0,0,,,20.295907311
4385995967,2,2023_5_33_1_1,2023,5,33,43,2,4,0,0,,,84.548253032
4385995972,2,2023_5_33_1_1,2023,5,33,59,2,1,0,0,,,35.12981259
4385995973,2,2023_5_33_1_1,2023,5,33,56,2,1,0,0,,,94.412745293
4385995976,2,2023_5_33_1_1,2023,5,33,26,1,1,0,0,,,91.479931305
4385995983,2,2023_5_33_1_1,2023,5,33,71,1,1,0,0,,,48.788588358
4385995988,2,2023_5_33_1_1,2023,5,33,38,1,1,0,0.9998832703,,,64.957587481
4385995995,2,2023_5_33_1_1,2023,5,33,66,2,1,0,0,,,11.046920589
4385995996,2,2023_5_33_1_1,2023,5,33,69,1,1,7.0008171082,0,,,19.665440304
4385995997,2,2023_5_33_1_1,2023,5,33,70,2,1,0,0,,,20.295907311
4385995998,2,2023_5_33_1_1,2023,5,33,61,2,1,0,0,,,94.412745293
4385996001,2,2023_5_33_1_1,2023,5,33,60,1,1,0,0,,,94.412745293
4385996008,2,2023_5_33_1_1,2023,5,33,-3,-3,-3,0,0,1,1,94.412745293
4385996010,2,2023_5_33_1_1,2023,5,33,61,2,1,0,0,,,39.275420583
4385996013,2,2023_5_33_1_1,2023,5,33,1,-3,-3,0,0,1,,79.445703792
4385996021,2,2023_5_33_1_1,2023,5,33,57,2,1,0,0,,,39.275420583
4385996023,2,2023_5_33_1_1,2023,5,33,63,2,1,4.000466919,0,,,38.055378707
4385996024,2,2023_5_33_1_1,2023,5,33,52,1,1,5.0005836487,0,,,46.543236313
4385996025,2,2023_5_33_1_1,2023,5,33,68,2,1,0,0,,,20.295907311
4385996028,2,2023_5_33_1_1,2023,5,33,67,2,1,0,0,,,20.295907311
4385996037,2,2023_5_33_1_1,2023,5,33,64,1,1,2.0002334595,4.9994163513,,,84.548253032
4385996042,2,2023_5_33_1_1,2023,5,33,68,2,1,0,0,,,48.788588358
4385996044,2,2023_5_33_1_1,2023,5,33,76,2,1,0,0,,,48.788588358
4385996049,2,2023_5_33_1_1,2023,5,33,29,1,1,0,0,,,64.957587481
4385996054,2,2023_5_33_1_1,2023,5,33,65,2,1,0,0,,,48.788588358
4385996057,2,2023_5_33_1_1,2023,5,33,28,1,1,0,0,,,39.275420583
4385996061,2,2023_5_33_1_1,2023,5,33,70,1,1,0,0,,,48.788588358
4385996062,2,2023_5_33_1_1,2023,5,33,59,1,-3,0,0,,,20.295907311
4385996063,2,2023_5_33_1_1,2023,5,33,67,2,1,0,0,,,48.788588358
4385996069,2,2023_5_33_1_1,2023,5,33,63,2,1,4.000466919,0,,,39.275420583
4385996074,2,2023_5_33_1_1,2023,5,33,31,1,1,0,0,,,64.957587481
4385996077,2,2023_5_33_1_0,2023,5,33,56,1,1,0,0,,,281.7822446
4385996079,2,2023_5_33_1_0,2023,5,33,73,1,1,0,0,,,290.81608292
4385996082,2,2023_5_33_1_0,2023,5,33,15,1,1,0,0,,,399.60862302
4385996084,2,2023_5_33_1_0,2023,5,33,60,2,1,3.0003501892,0.9998832703,,,112.50726846
4385996086,2,2023_5_33_1_0,2023,5,33,63,2,1,0,0,1,1,262.05084598
4385996087,2,2023_5_33_1_0,2023,5,33,69,1,1,0,0,,,120.97862353
4385996089,2,2023_5_33_1_0,2023,5,33,43,2,1,0,0,,,387.19528035
4385996091,2,2023_5_33_1_0,2023,5,33,65,1,1,0,0,,,120.97862353
4385996094,2,2023_5_33_1_0,2023,5,33,53,2,1,0,0,,,930.76455554
4385996099,2,2023_5_33_1_0,2023,5,33,23,2,1,0,0,,,545.28807214
4385996108,2,2023_5_33_1_0,2023,5,33,70,1,1,0,0,,,120.97862353
4385996110,2,2023_5_33_1_0,2023,5,33,66,1,1,0,0,,,120.97862353
4385996112,2,2023_5_33_1_0,2023,5,33,20,2,3,0,0,,,488.31493836
4385996115,2,2023_5_33_1_0,2023,5,33,47,2,1,0,0,,,226.83821242
4385996117,2,2023_5_33_1_0,2023,5,33,69,1,1,0,0,,,290.81608292
4385996118,2,2023_5_33_1_0,2023,5,33,82,2,1,0,0,,,290.81608292
4385996120,2,2023_5_33_1_0,2023,5,33,38,2,1,0,0,,,387.19528035
4385996127,2,2023_5_33_1_0,2023,5,33,18,1,1,0,0,,,226.83821242
4385996136,2,2023_5_33_1_0,2023,5,33,65,1,1,0,0,,,281.7822446
4385996139,2,2023_5_33_1_0,2023,5,33,73,1,1,0,0,,,176.70151268
4385996151,2,2023_5_33_1_0,2023,5,33,67,1,1,0,0,,,120.97862353
4385996152,2,2023_5_33_1_0,2023,5,33,69,2,1,0,0,,,120.97862353
4385996156,2,2023_5_33_1_0,2023,5,33,64,2,1,0,0,,,562.76981335
4385996158,2,2023_5_33_1_0,2023,5,33,59,2,1,0,0,,,234.11056465
4385996160,2,2023_5_33_1_0,2023,5,33,61,1,1,0,0,,,117.22057372
4385996161,2,2023_5_33_1_0,2023,5,33,48,1,1,0,0,,,387.19528035
4385996163,2,2023_5_33_1_0,2023,5,33,73,2,1,0,0,,,290.81608292
4385996165,2,2023_5_33_1_0,2023,5,33,48,1,1,0,0,,,387.19528035
4385996171,2,2023_5_33_1_0,2023,5,33,83,2,1,0,0,,,120.97862353
4385996172,2,2023_5_33_1_0,2023,5,33,-3,-3,-3,0,0,1,1,117.22057372
4385996179,2,2023_5_33_1_0,2023,5,33,58,1,1,0,0,,,290.81608292
4385996180,2,2023_5_33_1_0,2023,5,33,24,2,1,0,0,,,562.76981335
4385996183,2,2023_5_33_1_0,2023,5,33,62,2,1,0,0,,,120.97862353
4385996190,2,2023_5_33_1_0,2023,5,33,60,2,1,0,0,,,290.81608292
4385996201,2,2023_5_33_1_0,2023,5,33,30,1,1,0,0,,,226.83821242
4385996205,2,2023_5_33_1_0,2023,5,33,60,2,1,0,0,,,120.97862353
4385996213,2,2023_5_33_1_0,2023,5,33,58,1,1,0,0,,,562.76981335
4385996214,2,2023_5_33_1_0,2023,5,33,39,1,1,0,0,,,387.19528035
4385996217,2,2023_5_33_1_0,2023,5,33,76,2,1,0,0,,,260.43085272
4385996220,2,2023_5_33_1_0,2023,5,33,61,2,1,0,0,,,234.11056465
4385996222,2,2023_5_33_1_0,2023,5,33,43,1,1,0,0,,,387.19528035
4385996223,2,2023_5_33_1_0,2023,5,33,57,1,1,0,0,,,562.76981335
4385996227,2,2023_5_33_1_0,2023,5,33,40,2,1,0,0,,,117.22057372
4385996238,2,2023_5_33_1_0,2023,5,33,57,1,1,0,0,,,234.11056465
4385996243,2,2023_5_33_1_0,2023,5,33,45,2,1,0,0,,,930.76455554
4385996260,2,2023_5_33_1_0,2023,5,33,-3,-3,-3,0,0,1,1,234.11056465
4385996261,2,2023_5_33_1_0,2023,5,33,48,1,1,0,0,,,234.11056465
4385996263,2,2023_5_33_1_0,2023,5,33,33,1,1,0,0,,,234.11056465
4385996268,2,2023_5_33_1_0,2023,5,33,21,2,1,0,0,,,234.11056465
4385996277,2,2023_5_33_1_0,2023,5,33,64,2,1,0,0,,,1211.4753673
4385996287,2,2023_5_33_1_0,2023,5,33,33,2,1,0,0,,,234.11056465
4385996292,2,2023_5_33_1_0,2023,5,33,51,1,1,0,0,,,387.19528035
4385996307,2,2023_5_33_1_0,2023,5,33,66,1,1,0,0,,,120.97862353
4385996312,2,2023_5_33_1_0,2023,5,33,-3,-3,-3,0,0,,,206.60755587
4385996316,2,2023_5_33_1_0,2023,5,33,82,1,1,0,0,,,117.22057372
4385996322,2,2023_5_33_1_0,2023,5,33,64,2,1,0,0,,,120.97862353
4385996324,2,2023_5_33_1_0,2023,5,33,32,1,1,0,0,,,234.11056465
4385996326,2,2023_5_33_1_0,2023,5,33,32,2,1,0,0,,,234.11056465
4385996327,2,2023_5_33_1_0,2023,5,33,27,2,1,0,0,,,503.97014122
4385996340,2,2023_5_33_1_0,2023,5,33,41,2,1,0,0,,,387.19528035
4385996341,2,2023_5_33_1_0,2023,5,33,-3,1,1,0,0,,,496.6563377
4385996347,2,2023_5_33_1_0,2023,5,33,84,2,1,0,0,,,120.97862353
4385996348,2,2023_5_33_1_0,2023,5,33,57,1,1,0,0,,,234.11056465
4385996350,2,2023_5_33_1_0,2023,5,33,-3,1,1,0,0,,,226.83821242
4385996351,2,2023_5_33_1_0,2023,5,33,52,2,1,0,0,,,562.76981335
4385996360,2,2023_5_33_1_0,2023,5,33,68,2,1,0,0,,,290.81608292
4385996364,2,2023_5_33_1_0,2023,5,33,79,1,1,0,0,,,176.70151268
4385996369,2,2023_5_33_1_0,2023,5,33,37,2,4,0,0,,,387.19528035
4385996370,2,2023_5_33_1_0,2023,5,33,76,2,1,0,0,,,290.81608292
4385996372,2,2023_5_33_1_0,2023,5,33,43,1,1,0,0,,,930.76455554
4385996373,2,2023_5_33_1_0,2023,5,33,54,2,1,0,0,,,562.76981335
4385996374,2,2023_5_33_1_0,2023,5,33,-3,-3,-3,0,0,1,1,290.81608292
4385996376,2,2023_5_33_1_0,2023,5,33,72,2,1,0,0,,,290.81608292
4385996381,2,2023_5_33_1_0,2023,5,33,48,1,1,0,0,,,234.11056465
4385996384,2,2023_5_33_1_0,2023,5,33,59,2,1,0,0,,,930.76455554
4385996390,2,2023_5_33_1_0,2023,5,33,47,1,1,0,0,,,234.11056465
4385996393,2,2023_5_33_1_0,2023,5,33,63,1,1,0,0,,,562.76981335
4385996403,2,2023_5_33_1_0,2023,5,33,75,1,1,0,0,,,290.81608292
4385996405,2,2023_5_33_1_0,2023,5,33,70,2,1,0,0,,,290.81608292
4385996415,2,2023_5_33_1_0,2023,5,33,76,1,1,0,0,,,281.7822446
4385996418,2,2023_5_33_1_0,2023,5,33,36,2,1,0,0,,,387.19528035
4385996424,2,2023_5_33_1_0,2023,5,33,36,2,1,0,0,,,387.19528035
4385996425,2,2023_5_33_1_0,2023,5,33,22,1,1,1.0001167297,0,,,226.83821242
4385996427,2,2023_5_33_1_0,2023,5,33,36,1,1,0,0,,,387.19528035
4385996430,2,2023_5_33_1_0,2023,5,33,-3,-3,-3,0,0,1,1,226.83821242
4385996436,2,2023_5_33_1_0,2023,5,33,64,1,1,0,0,,,120.97862353
4385996437,2,2023_5_33_1_0,2023,5,33,71,1,1,0,0,,,290.81608292
4385996441,2,2023_5_33_1_0,2023,5,33,48,2,1,0,0,,,387.19528035
4385996447,2,2023_5_33_1_0,2023,5,33,56,2,1,0,0,,,480.98049281
4385996448,2,2023_5_33_1_0,2023,5,33,60,1,1,0,0,,,562.76981335
4385996451,2,2023_5_33_1_0,2023,5,33,72,2,1,0,0,,,120.97862353
4385996457,2,2023_5_33_1_0,2023,5,33,66,1,1,0,0,,,120.97862353
4385996459,2,2023_5_33_1_0,2023,5,33,70,2,1,0,0,,,117.22057372
4385996461,2,2023_5_33_1_0,2023,5,33,65,1,1,0,0,,,290.81608292
4385996462,2,2023_5_33_1_0,2023,5,33,76,2,1,0,0,,,281.7822446
4385996464,2,2023_5_33_1_0,2023,5,33,47,1,1,0,0,,,117.22057372
4385996466,2,2023_5_33_1_0,2023,5,33,18,1,1,0,0,,,387.19528035
4385996474,2,2023_5_33_1_0,2023,5,33,60,2,1,0,0,,,503.97014122
4385996475,2,2023_5_33_1_0,2023,5,33,66,1,1,0,0,,,120.97862353
4385996476,2,2023_5_33_1_0,2023,5,33,58,2,1,0,0,,,234.11056465
4385996480,2,2023_5_33_1_0,2023,5,33,67,1,1,0,0,,,290.81608292
4385996483,2,2023_5_33_1_0,2023,5,33,59,1,1,0,0,,,226.83821242
4385996486,2,2023_5_33_1_0,2023,5,33,73,2,1,0,0,,,281.7822446
4385996494,2,2023_5_33_1_0,2023,5,33,64,2,1,0,0,,,226.83821242
4385996496,2,2023_5_33_1_0,2023,5,33,72,2,1,0,0,,,290.81608292
4385996499,2,2023_5_33_1_0,2023,5,33,49,2,1,0,0,,,930.76455554
4385996500,2,2023_5_33_1_0,2023,5,33,61,1,1,0,0,,,234.11056465
4385996506,2,2023_5_33_1_0,2023,5,33,65,1,1,0,0,,,120.97862353
4385996507,2,2023_5_33_1_0,2023,5,33,76,2,1,0,0,,,120.97862353
4385996517,2,2023_5_33_1_0,2023,5,33,31,2,1,0,0,,,234.11056465
4385996523,2,2023_5_33_1_0,2023,5,33,35,2,1,0,0,,,234.11056465
4385996525,2,2023_5_33_1_0,2023,5,33,49,2,1,0,0,,,930.76455554
4385996526,2,2023_5_33_1_0,2023,5,33,61,2,4,0,0,,,290.81608292
4385996527,2,2023_5_33_1_0,2023,5,33,67,1,1,0,0,,,120.97862353
4385996529,2,2023_5_33_1_0,2023,5,33,22,2,1,0,0,,,234.11056465
4385996530,2,2023_5_33_1_0,2023,5,33,70,2,1,0,0,,,200.08645113
4385996534,2,2023_5_33_1_0,2023,5,33,-3,1,1,0,0,,,588.56131771
4385996536,2,2023_5_33_1_0,2023,5,33,35,2,1,0,0,,,387.19528035
4385996538,2,2023_5_33_1_0,2023,5,33,65,2,1,0,0,1,1,120.97862353
4385996540,2,2023_5_33_1_0,2023,5,33,69,2,1,0,0,,,344.63085233
4385996545,2,2023_5_33_1_0,2023,5,33,47,2,1,0,0,,,234.11056465
4385996550,2,2023_5_33_1_0,2023,5,33,50,1,1,0,0,,,387.19528035
4385996554,2,2023_5_33_1_0,2023,5,33,13,1,1,0,0,,,833.51582364
4385996555,2,2023_5_33_1_0,2023,5,33,53,2,1,0,0,,,545.28807214
4385996561,2,2023_5_33_1_0,2023,5,33,67,2,1,0,0,,,290.81608292
4385996567,2,2023_5_33_1_0,2023,5,33,60,2,1,0,0,,,112.50726846
4385996577,2,2023_5_33_1_0,2023,5,33,-3,-3,-3,0,0,1,1,226.83821242
4385996578,2,2023_5_33_1_0,2023,5,33,43,1,1,0,0,,,290.81608292
4385996580,2,2023_5_33_1_0,2023,5,33,32,2,1,0,0,,,387.19528035
4385996596,2,2023_5_33_1_0,2023,5,33,21,2,1,0,0,,,545.28807214
4385996597,2,2023_5_33_1_0,2023,5,33,41,1,1,0,0,,,387.19528035
4385996601,2,2023_5_33_1_0,2023,5,33,35,1,4,0,0,,,234.11056465
4385996602,2,2023_5_33_1_0,2023,5,33,35,1,1,0,0,,,387.19528035
4385996604,2,2023_5_33_1_0,2023,5,33,51,2,1,0,0,,,545.28807214
4385996605,2,2023_5_33_1_0,2023,5,33,30,2,1,0,0,,,387.19528035
4385996607,2,2023_5_33_1_0,2023,5,33,17,1,4,0,0,,,480.98049281
4385996610,2,2023_5_33_1_0,2023,5,33,12,1,1,0,0,,,387.19528035
4385996611,2,2023_5_33_1_0,2023,5,33,54,1,1,0,0,,,226.83821242
4385996613,2,2023_5_33_1_0,2023,5,33,73,1,1,0,0,1,1,290.81608292
4385996622,2,2023_5_33_1_0,2023,5,33,43,2,1,0,0,,,930.76455554
4385996624,2,2023_5_33_1_0,2023,5,33,76,2,1,0,0,,,290.81608292
4385996626,2,2023_5_33_1_0,2023,5,33,68,2,1,0,0,,,120.97862353
4385996627,2,2023_5_33_1_0,2023,5,33,50,2,1,0,0,,,226.83821242
4385996628,2,2023_5_33_1_0,2023,5,33,58,2,1,0,0,,,234.11056465
4385996629,2,2023_5_33_1_0,2023,5,33,81,1,1,0,0,,,281.7822446
4385996632,2,2023_5_33_1_0,2023,5,33,59,2,1,0,0,,,226.83821242
4385996647,2,2023_5_33_1_0,2023,5,33,88,1,1,0,0,,,290.81608292
4385996650,2,2023_5_33_1_0,2023,5,33,63,1,1,0,0,,,1211.4753673
4385996651,2,2023_5_33_1_0,2023,5,33,37,1,1,0,0,,,930.76455554
4385996652,2,2023_5_33_1_0,2023,5,33,-3,-3,-3,0,0,1,,290.81608292
4385996655,2,2023_5_33_1_0,2023,5,33,72,2,1,0,0,,,290.81608292
4385996663,2,2023_5_33_1_0,2023,5,33,44,1,1,0,0,,,387.19528035
4385996666,2,2023_5_33_1_0,2023,5,33,33,2,1,0,0,,,387.19528035
4385996667,2,2023_5_33_1_0,2023,5,33,30,2,1,0,0,,,281.7822446
4385996671,2,2023_5_33_1_0,2023,5,33,36,2,1,0,0,,,387.19528035
4385996672,2,2023_5_33_1_0,2023,5,33,30,1,1,0,0,,,503.97014122
4385996677,2,2023_5_33_1_0,2023,5,33,56,1,1,0,0,,,226.83821242
4385996678,2,2023_5_33_1_0,2023,5,33,44,1,1,0,0,,,387.19528035
4385996679,2,2023_5_33_1_0,2023,5,33,44,2,1,0,0,,,930.76455554
4385996680,2,2023_5_33_1_0,2023,5,33,76,1,1,0,0,,,290.81608292
4385996681,2,2023_5_33_1_0,2023,5,33,44,1,1,0,0,,,930.76455554
4385996684,2,2023_5_33_1_0,2023,5,33,57,2,1,0,0,,,545.28807214
4385996685,2,2023_5_33_1_0,2023,5,33,69,2,1,0,0,,,281.7822446
4385996689,2,2023_5_33_1_0,2023,5,33,60,1,1,0,0,,,387.19528035
4385996691,2,2023_5_33_1_0,2023,5,33,36,1,1,0,0,,,545.28807214
4385996696,2,2023_5_33_1_0,2023,5,33,65,1,1,0,0,,,117.22057372
4385996698,2,2023_5_33_1_0,2023,5,33,39,1,1,0,0,,,200.08645113
4385996702,2,2023_5_33_1_0,2023,5,33,58,2,1,0,0,,,234.11056465
4385996703,2,2023_5_33_1_0,2023,5,33,66,1,1,0,0,,,290.81608292
4385996704,2,2023_5_33_1_0,2023,5,33,37,2,1,0,0,,,930.76455554
4385996706,2,2023_5_33_1_0,2023,5,33,70,2,1,0,0,,,290.81608292
4385996710,2,2023_5_33_1_0,2023,5,33,57,2,1,0,0,,,226.83821242
4385996713,2,2023_5_33_1_0,2023,5,33,27,1,4,0,0,,,503.97014122
4385996722,2,2023_5_33_1_0,2023,5,33,31,2,1,0,0,,,252.34089362
4385996732,2,2023_5_33_1_0,2023,5,33,70,2,1,0,0,,,260.43085272
4385996733,2,2023_5_33_1_0,2023,5,33,66,2,1,0,0,,,120.97862353
4385996736,2,2023_5_33_1_0,2023,5,33,60,1,1,0,0,,,234.11056465
4385996738,2,2023_5_33_1_0,2023,5,33,55,2,1,0,0,,,234.11056465
4385996740,2,2023_5_33_1_0,2023,5,33,82,2,1,0,0,,,117.22057372
4385996750,2,2023_5_33_1_0,2023,5,33,89,1,1,0,0,,,349.25510535
4385996752,2,2023_5_33_1_0,2023,5,33,71,2,1,0,0,,,290.81608292
4385996772,2,2023_5_33_1_0,2023,5,33,52,1,1,0,0,,,387.19528035
4385996773,2,2023_5_33_1_0,2023,5,33,-3,-3,-3,0,0,1,1,120.97862353
4385996787,2,2023_5_33_1_0,2023,5,33,46,1,1,0,0,,,387.19528035
4385996796,2,2023_5_33_1_0,2023,5,33,63,2,1,0,0,,,290.81608292
4385996797,2,2023_5_33_1_0,2023,5,33,8,1,1,0,0,,,387.19528035
4385996798,2,2023_5_33_1_0,2023,5,33,61,2,1,0,0,,,562.76981335
4385996803,2,2023_5_33_1_0,2023,5,33,55,2,1,0,0,,,545.28807214
4385996805,2,2023_5_33_1_0,2023,5,33,26,1,2,0,0,,,290.81608292
4385996806,2,2023_5_33_1_0,2023,5,33,86,2,1,0,0,,,626.04019001
4385996821,2,2023_5_33_1_0,2023,5,33,79,2,4,0,0,,,290.81608292
4385996828,2,2023_5_33_1_0,2023,5,33,67,2,1,0,0,,,281.7822446
4385996829,2,2023_5_33_1_0,2023,5,33,33,2,1,0,0,1,1,387.19528035
4385996830,2,2023_5_33_1_0,2023,5,33,44,1,1,0,0,,,930.76455554
4385996835,2,2023_5_33_1_0,2023,5,33,47,1,1,0,0,,,387.19528035
4385996867,2,2023_5_33_1_0,2023,5,33,57,2,3,0,0,1,1,503.97014122
4385996878,2,2023_5_33_1_0,2023,5,33,74,2,1,0,0,,,290.81608292
4385996881,2,2023_5_33_1_0,2023,5,33,31,1,1,0,0,,,234.11056465
4385996901,2,2023_5_33_1_0,2023,5,33,46,1,1,0,0,,,387.19528035
4385996903,2,2023_5_33_1_0,2023,5,33,67,2,1,0,0,,,290.81608292
4385996923,2,2023_5_33_1_0,2023,5,33,75,2,1,0,0,,,290.81608292
4385996925,2,2023_5_33_1_0,2023,5,33,81,2,1,0,0,,,290.81608292
4385996927,2,2023_5_33_1_0,2023,5,33,-3,-3,-3,0,0,1,1,120.97862353
4385996930,2,2023_5_33_1_0,2023,5,33,72,1,1,0,0,,,260.43085272
4385996936,2,2023_5_33_1_0,2023,5,33,36,2,1,0,0,,,387.19528035
4385996942,2,2023_5_33_1_0,2023,5,33,69,1,1,0,0,,,200.08645113
4385996943,2,2023_5_33_1_0,2023,5,33,47,2,1,0,0,,,387.19528035
4385996948,2,2023_5_33_1_0,2023,5,33,30,1,1,0,0,,,503.97014122
4385996949,2,2023_5_33_1_0,2023,5,33,24,2,1,0,0,,,503.97014122
4385996951,2,2023_5_33_1_0,2023,5,33,41,2,4,0,0,,,387.19528035
4385996953,2,2023_5_33_1_0,2023,5,33,64,1,1,0,0,,,562.76981335
4385996971,2,2023_5_33_1_0,2023,5,33,37,1,1,0,0,,,290.81608292
4385996981,2,2023_5_33_1_0,2023,5,33,75,1,1,0,0,,,120.97862353
4385996995,2,2023_5_33_1_0,2023,5,33,54,2,4,0,0,,,488.31493836
4385996997,2,2023_5_33_1_0,2023,5,33,42,2,4,0,0,,,387.19528035
4385997004,2,2023_5_33_1_0,2023,5,33,56,2,1,0,0,,,488.31493836
4385997009,2,2023_5_33_1_0,2023,5,33,71,1,1,0,0,,,120.97862353
4385997013,2,2023_5_33_1_0,2023,5,33,63,2,1,0,0,,,562.76981335
4385997014,2,2023_5_33_1_0,2023,5,33,52,1,1,0,0,,,545.28807214
4385997015,2,2023_5_33_1_0,2023,5,33,80,1,1,0,0,,,290.81608292
4385997017,2,2023_5_33_1_0,2023,5,33,41,2,1,0,0,,,226.83821242
4385997018,2,2023_5_33_1_0,2023,5,33,59,2,1,0,0,,,545.28807214
4385997033,2,2023_5_33_1_0,2023,5,33,43,2,1,0,0,,,387.19528035
4385997042,2,2023_5_33_1_0,2023,5,33,55,2,1,0,0,,,117.22057372
4385997046,2,2023_5_33_1_0,2023,5,33,50,1,1,0,0,,,387.19528035
4385997050,2,2023_5_33_1_0,2023,5,33,58,2,4,0,0,,,545.28807214
4385997053,2,2023_5_33_1_0,2023,5,33,56,2,1,0,0,,,281.7822446
4385997057,2,2023_5_33_1_0,2023,5,33,41,2,1,0,0,,,387.19528035
4385997060,2,2023_5_33_1_0,2023,5,33,62,2,1,0,0,,,117.22057372
4385997064,2,2023_5_33_1_0,2023,5,33,53,2,1,0,0,,,480.98049281
4385997075,2,2023_5_33_1_0,2023,5,33,76,1,1,0,0,,,290.81608292
4385997080,2,2023_5_33_1_0,2023,5,33,23,2,5,0,0,,,488.31493836
4385997084,2,2023_5_33_1_0,2023,5,33,64,2,1,0,0,,,562.76981335
4385997092,2,2023_5_33_1_0,2023,5,33,53,2,1,0,0,,,234.11056465
4385997119,2,2023_5_33_1_0,2023,5,33,-3,-3,-3,0,0,1,1,496.6563377
4385997122,2,2023_5_33_1_0,2023,5,33,72,1,1,0,0,,,120.97862353
4385997124,2,2023_5_33_1_0,2023,5,33,30,1,1,0,0,,,234.11056465
4385997130,2,2023_5_33_1_0,2023,5,33,35,1,1,0,0,,,387.19528035
4385997135,2,2023_5_33_1_0,2023,5,33,18,1,1,0,0,,,387.19528035
4385997141,2,2023_5_33_1_0,2023,5,33,39,2,3,0,0,,,387.19528035
4385997142,2,2023_5_33_1_0,2023,5,33,41,2,1,0,0,,,387.19528035
4385997146,2,2023_5_33_1_0,2023,5,33,59,1,1,0,0,,,562.76981335
4385997152,2,2023_5_33_1_0,2023,5,33,44,2,1,0,0,,,387.19528035
4385997154,2,2023_5_33_1_0,2023,5,33,70,1,1,0,0,,,290.81608292
4385997158,2,2023_5_33_1_0,2023,5,33,69,1,1,0,0,,,290.81608292
4385997179,2,2023_5_33_1_0,2023,5,33,76,2,1,0,0,,,290.81608292
4385997182,2,2023_5_33_1_0,2023,5,33,76,2,1,0,0,,,290.81608292
4385997183,2,2023_5_33_1_0,2023,5,33,43,2,1,0,0,,,930.76455554
4385997185,2,2023_5_33_1_0,2023,5,33,-3,-3,-3,0,0,,,290.81608292
4385997190,2,2023_5_33_1_0,2023,5,33,64,1,1,0,0,,,488.31493836
4385997192,2,2023_5_33_1_0,2023,5,33,75,1,1,0,0,,,290.81608292
4385997199,2,2023_5_33_1_0,2023,5,33,57,2,1,0,0,,,117.22057372
4385997204,2,2023_5_33_1_0,2023,5,33,57,1,1,0,0,,,930.76455554
4385997212,2,2023_5_33_1_0,2023,5,33,37,2,1,0,0,,,234.11056465
4385997216,2,2023_5_33_1_0,2023,5,33,45,2,1,0,0,,,545.28807214
4385997220,2,2023_5_33_1_0,2023,5,33,46,2,1,0,0,,,387.19528035
4385997221,2,2023_5_33_1_0,2023,5,33,44,2,5,0,0,,,930.76455554
4385997223,2,2023_5_33_1_0,2023,5,33,69,1,1,0,0,,,290.81608292
4385997229,2,2023_5_33_1_0,2023,5,33,72,2,1,0,0,,,290.81608292
4385997233,2,2023_5_33_1_0,2023,5,33,47,1,1,0,0,,,226.83821242
4385997235,2,2023_5_33_1_0,2023,5,33,66,2,1,0,0,,,281.7822446
4385997238,2,2023_5_33_1_0,2023,5,33,-3,-3,-3,0,0,1,1,290.81608292
4385997252,2,2023_5_33_1_0,2023,5,33,52,1,1,0,0,,,109.01237072
4385997259,2,2023_5_33_1_0,2023,5,33,68,2,1,0,0,,,290.81608292
4385997267,2,2023_5_33_1_0,2023,5,33,71,2,1,0,0,,,290.81608292
4385997270,2,2023_5_33_1_0,2023,5,33,-3,2,1,0,0,,,206.60755587
4385997271,2,2023_5_33_1_0,2023,5,33,60,2,1,4.000466919,0,,,234.11056465
4385997274,2,2023_5_33_1_0,2023,5,33,78,1,1,0,0,1,1,290.81608292
4385997276,2,2023_5_33_1_0,2023,5,33,64,1,1,0,0,,,281.7822446
4385997279,2,2023_5_33_1_0,2023,5,33,64,2,1,0,0,,,120.97862353
4385997281,2,2023_5_33_1_0,2023,5,33,59,1,1,0,0,,,226.83821242
4385997288,2,2023_5_33_1_0,2023,5,33,59,2,1,0,0,,,290.81608292
4385997289,2,2023_5_33_1_0,2023,5,33,76,1,1,0,0,1,1,290.81608292
4385997296,2,2023_5_33_1_0,2023,5,33,47,2,1,0,0,,,387.19528035
4385997320,2,2023_5_33_1_0,2023,5,33,80,2,1,0,0,,,290.81608292
4385997321,2,2023_5_33_1_0,2023,5,33,67,1,4,0,0,,,260.43085272
4385997323,2,2023_5_33_1_0,2023,5,33,70,2,4,0,0,,,120.97862353
4385997327,2,2023_5_33_1_0,2023,5,33,48,1,1,0,0,,,234.11056465
4385997331,2,2023_5_33_1_0,2023,5,33,56,2,4,0,0,,,281.7822446
4385997333,2,2023_5_33_1_0,2023,5,33,32,1,1,0,0,,,387.19528035
4385997336,2,2023_5_33_1_0,2023,5,33,79,2,1,0,0,,,290.81608292
4385997339,2,2023_5_33_1_0,2023,5,33,72,2,1,0,0,,,290.81608292
4385997341,2,2023_5_33_1_0,2023,5,33,79,2,1,0,0,,,290.81608292
4385997343,2,2023_5_33_1_0,2023,5,33,64,1,1,0,0,,,226.83821242
4385997344,2,2023_5_33_1_0,2023,5,33,84,1,1,0,0,,,480.98049281
4385997345,2,2023_5_33_1_0,2023,5,33,73,1,1,0,0,,,117.22057372
4385997354,2,2023_5_33_1_0,2023,5,33,28,1,1,0,0,,,226.83821242
4385997355,2,2023_5_33_1_0,2023,5,33,-3,-3,-3,0,0,1,1,226.83821242
4385997358,2,2023_5_33_1_0,2023,5,33,65,2,1,0,0,,,290.81608292
4385997369,2,2023_5_33_1_0,2023,5,33,66,2,1,0,0,,,290.81608292
4385997372,2,2023_5_33_1_0,2023,5,33,63,1,1,0,0,,,562.76981335
4385997375,2,2023_5_33_1_0,2023,5,33,80,2,1,0,0,,,290.81608292
4385997378,2,2023_5_33_1_0,2023,5,33,62,1,1,0,0,,,234.11056465
4385997380,2,2023_5_33_1_0,2023,5,33,50,2,1,0,0,,,387.19528035
4385997381,2,2023_5_33_1_0,2023,5,33,13,1,3,0,0,,,399.60862302
4385997383,2,2023_5_33_1_0,2023,5,33,46,1,1,0,0,,,226.83821242
4385997385,2,2023_5_33_1_0,2023,5,33,48,2,1,0,0,,,226.83821242
4385997391,2,2023_5_33_1_0,2023,5,33,2,1,1,0,0,,,387.19528035
4385997393,2,2023_5_33_1_0,2023,5,33,48,2,1,0,0,,,226.83821242
4385997395,2,2023_5_33_1_0,2023,5,33,-3,2,1,0,0,,,244.83975357
4385997397,2,2023_5_33_1_0,2023,5,33,35,2,1,0,0,,,387.19528035
4385997403,2,2023_5_33_1_0,2023,5,33,42,1,1,0,0,,,234.11056465
4385997404,2,2023_5_33_1_0,2023,5,33,-3,-3,-3,0,0,,,217.51682709
4385997409,2,2023_5_33_1_0,2023,5,33,44,1,1,0,0,,,387.19528035
4385997410,2,2023_5_33_1_0,2023,5,33,53,1,1,0,0,,,387.19528035
4385997416,2,2023_5_33_1_0,2023,5,33,77,1,1,0,0,,,290.81608292
4385997420,2,2023_5_33_1_0,2023,5,33,40,1,1,0,0,,,387.19528035
4385997421,2,2023_5_33_1_0,2023,5,33,34,2,1,0,0,,,387.19528035
4385997423,2,2023_5_33_1_0,2023,5,33,55,1,1,0,0,,,226.83821242
4385997424,2,2023_5_33_1_0,2023,5,33,72,2,1,0,0,,,139.75842211
4385997433,2,2023_5_33_1_0,2023,5,33,66,2,1,0,0,,,290.81608292
4385997462,2,2023_5_33_1_0,2023,5,33,65,2,5,0,0,,,281.7822446
4385997464,2,2023_5_33_1_0,2023,5,33,61,1,3,0,0,,,260.43085272
4385997475,2,2023_5_33_1_0,2023,5,33,58,2,1,0,0,,,234.11056465
4385997479,2,2023_5_33_1_0,2023,5,33,60,1,1,0,0,,,290.81608292
4385997498,2,2023_5_33_1_0,2023,5,33,32,2,3,0,0,,,503.97014122
4385997501,2,2023_5_33_1_0,2023,5,33,66,1,1,0,0,,,120.97862353
4385997511,2,2023_5_33_1_0,2023,5,33,30,1,5,0,0,,,503.97014122
4385997522,2,2023_5_33_1_0,2023,5,33,53,2,1,0,0,,,503.97014122
4385997527,2,2023_5_33_1_0,2023,5,33,49,2,1,0,0,,,488.31493836
4385997531,2,2023_5_33_1_0,2023,5,33,76,2,1,0,0,,,290.81608292
4385997533,2,2023_5_33_1_0,2023,5,33,41,1,3,0,0,,,2003.6581655
4385997537,2,2023_5_33_1_0,2023,5,33,33,2,1,0,0,,,290.81608292
4385997544,2,2023_5_33_1_0,2023,5,33,73,2,1,0,0,,,281.7822446
4385997551,2,2023_5_33_1_0,2023,5,33,80,2,1,0,0,,,290.81608292
4385997553,2,2023_5_33_1_0,2023,5,33,70,2,1,0,0,,,260.43085272
4385997555,2,2023_5_33_1_0,2023,5,33,61,2,1,0,0,,,290.81608292
4385997560,2,2023_5_33_1_0,2023,5,33,45,2,1,0,0,,,234.11056465
4385997566,2,2023_5_33_1_0,2023,5,33,59,2,1,0,0,,,234.11056465
4385997567,2,2023_5_33_1_0,2023,5,33,19,1,5,0,0,,,387.19528035
4385997569,2,2023_5_33_1_0,2023,5,33,58,2,3,0,0,,,290.81608292
4385997577,2,2023_5_33_1_0,2023,5,33,58,2,1,0,0,,,281.7822446
4385997584,2,2023_5_33_1_0,2023,5,33,33,2,1,0,0,,,234.11056465
4385997586,2,2023_5_33_1_0,2023,5,33,26,1,3,0,0,1,1,234.11056465
4385997588,2,2023_5_33_1_0,2023,5,33,45,1,1,0,0,,,387.19528035
4385997593,2,2023_5_33_1_0,2023,5,33,94,2,1,0,0,,,290.81608292
4385997594,2,2023_5_33_1_0,2023,5,33,59,1,1,0,0,,,234.11056465
4385997595,2,2023_5_33_1_0,2023,5,33,41,1,1,0,0,,,387.19528035
4385997605,2,2023_5_33_1_0,2023,5,33,63,2,1,0,0,,,290.81608292
4385997608,2,2023_5_33_1_0,2023,5,33,81,2,1,0,0,,,290.81608292
4385997610,2,2023_5_33_1_0,2023,5,33,54,1,1,0,0,,,930.76455554
4385997612,2,2023_5_33_1_0,2023,5,33,38,1,1,0,0,,,503.97014122
4385997620,2,2023_5_33_1_0,2023,5,33,50,2,1,0,0,,,290.81608292
4385997633,2,2023_5_33_1_0,2023,5,33,48,1,3,0,0,,,833.51582364
4385997634,2,2023_5_33_1_0,2023,5,33,45,2,2,0,0,,,488.31493836
4385997648,2,2023_5_33_1_0,2023,5,33,16,2,1,0,0,,,860.23804383
4385997649,2,2023_5_33_1_0,2023,5,33,57,2,1,0,0,,,234.11056465
4385997663,2,2023_5_33_1_0,2023,5,33,32,1,2,0,0,,,833.51582364
4385997670,2,2023_5_33_1_0,2023,5,33,40,2,1,0,0,,,930.76455554
4385997671,2,2023_5_33_1_0,2023,5,33,36,2,1,0,0,,,503.97014122
4385997672,2,2023_5_33_1_0,2023,5,33,-3,-3,-3,0,0,1,1,290.81608292
4385997677,2,2023_5_33_1_0,2023,5,33,40,2,1,0,0,,,545.28807214
4385997695,2,2023_5_33_1_0,2023,5,33,36,1,1,0,0,,,234.11056465
4385997717,2,2023_5_33_1_0,2023,5,33,63,1,1,0,0,,,562.76981335
4385997724,2,2023_5_33_1_0,2023,5,33,36,2,1,0,0,1,1,234.11056465
4385997730,2,2023_5_33_1_0,2023,5,33,75,1,1,0,0,,,290.81608292
4385997734,2,2023_5_33_1_0,2023,5,33,56,1,1,0,0,,,387.19528035
4385997737,2,2023_5_33_1_0,2023,5,33,70,1,1,0,0,1,1,281.7822446
4385997757,2,2023_5_33_1_0,2023,5,33,30,2,1,0,0,,,234.11056465
4385997764,2,2023_5_33_1_0,2023,5,33,29,1,1,0,0,,,234.11056465
4385997765,2,2023_5_33_1_0,2023,5,33,71,2,1,0,0,,,120.97862353
4385997783,2,2023_5_33_1_0,2023,5,33,43,2,4,0,0,,,117.22057372
4385997793,2,2023_5_33_1_0,2023,5,33,58,2,1,0,0,,,234.11056465
4385997795,2,2023_5_33_1_0,2023,5,33,46,2,1,0,0,,,387.19528035
4385997808,2,2023_5_33_1_0,2023,5,33,25,2,3,0,0,,,1388.9742515
4385997810,2,2023_5_33_1_0,2023,5,33,51,2,-3,0,0,,,234.11056465
4385997816,2,2023_5_33_1_0,2023,5,33,-3,-3,-3,0,0,1,1,562.76981335
4385997828,2,2023_5_33_1_0,2023,5,33,55,2,1,0,0,,,503.97014122
4385997836,2,2023_5_33_1_0,2023,5,33,42,1,1,0,0,,,234.11056465
4385997856,2,2023_5_33_1_0,2023,5,33,59,1,1,0,0,,,234.11056465
4385997860,2,2023_5_33_1_0,2023,5,33,68,1,1,0,0,,,117.22057372
4385997869,2,2023_5_33_1_0,2023,5,33,90,1,1,0,0,,,176.70151268
4385997870,2,2023_5_33_1_0,2023,5,33,50,2,1,0,0,,,226.83821242
4385997872,2,2023_5_33_1_0,2023,5,33,57,2,1,0,0,1,1,226.83821242
4385997874,2,2023_5_33_1_0,2023,5,33,46,2,-3,0,0,,,930.76455554
4385997883,2,2023_5_33_1_0,2023,5,33,61,2,1,0,0,,,120.97862353
4385997884,2,2023_5_33_1_0,2023,5,33,25,2,1,1.0001167297,0,,,234.11056465
4385997890,2,2023_5_33_1_0,2023,5,33,61,2,1,0,0,,,120.97862353
4385997896,2,2023_5_33_1_0,2023,5,33,65,1,1,0,0,,,260.43085272
4385997901,2,2023_5_33_1_0,2023,5,33,64,2,1,0,0,,,503.97014122
4385997905,2,2023_5_33_1_0,2023,5,33,35,2,1,0,0,,,387.19528035
4385997906,2,2023_5_33_1_0,2023,5,33,52,2,1,0,0,,,387.19528035
4385997908,2,2023_5_33_1_0,2023,5,33,77,1,1,0,0,,,292.24649405
4385997909,2,2023_5_33_1_0,2023,5,33,56,1,3,0,0,,,545.28807214
4385997911,2,2023_5_33_1_0,2023,5,33,60,2,1,0,0,,,545.28807214
4385997914,2,2023_5_33_1_0,2023,5,33,90,2,1,0,0,,,290.81608292
4385997916,2,2023_5_33_1_0,2023,5,33,28,1,1,0,0,,,226.83821242
4385997917,2,2023_5_33_1_0,2023,5,33,59,1,1,0,0,,,226.83821242
4385997922,2,2023_5_33_1_0,2023,5,33,44,1,1,0,0,,,387.19528035
4385997923,2,2023_5_33_1_0,2023,5,33,62,2,1,0,0,,,545.28807214
4385997931,2,2023_5_33_1_0,2023,5,33,61,1,1,0,0,,,226.83821242
4385997936,2,2023_5_33_1_0,2023,5,33,-3,-3,-3,0,0,1,1,503.97014122
4385997945,2,2023_5_33_1_0,2023,5,33,50,2,1,0,0,,,387.19528035
4385997946,2,2023_5_33_1_0,2023,5,33,61,2,1,0,0,,,260.43085272
4385997947,2,2023_5_33_1_0,2023,5,33,73,2,1,0,0,,,139.75842211
4385997949,2,2023_5_33_1_0,2023,5,33,47,1,1,0,0,,,117.22057372
4385997953,2,2023_5_33_1_0,2023,5,33,-3,-3,-3,0,0,,,481.22832901
4385997957,2,2023_5_33_1_0,2023,5,33,51,1,1,0,0,,,387.19528035
4385997962,2,2023_5_33_1_0,2023,5,33,50,2,1,0,0,,,387.19528035
4385997963,2,2023_5_33_1_0,2023,5,33,43,1,4,0,0,,,387.19528035
4385997964,2,2023_5_33_1_0,2023,5,33,38,2,1,0,0,,,387.19528035
4385997965,2,2023_5_33_1_0,2023,5,33,51,1,1,0,0,,,545.28807214
4385997966,2,2023_5_33_1_0,2023,5,33,66,2,1,0,0,1,1,290.81608292
4385997970,2,2023_5_33_1_0,2023,5,33,45,1,1,0,0,,,387.19528035
4385997977,2,2023_5_33_1_0,2023,5,33,75,2,1,0,0,,,120.97862353
4385997979,2,2023_5_33_1_0,2023,5,33,-3,1,1,0,0,1,1,290.81608292
4385997985,2,2023_5_33_1_0,2023,5,33,52,2,1,0,0,,,930.76455554
4385997987,2,2023_5_33_1_0,2023,5,33,83,2,1,0,0,,,300.85815149
4385997989,2,2023_5_33_1_0,2023,5,33,66,1,1,0,0,,,58.139086955
4385997993,2,2023_5_33_1_0,2023,5,33,39,2,1,0,0,,,387.19528035
4385997996,2,2023_5_33_1_0,2023,5,33,65,1,1,0,0,,,290.81608292
4385997997,2,2023_5_33_1_0,2023,5,33,46,2,1,0,0,,,387.19528035
4385998000,2,2023_5_33_1_0,2023,5,33,60,1,1,0,0,,,290.81608292
4385998003,2,2023_5_33_1_0,2023,5,33,60,1,1,0,0,,,545.28807214
4385998008,2,2023_5_33_1_0,2023,5,33,-3,-3,-3,0,0,1,1,496.6563377
4385998010,2,2023_5_33_1_0,2023,5,33,47,2,1,0,0,,,387.19528035
4385998011,2,2023_5_33_1_0,2023,5,33,51,1,-3,0,0,,,226.83821242
4385998012,2,2023_5_33_1_0,2023,5,33,71,1,1,0,0,,,626.04019001
4385998014,2,2023_5_33_1_0,2023,5,33,43,1,1,0,0,,,290.81608292
4385998016,2,2023_5_33_1_0,2023,5,33,63,2,1,0,0,,,281.7822446
4385998021,2,2023_5_33_1_0,2023,5,33,42,2,1,0,0,,,930.76455554
4385998024,2,2023_5_33_1_0,2023,5,33,81,1,1,0,0,,,290.81608292
4385998032,2,2023_5_33_1_0,2023,5,33,77,1,1,0,0,,,120.97862353
4385998034,2,2023_5_33_1_0,2023,5,33,68,1,1,0,0,,,120.97862353
4385998037,2,2023_5_33_1_0,2023,5,33,42,2,1,0,0,,,387.19528035
4385998038,2,2023_5_33_1_0,2023,5,33,56,1,1,0,0,,1,234.11056465
4385998040,2,2023_5_33_1_0,2023,5,33,46,1,1,0,0,,,387.19528035
4385998041,2,2023_5_33_1_0,2023,5,33,35,2,3,0,0,,,387.19528035
4385998042,2,2023_5_33_1_0,2023,5,33,60,1,1,0,0,,,234.11056465
4385998043,2,2023_5_33_1_0,2023,5,33,64,2,-3,0,0,,,120.97862353
4385998044,2,2023_5_33_1_0,2023,5,33,-3,-3,-3,0,0,1,1,143.36540717
4385998047,2,2023_5_33_1_0,2023,5,33,83,1,1,0,0,,,290.81608292
4385998053,2,2023_5_33_1_0,2023,5,33,50,1,1,0,0,,,545.28807214
4385998055,2,2023_5_33_1_0,2023,5,33,77,2,1,0,0,,,290.81608292
4385998057,2,2023_5_33_1_0,2023,5,33,78,2,1,0,0,,,290.81608292
4385998067,2,2023_5_33_1_0,2023,5,33,59,1,1,0,0,,,562.76981335
4385998077,2,2023_5_33_1_0,2023,5,33,76,2,1,0,0,,,120.97862353
4385998082,2,2023_5_33_1_0,2023,5,33,62,1,1,0,0,,,120.97862353
4385998099,2,2023_5_33_1_0,2023,5,33,58,1,1,0,0,1,1,833.51582364
4385998103,2,2023_5_33_1_0,2023,5,33,70,2,1,0,0,,,117.22057372
4385998104,2,2023_5_33_1_0,2023,5,33,52,1,1,0,0,,,387.19528035
4385998109,2,2023_5_33_1_0,2023,5,33,47,2,1,0,0,,,387.19528035
4385998120,2,2023_5_33_1_0,2023,5,33,28,1,1,0,0,,,387.19528035
4385998121,2,2023_5_33_1_0,2023,5,33,65,1,1,0,0,,,120.97862353
4385998122,2,2023_5_33_1_0,2023,5,33,-3,1,1,0,0,,,588.56131771
4385998124,2,2023_5_33_1_0,2023,5,33,27,1,1,0,0,,,234.11056465
4385998126,2,2023_5_33_1_0,2023,5,33,47,2,-3,0,0,,,387.19528035
4385998136,2,2023_5_33_1_0,2023,5,33,28,2,1,0,0,,,387.19528035
4385998140,2,2023_5_33_1_0,2023,5,33,67,1,1,0,0,,,290.81608292
4385998145,2,2023_5_33_1_0,2023,5,33,75,2,1,0,0,,,120.97862353
4385998146,2,2023_5_33_1_0,2023,5,33,56,1,1,0,0,,,290.81608292
4385998150,2,2023_5_33_1_0,2023,5,33,76,2,1,0,0,,,290.81608292
4385998151,2,2023_5_33_1_0,2023,5,33,70,2,1,0,0,,,290.81608292
4385998152,2,2023_5_33_1_0,2023,5,33,65,1,1,0,0,,,120.97862353
4385998153,2,2023_5_33_1_0,2023,5,33,66,2,1,0,0,,,139.75842211
4385998155,2,2023_5_33_1_0,2023,5,33,61,2,1,0,0,,,234.11056465
4385998160,2,2023_5_33_1_0,2023,5,33,58,1,1,0,0,,,234.11056465
4385998162,2,2023_5_33_1_0,2023,5,33,59,2,1,0,0,,,120.97862353
4385998164,2,2023_5_33_1_0,2023,5,33,59,1,1,0,0,,1,109.01237072
4385998166,2,2023_5_33_1_0,2023,5,33,73,2,1,0,0,,,290.81608292
4385998167,2,2023_5_33_1_0,2023,5,33,67,2,1,0,0,,,120.97862353
4385998175,2,2023_5_33_1_0,2023,5,33,59,2,1,0,0,,,234.11056465
4385998195,2,2023_5_33_1_0,2023,5,33,30,1,1,0,0,,,503.97014122
4385998203,2,2023_5_33_1_0,2023,5,33,30,2,1,0,0,,,117.22057372
4385998205,2,2023_5_33_1_0,2023,5,33,69,2,1,0,0,,,290.81608292
4385998207,2,2023_5_33_1_0,2023,5,33,19,2,1,0,0,,,475.22841336
4385998218,2,2023_5_33_1_0,2023,5,33,71,2,1,0,0,,,290.81608292
4385998225,2,2023_5_33_1_0,2023,5,33,66,2,1,0,0,,,120.97862353
4385998226,2,2023_5_33_1_0,2023,5,33,15,1,1,0,0,,,387.19528035
4385998229,2,2023_5_33_1_0,2023,5,33,34,1,1,0,0,,,234.11056465
4385998237,2,2023_5_33_1_0,2023,5,33,52,2,1,0,0,,,120.97862353
4385998241,2,2023_5_33_1_0,2023,5,33,32,2,1,0,0,,,234.11056465
4385998242,2,2023_5_33_1_0,2023,5,33,52,1,1,0,0,,,226.83821242
4385998243,2,2023_5_33_1_0,2023,5,33,75,2,1,0,0,,,281.7822446
4385998249,2,2023_5_33_1_0,2023,5,33,38,2,1,0,0,,,480.98049281
4385998253,2,2023_5_33_1_0,2023,5,33,39,2,1,0,0,,,387.19528035
4385998255,2,2023_5_33_1_0,2023,5,33,22,2,1,0,0,,,234.11056465
4385998261,2,2023_5_33_1_0,2023,5,33,73,2,1,0,0,,,200.08645113
4385998271,2,2023_5_33_1_0,2023,5,33,-3,-3,-3,0,0,1,1,290.81608292
4385998274,2,2023_5_33_1_0,2023,5,33,50,2,1,0,0,,,562.76981335
4385998276,2,2023_5_33_1_0,2023,5,33,61,1,1,0,0,,,234.11056465
4385998277,2,2023_5_33_1_0,2023,5,33,40,1,1,8.0009338379,7.9990661621,,,117.22057372
4385998280,2,2023_5_33_1_0,2023,5,33,66,2,1,0,0,,,290.81608292
4385998283,2,2023_5_33_1_0,2023,5,33,-3,2,1,0,0,,,206.60755587
4385998284,2,2023_5_33_1_0,2023,5,33,65,1,1,0,0.9998832703,,,120.97862353
4385998288,2,2023_5_33_1_0,2023,5,33,14,1,1,0,0,,,387.19528035
4385998290,2,2023_5_33_1_0,2023,5,33,77,1,1,0,0,,,120.97862353
4385998291,2,2023_5_33_1_0,2023,5,33,60,2,1,0,0,,,234.11056465
4385998296,2,2023_5_33_1_0,2023,5,33,41,2,1,0,0,,,387.19528035
4385998297,2,2023_5_33_1_0,2023,5,33,41,2,1,0,0,,,387.19528035
4385998298,2,2023_5_33_1_0,2023,5,33,61,1,1,0,0,,,545.28807214
4385998303,2,2023_5_33_1_0,2023,5,33,4,2,1,0,0,,,399.60862302
4385998306,2,2023_5_33_1_0,2023,5,33,45,2,1,0,0,,,234.11056465
4385998307,2,2023_5_33_1_0,2023,5,33,67,1,1,0,0,,,290.81608292
4385998308,2,2023_5_33_1_0,2023,5,33,71,1,1,0,0,,,120.97862353
4385998309,2,2023_5_33_1_0,2023,5,33,16,1,1,0,0,,,387.19528035
4385998317,2,2023_5_33_1_0,2023,5,33,65,1,1,0,0,,,120.97862353
4385998318,2,2023_5_33_1_0,2023,5,33,93,1,1,0,0,,,290.81608292
4385998322,2,2023_5_33_1_0,2023,5,33,56,1,1,0,0,,,234.11056465
4385998328,2,2023_5_33_1_0,2023,5,33,56,2,1,0,0,,1,281.7822446
4385998333,2,2023_5_33_1_0,2023,5,33,40,1,1,0,0,,,503.97014122
4385998341,2,2023_5_33_1_0,2023,5,33,58,1,5,0,0,,,234.11056465
4385998343,2,2023_5_33_1_0,2023,5,33,34,2,1,0,0,,,277.43212351
4385998348,2,2023_5_33_1_0,2023,5,33,49,1,1,0,0,,,387.19528035
4385998354,2,2023_5_33_1_0,2023,5,33,52,1,1,0,0,,,503.97014122
4385998358,2,2023_5_33_1_0,2023,5,33,27,1,2,0,0,,,503.97014122
4385998361,2,2023_5_33_1_0,2023,5,33,36,2,1,0,0,,,545.28807214
4385998368,2,2023_5_33_1_0,2023,5,33,62,1,1,0,0,,,290.81608292
4385998370,2,2023_5_33_1_0,2023,5,33,38,1,1,0,0,1,1,387.19528035
4385998375,2,2023_5_33_1_0,2023,5,33,85,1,1,0,0,,,260.43085272
4385998377,2,2023_5_33_1_0,2023,5,33,26,1,1,0,0,,,503.97014122
4385998379,2,2023_5_33_1_0,2023,5,33,42,2,2,0,0,,,387.19528035
4385998381,2,2023_5_33_1_0,2023,5,33,56,2,1,0,0,,,503.97014122
4385998382,2,2023_5_33_1_0,2023,5,33,31,1,1,0,0,,,833.51582364
4385998387,2,2023_5_33_1_0,2023,5,33,70,2,1,0,0,,,120.97862353
4385998389,2,2023_5_33_1_0,2023,5,33,6,1,1,0,0,,,473.55517262
4385998393,2,2023_5_33_1_0,2023,5,33,54,1,1,0,0,,,120.97862353
4385998400,2,2023_5_33_1_0,2023,5,33,67,1,1,0,0,,,120.97862353
4385998411,2,2023_5_33_1_0,2023,5,33,18,2,1,0,0,,,226.83821242
4385998412,2,2023_5_33_1_0,2023,5,33,58,2,1,0,0,,,234.11056465
4385998416,2,2023_5_33_1_0,2023,5,33,46,1,1,0,0,,,387.19528035
4385998422,2,2023_5_33_1_0,2023,5,33,68,1,1,0,0,,,120.97862353
4385998423,2,2023_5_33_1_0,2023,5,33,53,1,1,0,0,,,234.11056465
4385998431,2,2023_5_33_1_0,2023,5,33,46,1,1,0,0,,,562.76981335
4385998445,2,2023_5_33_1_0,2023,5,33,68,1,1,0,0,,,176.70151268
4385998446,2,2023_5_33_1_0,2023,5,33,48,2,1,0,0,,,480.98049281
4385998449,2,2023_5_33_1_0,2023,5,33,67,2,1,0,0,,,290.81608292
4385998452,2,2023_5_33_1_0,2023,5,33,38,2,1,0,0,,,387.19528035
4385998455,2,2023_5_33_1_0,2023,5,33,42,1,1,0,0,,,387.19528035
4385998460,2,2023_5_33_1_0,2023,5,33,86,1,1,0,0,,,290.81608292
4385998467,2,2023_5_33_1_0,2023,5,33,68,2,1,0,0,,,120.97862353
4385998470,2,2023_5_33_1_0,2023,5,33,31,1,1,0,0,,,226.83821242
4385998472,2,2023_5_33_1_0,2023,5,33,-3,-3,-3,0,0,,,444.76437561
4385998476,2,2023_5_33_1_0,2023,5,33,36,2,1,0,0,,,117.22057372
4385998478,2,2023_5_33_1_0,2023,5,33,34,2,1,0,0,,,290.81608292
4385998480,2,2023_5_33_1_0,2023,5,33,-3,2,1,0,0,,,496.6563377
4385998488,2,2023_5_33_1_0,2023,5,33,58,1,1,0,0,,,234.11056465
4385998491,2,2023_5_33_1_0,2023,5,33,78,2,1,0,0,,,290.81608292
4385998492,2,2023_5_33_1_0,2023,5,33,20,1,1,0,0,,,545.28807214
4385998500,2,2023_5_33_1_0,2023,5,33,49,1,1,0,0,,,562.76981335
4385998504,2,2023_5_33_1_0,2023,5,33,63,2,1,0,0,,,387.19528035
4385998516,2,2023_5_33_1_0,2023,5,33,44,1,1,0,0,,,562.76981335
4385998523,2,2023_5_33_1_0,2023,5,33,43,2,1,0,0,,,930.76455554
4385998524,2,2023_5_33_1_0,2023,5,33,76,1,1,0,0,,,290.81608292
4385998533,2,2023_5_33_1_0,2023,5,33,78,1,1,0,0,,,120.97862353
4385998534,2,2023_5_33_1_0,2023,5,33,46,2,-3,0,0,,,290.81608292
4385998535,2,2023_5_33_1_0,2023,5,33,64,1,1,1.0001167297,0,,,290.81608292
4385998539,2,2023_5_33_1_0,2023,5,33,69,1,1,0,0,,,120.97862353
4385998541,2,2023_5_33_1_0,2023,5,33,45,1,1,0,0,,,234.11056465
4385998544,2,2023_5_33_1_0,2023,5,33,-3,-3,-3,0,0,1,1,206.60755587
4385998545,2,2023_5_33_1_0,2023,5,33,78,1,2,0,0,,,290.81608292
4385998551,2,2023_5_33_1_0,2023,5,33,42,1,1,0,0,,,234.11056465
4385998553,2,2023_5_33_1_0,2023,5,33,56,2,1,0,0,,,562.76981335
4385998557,2,2023_5_33_1_0,2023,5,33,80,2,1,0,0,,,290.81608292
4385998559,2,2023_5_33_1_0,2023,5,33,68,2,1,0,0,,,120.97862353
4385998561,2,2023_5_33_1_0,2023,5,33,60,1,1,0,0,,,281.7822446
4385998565,2,2023_5_33_1_0,2023,5,33,76,2,1,0,0,,,117.22057372
4385998570,2,2023_5_33_1_0,2023,5,33,58,2,1,0,0,,,234.11056465
4385998571,2,2023_5_33_1_0,2023,5,33,59,1,1,0,0,,,930.76455554
4385998575,2,2023_5_33_1_0,2023,5,33,80,2,1,0,0,,,120.97862353
4385998576,2,2023_5_33_1_0,2023,5,33,53,2,1,0,0,,,562.76981335
4385998578,2,2023_5_33_1_0,2023,5,33,74,2,1,0,0,,,120.97862353
4385998579,2,2023_5_33_1_0,2023,5,33,76,1,1,0,0,,,120.97862353
4385998580,2,2023_5_33_1_0,2023,5,33,55,1,1,0,0,,,234.11056465
4385998581,2,2023_5_33_1_0,2023,5,33,81,2,1,0,0,,,626.04019001
4385998584,2,2023_5_33_1_0,2023,5,33,54,2,1,0,0,,,545.28807214
4385998585,2,2023_5_33_1_0,2023,5,33,73,1,1,0,0,,,176.70151268
4385998588,2,2023_5_33_1_0,2023,5,33,59,1,1,0,0,,,234.11056465
4385998591,2,2023_5_33_1_0,2023,5,33,71,1,1,0,0,,,120.97862353
4385998608,2,2023_5_33_1_0,2023,5,33,36,1,1,0,0,,,387.19528035
4385998613,2,2023_5_33_1_0,2023,5,33,34,1,1,0,0,,,930.76455554
4385998618,2,2023_5_33_1_0,2023,5,33,-3,1,-3,0,0,,,496.6563377
4385998622,2,2023_5_33_1_0,2023,5,33,70,2,1,0,0,,,290.81608292
4385998623,2,2023_5_33_1_0,2023,5,33,53,2,1,0,0,,,226.83821242
4385998626,2,2023_5_33_1_0,2023,5,33,76,2,1,0,0,,,120.97862353
4385998628,2,2023_5_33_1_0,2023,5,33,64,2,1,0,0,,,290.81608292
4385998632,2,2023_5_33_1_0,2023,5,33,58,2,1,0,0,,,234.11056465
4385998640,2,2023_5_33_1_0,2023,5,33,63,2,1,0,0,,,117.22057372
4385998643,2,2023_5_33_1_0,2023,5,33,62,2,1,0,0,,,290.81608292
4385998644,2,2023_5_33_1_0,2023,5,33,75,2,1,0,0,,,260.43085272
4385998650,2,2023_5_33_1_0,2023,5,33,38,1,1,0,0,,,387.19528035
4385998656,2,2023_5_33_1_0,2023,5,33,65,1,1,0,0,,,176.70151268
4385998663,2,2023_5_33_1_0,2023,5,33,-3,1,1,0,0,,,488.31493836
4385998670,2,2023_5_33_1_0,2023,5,33,26,1,1,0,0,,,833.51582364
4385998674,2,2023_5_33_1_0,2023,5,33,62,2,1,0,0,,,503.97014122
4385998676,2,2023_5_33_1_0,2023,5,33,56,2,1,0,0,,,562.76981335
4385998691,2,2023_5_33_1_0,2023,5,33,-3,-3,-3,0,0,1,1,234.11056465
4385998694,2,2023_5_33_1_0,2023,5,33,69,2,1,0,0,,,290.81608292
4385998695,2,2023_5_33_1_0,2023,5,33,72,2,1,0,0,,,290.81608292
4385998696,2,2023_5_33_1_0,2023,5,33,-3,-3,-3,0,0,,,588.56131771
4385998701,2,2023_5_33_1_0,2023,5,33,62,2,1,0,0,,,562.76981335
4385998704,2,2023_5_33_1_0,2023,5,33,65,2,1,0,0,,,120.97862353
4385998707,2,2023_5_33_1_0,2023,5,33,39,2,1,0,0,,,226.83821242
4385998709,2,2023_5_33_1_0,2023,5,33,45,1,4,0,0,,,387.19528035
4385998714,2,2023_5_33_1_0,2023,5,33,70,2,1,0,0,,,281.7822446
4385998716,2,2023_5_33_1_0,2023,5,33,62,2,1,0,0,,,387.19528035
4385998717,2,2023_5_33_1_0,2023,5,33,-3,2,-3,0,0,1,1,209.39967388
4385998723,2,2023_5_33_1_0,2023,5,33,19,1,5,1.0001167297,0,,,234.11056465
4385998732,2,2023_5_33_1_0,2023,5,33,42,2,1,0,0,,,387.19528035
4385998736,2,2023_5_33_1_0,2023,5,33,61,1,1,0,0,,,545.28807214
4385998740,2,2023_5_33_1_0,2023,5,33,26,1,1,0,0,,,234.11056465
4385998744,2,2023_5_33_1_0,2023,5,33,36,2,1,0,0,,,503.97014122
4385998754,2,2023_5_33_1_0,2023,5,33,36,2,1,0,0,,,387.19528035
4385998760,2,2023_5_33_1_0,2023,5,33,70,2,1,0,0,,,290.81608292
4385998762,2,2023_5_33_1_0,2023,5,33,-3,1,1,0,0,,,481.22832901
4385998763,2,2023_5_33_1_0,2023,5,33,24,2,1,0,0,,,503.97014122
4385998773,2,2023_5_33_1_0,2023,5,33,75,2,1,0,0,,,290.81608292
4385998778,2,2023_5_33_1_0,2023,5,33,55,1,1,0,0,,,387.19528035
4385998779,2,2023_5_33_1_0,2023,5,33,34,2,1,0,0,,,234.11056465
4385998786,2,2023_5_33_1_0,2023,5,33,-3,1,1,0,0,,,234.11056465
4385998792,2,2023_5_33_1_0,2023,5,33,36,1,1,0,0,,,387.19528035
4385998795,2,2023_5_33_1_0,2023,5,33,72,2,1,0,1.9997665405,,,120.97862353
4385998796,2,2023_5_33_1_0,2023,5,33,45,2,1,0,0,,,503.97014122
4385998804,2,2023_5_33_1_0,2023,5,33,80,1,1,0,0,,,176.70151268
4385998805,2,2023_5_33_1_0,2023,5,33,63,2,1,0,0,,,234.11056465
4385998812,2,2023_5_33_1_0,2023,5,33,31,2,1,0,0,,,503.97014122
4385998826,2,2023_5_33_1_0,2023,5,33,67,2,1,0,0,,,290.81608292
4385998832,2,2023_5_33_1_0,2023,5,33,43,1,1,10.001167297,2.9996498108,,,109.01237072
4385998833,2,2023_5_33_1_0,2023,5,33,53,1,1,0,0,,,117.22057372
4385998845,2,2023_5_33_1_0,2023,5,33,48,2,1,0,0,,,226.83821242
4385998847,2,2023_5_33_1_0,2023,5,33,33,1,1,0,0,,,387.19528035
4385998848,2,2023_5_33_1_0,2023,5,33,35,2,1,0,0,,,290.81608292
4385998860,2,2023_5_33_1_0,2023,5,33,16,1,5,0,0,,,833.51582364
4385998863,2,2023_5_33_1_0,2023,5,33,17,2,1,0,0,,,444.53531861
4385998872,2,2023_5_33_1_0,2023,5,33,17,1,1,0,0,,,387.19528035
4385998878,2,2023_5_33_1_0,2023,5,33,69,1,1,0,0,,,290.81608292
4385998881,2,2023_5_33_1_0,2023,5,33,87,1,1,0,0,,,260.43085272
4385998883,2,2023_5_33_1_0,2023,5,33,62,2,1,0,0,,,562.76981335
4385998887,2,2023_5_33_1_0,2023,5,33,58,1,1,0,0,,,930.76455554
4385998890,2,2023_5_33_1_0,2023,5,33,80,1,1,0,0,,,290.81608292
4385998893,2,2023_5_33_1_0,2023,5,33,44,2,4,0,0,,,200.08645113
4385998899,2,2023_5_33_1_0,2023,5,33,44,1,1,0,0,,,387.19528035
4385998904,2,2023_5_33_1_0,2023,5,33,70,2,1,0,0,,,290.81608292
4385998906,2,2023_5_33_1_0,2023,5,33,54,2,1,0,0,,,226.83821242
4385998919,2,2023_5_33_1_0,2023,5,33,32,1,1,0,0,,,234.11056465
4385998921,2,2023_5_33_1_0,2023,5,33,68,2,1,0,0,,,120.97862353
4385998922,2,2023_5_33_1_0,2023,5,33,69,2,1,0,0,,,290.81608292
4385998925,2,2023_5_33_1_0,2023,5,33,-3,-3,-3,0,0,1,1,290.81608292
4385998930,2,2023_5_33_1_0,2023,5,33,73,1,1,0,0,,,58.139086955
4385998931,2,2023_5_33_1_0,2023,5,33,81,1,1,0,0,,,290.81608292
4385998935,2,2023_5_33_1_0,2023,5,33,-3,2,1,0,0,,,496.6563377
4385998939,2,2023_5_33_1_0,2023,5,33,47,2,1,0,0,,,200.08645113
4385998943,2,2023_5_33_1_0,2023,5,33,68,1,1,0,0,,,120.97862353
4385998944,2,2023_5_33_1_0,2023,5,33,52,1,1,0,0,,,226.83821242
4385998949,2,2023_5_33_1_0,2023,5,33,55,2,1,0,0,,,234.11056465
4385998952,2,2023_5_33_1_0,2023,5,33,38,2,1,0,0,,,200.08645113
4385998956,2,2023_5_33_1_0,2023,5,33,72,2,1,0,0,,,281.7822446
4385998960,2,2023_5_33_1_0,2023,5,33,71,2,1,0,0,,,290.81608292
4385998961,2,2023_5_33_1_0,2023,5,33,55,2,1,0,0,,,562.76981335
4385998971,2,2023_5_33_1_0,2023,5,33,79,2,1,0,0,,,290.81608292
4385998973,2,2023_5_33_1_0,2023,5,33,51,1,1,0,0,,,930.76455554
4385998974,2,2023_5_33_1_0,2023,5,33,70,1,1,0,0,,,290.81608292
4385998975,2,2023_5_33_1_0,2023,5,33,56,1,1,0,0,,,234.11056465
4385998977,2,2023_5_33_1_0,2023,5,33,66,1,1,0,0,,,281.7822446
4385998978,2,2023_5_33_1_0,2023,5,33,74,2,1,0,0,,,290.81608292
4385998991,2,2023_5_33_1_0,2023,5,33,62,2,1,0,0,,,120.97862353
4385998993,2,2023_5_33_1_0,2023,5,33,67,1,1,0,0,,,120.97862353
4385998998,2,2023_5_33_1_0,2023,5,33,66,2,1,0,0,,,290.81608292
4385999002,2,2023_5_33_1_0,2023,5,33,82,2,3,0,0,,,290.81608292
4385999003,2,2023_5_33_1_0,2023,5,33,59,2,1,0,0,,,234.11056465
4385999004,2,2023_5_33_1_0,2023,5,33,27,2,1,0,0,,,387.19528035
4385999006,2,2023_5_33_1_0,2023,5,33,45,2,1,0,0,,,387.19528035
4385999007,2,2023_5_33_1_0,2023,5,33,37,2,1,0,0,,,387.19528035
4385999010,2,2023_5_33_1_0,2023,5,33,61,2,1,0,0,,,120.97862353
4385999019,2,2023_5_33_1_0,2023,5,33,53,1,1,0,0,,,290.81608292
4385999031,2,2023_5_33_1_0,2023,5,33,37,1,1,0,0,,,387.19528035
4385999040,2,2023_5_33_1_0,2023,5,33,63,1,1,0,0,,,545.28807214
4385999052,2,2023_5_33_1_0,2023,5,33,31,2,1,0,0,,,833.51582364
4385999061,2,2023_5_33_1_0,2023,5,33,30,1,1,0,0,,,234.11056465
4385999067,2,2023_5_33_1_0,2023,5,33,61,1,1,0,0,,,234.11056465
4385999072,2,2023_5_33_1_0,2023,5,33,66,2,1,0,0,,,290.81608292
4385999073,2,2023_5_33_1_0,2023,5,33,66,1,1,0,0,,,120.97862353
4385999075,2,2023_5_33_1_0,2023,5,33,-3,-3,-3,0,0,1,1,290.81608292
4385999076,2,2023_5_33_1_0,2023,5,33,42,1,1,0,0,,,387.19528035
4385999077,2,2023_5_33_1_0,2023,5,33,45,1,1,0,0,,,387.19528035
4385999082,2,2023_5_33_1_0,2023,5,33,62,2,1,0,0,,,281.7822446
4385999087,2,2023_5_33_1_0,2023,5,33,-3,-3,-3,0,0,,,481.22832901
4385999094,2,2023_5_33_1_0,2023,5,33,88,2,1,0,0,,,290.81608292
4385999099,2,2023_5_33_1_0,2023,5,33,87,2,1,0,0,,,143.36540717
4385999102,2,2023_5_33_1_0,2023,5,33,20,2,1,0,0,,,503.97014122
4385999103,2,2023_5_33_1_0,2023,5,33,72,2,1,0,0,,,290.81608292
4385999104,2,2023_5_33_1_0,2023,5,33,84,2,1,0,0,,,176.70151268
4385999107,2,2023_5_33_1_0,2023,5,33,25,2,1,0,0,,,545.28807214
4385999115,2,2023_5_33_1_0,2023,5,33,59,2,1,0,0,,,234.11056465
4385999121,2,2023_5_33_1_0,2023,5,33,58,2,1,0,0,,,226.83821242
4385999122,2,2023_5_33_1_0,2023,5,33,82,2,1,0,0,,,290.81608292
4385999126,2,2023_5_33_1_0,2023,5,33,40,2,1,0,0,,,387.19528035
4385999132,2,2023_5_33_1_0,2023,5,33,-3,-3,-3,0,0,,,120.97862353
4385999136,2,2023_5_33_1_0,2023,5,33,74,1,1,0,0,,,626.04019001
4385999141,2,2023_5_33_1_0,2023,5,33,63,1,1,0,0,,,234.11056465
4385999149,2,2023_5_33_1_0,2023,5,33,9,2,1,0,0,,,237.11193514
4385999151,2,2023_5_33_1_0,2023,5,33,79,1,1,0,0,,,290.81608292
4385999156,2,2023_5_33_1_0,2023,5,33,54,2,1,0,0,,,488.31493836
4385999168,2,2023_5_33_1_0,2023,5,33,70,2,1,0,0,,,120.97862353
4385999171,2,2023_5_33_1_0,2023,5,33,68,1,1,4.000466919,2.9996498108,,,290.81608292
4385999174,2,2023_5_33_1_0,2023,5,33,36,2,1,0,0,,,387.19528035
4385999175,2,2023_5_33_1_0,2023,5,33,28,1,1,0,0,,,545.28807214
4385999177,2,2023_5_33_1_0,2023,5,33,60,1,1,0,0,,,234.11056465
4385999179,2,2023_5_33_1_0,2023,5,33,74,2,1,0,0,,,176.70151268
4385999180,2,2023_5_33_1_0,2023,5,33,33,2,1,0,0,,,387.19528035
4385999184,2,2023_5_33_1_0,2023,5,33,50,2,1,0,0,,,117.22057372
4385999185,2,2023_5_33_1_0,2023,5,33,61,2,1,0,0,,,562.76981335
4385999186,2,2023_5_33_1_0,2023,5,33,59,1,1,0,0,,,562.76981335
4385999193,2,2023_5_33_1_0,2023,5,33,24,2,1,0,0.9998832703,,,562.76981335
4385999203,2,2023_5_33_1_0,2023,5,33,58,2,1,0,0,,,562.76981335
4385999210,2,2023_5_33_1_0,2023,5,33,68,2,1,0,0,,,290.81608292
4385999211,2,2023_5_33_1_0,2023,5,33,70,1,1,0,0,,,290.81608292
4385999213,2,2023_5_33_1_0,2023,5,33,58,1,1,0,0,,,562.76981335
4385999216,2,2023_5_33_1_0,2023,5,33,46,1,1,0,0,,,234.11056465
4385999217,2,2023_5_33_1_0,2023,5,33,17,1,1,0,0,,,399.60862302
4385999218,2,2023_5_33_1_0,2023,5,33,57,2,1,0,0,,,562.76981335
4385999221,2,2023_5_33_1_0,2023,5,33,49,2,1,0,0,,,387.19528035
4385999230,2,2023_5_33_1_0,2023,5,33,66,1,1,0,0,,,120.97862353
4385999232,2,2023_5_33_1_0,2023,5,33,-3,2,1,0,0,,,206.60755587
4385999241,2,2023_5_33_1_0,2023,5,33,31,1,1,0,0,,,234.11056465
4385999243,2,2023_5_33_1_0,2023,5,33,31,1,5,0,0,,,387.19528035
4385999248,2,2023_5_33_1_0,2023,5,33,35,1,1,0,0,,,387.19528035
4385999249,2,2023_5_33_1_0,2023,5,33,34,1,1,0,0,,,503.97014122
4385999251,2,2023_5_33_1_0,2023,5,33,73,1,1,0,0,,,290.81608292
4385999253,2,2023_5_33_1_0,2023,5,33,60,1,1,0,0,,,281.7822446
4385999256,2,2023_5_33_1_0,2023,5,33,34,2,1,0,0,,,234.11056465
4385999258,2,2023_5_33_1_0,2023,5,33,43,1,5,0,0,,,387.19528035
4385999261,2,2023_5_33_1_0,2023,5,33,33,1,1,0,0,,,503.97014122
4385999265,2,2023_5_33_1_0,2023,5,33,61,1,1,0,0,,,562.76981335
4385999271,2,2023_5_33_1_0,2023,5,33,54,2,1,0,0,,,226.83821242
4385999281,2,2023_5_33_1_0,2023,5,33,82,2,1,0,0,,,290.81608292
4385999287,2,2023_5_33_1_0,2023,5,33,53,2,1,0,0,,,387.19528035
4385999290,2,2023_5_33_1_0,2023,5,33,-3,1,1,0,0,,,206.60755587
4385999292,2,2023_5_33_1_0,2023,5,33,52,1,1,0,1.9997665405,,,387.19528035
4385999293,2,2023_5_33_1_0,2023,5,33,69,2,1,0,0,,,290.81608292
4385999294,2,2023_5_33_1_0,2023,5,33,54,1,1,0,0,,,387.19528035
4385999295,2,2023_5_33_1_0,2023,5,33,42,2,1,0,0,,,387.19528035
4385999302,2,2023_5_33_1_0,2023,5,33,66,2,1,0,0,,,290.81608292
4385999307,2,2023_5_33_1_0,2023,5,33,44,1,1,0,0,,,200.08645113
4385999309,2,2023_5_33_1_0,2023,5,33,78,1,5,0,0,,,290.81608292
4385999310,2,2023_5_33_1_0,2023,5,33,46,1,1,0,0,,,387.19528035
4385999311,2,2023_5_33_1_0,2023,5,33,58,1,1,0,0,,,387.19528035
4385999313,2,2023_5_33_1_0,2023,5,33,16,2,1,0,0,,,399.60862302
4385999316,2,2023_5_33_1_0,2023,5,33,59,1,1,0,0,,,545.28807214
4385999318,2,2023_5_33_1_0,2023,5,33,71,2,1,0,0,,,290.81608292
4385999320,2,2023_5_33_1_0,2023,5,33,76,1,1,0,0,,,290.81608292
4385999324,2,2023_5_33_1_0,2023,5,33,69,2,1,0,0,,,290.81608292
4385999331,2,2023_5_33_1_0,2023,5,33,66,2,1,0,0,,,290.81608292
4385999333,2,2023_5_33_1_0,2023,5,33,3,1,1,0,0,,,387.19528035
4385999336,2,2023_5_33_1_0,2023,5,33,68,2,1,0,0,,,480.98049281
4385999356,2,2023_5_33_1_0,2023,5,33,73,2,1,0,0,,,290.81608292
4385999362,2,2023_5_33_1_0,2023,5,33,65,2,1,0,0,,,281.7822446
4385999372,2,2023_5_33_1_0,2023,5,33,83,2,1,0,0,,,290.81608292
4385999376,2,2023_5_33_1_0,2023,5,33,45,1,1,0,0,,,387.19528035
4385999393,2,2023_5_33_1_0,2023,5,33,56,1,1,0,0,,,387.19528035
4385999400,2,2023_5_33_1_0,2023,5,33,63,2,1,0,0,,,387.19528035
4385999406,2,2023_5_33_1_0,2023,5,33,33,1,1,0,0,,,562.76981335
4385999407,2,2023_5_33_1_0,2023,5,33,73,2,1,0,0,,,290.81608292
4385999408,2,2023_5_33_1_0,2023,5,33,77,1,1,0,0,,,120.97862353
4385999415,2,2023_5_33_1_0,2023,5,33,14,2,1,0,0,,,860.23804383
4385999417,2,2023_5_33_1_0,2023,5,33,59,2,1,0,0,,,234.11056465
4385999420,2,2023_5_33_1_0,2023,5,33,56,1,1,0,0,,,277.43212351
4385999423,2,2023_5_33_1_0,2023,5,33,79,2,1,0,0,,,290.81608292
4385999424,2,2023_5_33_1_0,2023,5,33,36,2,1,0,0,,,387.19528035
4385999426,2,2023_5_33_1_0,2023,5,33,31,2,1,0,0,,,387.19528035
4385999430,2,2023_5_33_1_0,2023,5,33,64,1,1,0,0,,,562.76981335
4385999437,2,2023_5_33_1_0,2023,5,33,76,1,5,0,0,,,120.97862353
4385999439,2,2023_5_33_1_0,2023,5,33,80,1,1,0,0,,,290.81608292
4385999453,2,2023_5_33_1_0,2023,5,33,64,1,1,0,0,,,234.11056465
4385999455,2,2023_5_33_1_0,2023,5,33,74,2,1,0,0,,,290.81608292
4385999456,2,2023_5_33_1_0,2023,5,33,57,2,1,0,0,,,234.11056465
4385999457,2,2023_5_33_1_0,2023,5,33,39,1,3,0,0,,,344.63085233
4385999467,2,2023_5_33_1_0,2023,5,33,50,2,1,0,0,,,930.76455554
4385999468,2,2023_5_33_1_0,2023,5,33,45,2,1,0,0,,,387.19528035
4385999472,2,2023_5_33_1_0,2023,5,33,53,2,1,0,0,,,234.11056465
4385999477,2,2023_5_33_1_0,2023,5,33,64,1,1,0,0,,,234.11056465
4385999480,2,2023_5_33_1_0,2023,5,33,49,2,3,0,0,,,234.11056465
4385999494,2,2023_5_33_1_0,2023,5,33,28,1,1,0,0,,,281.7822446
4385999499,2,2023_5_33_1_0,2023,5,33,73,1,1,0,0,,,290.81608292
4385999506,2,2023_5_33_1_0,2023,5,33,18,2,1,0,0,,,387.19528035
4385999509,2,2023_5_33_1_0,2023,5,33,72,2,2,0,0,,,281.7822446
4385999510,2,2023_5_33_1_0,2023,5,33,65,2,1,0,0,,,120.97862353
4385999515,2,2023_5_33_1_0,2023,5,33,77,1,1,0,0,,,120.97862353
4385999524,2,2023_5_33_1_0,2023,5,33,66,1,1,0,0,,,290.81608292
4385999525,2,2023_5_33_1_0,2023,5,33,79,1,1,0,0,,,260.43085272
4385999527,2,2023_5_33_1_0,2023,5,33,59,1,1,0,0,,,226.83821242
4385999529,2,2023_5_33_1_0,2023,5,33,6,1,3,0,0,,,387.19528035
4385999535,2,2023_5_33_1_0,2023,5,33,57,1,1,0,0,,,234.11056465
4385999543,2,2023_5_33_1_0,2023,5,33,61,2,1,0,0,,,503.97014122
4385999549,2,2023_5_33_1_0,2023,5,33,59,2,1,0,0,,,562.76981335
4385999552,2,2023_5_33_1_0,2023,5,33,22,1,1,0,0,,,503.97014122
4385999557,2,2023_5_33_1_0,2023,5,33,79,1,1,0,0,,,290.81608292
4385999562,2,2023_5_33_1_0,2023,5,33,35,2,1,0,0,,,387.19528035
4385999576,2,2023_5_33_1_0,2023,5,33,63,1,1,0,0,,,562.76981335
4385999581,2,2023_5_33_1_0,2023,5,33,71,2,1,0,0,,,290.81608292
4385999584,2,2023_5_33_1_0,2023,5,33,64,2,1,0,0,,,120.97862353
4385999586,2,2023_5_33_1_0,2023,5,33,40,2,1,0,0,,,226.83821242
4385999588,2,2023_5_33_1_0,2023,5,33,40,1,1,0,0,,,387.19528035
4385999590,2,2023_5_33_1_0,2023,5,33,36,1,1,0,0,,,387.19528035
4385999593,2,2023_5_33_1_0,2023,5,33,51,2,1,0,0,,,545.28807214
4385999595,2,2023_5_33_1_0,2023,5,33,69,1,3,0,0,,,120.97862353
4385999596,2,2023_5_33_1_0,2023,5,33,30,2,1,0,0,,,503.97014122
4385999598,2,2023_5_33_1_0,2023,5,33,49,1,4,0,0,,,226.83821242
4385999599,2,2023_5_33_1_0,2023,5,33,63,2,1,0,0,,,290.81608292
4385999605,2,2023_5_33_1_0,2023,5,33,60,2,1,0,0,,,562.76981335
4385999609,2,2023_5_33_1_0,2023,5,33,39,1,1,0,0,,,387.19528035
4385999610,2,2023_5_33_1_0,2023,5,33,69,1,1,0,0,,,120.97862353
4385999613,2,2023_5_33_1_0,2023,5,33,45,1,1,0,0,,,234.11056465
4385999618,2,2023_5_33_1_0,2023,5,33,77,2,1,0,0,,,117.22057372
4385999619,2,2023_5_33_2_1,2023,5,33,27,2,1,0,0,,,196.88642403
4385999622,2,2023_5_33_2_1,2023,5,33,36,1,1,0,0,,,151.26589438
4385999630,2,2023_5_33_2_1,2023,5,33,72,2,1,0,0,,,113.61335511
4385999639,2,2023_5_33_2_1,2023,5,33,59,2,1,0,0,,,219.85773966
4385999640,2,2023_5_33_2_1,2023,5,33,48,2,1,0,0,,,151.26589438
4385999643,2,2023_5_33_2_1,2023,5,33,65,2,1,0,0,,,47.262817026
4385999647,2,2023_5_33_2_1,2023,5,33,68,2,1,0,0,,,47.262817026
4385999654,2,2023_5_33_2_1,2023,5,33,60,2,1,0,0,,,47.262817026
4385999656,2,2023_5_33_2_1,2023,5,33,64,2,-3,0,0,,,260.54184985
4385999668,2,2023_5_33_2_1,2023,5,33,37,1,1,0,0,,,151.26589438
4385999672,2,2023_5_33_2_1,2023,5,33,68,2,1,0,0,,,113.61335511
4385999673,2,2023_5_33_2_1,2023,5,33,21,1,1,0,0,,,151.26589438
4385999674,2,2023_5_33_2_1,2023,5,33,66,2,1,0,0,,,47.262817026
4385999677,2,2023_5_33_2_1,2023,5,33,65,2,1,0,0,,,14.023033623
4385999682,2,2023_5_33_2_1,2023,5,33,69,2,1,0,0,,,47.262817026
4385999685,2,2023_5_33_2_1,2023,5,33,57,1,1,0,0,,,213.02813364
4385999687,2,2023_5_33_2_1,2023,5,33,67,1,1,12.001400757,1.9997665405,,,47.262817026
4385999689,2,2023_5_33_2_1,2023,5,33,48,1,1,0,0,,,363.62254422
4385999690,2,2023_5_33_2_1,2023,5,33,69,1,1,1.0001167297,0,,,113.61335511
4385999691,2,2023_5_33_2_1,2023,5,33,73,2,1,0,0,,,244.57562905
4385999692,2,2023_5_33_2_1,2023,5,33,63,2,1,0,0,,,91.46016427
4385999695,2,2023_5_33_2_1,2023,5,33,68,1,1,0,0,,,69.032123349
4385999697,2,2023_5_33_2_1,2023,5,33,65,2,1,0,0,,,113.61335511
4385999702,2,2023_5_33_2_1,2023,5,33,60,2,1,0,0,,,151.26589438
4385999703,2,2023_5_33_2_1,2023,5,33,57,2,1,0,0,,,91.46016427
4385999704,2,2023_5_33_2_1,2023,5,33,50,1,1,0,0,,,110.08409816
4385999707,2,2023_5_33_2_1,2023,5,33,63,2,1,0,0,,,45.794656658
4385999712,2,2023_5_33_2_1,2023,5,33,32,1,1,0,0,,,91.46016427
4385999714,2,2023_5_33_2_0,2023,5,33,35,1,1,0,0,,,520.64003201
4385999721,2,2023_5_33_2_0,2023,5,33,66,2,1,0,0,,,646.74780887
4385999726,2,2023_5_33_2_0,2023,5,33,68,1,1,6.7509849359,0,,,501.31128699
4385999728,2,2023_5_33_2_0,2023,5,33,32,2,1,0,0,,,1853.6613491
4385999739,2,2023_5_33_2_0,2023,5,33,33,1,1,0,0,,,520.64003201
4385999747,2,2023_5_33_2_0,2023,5,33,71,2,1,0,0,,,1069.6556968
4385999751,2,2023_5_33_2_0,2023,5,33,52,1,1,0,0,,,504.46699982
4385999752,2,2023_5_33_2_0,2023,5,33,39,1,1,0,0,,,861.08614303
4385999761,2,2023_5_33_2_0,2023,5,33,41,2,1,0,0,,,861.08614303
4385999764,2,2023_5_33_2_0,2023,5,33,75,2,1,0,0,,,269.04516043
4385999776,2,2023_5_33_2_0,2023,5,33,29,2,4,0,0,,,861.08614303
4385999781,2,2023_5_33_2_0,2023,5,33,59,1,1,0,0,,,520.64003201
4385999793,2,2023_5_33_2_0,2023,5,33,55,2,1,0,1.9997665405,,,1120.7825279
4385999794,2,2023_5_33_2_0,2023,5,33,66,1,1,0,0,,,626.65739613
4385999795,2,2023_5_33_2_0,2023,5,33,73,2,1,0,0,,,269.04516043
4385999800,2,2023_5_33_2_0,2023,5,33,44,2,1,0,0,,,504.46699982
4385999802,2,2023_5_33_2_0,2023,5,33,33,2,1,0,0,,,861.08614303
4385999805,2,2023_5_33_2_0,2023,5,33,71,1,1,0,0,,,646.74780887
4385999811,2,2023_5_33_2_0,2023,5,33,64,1,1,0,0,,,520.64003201
4385999814,2,2023_5_33_2_0,2023,5,33,51,1,1,0,0,,,520.64003201
4385999818,2,2023_5_33_2_0,2023,5,33,62,2,1,0,0,,,520.64003201
4385999827,2,2023_5_33_2_0,2023,5,33,82,2,1,0,0,,,646.74780887
4385999829,2,2023_5_33_2_0,2023,5,33,51,2,1,0,0,,,646.74780887
4385999830,2,2023_5_33_2_0,2023,5,33,-3,1,1,0,0,,,459.47590902
4385999835,2,2023_5_33_2_0,2023,5,33,86,1,1,0,0,,,465.6853187
4385999848,2,2023_5_33_2_0,2023,5,33,52,2,1,0,0,,,504.46699982
4385999850,2,2023_5_33_2_0,2023,5,33,11,1,2,0,0,,,1853.6613491
4385999858,2,2023_5_33_2_0,2023,5,33,78,2,1,0,0,,,260.68760863
4385999859,2,2023_5_33_2_0,2023,5,33,65,2,1,0,0,,,646.74780887
4385999860,2,2023_5_33_2_0,2023,5,33,41,2,1,0,0,,,2069.9334467
4385999863,2,2023_5_33_2_0,2023,5,33,75,2,1,0,0,,,646.74780887
4385999864,2,2023_5_33_2_0,2023,5,33,28,2,1,0,0,,,1120.7825279
4385999871,2,2023_5_33_2_0,2023,5,33,75,2,1,0,0,,,269.04516043
4385999874,2,2023_5_33_2_0,2023,5,33,62,2,-3,0,0,,,1212.6697475
4385999875,2,2023_5_33_2_0,2023,5,33,55,-3,-3,0,0,,,520.64003201
4385999881,2,2023_5_33_2_0,2023,5,33,59,1,1,0,0,,,520.64003201
4385999885,2,2023_5_33_2_0,2023,5,33,49,1,1,0,0,,,861.08614303
4385999902,2,2023_5_33_2_0,2023,5,33,66,2,1,0,0,,,646.74780887
4385999903,2,2023_5_33_2_0,2023,5,33,55,1,1,0,0,,,520.64003201
4385999909,2,2023_5_33_2_0,2023,5,33,19,1,1,0,0,,,1251.5475074
4385999910,2,2023_5_33_2_0,2023,5,33,27,1,1,0,0,,,1120.7825279
4385999916,2,2023_5_33_2_0,2023,5,33,68,1,1,0,0,,,626.65739613
4385999921,2,2023_5_33_2_0,2023,5,33,41,2,1,0,0,,,861.08614303
4385999922,2,2023_5_33_2_0,2023,5,33,43,1,1,0,0,,,2069.9334467
4385999925,2,2023_5_33_2_0,2023,5,33,49,1,1,0,0,,,4455.9486368
4385999937,2,2023_5_33_2_0,2023,5,33,46,2,1,0,0,,,260.68760863
4385999949,2,2023_5_33_2_0,2023,5,33,63,2,1,0,0,,,1251.5475074
4385999953,2,2023_5_33_2_0,2023,5,33,57,1,1,0,0,,,1251.5475074
4385999958,2,2023_5_33_2_0,2023,5,33,60,2,1,0,0,,,520.64003201
4385999959,2,2023_5_33_2_0,2023,5,33,63,2,1,0,0,,,520.64003201
4385999961,2,2023_5_33_2_0,2023,5,33,62,2,1,0,0,1,1,269.04516043
4385999963,2,2023_5_33_2_0,2023,5,33,15,1,1,0,0,,,2531.6106378
4385999964,2,2023_5_33_2_0,2023,5,33,-3,-3,-3,0,0,1,1,1120.7825279
4385999966,2,2023_5_33_2_0,2023,5,33,43,2,1,0,0,,,520.64003201
4385999970,2,2023_5_33_2_0,2023,5,33,57,2,1,0,0,,,646.74780887
4385999975,2,2023_5_33_2_0,2023,5,33,34,1,1,0,0,,,861.08614303
4385999980,2,2023_5_33_2_0,2023,5,33,67,2,5,0,0,,,269.04516043
4385999981,2,2023_5_33_2_0,2023,5,33,55,1,2,0,0,,,1120.7825279
4385999995,2,2023_5_33_2_0,2023,5,33,59,1,1,0,0,,,520.64003201
4386000000,2,2023_5_33_2_0,2023,5,33,55,2,1,0,0,,,520.64003201
4386000018,2,2023_5_33_2_0,2023,5,33,62,1,1,0,0,,,520.64003201
4386000021,2,2023_5_33_2_0,2023,5,33,68,2,1,0,0,,,646.74780887
4386000023,2,2023_5_33_2_0,2023,5,33,47,2,1,0,0,,,2069.9334467
4386000025,2,2023_5_33_2_0,2023,5,33,61,1,1,0,0,,,626.65739613
4386000028,2,2023_5_33_2_0,2023,5,33,51,2,1,0,0,,,520.64003201
4386000030,2,2023_5_33_2_0,2023,5,33,-3,-3,-3,0,0,1,1,269.04516043
4386000043,2,2023_5_33_2_0,2023,5,33,50,1,1,0,0,,,520.64003201
4386000052,2,2023_5_33_2_0,2023,5,33,68,1,1,0,0,,,646.74780887
4386000053,2,2023_5_33_2_0,2023,5,33,35,2,1,0,0,,,504.46699982
4386000055,2,2023_5_33_2_0,2023,5,33,45,2,1,0,0,,,504.46699982
4386000057,2,2023_5_33_2_0,2023,5,33,25,1,1,0,0,,,504.46699982
4386000058,2,2023_5_33_2_0,2023,5,33,58,2,1,0,0,,,520.64003201
4386000061,2,2023_5_33_2_0,2023,5,33,28,2,1,0,0,,,1212.6697475
4386000067,2,2023_5_33_2_0,2023,5,33,-3,-3,1,0,0,,,2303.8358131
4386000086,2,2023_5_33_2_0,2023,5,33,60,2,1,0,0,,,626.65739613
4386000095,2,2023_5_33_2_0,2023,5,33,54,1,1,0,0,,,520.64003201
4386000099,2,2023_5_33_2_0,2023,5,33,71,1,1,0,0,,,742.61873819
4386000102,2,2023_5_33_2_0,2023,5,33,68,1,1,0,0,,,646.74780887
4386000104,2,2023_5_33_2_0,2023,5,33,66,2,1,0,0,,,646.74780887
4386000114,2,2023_5_33_2_0,2023,5,33,33,2,1,0,0,,,861.08614303
4386000120,2,2023_5_33_2_0,2023,5,33,68,2,1,0,0,,,444.97358108
4386000131,2,2023_5_33_2_0,2023,5,33,26,1,1,0,0,,,1120.7825279
4386000134,2,2023_5_33_2_0,2023,5,33,61,1,1,0,0,,,1251.5475074
4386000138,2,2023_5_33_2_0,2023,5,33,40,2,1,3.1631356032,4.728107328,,,594.40753508
4386000143,2,2023_5_33_2_0,2023,5,33,66,1,1,0,0,,,444.97358108
4386000147,2,2023_5_33_2_0,2023,5,33,77,2,1,0,0,,,646.74780887
4386000153,2,2023_5_33_2_0,2023,5,33,40,1,1,0,0,,,2069.9334467
4386000156,2,2023_5_33_2_0,2023,5,33,50,2,4,0,0,,,520.64003201
4386000158,2,2023_5_33_2_0,2023,5,33,-3,-3,-3,0,0,,,1162.837923
4386000161,2,2023_5_33_2_0,2023,5,33,39,2,5,0,0,,,1853.6613491
4386000162,2,2023_5_33_2_0,2023,5,33,53,1,1,0,0,,,392.9676619
4386000164,2,2023_5_33_2_0,2023,5,33,55,1,1,0,0,,,504.46699982
4386000169,2,2023_5_33_2_0,2023,5,33,54,2,1,0,0,,,520.64003201
4386000177,2,2023_5_33_2_0,2023,5,33,83,2,1,0,0,,,646.74780887
4386000178,2,2023_5_33_2_0,2023,5,33,-3,2,1,0,0,,,459.47590902
4386000187,2,2023_5_33_2_0,2023,5,33,52,1,1,0,0,,,2069.9334467
4386000188,2,2023_5_33_2_0,2023,5,33,70,2,1,0,0,,,269.04516043
4386000189,2,2023_5_33_2_0,2023,5,33,72,1,1,0,0,,,646.74780887
4386000192,2,2023_5_33_2_0,2023,5,33,28,1,5,0,0,,,649.92890964
4386000194,2,2023_5_33_2_0,2023,5,33,43,2,1,0,0,,,269.04516043
4386000195,2,2023_5_33_2_0,2023,5,33,61,2,1,0,0,,,1251.5475074
4386000196,2,2023_5_33_2_0,2023,5,33,55,2,1,0,0,,,520.64003201
4386000201,2,2023_5_33_2_0,2023,5,33,71,2,1,0,0,,,269.04516043
4386000202,2,2023_5_33_2_0,2023,5,33,81,2,1,0,0,,,269.04516043
4386000205,2,2023_5_33_2_0,2023,5,33,65,1,1,0,0,,,269.04516043
4386000206,2,2023_5_33_2_0,2023,5,33,25,2,5,0,0,,,1120.7825279
4386000208,2,2023_5_33_2_0,2023,5,33,61,1,1,0,0,,,520.64003201
4386000209,2,2023_5_33_2_0,2023,5,33,53,2,1,0,0,,,1251.5475074
4386000210,2,2023_5_33_2_0,2023,5,33,56,1,1,0,0,,,520.64003201
4386000212,2,2023_5_33_2_0,2023,5,33,-3,2,1,0,0,,,504.46699982
4386000213,2,2023_5_33_2_0,2023,5,33,55,1,1,0,0,,,520.64003201
4386000217,2,2023_5_33_2_0,2023,5,33,68,2,1,0,0,,,269.04516043
4386000220,2,2023_5_33_2_0,2023,5,33,-3,-3,-3,0,0,1,1,504.46699982
4386000224,2,2023_5_33_2_0,2023,5,33,-3,2,-3,0,0,,,1308.9054044
4386000227,2,2023_5_33_2_0,2023,5,33,74,2,1,0,0,,,646.74780887
4386000240,2,2023_5_34_1_1,2023,5,34,66,2,1,0,0,,,460.58661116
4386000241,2,2023_5_34_1_1,2023,5,34,64,2,1,0,0,,,239.53753069
4386000244,2,2023_5_34_1_1,2023,5,34,68,2,1,0,0,,,460.58661116
4386000245,2,2023_5_34_1_1,2023,5,34,63,2,1,0,0,,,460.58661116
4386000250,2,2023_5_34_1_1,2023,5,34,-3,-3,-3,0,0,1,1,150.26845659
4386000252,2,2023_5_34_1_1,2023,5,34,80,2,1,0,0,,,239.53753069
4386000255,2,2023_5_34_1_1,2023,5,34,68,2,1,0,0,,,331.62214092
4386000256,2,2023_5_34_1_1,2023,5,34,62,2,1,0,0,,,288.93860175
4386000257,2,2023_5_34_1_1,2023,5,34,63,2,1,10.000294235,0,,,483.31539162
4386000262,2,2023_5_34_1_1,2023,5,34,28,1,2,0,0,,1,331.62214092
4386000267,2,2023_5_34_1_1,2023,5,34,63,2,1,0,0,,,143.20181063
4386000271,2,2023_5_34_1_1,2023,5,34,60,1,1,0,0,,,208.0356558
4386000272,2,2023_5_34_1_1,2023,5,34,68,1,1,0,0,,,460.58661116
4386000274,2,2023_5_34_1_1,2023,5,34,45,1,3,0,2.9999117296,,,576.65062878
4386000280,2,2023_5_34_1_1,2023,5,34,62,2,1,0,0,,,108.19321725
4386000281,2,2023_5_34_1_1,2023,5,34,37,2,1,8.0002353878,0,,,596.55193696
4386000282,2,2023_5_34_1_1,2023,5,34,78,2,1,0,0,,,460.58661116
4386000284,2,2023_5_34_1_1,2023,5,34,-3,2,1,0,0,,,239.53753069
4386000287,2,2023_5_34_1_1,2023,5,34,60,2,1,0,0,,,929.32659742
4386000289,2,2023_5_34_1_1,2023,5,34,57,2,1,2.000058847,0,,,288.93860175
4386000291,2,2023_5_34_1_1,2023,5,34,59,1,1,4.0001176939,0,,,483.31539162
4386000292,2,2023_5_34_1_1,2023,5,34,32,2,1,0,0,,,288.93860175
4386000293,2,2023_5_34_1_1,2023,5,34,36,2,3,0,0,,,576.65062878
4386000297,2,2023_5_34_1_1,2023,5,34,35,1,1,0,0,,,288.93860175
4386000299,2,2023_5_34_1_1,2023,5,34,56,2,1,0,2.9999117296,,,576.65062878
4386000302,2,2023_5_34_1_1,2023,5,34,58,1,1,0,0,,,669.11470803
4386000303,2,2023_5_34_1_1,2023,5,34,66,2,1,0,0,,,331.62214092
4386000306,2,2023_5_34_1_1,2023,5,34,68,2,1,0,0,,,143.20181063
4386000311,2,2023_5_34_1_1,2023,5,34,42,2,1,7.0002059643,9.9997057652,,,103.10523553
4386000312,2,2023_5_34_1_1,2023,5,34,71,1,1,0,0,,,460.58661116
4386000315,2,2023_5_34_1_1,2023,5,34,41,2,1,0,0,,,964.57905863
4386000320,2,2023_5_34_1_1,2023,5,34,-3,-3,-3,0,0,1,1,143.20181063
4386000322,2,2023_5_34_1_1,2023,5,34,58,2,1,0,0,,,288.93860175
4386000327,2,2023_5_34_1_1,2023,5,34,62,2,4,2.000058847,0,,,460.58661116
4386000334,2,2023_5_34_1_1,2023,5,34,28,1,5,1.0000294235,6.9997940357,,,1147.0596455
4386000338,2,2023_5_34_1_1,2023,5,34,65,2,1,0,0,,,239.53753069
4386000339,2,2023_5_34_1_1,2023,5,34,67,2,1,0,0,,,950.94194186
4386000343,2,2023_5_34_1_1,2023,5,34,65,2,1,0,0,,,74.475043946
4386000344,2,2023_5_34_1_1,2023,5,34,51,2,1,0,0,,,1854.7081058
4386000348,2,2023_5_34_1_1,2023,5,34,33,2,1,0,0,,,576.65062878
4386000355,2,2023_5_34_1_1,2023,5,34,70,2,1,0,0,,,175.0550318
4386000365,2,2023_5_34_1_1,2023,5,34,59,2,1,0,0,,,331.62214092
4386000369,2,2023_5_34_1_1,2023,5,34,57,2,1,0,0,1,1,208.0356558
4386000375,2,2023_5_34_1_1,2023,5,34,75,1,1,0,0,,,143.20181063
4386000376,2,2023_5_34_1_1,2023,5,34,70,2,1,1.0000294235,0,,,239.53753069
4386000382,2,2023_5_34_1_1,2023,5,34,68,1,2,0,0,,,568.49800315
4386000384,2,2023_5_34_1_1,2023,5,34,-3,-3,-3,0,0,1,1,208.0356558
4386000392,2,2023_5_34_1_1,2023,5,34,40,2,1,0,0,,,288.93860175
4386000393,2,2023_5_34_1_1,2023,5,34,56,1,2,0,0,,,353.20891473
4386000399,2,2023_5_34_1_1,2023,5,34,62,1,1,8.0002353878,0,,,208.0356558
4386000400,2,2023_5_34_1_1,2023,5,34,-3,-3,-3,0,0,1,1,108.37983807
4386000401,2,2023_5_34_1_1,2023,5,34,58,2,2,0,0,,,208.0356558
4386000404,2,2023_5_34_1_1,2023,5,34,44,2,1,0,0,,,576.65062878
4386000410,2,2023_5_34_1_1,2023,5,34,-3,-3,-3,0,0,1,1,239.53753069
4386000412,2,2023_5_34_1_1,2023,5,34,59,2,1,0,0,,,669.11470803
4386000414,2,2023_5_34_1_1,2023,5,34,68,2,1,0,0,,,331.62214092
4386000416,2,2023_5_34_1_1,2023,5,34,70,2,1,0,0,,,460.58661116
4386000418,2,2023_5_34_1_1,2023,5,34,71,2,1,0,0,,,143.20181063
4386000420,2,2023_5_34_1_1,2023,5,34,43,2,1,10.000294235,0,,,108.19321725
4386000422,2,2023_5_34_1_1,2023,5,34,68,2,1,0,0,,,143.20181063
4386000433,2,2023_5_34_1_1,2023,5,34,64,1,1,0,0,,,929.32659742
4386000441,2,2023_5_34_1_1,2023,5,34,42,1,1,0,0,,,2289.2499023
4386000444,2,2023_5_34_1_1,2023,5,34,25,1,3,0,0,,,1147.0596455
4386000446,2,2023_5_34_1_1,2023,5,34,65,2,1,0,0,,,74.475043946
4386000448,2,2023_5_34_1_1,2023,5,34,15,2,1,6.0001765409,1.999941153,,,964.57905863
4386000450,2,2023_5_34_1_1,2023,5,34,57,2,1,0,0,,,347.98685204
4386000455,2,2023_5_34_1_1,2023,5,34,-3,2,1,0,0,,,568.49800315
4386000458,2,2023_5_34_1_1,2023,5,34,9,1,1,0,0,,,576.65062878
4386000463,2,2023_5_34_1_1,2023,5,34,64,2,1,0,0,,,74.475043946
4386000466,2,2023_5_34_1_1,2023,5,34,80,1,1,0,0,,,184.01040357
4386000468,2,2023_5_34_1_1,2023,5,34,65,2,1,0,0,,,74.475043946
4386000469,2,2023_5_34_1_1,2023,5,34,63,2,1,0,0,,,208.0356558
4386000470,2,2023_5_34_1_1,2023,5,34,31,1,1,0,0,,,288.93860175
4386000471,2,2023_5_34_1_1,2023,5,34,18,2,1,0,0,,,288.93860175
4386000475,2,2023_5_34_1_1,2023,5,34,49,2,1,0,0,,,299.89900779
4386000477,2,2023_5_34_1_1,2023,5,34,91,1,1,1.0000294235,0,,,919.21798377
4386000484,2,2023_5_34_1_1,2023,5,34,61,2,1,0,0,,,239.53753069
4386000485,2,2023_5_34_1_1,2023,5,34,58,1,1,0,0,,,288.93860175
4386000489,2,2023_5_34_1_1,2023,5,34,55,2,1,0,0,,,669.11470803
4386000492,2,2023_5_34_1_1,2023,5,34,42,2,1,1.0000294235,0.9999705765,,,299.89900779
4386000497,2,2023_5_34_1_1,2023,5,34,55,2,1,0,0,,,150.26845659
4386000499,2,2023_5_34_1_1,2023,5,34,68,2,1,0,0,,,74.475043946
4386000503,2,2023_5_34_1_1,2023,5,34,60,2,1,0,0,,,331.62214092
4386000505,2,2023_5_34_1_1,2023,5,34,53,1,1,0,0,,,208.0356558
4386000511,2,2023_5_34_1_1,2023,5,34,62,2,1,0,0,,,239.53753069
4386000519,2,2023_5_34_1_1,2023,5,34,42,2,1,0,0,,,576.65062878
4386000520,2,2023_5_34_1_1,2023,5,34,67,1,1,0,0.9999705765,,,460.58661116
4386000521,2,2023_5_34_1_1,2023,5,34,65,2,1,0,0,,,331.62214092
4386000524,2,2023_5_34_1_1,2023,5,34,62,1,1,25.000735587,24.999264413,,,150.26845659
4386000529,2,2023_5_34_1_1,2023,5,34,57,2,1,0,0,,,108.19321725
4386000530,2,2023_5_34_1_1,2023,5,34,59,1,1,0,2.9999117296,,,208.0356558
4386000531,2,2023_5_34_1_1,2023,5,34,-3,-3,-3,0,0,1,1,150.26845659
4386000533,2,2023_5_34_1_1,2023,5,34,71,2,1,1.0000294235,0,,,460.58661116
4386000536,2,2023_5_34_1_1,2023,5,34,58,1,2,0,0,,,2289.2499023
4386000546,2,2023_5_34_1_1,2023,5,34,58,1,1,0,7.9997646122,,,929.32659742
4386000550,2,2023_5_34_1_1,2023,5,34,60,1,1,0,0,,,150.26845659
4386000553,2,2023_5_34_1_1,2023,5,34,77,1,1,0,0,,,460.58661116
4386000557,2,2023_5_34_1_1,2023,5,34,36,2,1,0,0,,,299.89900779
4386000558,2,2023_5_34_1_1,2023,5,34,75,1,1,5.0001471174,14.999558648,,,103.10523553
4386000562,2,2023_5_34_1_1,2023,5,34,62,2,1,3.0000882704,0,,,483.31539162
4386000564,2,2023_5_34_1_1,2023,5,34,60,2,1,0,0,,,288.93860175
4386000567,2,2023_5_34_1_1,2023,5,34,64,1,1,0,0,,,288.93860175
4386000569,2,2023_5_34_1_1,2023,5,34,61,1,1,0,19.99941153,,,150.26845659
4386000574,2,2023_5_34_1_1,2023,5,34,35,2,1,0,0,,,576.65062878
4386000578,2,2023_5_34_1_1,2023,5,34,57,1,1,0,0,,,150.26845659
4386000583,2,2023_5_34_1_1,2023,5,34,-3,2,-3,0,0,,,292.82995811
4386000586,2,2023_5_34_1_1,2023,5,34,78,2,1,0,0,,,74.475043946
4386000588,2,2023_5_34_1_1,2023,5,34,62,2,1,3.0000882704,0,,,239.53753069
4386000591,2,2023_5_34_1_1,2023,5,34,27,2,2,0,0,,,208.0356558
4386000592,2,2023_5_34_1_1,2023,5,34,45,1,5,0,1.999941153,,,576.65062878
4386000593,2,2023_5_34_1_1,2023,5,34,85,2,1,0,0,,,74.475043946
4386000595,2,2023_5_34_1_1,2023,5,34,55,1,4,0,0,,,576.65062878
4386000597,2,2023_5_34_1_1,2023,5,34,58,2,4,0,0,,,825.88239905
4386000598,2,2023_5_34_1_1,2023,5,34,38,2,4,0,0,,,299.89900779
4386000603,2,2023_5_34_1_1,2023,5,34,66,2,1,0,0,,,103.10523553
4386000604,2,2023_5_34_1_1,2023,5,34,63,2,1,0,0,,,208.0356558
4386000611,2,2023_5_34_1_1,2023,5,34,69,1,3,0,0,,,568.49800315
4386000616,2,2023_5_34_1_1,2023,5,34,35,1,1,1.0000294235,0,,,1147.0596455
4386000617,2,2023_5_34_1_1,2023,5,34,54,1,1,0,0,,,929.32659742
4386000619,2,2023_5_34_1_1,2023,5,34,78,2,1,0,0,,,172.46690814
4386000623,2,2023_5_34_1_1,2023,5,34,68,1,1,0,0,,,460.58661116
4386000634,2,2023_5_34_1_0,2023,5,34,87,2,3,0,0,,,9645.3461792
4386000635,2,2023_5_34_1_0,2023,5,34,49,2,4,0,0,,,2429.6145797
4386000663,2,2023_5_34_1_0,2023,5,34,-3,2,1,0,0,,,1217.3912667
4386000669,2,2023_5_34_1_0,2023,5,34,50,1,1,0,0,,,5688.2968061
4386000679,2,2023_5_34_1_0,2023,5,34,79,1,1,0,0,,,2819.1954868
4386000685,2,2023_5_34_1_0,2023,5,34,42,2,4,0,0,,,4902.2385707
4386000688,2,2023_5_34_1_0,2023,5,34,31,1,1,0,0,,,876.52113291
4386000693,2,2023_5_34_1_0,2023,5,34,22,2,1,0,0,,,1025.1974357
4386000696,2,2023_5_34_1_0,2023,5,34,67,1,1,0,0,,,1217.3912667
4386000708,2,2023_5_34_1_0,2023,5,34,79,2,3,0,0,,,2066.9218768
4386000715,2,2023_5_34_1_0,2023,5,34,48,2,4,0,0,,,2819.1954868
4386000723,2,2023_5_34_1_0,2023,5,34,75,2,1,0,0,,,3915.5518744
4386000724,2,2023_5_34_1_0,2023,5,34,87,2,1,0,0,,,3915.5518744
4386000732,2,2023_5_34_1_0,2023,5,34,39,1,1,0,0,,,19461.435761
4386000756,2,2023_5_34_1_0,2023,5,34,48,2,3,0,0,,,16556.233925
4386000765,2,2023_5_34_1_0,2023,5,34,59,1,1,0,0,,,5688.2968061
4386000767,2,2023_5_34_1_0,2023,5,34,71,1,1,0,0,,,3915.5518744
4386000778,2,2023_5_34_1_0,2023,5,34,71,2,4,0,0,,1,1217.3912667
4386000784,2,2023_5_34_1_0,2023,5,34,33,2,1,0,0,,,4902.2385707
4386000794,2,2023_5_34_1_0,2023,5,34,-3,-3,-3,0,0,1,1,8006.8183937
4386000795,2,2023_5_34_1_0,2023,5,34,55,1,4,0,0,,,1768.5585779
4386000798,2,2023_5_34_1_0,2023,5,34,69,2,1,0,0,,,4832.93124
4386000825,2,2023_5_34_1_0,2023,5,34,24,2,1,0,0,,,9751.4157729
4386000833,2,2023_5_34_1_0,2023,5,34,29,1,4,0,0,1,1,9751.4157729
4386000841,2,2023_5_34_1_0,2023,5,34,32,2,3,0,0,,,4902.2385707
4386000843,2,2023_5_34_1_0,2023,5,34,68,1,1,0,0,,,2819.1954868
4386000852,2,2023_5_34_1_0,2023,5,34,60,2,1,0,0,,,3479.7081936
4386000865,2,2023_5_34_1_0,2023,5,34,-3,2,1,0,0,,,8006.8183937
4386000870,2,2023_5_34_1_0,2023,5,34,52,2,4,0,0,,,5688.2968061
4386000880,2,2023_5_34_1_0,2023,5,34,47,1,1,0,0,,,876.52113291
4386000882,2,2023_5_34_1_0,2023,5,34,66,2,1,0,0,,,876.52113291
4386000887,2,2023_5_34_1_0,2023,5,34,36,2,1,0,0,,,4902.2385707
4386000892,2,2023_5_34_1_0,2023,5,34,60,1,2,0,0,,,1768.5585779
4386000899,2,2023_5_34_1_0,2023,5,34,92,2,4,0,0,,,876.52113291
4386000900,2,2023_5_34_1_0,2023,5,34,68,1,1,0,0,,,2647.4988525
4386000936,2,2023_5_34_1_0,2023,5,34,67,2,3,0,0,,,3915.5518744
4386000941,2,2023_5_34_1_0,2023,5,34,49,2,2,0,0,,,1768.5585779
4386000949,2,2023_5_34_1_0,2023,5,34,36,2,4,0,0,,,4902.2385707
4386000951,2,2023_5_34_1_0,2023,5,34,31,1,1,0,0,,,2456.3329811
4386000978,2,2023_5_34_1_0,2023,5,34,63,2,1,0,0,,,5688.2968061
4386000980,2,2023_5_34_1_0,2023,5,34,64,2,1,0,0,,,7900.4174508
4386000981,2,2023_5_34_1_0,2023,5,34,49,1,2,0,0,,,7900.4174508
4386000990,2,2023_5_34_1_0,2023,5,34,-3,-3,-3,0,0,1,1,1768.5585779
4386000994,2,2023_5_34_1_0,2023,5,34,56,2,2,0,0,,,3915.5518744
4386000997,2,2023_5_34_1_0,2023,5,34,90,2,1,0,0,,,1217.3912667
4386001012,2,2023_5_34_1_0,2023,5,34,31,2,1,0,0,,,1423.8862682
4386001013,2,2023_5_34_1_0,2023,5,34,45,1,3,0,0,,,4902.2385707
4386001017,2,2023_5_34_1_0,2023,5,34,69,2,1,0,0,,,1217.3912667
4386001019,2,2023_5_34_1_0,2023,5,34,79,1,1,0,0,,,3915.5518744
4386001029,2,2023_5_34_1_0,2023,5,34,75,2,4,0,0,,,1217.3912667
4386001031,2,2023_5_34_1_0,2023,5,34,57,2,1,0,0,,,3002.7095765
4386001035,2,2023_5_34_1_0,2023,5,34,78,2,1,0,0,,,3915.5518744
4386001042,2,2023_5_34_1_0,2023,5,34,69,2,1,0,0,,,3915.5518744
4386001045,2,2023_5_34_1_0,2023,5,34,57,2,1,0,0,,,7021.0147174
4386001046,2,2023_5_34_1_0,2023,5,34,56,2,1,0,0,,,5688.2968061
4386001049,2,2023_5_34_1_0,2023,5,34,47,2,1,0,0,,,15767.2968
4386001054,2,2023_5_34_1_0,2023,5,34,59,2,1,0,0,,,5688.2968061
4386001055,2,2023_5_34_1_0,2023,5,34,50,1,1,0,0,,,4902.2385707
4386001065,2,2023_5_34_1_0,2023,5,34,53,1,1,0,0,,,15767.2968
4386001072,2,2023_5_34_1_0,2023,5,34,68,2,1,1.0000294235,0,,,1217.3912667
4386001073,2,2023_5_34_1_0,2023,5,34,55,1,1,0,0,,,15767.2968
4386001079,2,2023_5_34_1_0,2023,5,34,27,1,3,0,0,,,5688.2968061
4386001096,2,2023_5_34_1_0,2023,5,34,56,1,3,0,0,,,1217.3912667
4386001098,2,2023_5_34_1_0,2023,5,34,30,2,1,0,0,,,5688.2968061
4386001117,2,2023_5_34_1_0,2023,5,34,22,1,-3,0,0,,,7900.4174508
4386001120,2,2023_5_34_1_0,2023,5,34,45,1,1,0,0,,,16556.233925
4386001122,2,2023_5_34_1_0,2023,5,34,68,2,1,0,0,,,3915.5518744
4386001132,2,2023_5_34_1_0,2023,5,34,38,1,1,0,0,,,2456.3329811
4386001133,2,2023_5_34_1_0,2023,5,34,53,1,3,0,0,,,9751.4157729
4386001136,2,2023_5_34_1_0,2023,5,34,58,2,1,0,0,,,2456.3329811
4386001149,2,2023_5_34_1_0,2023,5,34,80,1,1,0,0,,,1217.3912667
4386001196,2,2023_5_34_1_0,2023,5,34,39,2,1,0,0,,,4902.2385707
4386001210,2,2023_5_34_1_0,2023,5,34,46,1,2,0,0,,,4832.93124
4386001253,2,2023_5_34_1_0,2023,5,34,49,2,3,0,0,,,9751.4157729
4386001257,2,2023_5_34_1_0,2023,5,34,79,1,2,0,0,,,876.52113291
4386001279,2,2023_5_34_1_0,2023,5,34,-3,-3,-3,0,0,1,1,876.52113291
4386001283,2,2023_5_34_1_0,2023,5,34,36,2,-3,0,0,,,4902.2385707
4386001296,2,2023_5_34_1_0,2023,5,34,43,2,3,0,0,,,2429.6145797
4386001311,2,2023_5_34_1_0,2023,5,34,72,1,3,0,0,,,876.52113291
4386001327,2,2023_5_34_1_0,2023,5,34,52,1,1,0,0,,,7900.4174508
4386001330,2,2023_5_34_1_0,2023,5,34,51,1,4,0,0,,,4902.2385707
4386001331,2,2023_5_34_1_0,2023,5,34,69,2,1,0,0,,,4832.93124
4386001341,2,2023_5_34_1_0,2023,5,34,37,2,3,0,0,,,9751.4157729
4386001361,2,2023_5_34_1_0,2023,5,34,45,2,3,0,0,,,2456.3329811
4386001362,2,2023_5_34_1_0,2023,5,34,65,2,1,0,0,,,876.52113291
4386001370,2,2023_5_34_1_0,2023,5,34,37,2,1,0,0,,,2456.3329811
4386001371,2,2023_5_34_1_0,2023,5,34,53,1,2,0,0,,1,4902.2385707
4386001415,2,2023_5_34_1_0,2023,5,34,33,2,4,0,0,,,19461.435761
4386001423,2,2023_5_34_1_0,2023,5,34,37,2,1,0,0,,,19461.435761
4386001430,2,2023_5_34_1_0,2023,5,34,44,2,1,0,0,,,15767.2968
4386001434,2,2023_5_34_1_0,2023,5,34,59,2,1,0,0,,,5688.2968061
4386001436,2,2023_5_34_1_0,2023,5,34,75,2,1,0,0,,,3915.5518744
4386001442,2,2023_5_34_1_0,2023,5,34,80,1,1,0,0,,,3915.5518744
4386001443,2,2023_5_34_1_0,2023,5,34,90,1,1,0,0,,,15544.380424
4386001444,2,2023_5_34_1_0,2023,5,34,51,2,1,0,0,,,7900.4174508
4386001447,2,2023_5_34_1_0,2023,5,34,40,2,3,0,0,,,4902.2385707
4386001450,2,2023_5_34_1_0,2023,5,34,38,2,1,0,0,,,4902.2385707
4386001454,2,2023_5_34_1_0,2023,5,34,63,2,1,0,0,,,4832.93124
4386001456,2,2023_5_34_1_0,2023,5,34,86,2,1,0,0,,,15544.380424
4386001458,2,2023_5_34_1_0,2023,5,34,61,2,1,0,0,,,7814.4818197
4386001459,2,2023_5_34_1_0,2023,5,34,54,2,4,0,0,,,5688.2968061
4386001463,2,2023_5_34_1_0,2023,5,34,56,2,1,0,0,,,2456.3329811
4386001474,2,2023_5_34_1_0,2023,5,34,78,2,1,0,0,,,3915.5518744
4386001478,2,2023_5_34_1_0,2023,5,34,79,2,1,0,0,,,3915.5518744
4386001481,2,2023_5_34_1_0,2023,5,34,55,1,1,0,0,,,1768.5585779
4386001485,2,2023_5_34_1_0,2023,5,34,47,1,1,0,0,,,19461.435761
4386001489,2,2023_5_34_1_0,2023,5,34,71,2,1,0,0,,,3915.5518744
4386001498,2,2023_5_34_1_0,2023,5,34,65,1,1,0,0,1,1,3915.5518744
4386001500,2,2023_5_34_1_0,2023,5,34,55,2,1,0,0,,,4902.2385707
4386001505,2,2023_5_34_1_0,2023,5,34,40,2,3,0,0,,,4902.2385707
4386001506,2,2023_5_34_1_0,2023,5,34,75,2,1,0,0,,,3915.5518744
4386001509,2,2023_5_34_1_0,2023,5,34,11,1,1,0,0,,,4902.2385707
4386001510,2,2023_5_34_1_0,2023,5,34,37,2,1,0,0,,,4902.2385707
4386001512,2,2023_5_34_1_0,2023,5,34,59,2,1,0,0,,,2456.3329811
4386001516,2,2023_5_34_1_0,2023,5,34,56,1,1,0,0,,,7900.4174508
4386001521,2,2023_5_34_1_0,2023,5,34,55,2,1,0,0,,,5688.2968061
4386001523,2,2023_5_34_1_0,2023,5,34,16,1,1,0,0,,,15767.2968
4386001524,2,2023_5_34_1_0,2023,5,34,77,1,1,0,0,,,3915.5518744
4386001525,2,2023_5_34_1_0,2023,5,34,67,2,1,0,0,,,3915.5518744
4386001527,2,2023_5_34_1_0,2023,5,34,65,2,1,0,0,,,3915.5518744
4386001530,2,2023_5_34_1_0,2023,5,34,52,2,1,0,0,,,1217.3912667
4386001531,2,2023_5_34_1_0,2023,5,34,56,1,1,0,0,,,2456.3329811
4386001533,2,2023_5_34_1_0,2023,5,34,46,2,1,0,0,,,4902.2385707
4386001539,2,2023_5_34_1_0,2023,5,34,67,1,1,0,0,,,2819.1954868
4386001541,2,2023_5_34_1_0,2023,5,34,54,1,1,0,0,,,2456.3329811
4386001546,2,2023_5_34_1_0,2023,5,34,37,-3,1,0,0,,,4902.2385707
4386001560,2,2023_5_34_1_0,2023,5,34,58,1,3,0,0,,,1768.5585779
4386001572,2,2023_5_34_1_0,2023,5,34,50,1,2,0,0,,,7021.0147174
4386001575,2,2023_5_34_1_0,2023,5,34,65,2,1,0,0,,,3915.5518744
4386001578,2,2023_5_34_1_0,2023,5,34,70,2,1,0,0,,,876.52113291
4386001581,2,2023_5_34_1_0,2023,5,34,18,1,3,0,0.9999705765,,,19461.435761
4386001627,2,2023_5_34_1_0,2023,5,34,46,1,1,0,0,,,4902.2385707
4386001630,2,2023_5_34_1_0,2023,5,34,63,2,2,0,0,,,2819.1954868
4386001637,2,2023_5_34_1_0,2023,5,34,65,1,4,0,0,,,876.52113291
4386001639,2,2023_5_34_1_0,2023,5,34,-3,2,-3,0,0,,,3915.5518744
4386001641,2,2023_5_34_1_0,2023,5,34,71,1,1,0,0,,,7814.4818197
4386001644,2,2023_5_34_1_0,2023,5,34,39,1,3,0,0,,,4902.2385707
4386001645,2,2023_5_34_1_0,2023,5,34,60,2,1,0,0,,,7900.4174508
4386001646,2,2023_5_34_1_0,2023,5,34,40,2,4,0,0,,,4902.2385707
4386001649,2,2023_5_34_1_0,2023,5,34,41,1,1,0,0,,,2456.3329811
4386001656,2,2023_5_34_1_0,2023,5,34,34,1,3,0,0,,,4902.2385707
4386001658,2,2023_5_34_1_0,2023,5,34,-3,1,3,0,0,,,3574.5795722
4386001665,2,2023_5_34_1_0,2023,5,34,44,1,1,0,0,,,2841.7279897
4386001670,2,2023_5_34_1_0,2023,5,34,36,2,3,0,0,,,19461.435761
4386001675,2,2023_5_34_1_0,2023,5,34,55,2,4,0,0,,,2456.3329811
4386001680,2,2023_5_34_1_0,2023,5,34,45,2,4,0,0,1,1,4902.2385707
4386001686,2,2023_5_34_1_0,2023,5,34,38,1,1,0,0,,,2456.3329811
4386001694,2,2023_5_34_1_0,2023,5,34,54,2,4,0,0,,,7021.0147174
4386001700,2,2023_5_34_1_0,2023,5,34,74,1,1,0,0,,,3915.5518744
4386001703,2,2023_5_34_1_0,2023,5,34,59,1,3,0,0,,,5688.2968061
4386001704,2,2023_5_34_1_0,2023,5,34,87,1,1,0,0,,,2819.1954868
4386001705,2,2023_5_34_1_0,2023,5,34,-3,1,1,0,0,,,9882.7455209
4386001706,2,2023_5_34_1_0,2023,5,34,57,1,1,0,0,,,5688.2968061
4386001714,2,2023_5_34_1_0,2023,5,34,64,2,1,0,0,,,3915.5518744
4386001717,2,2023_5_34_1_0,2023,5,34,-3,-3,-3,0,0,1,1,2819.1954868
4386001725,2,2023_5_34_1_0,2023,5,34,42,2,4,0,0,,,876.52113291
4386001726,2,2023_5_34_1_0,2023,5,34,16,1,3,0,0,,,21899.037802
4386001730,2,2023_5_34_1_0,2023,5,34,-3,-3,-3,0,0,1,1,9751.4157729
4386001731,2,2023_5_34_1_0,2023,5,34,71,2,1,0,0,,,3915.5518744
4386001734,2,2023_5_34_1_0,2023,5,34,51,1,1,0,0,,,5688.2968061
4386001742,2,2023_5_34_1_0,2023,5,34,70,2,1,0,0,,,3915.5518744
4386001744,2,2023_5_34_1_0,2023,5,34,64,1,1,0,0,,,1768.5585779
4386001745,2,2023_5_34_1_0,2023,5,34,56,1,4,0,0,1,1,4902.2385707
4386001749,2,2023_5_34_1_0,2023,5,34,66,2,1,0,0,,,3915.5518744
4386001750,2,2023_5_34_1_0,2023,5,34,70,2,1,0,0,,,3915.5518744
4386001751,2,2023_5_34_1_0,2023,5,34,51,1,1,0,0,,,4902.2385707
4386001752,2,2023_5_34_1_0,2023,5,34,75,1,1,0,0,,,3915.5518744
4386001753,2,2023_5_34_1_0,2023,5,34,63,2,1,0,0,,,2456.3329811
4386001756,2,2023_5_34_1_0,2023,5,34,58,2,1,0,0,,,2819.1954868
4386001760,2,2023_5_34_1_0,2023,5,34,63,1,1,0,0,,,4902.2385707
4386001763,2,2023_5_34_1_0,2023,5,34,81,2,1,0,0,,,3915.5518744
4386001764,2,2023_5_34_1_0,2023,5,34,73,2,1,0,0,,,1217.3912667
4386001776,2,2023_5_34_1_0,2023,5,34,66,2,1,0,0,,,1217.3912667
4386001777,2,2023_5_34_1_0,2023,5,34,27,1,1,0,0,,,9751.4157729
4386001784,2,2023_5_34_1_0,2023,5,34,48,1,1,0,0,,,15767.2968
4386001788,2,2023_5_34_1_0,2023,5,34,45,1,1,0,0,,,3915.5518744
4386001792,2,2023_5_34_1_0,2023,5,34,59,2,1,0,0,,,2456.3329811
4386001797,2,2023_5_34_1_0,2023,5,34,53,1,1,0,0,,,5688.2968061
4386001803,2,2023_5_34_1_0,2023,5,34,38,1,1,0,0,,,4902.2385707
4386001809,2,2023_5_34_1_0,2023,5,34,57,1,1,0,0,,,7900.4174508
4386001818,2,2023_5_34_1_0,2023,5,34,64,2,1,0,0,,,2456.3329811
4386001819,2,2023_5_34_1_0,2023,5,34,68,2,4,0,0,,,876.52113291
4386001821,2,2023_5_34_1_0,2023,5,34,75,2,1,0,0,,,3915.5518744
4386001830,2,2023_5_34_1_0,2023,5,34,23,1,1,0,0,,,1768.5585779
4386001832,2,2023_5_34_1_0,2023,5,34,78,2,1,0,0,,,3915.5518744
4386001838,2,2023_5_34_1_0,2023,5,34,78,2,1,0,0,,,1217.3912667
4386001840,2,2023_5_34_1_0,2023,5,34,60,2,1,0,0,,,3915.5518744
4386001842,2,2023_5_34_1_0,2023,5,34,63,2,1,0,0,,,1217.3912667
4386001843,2,2023_5_34_1_0,2023,5,34,37,2,1,0,0,,,2456.3329811
4386001848,2,2023_5_34_1_0,2023,5,34,65,2,1,0,0,,,1217.3912667
4386001850,2,2023_5_34_1_0,2023,5,34,76,1,1,0,0,,,3915.5518744
4386001856,2,2023_5_34_1_0,2023,5,34,45,2,4,0,0,,,4902.2385707
4386001857,2,2023_5_34_1_0,2023,5,34,22,2,1,0,0,,,1768.5585779
4386001865,2,2023_5_34_1_0,2023,5,34,40,2,4,0,0,,,4902.2385707
4386001881,2,2023_5_34_1_0,2023,5,34,45,1,3,0,0,,,1768.5585779
4386001884,2,2023_5_34_1_0,2023,5,34,-3,1,5,0,0,,,7115.5720735
4386001888,2,2023_5_34_1_0,2023,5,34,46,2,4,0,0,,,4902.2385707
4386001893,2,2023_5_34_1_0,2023,5,34,43,2,1,0,0,,,4902.2385707
4386001894,2,2023_5_34_1_0,2023,5,34,30,1,1,0,0,,,2456.3329811
4386001900,2,2023_5_34_1_0,2023,5,34,68,1,1,0,0,,,3915.5518744
4386001905,2,2023_5_34_1_0,2023,5,34,64,2,1,0,0,,,2819.1954868
4386001907,2,2023_5_34_1_0,2023,5,34,84,2,1,0,0,,,3915.5518744
4386001930,2,2023_5_34_1_0,2023,5,34,53,2,1,0,0,,,2456.3329811
4386001931,2,2023_5_34_1_0,2023,5,34,63,2,1,0,0,,,876.52113291
4386001939,2,2023_5_34_1_0,2023,5,34,-3,-3,-3,0,0,1,1,3915.5518744
4386001951,2,2023_5_34_1_0,2023,5,34,62,1,1,0,0,,,1768.5585779
4386001955,2,2023_5_34_1_0,2023,5,34,34,2,1,0,0,,,1423.8862682
4386001956,2,2023_5_34_1_0,2023,5,34,42,1,1,0,0,,,15767.2968
4386001963,2,2023_5_34_1_0,2023,5,34,70,2,1,0,0,,,1217.3912667
4386001964,2,2023_5_34_1_0,2023,5,34,64,2,1,0,0,,,2819.1954868
4386001975,2,2023_5_34_1_0,2023,5,34,75,2,1,0,0,,,1217.3912667
4386001976,2,2023_5_34_1_0,2023,5,34,83,2,1,0,0,,,1217.3912667
4386001977,2,2023_5_34_1_0,2023,5,34,67,2,1,0,0,,,2429.6145797
4386001981,2,2023_5_34_1_0,2023,5,34,30,1,1,0,0,,,2456.3329811
4386001989,2,2023_5_34_1_0,2023,5,34,66,1,1,0,0,,,2819.1954868
4386001990,2,2023_5_34_1_0,2023,5,34,70,2,1,0,0,,,3915.5518744
4386001991,2,2023_5_34_1_0,2023,5,34,40,1,1,0,0,,,4902.2385707
4386001992,2,2023_5_34_1_0,2023,5,34,29,2,4,0,0,,,2456.3329811
4386001996,2,2023_5_34_1_0,2023,5,34,-3,-3,-3,0,0,,,5764.9054344
4386001997,2,2023_5_34_1_0,2023,5,34,57,2,1,0,0,,,4579.7113046
4386002008,2,2023_5_34_1_0,2023,5,34,55,2,1,0,0,,,5688.2968061
4386002011,2,2023_5_34_1_0,2023,5,34,57,1,3,0,0,,,4902.2385707
4386002023,2,2023_5_34_1_0,2023,5,34,84,1,1,0,0,,,3915.5518744
4386002024,2,2023_5_34_1_0,2023,5,34,76,2,1,0,0,,,3915.5518744
4386002033,2,2023_5_34_1_0,2023,5,34,22,2,1,0,0,,,9751.4157729
4386002042,2,2023_5_34_1_0,2023,5,34,54,2,1,0,0,,,2456.3329811
4386002043,2,2023_5_34_1_0,2023,5,34,52,1,4,0,0,,,15767.2968
4386002045,2,2023_5_34_1_0,2023,5,34,52,2,1,0,0,,,1768.5585779
4386002058,2,2023_5_34_1_0,2023,5,34,42,2,1,0,0,,,4902.2385707
4386002060,2,2023_5_34_1_0,2023,5,34,30,1,3,0,0,,,4902.2385707
4386002062,2,2023_5_34_1_0,2023,5,34,36,2,4,0,0,,,9751.4157729
4386002065,2,2023_5_34_1_0,2023,5,34,72,1,1,0,0,,,3915.5518744
4386002067,2,2023_5_34_1_0,2023,5,34,39,1,1,0,0,,,4902.2385707
4386002069,2,2023_5_34_1_0,2023,5,34,18,2,3,0,0,,,9751.4157729
4386002078,2,2023_5_34_1_0,2023,5,34,51,2,1,0,0,,,4902.2385707
4386002081,2,2023_5_34_1_0,2023,5,34,47,2,1,0,0,,,4902.2385707
4386002082,2,2023_5_34_1_0,2023,5,34,78,2,1,0,0,,,3915.5518744
4386002083,2,2023_5_34_1_0,2023,5,34,46,1,4,0,0,,,4902.2385707
4386002085,2,2023_5_34_1_0,2023,5,34,74,1,1,0,0,,,3915.5518744
4386002088,2,2023_5_34_1_0,2023,5,34,36,2,1,0,0,,,19461.435761
4386002089,2,2023_5_34_1_0,2023,5,34,56,2,1,0,0,,,5688.2968061
4386002101,2,2023_5_34_1_0,2023,5,34,57,2,1,0,0,,,876.52113291
4386002113,2,2023_5_34_1_0,2023,5,34,34,1,3,0,0,,,4902.2385707
4386002114,2,2023_5_34_1_0,2023,5,34,55,2,1,0,0,,,1768.5585779
4386002120,2,2023_5_34_1_0,2023,5,34,65,2,1,0,0,,,2269.7657807
4386002128,2,2023_5_34_1_0,2023,5,34,18,2,4,0,0,,,876.52113291
4386002129,2,2023_5_34_1_0,2023,5,34,18,2,3,0,0,,,7814.4818197
4386002133,2,2023_5_34_1_0,2023,5,34,57,2,1,0,0,,,1768.5585779
4386002138,2,2023_5_34_1_0,2023,5,34,70,2,1,0,0,,,2819.1954868
4386002156,2,2023_5_34_1_0,2023,5,34,32,1,1,0,0,,,4902.2385707
4386002158,2,2023_5_34_1_0,2023,5,34,62,2,1,0,0,,,2456.3329811
4386002169,2,2023_5_34_1_0,2023,5,34,63,1,1,0,0,,,1217.3912667
4386002174,2,2023_5_34_1_0,2023,5,34,35,2,1,0,0,,,4902.2385707
4386002182,2,2023_5_34_1_0,2023,5,34,45,1,2,0,0,1,1,7900.4174508
4386002185,2,2023_5_34_1_0,2023,5,34,72,2,1,0,0,,,3915.5518744
4386002195,2,2023_5_34_1_0,2023,5,34,33,2,1,0,0,,,4902.2385707
4386002207,2,2023_5_34_1_0,2023,5,34,61,1,1,0,0,,,2819.1954868
4386002210,2,2023_5_34_1_0,2023,5,34,82,2,1,0,0,,,1217.3912667
4386002212,2,2023_5_34_1_0,2023,5,34,77,2,1,0,0,,,2165.6785798
4386002215,2,2023_5_34_1_0,2023,5,34,60,1,3,3.0000882704,2.9999117296,,,2456.3329811
4386002220,2,2023_5_34_1_0,2023,5,34,57,1,1,0,0,,,2456.3329811
4386002223,2,2023_5_34_1_0,2023,5,34,80,1,1,0,0,,,3915.5518744
4386002229,2,2023_5_34_1_0,2023,5,34,50,2,4,0,0,,,4902.2385707
4386002235,2,2023_5_34_1_0,2023,5,34,51,1,3,0,0,,,4902.2385707
4386002246,2,2023_5_34_1_0,2023,5,34,16,1,1,0,0,,,4902.2385707
4386002247,2,2023_5_34_1_0,2023,5,34,62,1,1,0,0,,,5688.2968061
4386002250,2,2023_5_34_1_0,2023,5,34,39,1,1,0,0,,,4902.2385707
4386002253,2,2023_5_34_1_0,2023,5,34,72,1,1,0,0,,,1217.3912667
4386002258,2,2023_5_34_1_0,2023,5,34,61,1,1,0,0,,,7900.4174508
4386002271,2,2023_5_34_1_0,2023,5,34,49,2,1,3.0000882704,0,,,1025.1974357
4386002276,2,2023_5_34_1_0,2023,5,34,78,2,1,0,0,,,3915.5518744
4386002277,2,2023_5_34_1_0,2023,5,34,54,2,1,0,0,,,15767.2968
4386002278,2,2023_5_34_1_0,2023,5,34,63,1,1,1.0000294235,0,,,2456.3329811
4386002280,2,2023_5_34_1_0,2023,5,34,26,1,-3,0,0,,,2456.3329811
4386002285,2,2023_5_34_1_0,2023,5,34,45,1,1,2.000058847,2.9999117296,,,2269.7657807
4386002286,2,2023_5_34_1_0,2023,5,34,58,2,1,0,0,,,2456.3329811
4386002294,2,2023_5_34_1_0,2023,5,34,63,2,1,0,0,,,5688.2968061
4386002300,2,2023_5_34_1_0,2023,5,34,40,2,3,0,0,,,4902.2385707
4386002302,2,2023_5_34_1_0,2023,5,34,51,2,1,0,0,,,4902.2385707
4386002304,2,2023_5_34_1_0,2023,5,34,67,1,1,0,0,,,2819.1954868
4386002306,2,2023_5_34_1_0,2023,5,34,38,2,1,0,0,,,4902.2385707
4386002307,2,2023_5_34_1_0,2023,5,34,49,2,4,0,0,,,2456.3329811
4386002310,2,2023_5_34_1_0,2023,5,34,62,2,1,0,0,,,5688.2968061
4386002319,2,2023_5_34_1_0,2023,5,34,52,2,1,0,0,,,1768.5585779
4386002327,2,2023_5_34_1_0,2023,5,34,50,2,1,0,0,,,4902.2385707
4386002335,2,2023_5_34_1_0,2023,5,34,-3,-3,-3,0,0,1,1,1768.5585779
4386002342,2,2023_5_34_1_0,2023,5,34,57,2,1,3.017427939,2.982572061,,,4046.5514943
4386002349,2,2023_5_34_1_0,2023,5,34,76,1,1,0,0,,,3915.5518744
4386002355,2,2023_5_34_1_0,2023,5,34,51,2,1,0,0,,,3915.5518744
4386002357,2,2023_5_34_1_0,2023,5,34,79,1,1,0,0,,,1217.3912667
4386002369,2,2023_5_34_1_0,2023,5,34,29,2,1,0,0,,,2456.3329811
4386002375,2,2023_5_34_1_0,2023,5,34,72,1,1,0,0,,,3915.5518744
4386002380,2,2023_5_34_1_0,2023,5,34,53,1,1,0,0,,,4902.2385707
4386002387,2,2023_5_34_1_0,2023,5,34,63,2,1,0,0,,,15767.2968
4386002388,2,2023_5_34_1_0,2023,5,34,61,2,1,0,0,,,4902.2385707
4386002400,2,2023_5_34_1_0,2023,5,34,77,1,1,0,0,,,3915.5518744
4386002401,2,2023_5_34_1_0,2023,5,34,57,1,1,0,1.999941153,,,4902.2385707
4386002403,2,2023_5_34_1_0,2023,5,34,69,1,1,0,0,1,1,3915.5518744
4386002405,2,2023_5_34_1_0,2023,5,34,72,2,1,0,0,,,1217.3912667
4386002410,2,2023_5_34_1_0,2023,5,34,57,2,1,0,0,,,3002.7095765
4386002416,2,2023_5_34_1_0,2023,5,34,55,1,1,0,0,,,2456.3329811
4386002419,2,2023_5_34_1_0,2023,5,34,63,2,1,0,0,,,1217.3912667
4386002421,2,2023_5_34_1_0,2023,5,34,81,2,1,0,0,,,3915.5518744
4386002425,2,2023_5_34_1_0,2023,5,34,40,1,4,0,0,,,4902.2385707
4386002428,2,2023_5_34_1_0,2023,5,34,77,2,1,0,0,,,2819.1954868
4386002429,2,2023_5_34_1_0,2023,5,34,58,2,1,0,0,,,2819.1954868
4386002440,2,2023_5_34_1_0,2023,5,34,65,2,1,0,0,,,508.10147263
4386002444,2,2023_5_34_1_0,2023,5,34,47,2,1,0,0,,,7900.4174508
4386002445,2,2023_5_34_1_0,2023,5,34,72,1,1,0,0,,,3915.5518744
4386002447,2,2023_5_34_1_0,2023,5,34,64,2,1,0,0,,,1217.3912667
4386002449,2,2023_5_34_1_0,2023,5,34,63,1,1,0,0,,,1768.5585779
4386002450,2,2023_5_34_1_0,2023,5,34,76,1,1,12.000353082,5.9998234591,,,1771.6091373
4386002452,2,2023_5_34_1_0,2023,5,34,35,1,1,0,0,,,2456.3329811
4386002454,2,2023_5_34_1_0,2023,5,34,43,2,1,0,0,,,4902.2385707
4386002458,2,2023_5_34_1_0,2023,5,34,87,2,1,0,0,,,3915.5518744
4386002459,2,2023_5_34_1_0,2023,5,34,55,2,1,0,0,,,876.52113291
4386002461,2,2023_5_34_1_0,2023,5,34,32,1,1,0,0,,,9751.4157729
4386002464,2,2023_5_34_1_0,2023,5,34,70,2,2,0,0,,,1217.3912667
4386002467,2,2023_5_34_1_0,2023,5,34,20,1,2,0,0,,,7021.0147174
4386002483,2,2023_5_34_1_0,2023,5,34,70,1,1,0,0.9999705765,,,1217.3912667
4386002492,2,2023_5_34_1_0,2023,5,34,55,2,1,0,1.999941153,,,1768.5585779
4386002499,2,2023_5_34_1_0,2023,5,34,29,1,3,0,0,,,7021.0147174
4386002500,2,2023_5_34_1_0,2023,5,34,45,1,1,0,0,,,9751.4157729
4386002503,2,2023_5_34_1_0,2023,5,34,-3,2,-3,0,0,,,3915.5518744
4386002507,2,2023_5_34_1_0,2023,5,34,33,1,3,0,0,,,1768.5585779
4386002526,2,2023_5_34_1_0,2023,5,34,46,2,4,0,0,,,1768.5585779
4386002537,2,2023_5_34_1_0,2023,5,34,57,2,1,0,0,,,7900.4174508
4386002538,2,2023_5_34_1_0,2023,5,34,59,2,1,1.0000294235,0,,,4579.7113046
4386002540,2,2023_5_34_1_0,2023,5,34,54,1,3,0,0,,,1768.5585779
4386002545,2,2023_5_34_1_0,2023,5,34,72,2,1,0,0,,,1217.3912667
4386002551,2,2023_5_34_1_0,2023,5,34,58,2,1,0,0,,,2456.3329811
4386002552,2,2023_5_34_1_0,2023,5,34,76,2,1,0,0,,,1217.3912667
4386002556,2,2023_5_34_1_0,2023,5,34,77,2,1,0,0,,,2269.7657807
4386002557,2,2023_5_34_1_0,2023,5,34,54,1,5,0,0,,,876.52113291
4386002561,2,2023_5_34_1_0,2023,5,34,49,1,3,0,0,,,3002.7095765
4386002566,2,2023_5_34_1_0,2023,5,34,50,1,1,0,0,,,2819.1954868
4386002574,2,2023_5_34_1_0,2023,5,34,76,2,3,0,0,,,1217.3912667
4386002578,2,2023_5_34_1_0,2023,5,34,65,1,1,0,0,,,1217.3912667
4386002582,2,2023_5_34_1_0,2023,5,34,54,2,1,0,0,,,2819.1954868
4386002585,2,2023_5_34_1_0,2023,5,34,69,1,1,0,0,,,1217.3912667
4386002587,2,2023_5_34_1_0,2023,5,34,80,1,1,1.0000294235,0,,,3915.5518744
4386002592,2,2023_5_34_1_0,2023,5,34,75,2,1,0,0,,,3915.5518744
4386002597,2,2023_5_34_1_0,2023,5,34,35,2,1,0,0,,,15767.2968
4386002605,2,2023_5_34_1_0,2023,5,34,59,2,1,0,0,,,5688.2968061
4386002610,2,2023_5_34_1_0,2023,5,34,41,1,3,0,0,,,2456.3329811
4386002630,2,2023_5_34_1_0,2023,5,34,59,2,1,0,0,,,1217.3912667
4386002643,2,2023_5_34_1_0,2023,5,34,-3,-3,-3,0,0,1,1,3915.5518744
4386002645,2,2023_5_34_1_0,2023,5,34,-3,-3,-3,0,0,1,1,1768.5585779
4386002651,2,2023_5_34_1_0,2023,5,34,53,1,1,1.0000294235,0.9999705765,,,4902.2385707
4386002652,2,2023_5_34_1_0,2023,5,34,37,2,1,0,0,,,4902.2385707
4386002655,2,2023_5_34_1_0,2023,5,34,68,1,1,3.0000882704,0,,,3915.5518744
4386002660,2,2023_5_34_1_0,2023,5,34,77,1,1,0,0,,,3915.5518744
4386002676,2,2023_5_34_1_0,2023,5,34,50,2,1,0,0,,,2456.3329811
4386002684,2,2023_5_34_1_0,2023,5,34,59,2,1,0,0,,,7900.4174508
4386002695,2,2023_5_34_1_0,2023,5,34,48,2,1,0,0,,,5688.2968061
4386002698,2,2023_5_34_1_0,2023,5,34,76,2,1,0,0,,,3915.5518744
4386002701,2,2023_5_34_1_0,2023,5,34,81,1,1,0,0,,,3915.5518744
4386002706,2,2023_5_34_1_0,2023,5,34,65,2,4,0,0,,,3915.5518744
4386002707,2,2023_5_34_1_0,2023,5,34,57,2,4,0,0,,,5688.2968061
4386002715,2,2023_5_34_1_0,2023,5,34,78,2,1,0,0,,,3915.5518744
4386002716,2,2023_5_34_1_0,2023,5,34,44,2,1,0,0,,,2456.3329811
4386002717,2,2023_5_34_1_0,2023,5,34,69,2,1,0,0,,,2269.7657807
4386002719,2,2023_5_34_1_0,2023,5,34,-3,2,1,0,0,,,8006.8183937
4386002723,2,2023_5_34_1_0,2023,5,34,62,1,1,0,0,,,1423.8862682
4386002724,2,2023_5_34_1_0,2023,5,34,58,2,1,0,0,,,7900.4174508
4386002730,2,2023_5_34_1_0,2023,5,34,80,2,1,0,0,,,3915.5518744
4386002741,2,2023_5_34_1_0,2023,5,34,67,2,1,0,0,,,1217.3912667
4386002753,2,2023_5_34_1_0,2023,5,34,17,2,1,0,0,,,27029.78975
4386002755,2,2023_5_34_1_0,2023,5,34,56,2,4,0,0,,,15767.2968
4386002763,2,2023_5_34_1_0,2023,5,34,49,2,3,0,0,,,4902.2385707
4386002766,2,2023_5_34_1_0,2023,5,34,51,1,4,0,0,1,1,7900.4174508
4386002774,2,2023_5_34_1_0,2023,5,34,53,2,4,0,0,,,4902.2385707
4386002801,2,2023_5_34_1_0,2023,5,34,71,2,1,0,0,,,1217.3912667
4386002813,2,2023_5_34_1_0,2023,5,34,75,2,3,0,0,,,1217.3912667
4386002815,2,2023_5_34_1_0,2023,5,34,70,2,1,0,0,,,3915.5518744
4386002822,2,2023_5_34_1_0,2023,5,34,34,1,-3,0,0,,,2456.3329811
4386002828,2,2023_5_34_1_0,2023,5,34,59,1,1,2.8236173769,3.1763826231,,,5066.1954651
4386002832,2,2023_5_34_1_0,2023,5,34,-3,1,-3,0,0,,,7021.0147174
4386002835,2,2023_5_34_1_0,2023,5,34,29,2,5,0,0,,,19461.435761
4386002836,2,2023_5_34_1_0,2023,5,34,59,1,1,0,0,,,5688.2968061
4386002848,2,2023_5_34_1_0,2023,5,34,39,2,1,0,0,,,2456.3329811
4386002851,2,2023_5_34_1_0,2023,5,34,41,1,1,0,0,,,4902.2385707
4386002852,2,2023_5_34_1_0,2023,5,34,62,1,1,0,0,,,2456.3329811
4386002854,2,2023_5_34_1_0,2023,5,34,54,2,1,0,0,,,7814.4818197
4386002859,2,2023_5_34_1_0,2023,5,34,45,1,1,0,0,,,15767.2968
4386002864,2,2023_5_34_1_0,2023,5,34,28,2,1,0,0,,,19461.435761
4386002879,2,2023_5_34_1_0,2023,5,34,27,2,1,0,0,,,15767.2968
4386002890,2,2023_5_34_1_0,2023,5,34,-3,-3,-3,0,0,1,1,876.52113291
4386002899,2,2023_5_34_1_0,2023,5,34,36,1,1,0,0,,,4902.2385707
4386002900,2,2023_5_34_1_0,2023,5,34,52,2,1,0,0,,,5688.2968061
4386002901,2,2023_5_34_1_0,2023,5,34,66,1,1,0,0,,,508.10147263
4386002902,2,2023_5_34_1_0,2023,5,34,68,2,1,0,0,,,2429.6145797
4386002903,2,2023_5_34_1_0,2023,5,34,50,2,1,0,0,,,4902.2385707
4386002905,2,2023_5_34_1_0,2023,5,34,19,2,1,0,0,,,1217.3912667
4386002910,2,2023_5_34_1_0,2023,5,34,42,1,4,0,0,,,3915.5518744
4386002914,2,2023_5_34_1_0,2023,5,34,65,2,1,0,0,,,3915.5518744
4386002917,2,2023_5_34_1_0,2023,5,34,67,2,1,0,0,,,2269.7657807
4386002920,2,2023_5_34_1_0,2023,5,34,20,1,1,3.0000882704,2.9999117296,,,1768.5585779
4386002943,2,2023_5_34_1_0,2023,5,34,42,1,1,0,0,,,4902.2385707
4386002945,2,2023_5_34_1_0,2023,5,34,62,1,1,0,0,,,2456.3329811
4386002951,2,2023_5_34_1_0,2023,5,34,73,2,1,0,0,,,508.10147263
4386002958,2,2023_5_34_1_0,2023,5,34,69,2,3,0,0,,,3915.5518744
4386002961,2,2023_5_34_1_0,2023,5,34,29,2,1,0,0,,,4902.2385707
4386002963,2,2023_5_34_1_0,2023,5,34,20,1,1,0,0,,,9751.4157729
4386002972,2,2023_5_34_1_0,2023,5,34,30,2,1,0,0,,,15767.2968
4386002980,2,2023_5_34_1_0,2023,5,34,64,1,1,0,0,,,3915.5518744
4386002981,2,2023_5_34_1_0,2023,5,34,60,1,3,0,0,,,876.52113291
4386002982,2,2023_5_34_1_0,2023,5,34,-3,-3,-3,0,0,,,10232.360043
4386002983,2,2023_5_34_1_0,2023,5,34,-3,-3,-3,0,0,1,1,1217.3912667
4386002986,2,2023_5_34_1_0,2023,5,34,89,1,1,0,0,,,3915.5518744
4386002987,2,2023_5_34_1_0,2023,5,34,77,1,1,0,0,,,3915.5518744
4386002991,2,2023_5_34_1_0,2023,5,34,69,2,1,0,0,,,1217.3912667
4386002996,2,2023_5_34_1_0,2023,5,34,60,2,1,0,0,,,9751.4157729
4386002998,2,2023_5_34_1_0,2023,5,34,51,1,3,0,0,,,1217.3912667
4386003001,2,2023_5_34_1_0,2023,5,34,66,2,1,0,0,,,1217.3912667
4386003008,2,2023_5_34_1_0,2023,5,34,41,1,1,0,0,,,2456.3329811
4386003010,2,2023_5_34_1_0,2023,5,34,34,1,3,0,0,,,7900.4174508
4386003020,2,2023_5_34_1_0,2023,5,34,58,1,1,0,0,,,3915.5518744
4386003023,2,2023_5_34_1_0,2023,5,34,46,2,4,0,0,,,4902.2385707
4386003025,2,2023_5_34_1_0,2023,5,34,70,1,1,0,0,,,3915.5518744
4386003027,2,2023_5_34_1_0,2023,5,34,40,2,4,0,0,,,15767.2968
4386003029,2,2023_5_34_1_0,2023,5,34,75,2,1,0,0,,,3915.5518744
4386003030,2,2023_5_34_1_0,2023,5,34,53,2,3,0,0,,,2456.3329811
4386003038,2,2023_5_34_1_0,2023,5,34,60,1,1,0,0,,,4902.2385707
4386003045,2,2023_5_34_1_0,2023,5,34,93,1,1,0,0,,,3915.5518744
4386003047,2,2023_5_34_1_0,2023,5,34,59,1,2,0,0,,,2819.1954868
4386003049,2,2023_5_34_1_0,2023,5,34,16,1,2,0,0,,,19461.435761
4386003050,2,2023_5_34_1_0,2023,5,34,36,1,1,0,0,,,4902.2385707
4386003054,2,2023_5_34_1_0,2023,5,34,29,2,4,0,0,1,1,19461.435761
4386003079,2,2023_5_34_1_0,2023,5,34,39,1,1,0,0,,,3915.5518744
4386003084,2,2023_5_34_1_0,2023,5,34,72,1,4,0,0,,,1217.3912667
4386003087,2,2023_5_34_1_0,2023,5,34,70,2,1,0,0,,,15544.380424
4386003097,2,2023_5_34_1_0,2023,5,34,72,2,1,0,0,,,3915.5518744
4386003110,2,2023_5_34_1_0,2023,5,34,72,1,1,0,0,,,2819.1954868
4386003119,2,2023_5_34_1_0,2023,5,34,-3,1,1,0,0,,,2489.4142894
4386003122,2,2023_5_34_1_0,2023,5,34,45,1,1,0,0,,,15767.2968
4386003123,2,2023_5_34_1_0,2023,5,34,72,-5,1,0,0,,,3915.5518744
4386003124,2,2023_5_34_1_0,2023,5,34,46,1,1,0,0,,,4902.2385707
4386003139,2,2023_5_34_1_0,2023,5,34,77,1,1,0,0,,,2819.1954868
4386003140,2,2023_5_34_1_0,2023,5,34,49,2,4,0,0,,,15767.2968
4386003142,2,2023_5_34_1_0,2023,5,34,60,2,1,0,0,,,5688.2968061
4386003146,2,2023_5_34_1_0,2023,5,34,33,2,4,0,0,,,19461.435761
4386003147,2,2023_5_34_1_0,2023,5,34,23,2,4,0,0,,,876.52113291
4386003148,2,2023_5_34_1_0,2023,5,34,31,2,4,0,0,,,2456.3329811
4386003151,2,2023_5_34_1_0,2023,5,34,49,2,2,0,0,,,7900.4174508
4386003153,2,2023_5_34_1_0,2023,5,34,-3,1,2,0,0,,,5764.9054344
4386003155,2,2023_5_34_1_0,2023,5,34,58,2,3,0,0,,,15767.2968
4386003158,2,2023_5_34_1_0,2023,5,34,77,2,1,0,0,,,3915.5518744
4386003160,2,2023_5_34_1_0,2023,5,34,71,2,1,0,0,,,1634.2302823
4386003162,2,2023_5_34_1_0,2023,5,34,65,1,1,0,0,,,3915.5518744
4386003165,2,2023_5_34_1_0,2023,5,34,-3,-3,-3,0,0,1,1,9751.4157729
4386003182,2,2023_5_34_1_0,2023,5,34,75,2,1,0,0,,,1217.3912667
4386003184,2,2023_5_34_1_0,2023,5,34,59,2,3,0,0,,,6069.0239202
4386003190,2,2023_5_34_1_0,2023,5,34,25,2,1,0,0,,,9751.4157729
4386003203,2,2023_5_34_1_0,2023,5,34,48,1,1,0,0,,,1217.3912667
4386003204,2,2023_5_34_1_0,2023,5,34,50,2,1,6.0001765409,4.9998528826,,,1217.3912667
4386003208,2,2023_5_34_1_0,2023,5,34,52,2,2,0,0,,,15767.2968
4386003212,2,2023_5_34_1_0,2023,5,34,47,1,1,0,0,,,3915.5518744
4386003216,2,2023_5_34_1_0,2023,5,34,59,1,1,0,0,,,7900.4174508
4386003218,2,2023_5_34_1_0,2023,5,34,75,1,3,0,0,,,3915.5518744
4386003225,2,2023_5_34_1_0,2023,5,34,39,2,4,0,0,,,1217.3912667
4386003230,2,2023_5_34_1_0,2023,5,34,59,2,1,0,0,,,1768.5585779
4386003234,2,2023_5_34_1_0,2023,5,34,59,2,1,0,0,,,3915.5518744
4386003237,2,2023_5_34_1_0,2023,5,34,57,2,1,0,0,,,3915.5518744
4386003238,2,2023_5_34_1_0,2023,5,34,27,1,1,0,0,,,2456.3329811
4386003247,2,2023_5_34_1_0,2023,5,34,59,1,1,1.0000294235,2.9999117296,,,4579.7113046
4386003249,2,2023_5_34_1_0,2023,5,34,38,1,1,0,0,,,4902.2385707
4386003253,2,2023_5_34_1_0,2023,5,34,26,2,4,0,0,,,2456.3329811
4386003265,2,2023_5_34_1_0,2023,5,34,45,2,1,0,0,,,2456.3329811
4386003268,2,2023_5_34_1_0,2023,5,34,69,2,1,0,0,,,1217.3912667
4386003274,2,2023_5_34_1_0,2023,5,34,31,1,5,0,0,,,22582.014581
4386003276,2,2023_5_34_1_0,2023,5,34,74,2,1,0,0,,,3915.5518744
4386003279,2,2023_5_34_2_1,2023,5,34,46,2,1,0,0,,,63.740181257
4386003280,2,2023_5_34_2_1,2023,5,34,31,2,1,0,0,,,141.11943439
4386003281,2,2023_5_34_2_1,2023,5,34,21,2,5,0,0,,,139.31215104
4386003282,2,2023_5_34_2_1,2023,5,34,63,2,1,0,0,,,43.875696839
4386003283,2,2023_5_34_2_1,2023,5,34,26,1,1,5.0001471174,0,,,43.313791124
4386003285,2,2023_5_34_2_1,2023,5,34,55,1,1,0,0,,,176.680365
4386003286,2,2023_5_34_2_1,2023,5,34,52,2,1,2.000058847,0,,,88.528088017
4386003287,2,2023_5_34_2_1,2023,5,34,35,1,1,0,0,,,176.680365
4386003294,2,2023_5_34_2_1,2023,5,34,67,1,1,0,0,,,29.815145342
4386003295,2,2023_5_34_2_1,2023,5,34,56,2,1,0,0,,,63.740181257
4386003296,2,2023_5_34_2_1,2023,5,34,65,1,1,0,0,,,101.60592563
4386003297,2,2023_5_34_2_1,2023,5,34,68,2,1,0,0,,,31.590480851
4386003298,2,2023_5_34_2_1,2023,5,34,67,2,1,0,0,,,95.895831864
4386003303,2,2023_5_34_2_1,2023,5,34,69,2,1,0,0,,,141.11943439
4386003306,2,2023_5_34_2_1,2023,5,34,33,1,1,5.0001471174,3.9998823061,,,43.313791124
4386003307,2,2023_5_34_2_1,2023,5,34,70,2,1,0,0,,,141.11943439
4386003309,2,2023_5_34_2_1,2023,5,34,61,2,3,0,0,,,101.60592563
4386003313,2,2023_5_34_2_1,2023,5,34,51,1,1,0,0,,,63.740181257
4386003315,2,2023_5_34_2_1,2023,5,34,57,1,1,4.0001176939,3.9998823061,,,63.740181257
4386003317,2,2023_5_34_2_1,2023,5,34,66,2,1,1.0000294235,0,,,95.895831864
4386003331,2,2023_5_34_2_0,2023,5,34,79,1,3,0,0,,,1018.3661918
4386003337,2,2023_5_34_2_0,2023,5,34,64,1,1,0,0,,,1018.3661918
4386003340,2,2023_5_34_2_0,2023,5,34,79,1,1,0,0,,,733.2231736
4386003346,2,2023_5_34_2_0,2023,5,34,61,1,1,0,0,,,1479.4259767
4386003349,2,2023_5_34_2_0,2023,5,34,73,2,1,0,0,,,1018.3661918
4386003351,2,2023_5_34_2_0,2023,5,34,53,2,1,0,0,,,13189.582047
4386003353,2,2023_5_34_2_0,2023,5,34,65,1,1,0,0,,,2032.4093121
4386003355,2,2023_5_34_2_0,2023,5,34,50,2,1,0,0,,,1479.4259767
4386003356,2,2023_5_34_2_0,2023,5,34,61,1,1,0,0,,,4758.3462395
4386003357,2,2023_5_34_2_0,2023,5,34,77,2,1,0,0,,,2705.108397
4386003358,2,2023_5_34_2_0,2023,5,34,54,2,1,0,0,,,5873.1849122
4386003362,2,2023_5_34_2_0,2023,5,34,65,1,1,0,0,,,733.2231736
4386003381,2,2023_5_34_2_0,2023,5,34,33,2,1,0,0,,,4100.7966467
4386003385,2,2023_5_34_2_0,2023,5,34,58,1,1,0,0,,,4100.7966467
4386003387,2,2023_5_34_2_0,2023,5,34,88,2,1,0,0,,,3275.4183145
4386003391,2,2023_5_34_2_0,2023,5,34,63,2,1,0,0,,,1018.3661918
4386003394,2,2023_5_34_2_0,2023,5,34,33,1,1,0,0,,,4100.7966467
4386003395,2,2023_5_34_2_0,2023,5,34,77,2,1,0,0,,,1729.0113851
4386003400,2,2023_5_34_2_0,2023,5,34,77,2,1,0,0,,,1018.3661918
4386003403,2,2023_5_34_2_0,2023,5,34,61,2,1,0,0,,,2358.2996282
4386003405,2,2023_5_34_2_0,2023,5,34,58,1,1,0,0,,,4758.3462395
4386003406,2,2023_5_34_2_0,2023,5,34,60,1,2,0,0,,,6864.0160035
4386003412,2,2023_5_34_2_0,2023,5,34,55,2,1,0,0,,,4758.3462395
4386003414,2,2023_5_34_2_0,2023,5,34,62,2,1,0,0,,,2358.2996282
4386003416,2,2023_5_34_2_0,2023,5,34,19,2,1,0,0,,,13189.582047
4386003417,2,2023_5_34_2_0,2023,5,34,43,1,1,0,0,,,8157.2066567
4386003421,2,2023_5_34_2_0,2023,5,34,87,1,1,0,0,,,3757.0974783
4386003423,2,2023_5_34_2_0,2023,5,34,44,1,1,0,0,,,4100.7966467
4386003426,2,2023_5_34_2_0,2023,5,34,53,2,1,0,0,,,4758.3462395
4386003440,2,2023_5_34_2_0,2023,5,34,73,2,1,0,0,,,2358.2996282
4386003442,2,2023_5_34_2_0,2023,5,34,25,2,1,0,1.999941153,,,3275.4183145
4386003458,2,2023_5_34_2_0,2023,5,34,79,2,1,0,0,,,1018.3661918
4386003465,2,2023_5_34_2_0,2023,5,34,43,1,1,0,0,,,4100.7966467
4386003467,2,2023_5_34_2_0,2023,5,34,2,2,3,0,0,,,5695.5546614
4386003477,2,2023_5_36_1_1,2023,5,36,32,1,1,0,0,,,526.1436553
4386003480,2,2023_5_36_1_1,2023,5,36,58,1,1,0,0,,,848.07304076
4386003491,2,2023_5_36_1_1,2023,5,36,43,2,1,0,0,,,2107.9996964
4386003496,2,2023_5_36_1_1,2023,5,36,40,1,1,0,0,,,618.8209746
4386003499,2,2023_5_36_1_1,2023,5,36,22,1,1,0,0,,,2975.2664477
4386003500,2,2023_5_36_1_1,2023,5,36,50,2,1,0,0,,,1715.6852051
4386003506,2,2023_5_36_1_1,2023,5,36,33,2,1,0.9999799835,2.0000400331,,,943.84030969
4386003507,2,2023_5_36_1_1,2023,5,36,38,1,1,0,0,,,2107.9996964
4386003508,2,2023_5_36_1_1,2023,5,36,61,2,1,0,0,,,956.40848974
4386003513,2,2023_5_36_1_1,2023,5,36,52,1,1,0,0,,,428.22439048
4386003526,2,2023_5_36_1_1,2023,5,36,19,2,-3,0,0,,,943.84030969
4386003531,2,2023_5_36_1_1,2023,5,36,59,1,1,0,0,,,526.1436553
4386003533,2,2023_5_36_1_1,2023,5,36,57,1,4,0,0,,,2107.9996964
4386003548,2,2023_5_36_1_1,2023,5,36,30,2,2,0,1.0000200165,,,1332.1521868
4386003552,2,2023_5_36_1_1,2023,5,36,23,1,4,0,40.000800662,,1,1175.1041508
4386003589,2,2023_5_36_1_1,2023,5,36,58,2,1,0,0,,,1255.2546054
4386003591,2,2023_5_36_1_1,2023,5,36,45,2,2,0,0,,,943.84030969
4386003593,2,2023_5_36_1_1,2023,5,36,39,2,1,0,0,,,2237.136907
4386003594,2,2023_5_36_1_1,2023,5,36,65,2,1,0,0,,,277.0722317
4386003604,2,2023_5_36_1_1,2023,5,36,69,2,1,0,9.0001801489,,,661.02896303
4386003605,2,2023_5_36_1_1,2023,5,36,20,2,1,0,0,,,1255.2546054
4386003607,2,2023_5_36_1_1,2023,5,36,59,2,1,0,0,,,562.03039189
4386003609,2,2023_5_36_1_1,2023,5,36,37,2,1,0,0,,,768.18457708
4386003611,2,2023_5_36_1_1,2023,5,36,73,2,1,0,0,,,661.02896303
4386003617,2,2023_5_36_1_1,2023,5,36,42,1,1,0,0,,,4996.4849694
4386003621,2,2023_5_36_1_1,2023,5,36,28,2,2,0,0,,,2107.9996964
4386003629,2,2023_5_36_1_1,2023,5,36,58,1,3,0,0,1,1,526.1436553
4386003631,2,2023_5_36_1_1,2023,5,36,50,2,1,0,0,,,1175.1041508
4386003643,2,2023_5_36_1_1,2023,5,36,68,1,1,0,0,,,618.8209746
4386003645,2,2023_5_36_1_1,2023,5,36,30,1,1,0,0,,,1175.1041508
4386003646,2,2023_5_36_1_1,2023,5,36,28,2,1,0,0,,,943.84030969
4386003647,2,2023_5_36_1_1,2023,5,36,43,1,3,0,0,,,943.84030969
4386003649,2,2023_5_36_1_1,2023,5,36,57,2,1,0,0,,,295.97052705
4386003654,2,2023_5_36_1_1,2023,5,36,73,2,3,0,0,,,661.02896303
4386003656,2,2023_5_36_1_1,2023,5,36,68,2,1,0.9999799835,0,,,538.00653479
4386003660,2,2023_5_36_1_1,2023,5,36,62,2,1,0,0,,,2107.9996964
4386003661,2,2023_5_36_1_1,2023,5,36,44,2,1,0,0,,,768.18457708
4386003664,2,2023_5_36_1_1,2023,5,36,59,2,1,0,0,,,1175.1041508
4386003669,2,2023_5_36_1_1,2023,5,36,55,2,1,0,0,,,1255.2546054
4386003676,2,2023_5_36_1_1,2023,5,36,65,2,1,0,5.0001000827,,,329.77564579
4386003684,2,2023_5_36_1_1,2023,5,36,49,2,1,0,0,,,4996.4849694
4386003686,2,2023_5_36_1_1,2023,5,36,59,2,1,0,0,,,295.97052705
4386003695,2,2023_5_36_1_1,2023,5,36,62,1,1,0,0,,,526.1436553
4386003705,2,2023_5_36_1_1,2023,5,36,30,1,1,0,0,,,1175.1041508
4386003706,2,2023_5_36_1_1,2023,5,36,64,1,1,0,0,,,2421.547135
4386003707,2,2023_5_36_1_1,2023,5,36,50,2,1,0.9999799835,1.0000200165,,,768.18457708
4386003712,2,2023_5_36_1_1,2023,5,36,61,1,1,0,1.0000200165,,,428.22439048
4386003714,2,2023_5_36_1_1,2023,5,36,62,2,1,0,0,,,538.00653479
4386003717,2,2023_5_36_1_1,2023,5,36,-3,-3,-3,0,0,1,1,526.1436553
4386003725,2,2023_5_36_1_1,2023,5,36,64,2,1,0,0,,,618.8209746
4386003728,2,2023_5_36_1_1,2023,5,36,72,2,1,0,0,,,295.97052705
4386003732,2,2023_5_36_1_1,2023,5,36,67,2,-3,0,0,,,538.00653479
4386003736,2,2023_5_36_1_1,2023,5,36,42,2,1,0.9999799835,5.0001000827,,,943.84030969
4386003742,2,2023_5_36_1_1,2023,5,36,53,1,1,0,0,,,562.03039189
4386003755,2,2023_5_36_1_0,2023,5,36,27,2,1,0,0,,,7340.1434691
4386003768,2,2023_5_36_1_0,2023,5,36,25,2,1,0,0,,,7340.1434691
4386003793,2,2023_5_36_1_0,2023,5,36,61,2,3,0,0,,,8633.069485
4386003798,2,2023_5_36_1_0,2023,5,36,28,2,1,0,0,,,7340.1434691
4386003800,2,2023_5_36_1_0,2023,5,36,61,2,1,0,0,,,6916.4386659
4386003802,2,2023_5_36_1_0,2023,5,36,25,2,1,0,0,,,7340.1434691
4386003806,2,2023_5_36_1_0,2023,5,36,55,1,1,0,0,,,6916.4386659
4386003809,2,2023_5_36_1_0,2023,5,36,71,2,1,0,0,,,3642.2621033
4386003818,2,2023_5_36_1_0,2023,5,36,57,2,1,0,0,,,3642.2621033
4386003822,2,2023_5_36_1_0,2023,5,36,65,2,1,0,0,,,1630.7942536
4386003842,2,2023_5_36_1_0,2023,5,36,73,1,3,0,0,,,5652.6452171
4386003857,2,2023_5_36_1_0,2023,5,36,28,2,1,0,0,,,7340.1434691
4386003858,2,2023_5_36_1_0,2023,5,36,23,2,1,0,0,,,7340.1434691
4386003889,2,2023_5_36_1_0,2023,5,36,72,1,1,0,0,,,8633.069485
4386003893,2,2023_5_36_1_0,2023,5,36,61,1,3,0,0,,,6916.4386659
4386003922,2,2023_5_36_1_0,2023,5,36,55,2,3,0,0,,,16393.684446
4386003924,2,2023_5_36_1_0,2023,5,36,63,2,1,0,0,,,3642.2621033
4386003926,2,2023_5_36_1_0,2023,5,36,9,1,1,0,0,,,19255.608473
4386003929,2,2023_5_36_1_0,2023,5,36,74,2,4,0,0,,,3618.5764352
4386003938,2,2023_5_36_1_0,2023,5,36,35,2,1,0,0,,,12326.599033
4386003974,2,2023_5_36_1_0,2023,5,36,38,1,1,0,0,,,5200.5494219
4386003986,2,2023_5_36_1_0,2023,5,36,78,2,1,0,0,,,3642.2621033
4386003991,2,2023_5_36_1_0,2023,5,36,65,1,1,0,0,,,1630.7942536
4386004005,2,2023_5_36_1_0,2023,5,36,30,1,3,0,0,,,7340.1434691
4386004033,2,2023_5_36_1_0,2023,5,36,60,2,1,0,0,,,4244.0328775
4386004053,2,2023_5_36_1_0,2023,5,36,30,2,4,0,0,,,7340.1434691
4386004072,2,2023_5_36_1_0,2023,5,36,56,1,1,0,0,,,16393.684446
4386004080,2,2023_5_36_1_0,2023,5,36,50,1,1,0,0,,,6916.4386659
4386004082,2,2023_5_36_1_0,2023,5,36,78,1,1,0,0,,,1630.7942536
4386004096,2,2023_5_36_1_0,2023,5,36,68,2,1,0,0,,,1630.7942536
4386004102,2,2023_5_36_1_0,2023,5,36,58,1,3,0,0,,,3096.781097
4386004135,2,2023_5_36_1_0,2023,5,36,27,2,1,0,0,,,7340.1434691
4386004139,2,2023_5_36_1_0,2023,5,36,13,1,-3,0,0,,,5200.5494219
4386004152,2,2023_5_36_1_0,2023,5,36,90,1,1,0,0,,,2501.5536424
4386004158,2,2023_5_36_1_0,2023,5,36,85,2,1,0,0,,,2384.8314315
4386004181,2,2023_5_36_1_0,2023,5,36,55,2,4,0,0,,,5200.5494219
4386004202,2,2023_5_36_1_0,2023,5,36,20,1,1,0,0,,,6871.4609938
4386004208,2,2023_5_36_1_0,2023,5,36,54,2,3,0,0,,,3865.3890653
4386004217,2,2023_5_36_1_0,2023,5,36,32,1,1,0,0,,,3096.781097
4386004219,2,2023_5_36_1_0,2023,5,36,50,1,1,0,0,1,1,3096.781097
4386004227,2,2023_5_36_1_0,2023,5,36,-3,-3,-3,0,0,1,1,3618.5764352
4386004242,2,2023_5_36_1_0,2023,5,36,50,2,3,0,0,,,5200.5494219
4386004244,2,2023_5_36_1_0,2023,5,36,26,1,1,4.9998999173,5.0001000827,,,6916.4386659
4386004261,2,2023_5_36_1_0,2023,5,36,65,2,4,0,0,,,1526.6648601
4386004269,2,2023_5_36_1_0,2023,5,36,65,1,3,0,0,1,1,8633.069485
4386004289,2,2023_5_36_1_0,2023,5,36,37,1,1,0,0,,,7340.1434691
4386004316,2,2023_5_36_1_0,2023,5,36,52,1,5,0,0,,,11615.054464
4386004327,2,2023_5_36_1_0,2023,5,36,66,1,2,0,0,,,6491.3037891
4386004333,2,2023_5_36_1_0,2023,5,36,59,2,3,0,0,,,2092.2421238
4386004340,2,2023_5_36_1_0,2023,5,36,44,2,1,0,0,,,5200.5494219
4386004378,2,2023_5_36_1_0,2023,5,36,85,2,3,0,0,,,8633.069485
4386004395,2,2023_5_36_1_0,2023,5,36,58,1,3,0,0,,,7340.1434691
4386004422,2,2023_5_36_1_0,2023,5,36,35,2,4,0,0,,,7340.1434691
4386004431,2,2023_5_36_1_0,2023,5,36,20,1,3,0,0,,,18026.10032
4386004438,2,2023_5_36_1_0,2023,5,36,80,1,1,0,0,,,3865.3890653
4386004442,2,2023_5_36_1_0,2023,5,36,25,2,4,0,0,,,7340.1434691
4386004454,2,2023_5_36_1_0,2023,5,36,36,1,1,0,0,,,3865.3890653
4386004465,2,2023_5_36_1_0,2023,5,36,32,2,1,0,0,,,7340.1434691
4386004510,2,2023_5_36_1_0,2023,5,36,37,1,1,0,0,,,12326.599033
4386004518,2,2023_5_36_1_0,2023,5,36,24,2,1,0,0,,,8633.069485
4386004522,2,2023_5_36_1_0,2023,5,36,32,2,1,0,0,,,11615.054464
4386004529,2,2023_5_36_1_0,2023,5,36,73,1,1,0,0,,,2384.8314315
4386004579,2,2023_5_36_1_0,2023,5,36,66,2,1,0,0,,,3642.2621033
4386004581,2,2023_5_36_1_0,2023,5,36,75,1,1,0,0,,,8633.069485
4386004593,2,2023_5_36_1_0,2023,5,36,82,1,1,0,0,,,3642.2621033
4386004594,2,2023_5_36_1_0,2023,5,36,50,2,1,0,0,,,3409.6965649
4386004608,2,2023_5_36_1_0,2023,5,36,50,1,1,0,0,,,11615.054464
4386004609,2,2023_5_36_1_0,2023,5,36,39,2,1,0,0,,,11615.054464
4386004611,2,2023_5_36_1_0,2023,5,36,38,2,4,0,0,,,3096.781097
4386004626,2,2023_5_36_1_0,2023,5,36,50,2,1,0,0,,,11615.054464
4386004639,2,2023_5_36_1_0,2023,5,36,72,2,4,0,0,,,3409.6965649
4386004640,2,2023_5_36_1_0,2023,5,36,22,1,1,0,0,,,2899.0455846
4386004653,2,2023_5_36_1_0,2023,5,36,40,1,1,0,0,,,5200.5494219
4386004662,2,2023_5_36_1_0,2023,5,36,50,2,2,0,0,,,3642.2621033
4386004666,2,2023_5_36_1_0,2023,5,36,13,1,3,0,0,1,1,13167.360692
4386004671,2,2023_5_36_1_0,2023,5,36,17,1,3,0,0,,,13167.360692
4386004694,2,2023_5_36_1_0,2023,5,36,18,2,3,0,0,,,6871.4609938
4386004703,2,2023_5_36_1_0,2023,5,36,59,2,2,0,0,,,8081.8311622
4386004707,2,2023_5_36_1_0,2023,5,36,24,1,2,0,0,,,6871.4609938
4386004733,2,2023_5_36_1_0,2023,5,36,45,1,2,0,0,,,3618.5764352
4386004741,2,2023_5_36_1_0,2023,5,36,58,1,3,0,0,,,11615.054464
4386004755,2,2023_5_36_1_0,2023,5,36,-3,1,3,0,0,,,8493.9428287
4386004775,2,2023_5_36_1_0,2023,5,36,62,2,2,0,0,,,15346.915723
4386004779,2,2023_5_36_1_0,2023,5,36,46,1,3,0,0,,,12326.599033
4386004788,2,2023_5_36_1_0,2023,5,36,48,2,3,0,0,,,6871.4609938
4386004826,2,2023_5_36_1_0,2023,5,36,50,1,3,0,0,,,8633.069485
4386004844,2,2023_5_36_1_0,2023,5,36,60,1,2,0,0,,,6474.8105687
4386004867,2,2023_5_36_1_0,2023,5,36,47,1,3,0,0,,,6871.4609938
4386004871,2,2023_5_36_1_0,2023,5,36,49,2,3,0,0,,,6871.4609938
4386004877,2,2023_5_36_1_0,2023,5,36,89,2,3,0,0,,,8081.8311622
4386004881,2,2023_5_36_1_0,2023,5,36,61,1,4,0,0,,,3096.781097
4386004899,2,2023_5_36_1_0,2023,5,36,30,2,-3,0,0,1,,6871.4609938
4386004915,2,2023_5_36_1_0,2023,5,36,25,2,3,0,0,,,16393.684446
4386004927,2,2023_5_36_1_0,2023,5,36,72,2,1,0,0,,,3642.2621033
4386004929,2,2023_5_36_1_0,2023,5,36,38,1,3,0,0,,,3409.6965649
4386004940,2,2023_5_36_1_0,2023,5,36,86,2,4,0,0,,,3642.2621033
4386004945,2,2023_5_36_1_0,2023,5,36,67,2,1,0,0,,,1630.7942536
4386004948,2,2023_5_36_1_0,2023,5,36,76,2,3,0,6.0001200992,,,8633.069485
4386004962,2,2023_5_36_1_0,2023,5,36,71,2,1,0,0,,,3642.2621033
4386004971,2,2023_5_36_1_0,2023,5,36,50,2,2,0,0,,,12326.599033
4386005043,2,2023_5_36_1_0,2023,5,36,55,1,4,0,0,,,6474.8105687
4386005052,2,2023_5_36_1_0,2023,5,36,21,1,2,0,0,,,2899.0455846
4386005056,2,2023_5_36_1_0,2023,5,36,43,2,1,0.9999799835,0,,,5200.5494219
4386005068,2,2023_5_36_1_0,2023,5,36,-3,-3,-3,0,0,,,14690.45146
4386005084,2,2023_5_36_1_0,2023,5,36,-3,2,3,0,0,1,1,3268.3301419
4386005098,2,2023_5_36_1_0,2023,5,36,51,1,3,0,0,,,11615.054464
4386005119,2,2023_5_36_1_0,2023,5,36,16,2,2,0,0,,,12407.283727
4386005120,2,2023_5_36_1_0,2023,5,36,45,2,1,0,0,,,3096.781097
4386005129,2,2023_5_36_1_0,2023,5,36,-3,-3,-3,0,0,1,1,1630.7942536
4386005130,2,2023_5_36_1_0,2023,5,36,44,2,1,0,0,,,5200.5494219
4386005143,2,2023_5_36_1_0,2023,5,36,73,2,1,0,0,,,3642.2621033
4386005145,2,2023_5_36_1_0,2023,5,36,61,2,1,0,0,,,2899.0455846
4386005157,2,2023_5_36_1_0,2023,5,36,61,2,1,0,0,,,2126.9100941
4386005158,2,2023_5_36_1_0,2023,5,36,74,2,4,0,0,,,6116.5976807
4386005161,2,2023_5_36_1_0,2023,5,36,59,2,1,0,0,,,3642.2621033
4386005162,2,2023_5_36_1_0,2023,5,36,42,1,1,0,0,,,27530.57562
4386005163,2,2023_5_36_1_0,2023,5,36,38,1,1,0,0,,,5200.5494219
4386005167,2,2023_5_36_1_0,2023,5,36,43,1,1,0,0,,,5200.5494219
4386005171,2,2023_5_36_1_0,2023,5,36,36,2,3,0,0,,,12326.599033
4386005181,2,2023_5_36_1_0,2023,5,36,73,1,1,0,0,,,3642.2621033
4386005183,2,2023_5_36_1_0,2023,5,36,-3,2,-3,0,0,,,6197.8505705
4386005191,2,2023_5_36_1_0,2023,5,36,71,2,1,0,0,,,3642.2621033
4386005196,2,2023_5_36_1_0,2023,5,36,55,1,1,0,0,,,6474.8105687
4386005200,2,2023_5_36_1_0,2023,5,36,50,1,1,0,0,,,5200.5494219
4386005203,2,2023_5_36_1_0,2023,5,36,68,2,1,0,0,,,3642.2621033
4386005215,2,2023_5_36_1_0,2023,5,36,17,1,4,0,0,,,5555.2638527
4386005226,2,2023_5_36_1_0,2023,5,36,40,2,2,0,0,,,2738.6585771
4386005248,2,2023_5_36_1_0,2023,5,36,60,2,1,0,0,,,6916.4386659
4386005261,2,2023_5_36_1_0,2023,5,36,74,2,1,0,0,,,3642.2621033
4386005264,2,2023_5_36_1_0,2023,5,36,81,1,1,0,0,,,3409.6965649
4386005267,2,2023_5_36_1_0,2023,5,36,66,2,1,0,0,,,3642.2621033
4386005269,2,2023_5_36_1_0,2023,5,36,68,1,1,0,0,,,3642.2621033
4386005271,2,2023_5_36_1_0,2023,5,36,52,2,1,0,0,,,5200.5494219
4386005273,2,2023_5_36_1_0,2023,5,36,45,2,1,0,0,,,11615.054464
4386005274,2,2023_5_36_1_0,2023,5,36,45,2,1,0,0,,,5200.5494219
4386005277,2,2023_5_36_1_0,2023,5,36,38,1,1,0,0,,,2126.9100941
4386005285,2,2023_5_36_1_0,2023,5,36,13,2,3,0,0,,,5200.5494219
4386005286,2,2023_5_36_1_0,2023,5,36,57,2,1,0,0,,,6474.8105687
4386005287,2,2023_5_36_1_0,2023,5,36,43,2,1,0,0,,,5200.5494219
4386005309,2,2023_5_36_1_0,2023,5,36,50,1,1,0,0,,,5200.5494219
4386005311,2,2023_5_36_1_0,2023,5,36,57,1,4,0,0,,,6871.4609938
4386005317,2,2023_5_36_1_0,2023,5,36,65,2,1,0,0,,,1630.7942536
4386005327,2,2023_5_36_1_0,2023,5,36,62,2,1,0,0,,,6916.4386659
4386005328,2,2023_5_36_1_0,2023,5,36,49,2,4,0,0,,,11615.054464
4386005337,2,2023_5_36_1_0,2023,5,36,49,1,1,0,0,,,11615.054464
4386005338,2,2023_5_36_1_0,2023,5,36,61,2,1,0,0,,,6916.4386659
4386005339,2,2023_5_36_1_0,2023,5,36,76,2,1,0,0,,,3642.2621033
4386005351,2,2023_5_36_1_0,2023,5,36,67,2,1,0,0,,,3642.2621033
4386005361,2,2023_5_36_1_0,2023,5,36,39,2,1,0,0,,,5200.5494219
4386005364,2,2023_5_36_1_0,2023,5,36,48,2,3,0,0,,,6474.8105687
4386005365,2,2023_5_36_1_0,2023,5,36,55,1,1,0,0,,,11615.054464
4386005373,2,2023_5_36_1_0,2023,5,36,26,2,4,0,0,,,1526.6648601
4386005384,2,2023_5_36_1_0,2023,5,36,37,1,5,0,0,,,3865.3890653
4386005389,2,2023_5_36_1_0,2023,5,36,70,1,1,0,0,,,3642.2621033
4386005398,2,2023_5_36_1_0,2023,5,36,66,1,1,0,0,,,3642.2621033
4386005404,2,2023_5_36_1_0,2023,5,36,15,1,3,0,0,,,12326.599033
4386005406,2,2023_5_36_1_0,2023,5,36,40,2,1,0,0,,,5200.5494219
4386005410,2,2023_5_36_1_0,2023,5,36,74,2,3,0,0,1,1,1630.7942536
4386005415,2,2023_5_36_1_0,2023,5,36,64,1,1,0,0,,,3096.781097
4386005435,2,2023_5_36_1_0,2023,5,36,75,2,1,0,0,,,3642.2621033
4386005438,2,2023_5_36_1_0,2023,5,36,45,1,1,0,0,,,5200.5494219
4386005445,2,2023_5_36_1_0,2023,5,36,58,1,1,0,0,,,6474.8105687
4386005461,2,2023_5_36_1_0,2023,5,36,75,1,1,0,0,,,3642.2621033
4386005465,2,2023_5_36_1_0,2023,5,36,41,1,1,0,0,,,5200.5494219
4386005468,2,2023_5_36_1_0,2023,5,36,28,2,5,0,0,,,7340.1434691
4386005473,2,2023_5_36_1_0,2023,5,36,52,2,1,0,0,,,11615.054464
4386005476,2,2023_5_36_1_0,2023,5,36,57,1,3,0,0,,,3642.2621033
4386005492,2,2023_5_36_1_0,2023,5,36,45,1,1,0,0,,,5200.5494219
4386005498,2,2023_5_36_1_0,2023,5,36,81,1,3,0,0,,,1630.7942536
4386005500,2,2023_5_36_1_0,2023,5,36,40,1,1,0,0,,,1048.5335578
4386005503,2,2023_5_36_1_0,2023,5,36,35,1,1,0,0,,,3096.781097
4386005506,2,2023_5_36_1_0,2023,5,36,38,2,3,0,0,,,7340.1434691
4386005509,2,2023_5_36_1_0,2023,5,36,61,2,1,0,0,,,6916.4386659
4386005517,2,2023_5_36_1_0,2023,5,36,40,1,4,0,0,,,5200.5494219
4386005519,2,2023_5_36_1_0,2023,5,36,72,2,1,0,0,,,8633.069485
4386005526,2,2023_5_36_1_0,2023,5,36,81,1,4,0,0,1,1,3642.2621033
4386005538,2,2023_5_36_1_0,2023,5,36,78,1,1,0,0,,,1630.7942536
4386005539,2,2023_5_36_1_0,2023,5,36,59,2,1,0,0,,,3642.2621033
4386005541,2,2023_5_36_1_0,2023,5,36,48,1,1,0,0,,,6871.4609938
4386005543,2,2023_5_36_1_0,2023,5,36,80,2,1,0,0,,,3642.2621033
4386005548,2,2023_5_36_1_0,2023,5,36,-3,1,2,0,0,,,2597.8472735
4386005549,2,2023_5_36_1_0,2023,5,36,35,2,1,0,0,,,11615.054464
4386005551,2,2023_5_36_1_0,2023,5,36,49,2,1,0,0,,,3096.781097
4386005558,2,2023_5_36_1_0,2023,5,36,72,1,2,0,0,,,3409.6965649
4386005560,2,2023_5_36_1_0,2023,5,36,56,1,1,0,0,,,11615.054464
4386005573,2,2023_5_36_1_0,2023,5,36,55,2,1,0,0,,,2899.0455846
4386005574,2,2023_5_36_1_0,2023,5,36,36,2,1,0,0,,,11615.054464
4386005581,2,2023_5_36_1_0,2023,5,36,60,1,1,0,0,,,6916.4386659
4386005593,2,2023_5_36_1_0,2023,5,36,2,1,3,0,0,,,5555.2638527
4386005596,2,2023_5_36_1_0,2023,5,36,33,1,2,0,0,,,1526.6648601
4386005597,2,2023_5_36_1_0,2023,5,36,49,1,3,0,0,,,5200.5494219
4386005605,2,2023_5_36_1_0,2023,5,36,57,2,1,0,0,,,3642.2621033
4386005606,2,2023_5_36_1_0,2023,5,36,67,2,1,0,0,,,3409.6965649
4386005607,2,2023_5_36_1_0,2023,5,36,-3,1,1,0,0,,,3642.2621033
4386005608,2,2023_5_36_1_0,2023,5,36,29,1,4,0,0,,,3096.781097
4386005616,2,2023_5_36_1_0,2023,5,36,20,1,1,0,0,,,6474.8105687
4386005622,2,2023_5_36_1_0,2023,5,36,53,2,1,0,0,,,3096.781097
4386005624,2,2023_5_36_1_0,2023,5,36,73,1,1,0,0,,,3642.2621033
4386005625,2,2023_5_36_1_0,2023,5,36,43,2,4,0,0,,,5200.5494219
4386005633,2,2023_5_36_1_0,2023,5,36,29,1,1,0,0,,,6916.4386659
4386005635,2,2023_5_36_1_0,2023,5,36,67,2,1,0,0,,,3409.6965649
4386005637,2,2023_5_36_1_0,2023,5,36,37,2,1,0,0,,,5200.5494219
4386005680,2,2023_5_36_1_0,2023,5,36,23,1,1,0,0,,,7340.1434691
4386005681,2,2023_5_36_1_0,2023,5,36,90,2,1,0,0,,,8633.069485
4386005689,2,2023_5_36_1_0,2023,5,36,80,2,3,0,0,,,3865.3890653
4386005695,2,2023_5_36_1_0,2023,5,36,35,2,3,0,0,,,6916.4386659
4386005700,2,2023_5_36_1_0,2023,5,36,34,2,1,0,0,,,7340.1434691
4386005710,2,2023_5_36_1_0,2023,5,36,68,1,2,0,0,,,8633.069485
4386005712,2,2023_5_36_1_0,2023,5,36,-3,1,1,0,0,1,1,7340.1434691
4386005715,2,2023_5_36_1_0,2023,5,36,59,2,4,0,0,,,6871.4609938
4386005726,2,2023_5_36_1_0,2023,5,36,28,2,1,0,0,,,6871.4609938
4386005759,2,2023_5_36_1_0,2023,5,36,30,2,1,0,0,,,7340.1434691
4386005763,2,2023_5_36_1_0,2023,5,36,31,2,5,0,0,,,7340.1434691
4386005765,2,2023_5_36_1_0,2023,5,36,62,1,1,0,0,,,5200.5494219
4386005779,2,2023_5_36_1_0,2023,5,36,13,2,2,0,0,,,13167.360692
4386005794,2,2023_5_36_1_0,2023,5,36,75,1,2,0,0,,,3409.6965649
4386005796,2,2023_5_36_1_0,2023,5,36,70,2,2,0,0,,,6491.3037891
4386005797,2,2023_5_36_1_0,2023,5,36,71,1,3,0,0,,,3409.6965649
4386005815,2,2023_5_36_1_0,2023,5,36,54,1,4,0,0,,,11615.054464
4386005816,2,2023_5_36_1_0,2023,5,36,84,2,1,0,0,,,3642.2621033
4386005819,2,2023_5_36_1_0,2023,5,36,74,2,1,0,0,,,3642.2621033
4386005822,2,2023_5_36_1_0,2023,5,36,55,1,4,0,0,,,3096.781097
4386005831,2,2023_5_36_1_0,2023,5,36,65,1,3,0,0,,,3642.2621033
4386005862,2,2023_5_36_1_0,2023,5,36,25,1,2,0,0,,,2899.0455846
4386005871,2,2023_5_36_1_0,2023,5,36,28,2,4,0,0,,,7340.1434691
4386005872,2,2023_5_36_1_0,2023,5,36,38,2,1,0,0,,,27530.57562
4386005874,2,2023_5_36_1_0,2023,5,36,74,2,3,0,0,,,1630.7942536
4386005879,2,2023_5_36_1_0,2023,5,36,22,2,3,0,0,,,6871.4609938
4386005886,2,2023_5_36_1_0,2023,5,36,-3,2,-3,0,0,1,1,8633.069485
4386005900,2,2023_5_36_1_0,2023,5,36,5,2,3,0,0,,,12326.599033
4386005923,2,2023_5_36_1_0,2023,5,36,10,1,4,0,0,,,5200.5494219
4386005931,2,2023_5_36_1_0,2023,5,36,53,1,3,0,0,,,12326.599033
4386005941,2,2023_5_36_1_0,2023,5,36,70,1,1,0,0,,,1630.7942536
4386005957,2,2023_5_36_1_0,2023,5,36,71,1,2,0,0,,,1526.6648601
4386005958,2,2023_5_36_1_0,2023,5,36,-3,-3,-3,0,0,,,5802.1057246
4386005959,2,2023_5_36_1_0,2023,5,36,72,2,1,0,0,,,3409.6965649
4386005968,2,2023_5_36_1_0,2023,5,36,51,1,1,1.9999599669,3.0000600496,,,11615.054464
4386005975,2,2023_5_36_1_0,2023,5,36,26,1,1,0,0,,,15918.036011
4386005979,2,2023_5_36_1_0,2023,5,36,26,1,3,0,0,1,1,3865.3890653
4386005995,2,2023_5_36_1_0,2023,5,36,-3,-3,-3,0,0,1,1,13752.437485
4386006030,2,2023_5_36_1_0,2023,5,36,18,2,3,0,0,,,12326.599033
4386006045,2,2023_5_36_1_0,2023,5,36,58,2,4,0,0,,,6871.4609938
4386006046,2,2023_5_36_1_0,2023,5,36,30,1,4,0,0,,,10048.647229
4386006055,2,2023_5_36_1_0,2023,5,36,77,2,1,0,0,,,3642.2621033
4386006058,2,2023_5_36_1_0,2023,5,36,-3,-3,-3,0,0,1,1,2899.0455846
4386006071,2,2023_5_36_1_0,2023,5,36,50,2,1,0,0,,,5200.5494219
4386006077,2,2023_5_36_1_0,2023,5,36,65,2,1,0,0,,,1526.6648601
4386006084,2,2023_5_36_1_0,2023,5,36,26,1,4,0,0,,,6474.8105687
4386006085,2,2023_5_36_1_0,2023,5,36,78,2,1,0,0,,,3642.2621033
4386006086,2,2023_5_36_1_0,2023,5,36,31,-3,1,0,0,,,7340.1434691
4386006093,2,2023_5_36_1_0,2023,5,36,13,1,1,0,0,,,5555.2638527
4386006110,2,2023_5_36_1_0,2023,5,36,26,1,1,0,4.0000800662,,,7340.1434691
4386006134,2,2023_5_36_1_0,2023,5,36,60,1,4,0,0,,,15346.915723
4386006137,2,2023_5_36_1_0,2023,5,36,31,2,1,0,0,,,7340.1434691
4386006140,2,2023_5_36_1_0,2023,5,36,27,1,1,0,0,,,6474.8105687
4386006151,2,2023_5_36_1_0,2023,5,36,51,2,1,0,0,,,15346.915723
4386006162,2,2023_5_36_1_0,2023,5,36,63,2,1,0,0,,,6116.5976807
4386006165,2,2023_5_36_1_0,2023,5,36,70,2,1,0,0,,,5652.6452171
4386006200,2,2023_5_36_1_0,2023,5,36,57,2,1,0,0,,,7340.1434691
4386006204,2,2023_5_36_1_0,2023,5,36,24,2,3,0,0,,,1526.6648601
4386006205,2,2023_5_36_1_0,2023,5,36,41,1,3,0,0,,,12326.599033
4386006206,2,2023_5_36_1_0,2023,5,36,46,2,4,0,0,,,11615.054464
4386006210,2,2023_5_36_1_0,2023,5,36,26,1,5,0,0,,,7340.1434691
4386006225,2,2023_5_36_1_0,2023,5,36,26,2,1,0,0,,,7340.1434691
4386006230,2,2023_5_36_1_0,2023,5,36,31,2,1,0,0,,,7340.1434691
4386006233,2,2023_5_36_1_0,2023,5,36,38,1,1,0,0,,,3096.781097
4386006237,2,2023_5_36_1_0,2023,5,36,36,1,1,0,0,,,7340.1434691
4386006245,2,2023_5_36_1_0,2023,5,36,42,2,4,0,0,,,12326.599033
4386006260,2,2023_5_36_1_0,2023,5,36,29,2,1,0,0,,,16393.684446
4386006263,2,2023_5_36_1_0,2023,5,36,84,1,1,0,0,,,3865.3890653
4386006277,2,2023_5_36_1_0,2023,5,36,60,2,1,0,0,,,3865.3890653
4386006301,2,2023_5_36_1_0,2023,5,36,38,2,1,0,0,,,7340.1434691
4386006310,2,2023_5_36_1_0,2023,5,36,62,1,2,0,0,,,6871.4609938
4386006318,2,2023_5_36_1_0,2023,5,36,-3,-3,-3,0,0,1,1,15346.915723
4386006324,2,2023_5_36_1_0,2023,5,36,66,2,2,0,0,,,3642.2621033
4386006327,2,2023_5_36_1_0,2023,5,36,37,1,1,0,0,,,6871.4609938
4386006329,2,2023_5_36_1_0,2023,5,36,66,2,2,0,0,,,8081.8311622
4386006333,2,2023_5_36_1_0,2023,5,36,50,1,1,0,0,,,5200.5494219
4386006337,2,2023_5_36_1_0,2023,5,36,35,1,1,0,0,,,7340.1434691
4386006351,2,2023_5_36_1_0,2023,5,36,21,1,3,0,0,,,6916.4386659
4386006354,2,2023_5_36_1_0,2023,5,36,59,1,1,0,0,,,16393.684446
4386006362,2,2023_5_36_1_0,2023,5,36,51,1,1,0,0,,,16393.684446
4386006363,2,2023_5_36_1_0,2023,5,36,96,1,1,0,0,1,1,3642.2621033
4386006366,2,2023_5_36_1_0,2023,5,36,72,1,1,0,0,,,3642.2621033
4386006367,2,2023_5_36_1_0,2023,5,36,30,2,1,0,0,,,7340.1434691
4386006384,2,2023_5_36_1_0,2023,5,36,60,1,1,0,0,,,6474.8105687
4386006397,2,2023_5_36_1_0,2023,5,36,76,1,1,0,0,,,1526.6648601
4386006413,2,2023_5_36_1_0,2023,5,36,71,1,1,0,0,,,3865.3890653
4386006422,2,2023_5_36_1_0,2023,5,36,60,1,2,0,0,,,16393.684446
4386006447,2,2023_5_36_1_0,2023,5,36,15,2,2,0,0,,,5555.2638527
4386006451,2,2023_5_36_1_0,2023,5,36,42,1,2,0,0,,,3096.781097
4386006463,2,2023_5_36_1_0,2023,5,36,62,2,1,0,0,1,1,1120.0509984
4386006474,2,2023_5_36_1_0,2023,5,36,73,1,1,0,0,,,3642.2621033
4386006479,2,2023_5_36_1_0,2023,5,36,28,2,1,0,0,1,1,3096.781097
4386006481,2,2023_5_36_1_0,2023,5,36,75,1,1,0,0,,,1630.7942536
4386006482,2,2023_5_36_1_0,2023,5,36,78,2,1,0,0,,,3642.2621033
4386006490,2,2023_5_36_1_0,2023,5,36,67,1,1,0,0,,,6491.3037891
4386006493,2,2023_5_36_1_0,2023,5,36,58,1,3,0,0,,,7340.1434691
4386006500,2,2023_5_36_1_0,2023,5,36,55,1,1,0,0,,,12326.599033
4386006535,2,2023_5_36_1_0,2023,5,36,53,2,3,0,0,,,6871.4609938
4386006539,2,2023_5_36_1_0,2023,5,36,42,1,1,0,0,,,5200.5494219
4386006545,2,2023_5_36_1_0,2023,5,36,13,2,1,0,0,,,5200.5494219
4386006549,2,2023_5_36_1_0,2023,5,36,-3,2,-3,0,0,,,11557.59952
4386006553,2,2023_5_36_1_0,2023,5,36,-3,2,-3,0,0,,,6871.4609938
4386006561,2,2023_5_36_1_0,2023,5,36,29,2,1,0,0,,,7340.1434691
4386006563,2,2023_5_36_1_0,2023,5,36,24,2,4,0,0,,,7340.1434691
4386006571,2,2023_5_36_1_0,2023,5,36,67,2,4,0,0,,,3865.3890653
4386006591,2,2023_5_36_1_0,2023,5,36,9,2,1,0,0,,,6491.3037891
4386006596,2,2023_5_36_1_0,2023,5,36,90,2,4,0,0,,,3642.2621033
4386006602,2,2023_5_36_1_0,2023,5,36,54,1,4,0,0,,,11615.054464
4386006623,2,2023_5_36_1_0,2023,5,36,91,2,4,0,0,,,3409.6965649
4386006631,2,2023_5_36_1_0,2023,5,36,72,1,4,0,0,,,3642.2621033
4386006633,2,2023_5_36_1_0,2023,5,36,51,2,3,0,0,,,7340.1434691
4386006640,2,2023_5_36_1_0,2023,5,36,59,1,1,0,0,,,3096.781097
4386006643,2,2023_5_36_1_0,2023,5,36,31,-3,-3,0,0,1,1,3096.781097
4386006644,2,2023_5_36_1_0,2023,5,36,48,2,4,0,0,,,7340.1434691
4386006647,2,2023_5_36_1_0,2023,5,36,69,1,1,0,0,,,1526.6648601
4386006649,2,2023_5_36_1_0,2023,5,36,72,1,1,0,0,,,8633.069485
4386006651,2,2023_5_36_1_0,2023,5,36,70,2,4,0.9999799835,2.0000400331,,,3865.3890653
4386006661,2,2023_5_36_1_0,2023,5,36,78,1,1,0,0,,,1630.7942536
4386006666,2,2023_5_36_1_0,2023,5,36,34,1,4,0,0,,,3096.781097
4386006669,2,2023_5_36_1_0,2023,5,36,65,1,1,0,0,,,3409.6965649
4386006670,2,2023_5_36_1_0,2023,5,36,76,2,4,0,0,,,3268.3301419
4386006671,2,2023_5_36_1_0,2023,5,36,58,1,1,0,0,,,2899.0455846
4386006680,2,2023_5_36_1_0,2023,5,36,41,1,4,0,0,,,5200.5494219
4386006684,2,2023_5_36_1_0,2023,5,36,51,2,4,0,0,,,2899.0455846
4386006691,2,2023_5_36_1_0,2023,5,36,75,1,1,0,0,,,1630.7942536
4386006702,2,2023_5_36_1_0,2023,5,36,36,2,2,0,0,,,12326.599033
4386006709,2,2023_5_36_1_0,2023,5,36,72,1,1,0,0,,,8633.069485
4386006710,2,2023_5_36_1_0,2023,5,36,70,2,4,0,0,,,1630.7942536
4386006711,2,2023_5_36_1_0,2023,5,36,79,2,3,0,0,,,2384.8314315
4386006713,2,2023_5_36_1_0,2023,5,36,77,1,1,0,0,,,1630.7942536
4386006721,2,2023_5_36_1_0,2023,5,36,68,2,4,0,0,,,1630.7942536
4386006751,2,2023_5_36_1_0,2023,5,36,31,1,4,0,0,,,1526.6648601
4386006754,2,2023_5_36_1_0,2023,5,36,63,1,3,0.9999799835,1.0000200165,,,3973.0431015
4386006755,2,2023_5_36_1_0,2023,5,36,85,1,2,0,0,,,1630.7942536
4386006767,2,2023_5_36_1_0,2023,5,36,21,2,3,0,3.0000600496,,,2899.0455846
4386006769,2,2023_5_36_1_0,2023,5,36,47,2,4,0,0,,,11615.054464
4386006787,2,2023_5_36_1_0,2023,5,36,46,1,2,0,0,,,27530.57562
4386006796,2,2023_5_36_1_0,2023,5,36,45,2,3,0,0,,,3618.5764352
4386006799,2,2023_5_36_1_0,2023,5,36,86,2,4,0,0,,,3618.5764352
4386006802,2,2023_5_36_1_0,2023,5,36,41,2,4,0,0,,,12326.599033
4386006804,2,2023_5_36_1_0,2023,5,36,63,2,4,0,0,,,6871.4609938
4386006821,2,2023_5_36_1_0,2023,5,36,62,2,4,0,0,,,3096.781097
4386006826,2,2023_5_36_1_0,2023,5,36,38,2,4,0,0,,,7340.1434691
4386006827,2,2023_5_36_1_0,2023,5,36,41,1,4,0,0,,,16393.684446
4386006841,2,2023_5_36_1_0,2023,5,36,69,1,4,0,0,,,3618.5764352
4386006856,2,2023_5_36_1_0,2023,5,36,48,2,4,0,0,,,11615.054464
4386006861,2,2023_5_36_1_0,2023,5,36,17,1,3,0,0,,,29408.356537
4386006882,2,2023_5_36_1_0,2023,5,36,55,2,3,0,0,,,5200.5494219
4386006891,2,2023_5_36_1_0,2023,5,36,60,2,1,0,0,,,6474.8105687
4386006912,2,2023_5_36_1_0,2023,5,36,46,2,4,0,0,,,5200.5494219
4386006915,2,2023_5_36_1_0,2023,5,36,61,2,3,0,0,,,3865.3890653
4386006973,2,2023_5_36_1_0,2023,5,36,66,1,1,0,0,1,1,1526.6648601
4386006985,2,2023_5_36_1_0,2023,5,36,59,2,4,0,0,,,2899.0455846
4386006990,2,2023_5_36_1_0,2023,5,36,-3,-3,-3,0,0,1,1,6474.8105687
4386007011,2,2023_5_36_1_0,2023,5,36,64,1,2,0,0,,,2899.0455846
4386007028,2,2023_5_36_1_0,2023,5,36,46,2,1,0,0,,,2738.6585771
4386007029,2,2023_5_36_1_0,2023,5,36,-3,-3,-3,0,0,,,3897.5030752
4386007036,2,2023_5_36_1_0,2023,5,36,24,1,2,0,0,,,3618.5764352
4386007087,2,2023_5_36_1_0,2023,5,36,48,1,2,0,0,,,3642.2621033
4386007113,2,2023_5_36_1_0,2023,5,36,48,1,3,0,0,,,5200.5494219
4386007114,2,2023_5_36_1_0,2023,5,36,79,2,1,0,0,,,3642.2621033
4386007116,2,2023_5_36_1_0,2023,5,36,40,2,4,0,0,,,1526.6648601
4386007119,2,2023_5_36_1_0,2023,5,36,65,2,1,0,0,,,3642.2621033
4386007121,2,2023_5_36_1_0,2023,5,36,59,1,1,0,0,,,11615.054464
4386007122,2,2023_5_36_1_0,2023,5,36,59,2,1,0,0,,,1630.7942536
4386007128,2,2023_5_36_1_0,2023,5,36,-3,-3,-3,0,0,1,1,1526.6648601
4386007129,2,2023_5_36_1_0,2023,5,36,54,1,1,0,0,,,6474.8105687
4386007136,2,2023_5_36_1_0,2023,5,36,71,2,1,0,0,,,2341.8245638
4386007142,2,2023_5_36_1_0,2023,5,36,29,1,2,0,0,,,3096.781097
4386007151,2,2023_5_36_1_0,2023,5,36,51,1,1,0,0,,,6474.8105687
4386007153,2,2023_5_36_1_0,2023,5,36,50,2,4,0,0,,,11615.054464
4386007156,2,2023_5_36_1_0,2023,5,36,42,1,3,0,0,,,11615.054464
4386007160,2,2023_5_36_1_0,2023,5,36,-3,1,1,0,0,,,6197.8505705
4386007163,2,2023_5_36_1_0,2023,5,36,66,1,1,0,0,,,3642.2621033
4386007165,2,2023_5_36_1_0,2023,5,36,51,2,1,0,0,,,5200.5494219
4386007167,2,2023_5_36_1_0,2023,5,36,31,2,1,0,0,,,3096.781097
4386007181,2,2023_5_36_1_0,2023,5,36,43,1,1,0,0,,,2738.6585771
4386007204,2,2023_5_36_1_0,2023,5,36,-3,-3,-3,0,0,1,1,8081.8311622
4386007206,2,2023_5_36_1_0,2023,5,36,64,2,1,0,0,,,3642.2621033
4386007210,2,2023_5_36_1_0,2023,5,36,85,1,1,0,0,,,3642.2621033
4386007214,2,2023_5_36_1_0,2023,5,36,54,2,1,0,0,,,11615.054464
4386007215,2,2023_5_36_1_0,2023,5,36,76,1,1,0,0,,,1630.7942536
4386007218,2,2023_5_36_1_0,2023,5,36,38,2,4,0,0,,,6474.8105687
4386007227,2,2023_5_36_1_0,2023,5,36,35,1,1,0,0,,,10048.647229
4386007230,2,2023_5_36_1_0,2023,5,36,55,2,1,0,0,,,6916.4386659
4386007233,2,2023_5_36_1_0,2023,5,36,37,2,1,0,0,,,2738.6585771
4386007236,2,2023_5_36_1_0,2023,5,36,56,1,1,0,0,,,6474.8105687
4386007237,2,2023_5_36_1_0,2023,5,36,55,2,1,0,0,,,5200.5494219
4386007240,2,2023_5_36_1_0,2023,5,36,52,2,4,0,0,,,6116.5976807
4386007241,2,2023_5_36_1_0,2023,5,36,47,1,3,0,1.0000200165,,,5200.5494219
4386007243,2,2023_5_36_1_0,2023,5,36,84,1,1,0,0,,,1630.7942536
4386007250,2,2023_5_36_1_0,2023,5,36,29,1,4,0,0,,,2899.0455846
4386007254,2,2023_5_36_1_0,2023,5,36,61,1,1,0,0,,,6474.8105687
4386007260,2,2023_5_36_1_0,2023,5,36,77,2,1,0,0,,,3642.2621033
4386007261,2,2023_5_36_1_0,2023,5,36,73,2,1,0,0,,,3642.2621033
4386007265,2,2023_5_36_1_0,2023,5,36,69,1,1,0,0,,,1526.6648601
4386007267,2,2023_5_36_1_0,2023,5,36,90,1,1,3.9999199338,0,,,3642.2621033
4386007279,2,2023_5_36_1_0,2023,5,36,30,1,4,0,0,,,3409.6965649
4386007280,2,2023_5_36_1_0,2023,5,36,65,2,1,0,0,,,3409.6965649
4386007282,2,2023_5_36_1_0,2023,5,36,46,1,1,6.3528214927,23.529910447,,,2599.5509535
4386007287,2,2023_5_36_1_0,2023,5,36,63,1,4,0,0,,,2899.0455846
4386007289,2,2023_5_36_1_0,2023,5,36,63,1,1,0,0,,,1526.6648601
4386007301,2,2023_5_36_1_0,2023,5,36,-3,-3,-3,0,0,1,1,2384.8314315
4386007303,2,2023_5_36_1_0,2023,5,36,52,1,4,0,0,,,5200.5494219
4386007305,2,2023_5_36_1_0,2023,5,36,-3,-3,-3,0,0,1,1,3096.781097
4386007319,2,2023_5_36_1_0,2023,5,36,67,1,1,0,0,,,1630.7942536
4386007327,2,2023_5_36_1_0,2023,5,36,37,1,1,0,0,,,3096.781097
4386007340,2,2023_5_36_1_0,2023,5,36,58,2,2,0,0,,,6916.4386659
4386007341,2,2023_5_36_1_0,2023,5,36,50,2,3,0,0,,,8081.8311622
4386007344,2,2023_5_36_1_0,2023,5,36,49,2,3,0,0,,,1526.6648601
4386007346,2,2023_5_36_1_0,2023,5,36,47,1,2,0,0,,,2899.0455846
4386007358,2,2023_5_36_1_0,2023,5,36,-3,-3,-3,0,0,1,1,2501.5536424
4386007359,2,2023_5_36_1_0,2023,5,36,26,1,1,0,0,,,6916.4386659
4386007362,2,2023_5_36_1_0,2023,5,36,52,2,1,0,0,,,5200.5494219
4386007367,2,2023_5_36_1_0,2023,5,36,26,1,3,0,0,,,2501.5536424
4386007369,2,2023_5_36_1_0,2023,5,36,66,2,1,0,0,,,1630.7942536
4386007373,2,2023_5_36_1_0,2023,5,36,55,2,1,0,0,,,4446.9852807
4386007378,2,2023_5_36_1_0,2023,5,36,76,1,1,0,0,,,3642.2621033
4386007387,2,2023_5_36_1_0,2023,5,36,66,1,1,0,0,,,3642.2621033
4386007388,2,2023_5_36_1_0,2023,5,36,63,2,1,0,0,,,2341.8245638
4386007389,2,2023_5_36_1_0,2023,5,36,41,2,1,0,0,,,7977.3725716
4386007390,2,2023_5_36_1_0,2023,5,36,62,1,1,0,0,,,6474.8105687
4386007392,2,2023_5_36_1_0,2023,5,36,62,1,1,0,0,,,6474.8105687
4386007395,2,2023_5_36_1_0,2023,5,36,51,2,2,0,0,,,3973.0431015
4386007396,2,2023_5_36_1_0,2023,5,36,40,1,2,0,0,,,6116.5976807
4386007398,2,2023_5_36_1_0,2023,5,36,38,1,3,0,0,,,5200.5494219
4386007410,2,2023_5_36_1_0,2023,5,36,82,1,1,0,0,,,1630.7942536
4386007411,2,2023_5_36_1_0,2023,5,36,41,1,1,0,0,,,11615.054464
4386007413,2,2023_5_36_1_0,2023,5,36,54,1,1,0,0,,,11615.054464
4386007415,2,2023_5_36_1_0,2023,5,36,62,1,3,0,0,,,3642.2621033
4386007421,2,2023_5_36_1_0,2023,5,36,45,1,4,0,0,,,11615.054464
4386007423,2,2023_5_36_1_0,2023,5,36,73,1,1,0,0,,,1526.6648601
4386007424,2,2023_5_36_1_0,2023,5,36,34,2,1,0,0,,,3409.6965649
4386007427,2,2023_5_36_1_0,2023,5,36,50,1,1,0,0,,,11615.054464
4386007430,2,2023_5_36_1_0,2023,5,36,61,2,1,0,0,,,3642.2621033
4386007436,2,2023_5_36_1_0,2023,5,36,-3,-3,-3,0,0,1,1,3642.2621033
4386007462,2,2023_5_36_1_0,2023,5,36,65,2,1,0,0,,,3642.2621033
4386007464,2,2023_5_36_1_0,2023,5,36,43,2,1,0,0,,,11615.054464
4386007465,2,2023_5_36_1_0,2023,5,36,60,2,1,0,0,,,4446.9852807
4386007471,2,2023_5_36_1_0,2023,5,36,16,1,3,0,0,,,5555.2638527
4386007495,2,2023_5_36_1_0,2023,5,36,62,1,1,0,0,,,1630.7942536
4386007506,2,2023_5_36_1_0,2023,5,36,91,2,1,0,0,,,3642.2621033
4386007516,2,2023_5_36_1_0,2023,5,36,41,2,1,0,0,,,5200.5494219
4386007518,2,2023_5_36_1_0,2023,5,36,79,2,1,0,0,,,3642.2621033
4386007520,2,2023_5_36_1_0,2023,5,36,40,2,1,0,0,,,11615.054464
4386007530,2,2023_5_36_1_0,2023,5,36,63,2,1,0,0,,,6474.8105687
4386007536,2,2023_5_36_1_0,2023,5,36,26,1,1,0,0,,,6474.8105687
4386007541,2,2023_5_36_1_0,2023,5,36,59,1,3,0,0,,,6916.4386659
4386007543,2,2023_5_36_1_0,2023,5,36,83,2,1,0,0,,,3642.2621033
4386007545,2,2023_5_36_1_0,2023,5,36,42,2,1,0,0,,,12326.599033
4386007553,2,2023_5_36_1_0,2023,5,36,43,2,1,0,0,,,3096.781097
4386007554,2,2023_5_36_1_0,2023,5,36,61,1,1,0,0,,,3409.6965649
4386007559,2,2023_5_36_1_0,2023,5,36,43,2,3,0,0,,,1526.6648601
4386007564,2,2023_5_36_1_0,2023,5,36,25,1,1,0.9999799835,0,,,7340.1434691
4386007567,2,2023_5_36_1_0,2023,5,36,60,2,1,0,0,,,6474.8105687
4386007576,2,2023_5_36_1_0,2023,5,36,66,1,4,0,0,,,1526.6648601
4386007578,2,2023_5_36_1_0,2023,5,36,35,2,1,0,0,,,5200.5494219
4386007579,2,2023_5_36_1_0,2023,5,36,25,2,1,0,0,,,3096.781097
4386007581,2,2023_5_36_1_0,2023,5,36,36,1,1,0,0,,,5200.5494219
4386007593,2,2023_5_36_1_0,2023,5,36,58,2,1,0,0,,,6474.8105687
4386007594,2,2023_5_36_1_0,2023,5,36,75,1,1,0,0,,,3642.2621033
4386007598,2,2023_5_36_1_0,2023,5,36,62,2,1,0,0,,,3409.6965649
4386007599,2,2023_5_36_1_0,2023,5,36,67,2,1,0,0,,,3642.2621033
4386007600,2,2023_5_36_1_0,2023,5,36,68,1,3,0,0,,,6116.5976807
4386007608,2,2023_5_36_1_0,2023,5,36,36,1,1,0,0,,,3642.2621033
4386007615,2,2023_5_36_1_0,2023,5,36,3,2,1,0,0,,,5200.5494219
4386007617,2,2023_5_36_1_0,2023,5,36,51,2,1,0,0,,,11615.054464
4386007626,2,2023_5_36_1_0,2023,5,36,58,2,1,0,0,,,6916.4386659
4386007631,2,2023_5_36_1_0,2023,5,36,31,2,1,0,0,,,3096.781097
4386007636,2,2023_5_36_1_0,2023,5,36,63,2,1,0,0,,,2126.9100941
4386007639,2,2023_5_36_1_0,2023,5,36,72,1,1,0,0,,,1120.0509984
4386007641,2,2023_5_36_1_0,2023,5,36,47,1,1,0,0,,,3642.2621033
4386007656,2,2023_5_36_1_0,2023,5,36,61,2,1,0,0,,,3096.781097
4386007667,2,2023_5_36_1_0,2023,5,36,63,1,1,0,0,,,6916.4386659
4386007668,2,2023_5_36_1_0,2023,5,36,-3,-3,-3,0,0,1,1,3642.2621033
4386007683,2,2023_5_36_1_0,2023,5,36,55,1,1,0,0,,,3571.8059216
4386007693,2,2023_5_36_1_0,2023,5,36,62,2,-3,0,0,,,27530.57562
4386007696,2,2023_5_36_1_0,2023,5,36,70,2,1,0,0,,,3642.2621033
4386007702,2,2023_5_36_1_0,2023,5,36,-3,-3,-3,0,0,,,2899.0455846
4386007704,2,2023_5_36_1_0,2023,5,36,67,2,1,0,0,,,3642.2621033
4386007716,2,2023_5_36_1_0,2023,5,36,27,1,1,0,0,,,2899.0455846
4386007730,2,2023_5_36_1_0,2023,5,36,54,1,1,0,0,,,1991.1027367
4386007732,2,2023_5_36_1_0,2023,5,36,59,2,1,4.9998999173,0,,,4750.3012816
4386007733,2,2023_5_36_1_0,2023,5,36,56,2,1,0,0,,,6474.8105687
4386007737,2,2023_5_36_1_0,2023,5,36,22,2,1,0,0,,,1526.6648601
4386007738,2,2023_5_36_1_0,2023,5,36,63,2,1,0,0,,,3642.2621033
4386007745,2,2023_5_36_1_0,2023,5,36,57,2,1,0,0,,,6916.4386659
4386007754,2,2023_5_36_1_0,2023,5,36,65,2,1,0,0,,,3642.2621033
4386007759,2,2023_5_36_1_0,2023,5,36,79,1,1,0,0,,,3642.2621033
4386007762,2,2023_5_36_1_0,2023,5,36,57,1,1,0,0,,,6474.8105687
4386007763,2,2023_5_36_1_0,2023,5,36,-3,-3,-3,0,0,1,1,4446.9852807
4386007764,2,2023_5_36_1_0,2023,5,36,65,2,1,0,0,,,3642.2621033
4386007765,2,2023_5_36_1_0,2023,5,36,-3,-3,-3,0,0,1,1,3642.2621033
4386007766,2,2023_5_36_1_0,2023,5,36,69,1,3,0,0,,,3642.2621033
4386007770,2,2023_5_36_1_0,2023,5,36,20,1,4,0,0,,,7340.1434691
4386007771,2,2023_5_36_1_0,2023,5,36,-3,1,5,0,0,,,11615.054464
4386007773,2,2023_5_36_1_0,2023,5,36,82,2,1,0,0,,,3642.2621033
4386007777,2,2023_5_36_1_0,2023,5,36,84,2,1,0,0,,,1630.7942536
4386007782,2,2023_5_36_1_0,2023,5,36,11,1,4,0,0,,,5200.5494219
4386007792,2,2023_5_36_1_0,2023,5,36,82,2,1,0,0,,,3642.2621033
4386007811,2,2023_5_36_1_0,2023,5,36,40,2,4,0,0,,,6116.5976807
4386007816,2,2023_5_36_1_0,2023,5,36,52,2,1,0,0,,,5200.5494219
4386007817,2,2023_5_36_1_0,2023,5,36,40,2,4,0,0,,,5200.5494219
4386007818,2,2023_5_36_1_0,2023,5,36,37,2,4,0,0,,,3409.6965649
4386007820,2,2023_5_36_1_0,2023,5,36,53,2,4,0,0,,,2899.0455846
4386007823,2,2023_5_36_1_0,2023,5,36,38,2,1,0,0,,,5200.5494219
4386007825,2,2023_5_36_1_0,2023,5,36,83,1,1,0,0,,,3642.2621033
4386007828,2,2023_5_36_1_0,2023,5,36,61,2,1,0,0,,,1630.7942536
4386007835,2,2023_5_36_1_0,2023,5,36,86,1,1,0.9999799835,0,,,2501.5536424
4386007838,2,2023_5_36_1_0,2023,5,36,67,2,1,0,0,,,3409.6965649
4386007844,2,2023_5_36_1_0,2023,5,36,61,2,1,0,0,,,2384.8314315
4386007855,2,2023_5_36_1_0,2023,5,36,66,2,3,0,0,,,3642.2621033
4386007857,2,2023_5_36_1_0,2023,5,36,67,1,1,0,0,,,3642.2621033
4386007861,2,2023_5_36_1_0,2023,5,36,40,2,3,0,0,,,1991.1027367
4386007869,2,2023_5_36_1_0,2023,5,36,60,1,3,0,0,,,7340.1434691
4386007883,2,2023_5_36_1_0,2023,5,36,70,2,1,0,0,,,1630.7942536
4386007888,2,2023_5_36_1_0,2023,5,36,16,1,5,0,0,,,5200.5494219
4386007891,2,2023_5_36_1_0,2023,5,36,75,1,1,4.9998999173,3.0000600496,,,1120.0509984
4386007893,2,2023_5_36_1_0,2023,5,36,81,1,1,0,0,,,1630.7942536
4386007895,2,2023_5_36_1_0,2023,5,36,63,2,1,0,0,,,6916.4386659
4386007899,2,2023_5_36_1_0,2023,5,36,62,1,1,0,0,,,3642.2621033
4386007900,2,2023_5_36_1_0,2023,5,36,78,1,1,0,0,,,3409.6965649
4386007901,2,2023_5_36_1_0,2023,5,36,63,2,1,0,0,,,3409.6965649
4386007912,2,2023_5_36_1_0,2023,5,36,50,2,1,0,0,,,3096.781097
4386007913,2,2023_5_36_1_0,2023,5,36,20,1,1,0,0,,,3096.781097
4386007916,2,2023_5_36_1_0,2023,5,36,59,1,1,0,0,,,3096.781097
4386007922,2,2023_5_36_1_0,2023,5,36,57,1,1,0,0,,,5200.5494219
4386007923,2,2023_5_36_1_0,2023,5,36,82,2,1,0,0,,,3642.2621033
4386007931,2,2023_5_36_1_0,2023,5,36,63,1,1,14.999699752,4.0000800662,,,3096.781097
4386007933,2,2023_5_36_1_0,2023,5,36,66,1,1,0,0,,,1630.7942536
4386007936,2,2023_5_36_1_0,2023,5,36,49,1,1,0,0,,,11615.054464
4386007949,2,2023_5_36_2_1,2023,5,36,66,2,1,0,0,,,1512.6516723
4386007962,2,2023_5_36_2_1,2023,5,36,56,1,1,0,0,,,6079.534275
4386007963,2,2023_5_36_2_1,2023,5,36,-3,2,-3,0,0,,,2605.6274623
4386007967,2,2023_5_36_2_1,2023,5,36,46,1,1,0,0,,,2571.4680778
4386007970,2,2023_5_36_2_1,2023,5,36,60,2,1,0,0,,,677.27790722
4386007972,2,2023_5_36_2_1,2023,5,36,68,2,1,0,0,,,1531.2370076
4386007978,2,2023_5_36_2_1,2023,5,36,41,2,1,0,0,,,4883.0646277
4386007981,2,2023_5_36_2_1,2023,5,36,27,2,1,0,0,,,6494.2017198
4386007982,2,2023_5_36_2_1,2023,5,36,40,2,1,0,0,,,4883.0646277
4386007990,2,2023_5_36_2_1,2023,5,36,54,1,1,0,0,,,6494.2017198
4386007994,2,2023_5_36_2_1,2023,5,36,34,1,2,0,0,,,2907.7278202
4386007996,2,2023_5_36_2_1,2023,5,36,32,1,1,0,0,,,4883.0646277
4386007997,2,2023_5_36_2_1,2023,5,36,69,2,1,0,0,,,1357.3556528
4386008002,2,2023_5_36_2_1,2023,5,36,58,2,1,0,0,,,1203.989726
4386008005,2,2023_5_36_2_1,2023,5,36,66,2,1,0,0,,,677.27790722
4386008013,2,2023_5_36_2_1,2023,5,36,65,1,1,0,0,,,1512.6516723
4386008017,2,2023_5_36_2_1,2023,5,36,20,2,1,0,0,,,4883.0646277
4386008033,2,2023_5_36_2_1,2023,5,36,64,1,1,0,0,,,1531.2370076
4386008034,2,2023_5_36_2_1,2023,5,36,65,1,1,0,0,,,1512.6516723
4386008037,2,2023_5_36_2_1,2023,5,36,77,1,1,0,0,,,1512.6516723
4386008038,2,2023_5_36_2_1,2023,5,36,75,2,1,0,0,,,3201.5403252
4386008041,2,2023_5_36_2_0,2023,5,36,-3,-3,-3,0,0,1,1,8702.7956281
4386008052,2,2023_5_36_2_0,2023,5,36,75,2,1,0,0,,,8702.7956281
4386008054,2,2023_5_36_2_0,2023,5,36,28,1,1,0,0,,,27752.930005
4386008055,2,2023_5_36_2_0,2023,5,36,22,1,1,0,0,,,65781.365083
4386008060,2,2023_5_36_2_0,2023,5,36,65,1,1,0,0,,,5334.4520241
4386008061,2,2023_5_36_2_0,2023,5,36,29,2,1,0,0,,,29453.089626
4386008069,2,2023_5_36_2_0,2023,5,36,45,2,1,0,0,,,27752.930005
4386008072,2,2023_5_36_2_0,2023,5,36,52,2,1,0,0,,,6010.8517637
4386008081,2,2023_5_36_2_0,2023,5,36,50,2,4,0,0,,,3647.8023529
4386008082,2,2023_5_36_2_0,2023,5,36,69,1,1,0,0,,,3647.8023529
4386008084,2,2023_5_36_2_0,2023,5,36,72,1,1,0,0,,,8702.7956281
4386008086,2,2023_5_36_2_0,2023,5,36,60,1,1,0,0,,,16526.090237
4386008094,2,2023_5_36_2_0,2023,5,36,-3,1,1,0,0,,,6207.2781291
4386008106,2,2023_5_36_2_0,2023,5,36,74,2,1,0,0,,,8702.7956281
4386008108,2,2023_5_36_2_0,2023,5,36,42,1,1,0,0,,,12426.156462
4386008110,2,2023_5_36_2_0,2023,5,36,71,2,4,0,0,,,8702.7956281
4386008111,2,2023_5_36_2_0,2023,5,36,82,2,1,0,0,,,8702.7956281
4386008112,2,2023_5_36_2_0,2023,5,36,55,1,-3,0,0,,,20627.795925
4386008114,2,2023_5_36_2_0,2023,5,36,60,2,1,0,0,,,7399.4271219
4386008115,2,2023_5_36_2_0,2023,5,36,38,2,1,0,0,,,10094.265847
4386008117,2,2023_5_36_2_0,2023,5,36,-3,2,1,0,0,,,14809.100861
4386008121,2,2023_5_36_2_0,2023,5,36,38,1,1,0,0,,,12426.156462
4386008127,2,2023_5_36_2_0,2023,5,36,75,2,1,0,0,,,8702.7956281
4386008128,2,2023_5_36_2_0,2023,5,36,57,2,1,0,0,,,6926.9592698
4386008138,2,2023_5_36_2_0,2023,5,36,28,1,4,0,0,,,17538.487533
4386008140,2,2023_5_36_2_0,2023,5,36,71,2,1,0,0,,,8702.7956281
4386008144,2,2023_5_36_2_0,2023,5,36,37,1,1,0,0,,,3896.6083983
4386008158,2,2023_5_36_2_0,2023,5,36,73,1,1,0,0,,,8702.7956281
4386008181,2,2023_5_36_2_0,2023,5,36,80,1,1,0,0,,,9235.9336326
4386008183,2,2023_5_36_2_0,2023,5,36,39,1,1,0,0,,,7399.4271219
4386008194,2,2023_5_36_2_0,2023,5,36,15,2,1,0,0,,,13273.708646
4386008200,2,2023_5_36_2_0,2023,5,36,62,1,1,0,0,,,16526.090237
4386008201,2,2023_5_36_2_0,2023,5,36,52,2,4,0,0,,,7399.4271219
4386008203,2,2023_5_36_2_0,2023,5,36,51,2,4,0,0,,,16526.090237
4386008207,2,2023_5_36_2_0,2023,5,36,70,1,1,0,0,,,8147.1051551
4386008210,2,2023_5_36_2_0,2023,5,36,79,2,1,0,0,,,8702.7956281
4386008212,2,2023_5_36_2_0,2023,5,36,61,2,1,0,0,,,7399.4271219
4386008214,2,2023_5_36_2_0,2023,5,36,23,1,1,0,0,,,3896.6083983
4386008223,2,2023_5_36_2_0,2023,5,36,53,2,3,0,0,,,6926.9592698
4386008224,2,2023_5_36_2_0,2023,5,36,64,2,1,0,0,,,3896.6083983
4386008232,2,2023_5_36_2_0,2023,5,36,58,1,1,0,0,,,7399.4271219
4386008233,2,2023_5_36_2_0,2023,5,36,47,2,1,0,0,,,12426.156462
4386008238,2,2023_5_36_2_0,2023,5,36,71,1,1,0,0,,,3896.6083983
4386008253,2,2023_5_36_2_0,2023,5,36,73,2,4,0,0,,,3896.6083983
4386008260,2,2023_5_36_2_0,2023,5,36,55,2,1,0,0,,,15470.867146
4386008275,2,2023_5_36_2_0,2023,5,36,50,1,1,0,0,,,7399.4271219
4386008280,2,2023_5_36_2_0,2023,5,36,67,2,1,0,0,,,3896.6083983
4386008281,2,2023_5_36_2_0,2023,5,36,71,1,1,0,0,,,8702.7956281
4386008285,2,2023_5_36_2_0,2023,5,36,74,2,1,0,0,,,3896.6083983
4386008288,2,2023_5_36_2_0,2023,5,36,54,2,1,0,0,,,16526.090237
4386008294,2,2023_5_36_2_0,2023,5,36,64,2,1,0,0,,,3165.3714642
4386008312,2,2023_5_36_2_0,2023,5,36,42,2,5,0,0,,,29453.089626
4386008315,2,2023_5_36_2_0,2023,5,36,50,1,1,0,0,,,3896.6083983
4386008325,2,2023_5_36_2_0,2023,5,36,-3,-3,-3,0,0,1,1,8147.1051551
4386008326,2,2023_5_36_2_0,2023,5,36,48,2,1,0,0,,,8147.1051551
4386008327,2,2023_5_36_2_0,2023,5,36,52,1,1,0,0,,,27752.930005
4386008332,2,2023_5_36_2_0,2023,5,36,43,1,1,0,0,,,12426.156462
4386008345,2,2023_5_36_2_0,2023,5,36,58,1,1,0,0,,,13424.806679
4386008346,2,2023_5_36_2_0,2023,5,36,62,1,1,0,0,,,13424.806679
4386008349,2,2023_5_36_2_0,2023,5,36,75,2,1,0,0,,,8702.7956281
4386008350,2,2023_5_36_2_0,2023,5,36,57,1,1,0,0,,,3896.6083983
4386008356,2,2023_5_36_2_0,2023,5,36,14,1,2,0,0,,,12426.156462
4386008357,2,2023_5_36_2_0,2023,5,36,75,2,1,0,0,,,8702.7956281
4386008360,2,2023_5_36_2_0,2023,5,36,62,1,1,0,0,,,7399.4271219
4386008362,2,2023_5_36_2_0,2023,5,36,72,1,1,0,0,,,8702.7956281
4386008365,2,2023_5_36_2_0,2023,5,36,37,1,1,0,0,,,12426.156462
4386008372,2,2023_5_36_2_0,2023,5,36,74,1,1,0,0,,,8702.7956281
4386008376,2,2023_5_36_2_0,2023,5,36,78,1,1,0,0,,,3896.6083983
4386008377,2,2023_5_36_2_0,2023,5,36,71,2,1,0,0,,,9235.9336326
4386008378,2,2023_5_36_2_0,2023,5,36,64,2,1,0,0,,,7399.4271219
4386008388,2,2023_5_36_2_0,2023,5,36,66,2,1,0,0,,,3896.6083983
4386008389,2,2023_5_36_2_0,2023,5,36,71,1,1,0,0,,,3896.6083983
4386008398,2,2023_5_36_2_0,2023,5,36,43,2,1,0,0,,,12426.156462
4386008402,2,2023_5_36_2_0,2023,5,36,44,2,1,0,0,,,12426.156462
4386008404,2,2023_5_36_2_0,2023,5,36,76,1,1,0,0,,,8147.1051551
4386008405,2,2023_5_36_2_0,2023,5,36,31,1,2,0,0,,,3896.6083983
4386008406,2,2023_5_36_2_0,2023,5,36,72,1,1,0,0,,,8702.7956281
4386008407,2,2023_5_36_2_0,2023,5,36,60,1,1,0,0,,,12426.156462
4386008418,2,2023_5_36_2_0,2023,5,36,77,2,1,0,0,,,3896.6083983
4386008423,2,2023_5_36_2_0,2023,5,36,57,1,1,0,0,,,15470.867146
4386008435,2,2023_5_36_2_0,2023,5,36,51,2,1,0,0,,,7399.4271219
4386008440,2,2023_5_36_2_0,2023,5,36,66,1,1,0,0,,,3896.6083983
4386008451,2,2023_5_36_2_0,2023,5,36,59,1,1,0,0,,,2963.2563232
4386008457,2,2023_5_36_2_0,2023,5,36,24,2,1,0,0,,,7399.4271219
4386008461,2,2023_5_36_2_0,2023,5,36,51,2,1,0,0,,,6010.8517637
4386008462,2,2023_5_36_2_0,2023,5,36,53,1,1,0,0,,,12426.156462
4386008470,2,2023_5_36_2_0,2023,5,36,78,1,1,0,0,,,3896.6083983
4386008472,2,2023_5_36_2_0,2023,5,36,47,2,1,0,0,,,10094.265847
4386008484,2,2023_5_36_2_0,2023,5,36,67,2,4,0,0,,,8702.7956281
4386008485,2,2023_5_36_2_0,2023,5,36,67,2,1,0,0,,,3165.3714642
4386008486,2,2023_5_36_2_0,2023,5,36,35,1,2,0,0,,,12426.156462
4386008489,2,2023_5_36_2_0,2023,5,36,38,1,2,0,0,,,29453.089626
4386008495,2,2023_5_36_2_0,2023,5,36,62,1,1,0,0,,,8147.1051551
4386008497,2,2023_5_36_2_0,2023,5,36,32,1,1,0,0,,,25647.831563
4386008505,2,2023_5_36_2_0,2023,5,36,30,2,1,0,0,,,7399.4271219
4386008507,2,2023_5_36_2_0,2023,5,36,72,2,1,0,0,,,13506.390998
4386008508,2,2023_5_36_2_0,2023,5,36,-3,1,1,0,0,,,14809.100861
4386008518,2,2023_5_36_2_0,2023,5,36,86,1,1,0,0,,,8702.7956281
4386008520,2,2023_5_36_2_0,2023,5,36,80,2,1,0,0,,,8702.7956281
4386008523,2,2023_5_36_2_0,2023,5,36,12,1,1,0,0,,,27752.930005
4386008525,2,2023_5_36_2_0,2023,5,36,74,2,1,0,0,,,8702.7956281
4386008526,2,2023_5_36_2_0,2023,5,36,53,2,1,0,0,,,6926.9592698
4386008527,2,2023_5_36_2_0,2023,5,36,67,1,1,0,0,,,6618.2206519
4386008529,2,2023_5_36_2_0,2023,5,36,61,2,1,0,0,,,16526.090237
4386008537,2,2023_5_36_2_0,2023,5,36,14,2,1,0,0,,,13273.708646
4386008539,2,2023_5_36_2_0,2023,5,36,53,1,1,0,0,,,16526.090237
4386008540,2,2023_5_36_2_0,2023,5,36,66,1,1,0,0,,,3165.3714642
4386008541,2,2023_5_36_2_0,2023,5,36,71,1,1,0,0,,,3896.6083983
4386008545,2,2023_5_36_2_0,2023,5,36,44,1,1,0,0,,,22544.819419
4386008548,2,2023_5_36_2_0,2023,5,36,49,1,1,0,0,,,27752.930005
4386008554,2,2023_5_36_2_0,2023,5,36,64,2,1,0,0,,,8702.7956281
4386008555,2,2023_5_36_2_0,2023,5,36,69,1,1,0,0,,,8702.7956281
4386008561,2,2023_5_36_2_0,2023,5,36,42,1,1,0,0,,,12426.156462
4386008562,2,2023_5_36_2_0,2023,5,36,91,1,1,0,0,,,8702.7956281
4386008564,2,2023_5_36_2_0,2023,5,36,38,2,1,0,0,,,12426.156462
4386008572,2,2023_5_36_2_0,2023,5,36,62,2,1,0,0,,,15470.867146
4386008584,2,2023_5_36_2_0,2023,5,36,47,1,1,0,0,,,6543.7316744
4386008586,2,2023_5_36_2_0,2023,5,36,-3,1,1,0,0,,,12030.027266
4386008589,2,2023_5_36_2_0,2023,5,36,27,2,1,0,0,,,7399.4271219
4386008605,2,2023_5_36_2_0,2023,5,36,35,1,4,0,0,,,36669.81323
4386008606,2,2023_5_36_2_0,2023,5,36,30,1,1,0,0,,,17538.487533
4386008620,2,2023_5_36_2_0,2023,5,36,47,1,2,0,0,,,12426.156462
4386008625,2,2023_5_36_2_0,2023,5,36,-3,-3,-3,0,0,1,1,6926.9592698
4386008663,2,2023_5_36_2_0,2023,5,36,34,2,1,0,0,,,7399.4271219
4386008666,2,2023_5_36_2_0,2023,5,36,-3,-3,-3,0,0,1,1,6926.9592698
4386008674,2,2023_5_36_2_0,2023,5,36,27,1,1,0,0,,,29453.089626
4386008676,2,2023_5_36_2_0,2023,5,36,79,2,1,0,0,,,8147.1051551
4386008677,2,2023_5_36_2_0,2023,5,36,36,1,1,0,0,,,8147.1051551
4386008682,2,2023_5_36_2_0,2023,5,36,-3,2,-3,0,0,,,9087.0914894
4386008685,2,2023_5_36_2_0,2023,5,36,77,1,1,0,0,,,3896.6083983
4386008687,2,2023_5_36_2_0,2023,5,36,74,1,1,0,0,,,8702.7956281
4386008690,2,2023_5_36_2_0,2023,5,36,73,1,1,0,0,,,3896.6083983
4386008693,2,2023_5_36_2_0,2023,5,36,52,1,1,0,0,,,6926.9592698
4386008695,2,2023_5_36_2_0,2023,5,36,63,2,1,0,0,,,3896.6083983
4386008696,2,2023_5_36_2_0,2023,5,36,71,1,1,0,0,,,6543.7316744
4386008703,2,2023_5_36_2_0,2023,5,36,41,1,1,0,0,,,12426.156462
4386008705,2,2023_5_36_2_0,2023,5,36,54,1,1,0,0,,,6926.9592698
4386008709,2,2023_5_36_2_0,2023,5,36,40,1,1,0,0,,,12426.156462
4386008712,2,2023_5_36_2_0,2023,5,36,44,2,1,0,0,,,12426.156462
4386008719,2,2023_5_36_2_0,2023,5,36,64,1,1,0,0,,,13424.806679
4386008720,2,2023_5_36_2_0,2023,5,36,63,2,1,0,0,,,7399.4271219
4386008728,2,2023_5_36_2_0,2023,5,36,63,1,1,0,0,,,7399.4271219
4386008733,2,2023_5_36_2_0,2023,5,36,36,2,1,0,0,,,12426.156462
4386008735,2,2023_5_36_2_0,2023,5,36,73,2,1,0,0,,,3896.6083983
4386008736,2,2023_5_36_2_0,2023,5,36,63,2,1,0,0,,,8702.7956281
4386008737,2,2023_5_36_2_0,2023,5,36,35,1,1,0,0,,,12426.156462
4386008744,2,2023_5_36_2_0,2023,5,36,72,2,1,0,0,,,8702.7956281
4386008746,2,2023_5_36_2_0,2023,5,36,59,1,1,0,0,,,7399.4271219
4386008748,2,2023_5_36_2_0,2023,5,36,75,2,-3,0,0,,,8702.7956281
4386008749,2,2023_5_36_2_0,2023,5,36,70,2,1,0,0,,,6618.2206519
4386008753,2,2023_5_36_2_0,2023,5,36,67,2,1,0,0,,,3165.3714642
4386008760,2,2023_5_36_2_0,2023,5,36,33,1,1,0,0,,,7399.4271219
4386008769,2,2023_5_36_2_0,2023,5,36,46,2,1,0,0,,,12426.156462
4386008779,2,2023_5_36_2_0,2023,5,36,60,2,3,0,0,,,17538.487533
4386008781,2,2023_5_36_2_0,2023,5,36,45,1,1,0,0,,,12426.156462
4386008784,2,2023_5_36_2_0,2023,5,36,48,1,1,0,0,,,7399.4271219
4386008789,2,2023_5_36_2_0,2023,5,36,46,1,1,0,0,,,12426.156462
4386008791,2,2023_5_36_2_0,2023,5,36,-3,2,1,0,0,,,6630.6586126
4386008797,2,2023_5_36_2_0,2023,5,36,68,1,1,0,0,,,20627.795925
4386008811,2,2023_5_36_2_0,2023,5,36,-3,-3,-3,0,0,1,1,6010.8517637
4386008813,2,2023_5_36_2_0,2023,5,36,63,1,1,0,0,,,3896.6083983
4386008822,2,2023_5_36_2_0,2023,5,36,69,2,1,0,0,,,8702.7956281
4386008832,2,2023_5_36_2_0,2023,5,36,47,2,1,0,0,,,12426.156462
4386008833,2,2023_5_36_2_0,2023,5,36,68,2,1,0,0,,,3165.3714642
4386008836,2,2023_5_36_2_0,2023,5,36,72,2,1,0,0,,,8702.7956281
4386008837,2,2023_5_36_2_0,2023,5,36,33,2,1,0,0,,,12426.156462
4386008841,2,2023_5_36_2_0,2023,5,36,80,1,1,0,0,,,3165.3714642
4386008847,2,2023_5_36_2_0,2023,5,36,54,2,1,0,0,,,16526.090237
4386008849,2,2023_5_36_2_0,2023,5,36,24,2,1,0,0,,,17538.487533
4386008859,2,2023_5_36_2_0,2023,5,36,51,1,4,0,0,,,12426.156462
4386008867,2,2023_5_36_2_0,2023,5,36,62,2,1,0,0,,,8702.7956281
4386008869,2,2023_5_36_2_0,2023,5,36,-3,-3,-3,0,0,,,7399.4271219
4386008871,2,2023_5_36_2_0,2023,5,36,4,1,1,0.9999799835,1.0000200165,,,18191.164998
4386008878,2,2023_5_36_2_0,2023,5,36,20,2,1,0,0,,,17538.487533
4386008883,2,2023_5_44_1_1,2023,5,44,18,1,1,0,0,,,166.42543784
4386008885,2,2023_5_44_1_1,2023,5,44,66,2,1,0,0,,,28.880447688
4386008887,2,2023_5_44_1_1,2023,5,44,65,1,1,10.000726392,2.9997820823,,,75.911080838
4386008890,2,2023_5_44_1_1,2023,5,44,54,1,3,0,0,,,223.79712386
4386008892,2,2023_5_44_1_1,2023,5,44,17,1,1,0,0,,,121.22382975
4386008894,2,2023_5_44_1_1,2023,5,44,34,2,1,0,0,,,223.79712386
4386008895,2,2023_5_44_1_1,2023,5,44,71,1,1,8.0005811138,1.9998547216,,,34.296669918
4386008897,2,2023_5_44_1_1,2023,5,44,63,2,1,0,0,,,81.747052712
4386008902,2,2023_5_44_1_1,2023,5,44,56,2,4,0,0,,,166.42543784
4386008911,2,2023_5_44_1_1,2023,5,44,8,1,1,0,0,,,223.79712386
4386008915,2,2023_5_44_1_1,2023,5,44,62,2,1,0,0,,,81.747052712
4386008918,2,2023_5_44_1_1,2023,5,44,80,2,1,0,0,,,130.13818546
4386008919,2,2023_5_44_1_1,2023,5,44,83,2,1,0,0,,,130.13818546
4386008921,2,2023_5_44_1_1,2023,5,44,75,1,1,1.0000726392,0,,,28.880447688
4386008924,2,2023_5_44_1_1,2023,5,44,69,1,1,0,0,,,130.13818546
4386008929,2,2023_5_44_1_1,2023,5,44,46,2,1,0,0,,,97.077847059
4386008930,2,2023_5_44_1_1,2023,5,44,85,1,1,0,0,,,130.13818546
4386008931,2,2023_5_44_1_1,2023,5,44,-3,-3,-3,0,0,1,1,28.880447688
4386008932,2,2023_5_44_1_1,2023,5,44,32,1,1,0,0,,,223.79712386
4386008935,2,2023_5_44_1_1,2023,5,44,28,1,-3,0,0,,,49.511204635
4386008936,2,2023_5_44_1_1,2023,5,44,68,1,1,0,0,,,130.13818546
4386008938,2,2023_5_44_1_1,2023,5,44,49,1,1,0,0,,,223.79712386
4386008939,2,2023_5_44_1_1,2023,5,44,53,2,1,0,0,,,214.86879961
4386008941,2,2023_5_44_1_1,2023,5,44,32,2,1,0,0,,,223.79712386
4386008942,2,2023_5_44_1_1,2023,5,44,33,2,1,0,0,,,154.54422448
4386008951,2,2023_5_44_1_1,2023,5,44,63,1,1,10.000726392,2.9997820823,,,368.36039462
4386008952,2,2023_5_44_1_1,2023,5,44,15,2,1,0,0,,,588.24162785
4386008958,2,2023_5_44_1_1,2023,5,44,50,1,1,0,0,,,166.42543784
4386008959,2,2023_5_44_1_1,2023,5,44,56,1,1,1.0000726392,0,,,368.36039462
4386008960,2,2023_5_44_1_1,2023,5,44,68,1,1,0,0,,,49.511204635
4386008962,2,2023_5_44_1_1,2023,5,44,69,1,1,1.0000726392,0,,,75.911080838
4386008963,2,2023_5_44_1_1,2023,5,44,54,2,1,0,0,,,166.42543784
4386008970,2,2023_5_44_1_1,2023,5,44,64,2,1,0,0,,,166.42543784
4386008973,2,2023_5_44_1_1,2023,5,44,48,1,1,0,0,,,49.511204635
4386008974,2,2023_5_44_1_1,2023,5,44,45,1,1,0,0,,,130.54340277
4386008975,2,2023_5_44_1_1,2023,5,44,59,2,1,10.000726392,0,,,75.911080838
4386008976,2,2023_5_44_1_1,2023,5,44,51,2,5,14.038409507,0,,,322.43318219
4386008977,2,2023_5_44_1_1,2023,5,44,32,1,3,0,0,,,140.14308569
4386008980,2,2023_5_44_1_1,2023,5,44,84,2,1,0,0,,,49.511204635
4386008983,2,2023_5_44_1_1,2023,5,44,67,2,1,0,0,,,130.13818546
4386008988,2,2023_5_44_1_1,2023,5,44,83,2,1,0,0,,,93.643632929
4386008989,2,2023_5_44_1_1,2023,5,44,65,2,1,0,0,,,28.880447688
4386009001,2,2023_5_44_1_1,2023,5,44,41,1,2,0,0,,,166.42543784
4386009017,2,2023_5_44_1_1,2023,5,44,61,2,1,0,0,,,130.13818546
4386009018,2,2023_5_44_1_1,2023,5,44,70,1,1,6.0004358353,0,1,,90.147400441
4386009022,2,2023_5_44_1_1,2023,5,44,64,1,1,60.004358353,24.998184019,,,153.45111248
4386009023,2,2023_5_44_1_1,2023,5,44,53,1,1,2.0001452784,5.9995641647,,,166.42543784
4386009024,2,2023_5_44_1_1,2023,5,44,55,2,1,0,0,,,58.79650693
4386009025,2,2023_5_44_1_1,2023,5,44,30,2,1,0,0,,,140.14308569
4386009035,2,2023_5_44_1_1,2023,5,44,46,1,1,0,0,,,223.79712386
4386009037,2,2023_5_44_1_1,2023,5,44,29,2,1,0,0,,,130.54340277
4386009038,2,2023_5_44_1_1,2023,5,44,31,2,5,0,0,,,140.14308569
4386009040,2,2023_5_44_1_1,2023,5,44,78,2,1,0,0,,,130.13818546
4386009044,2,2023_5_44_1_1,2023,5,44,10,2,1,0,0,,,223.79712386
4386009046,2,2023_5_44_1_1,2023,5,44,62,1,1,0,0,,,437.4424871
4386009047,2,2023_5_44_1_1,2023,5,44,54,2,-3,0,0,,,140.14308569
4386009051,2,2023_5_44_1_1,2023,5,44,77,2,1,0,0,,,49.511204635
4386009068,2,2023_5_44_1_1,2023,5,44,31,2,1,0,0,,,140.14308569
4386009073,2,2023_5_44_1_1,2023,5,44,65,2,1,0,0,,,28.880447688
4386009086,2,2023_5_44_1_1,2023,5,44,57,2,1,0,0,,,97.077847059
4386009097,2,2023_5_44_1_1,2023,5,44,64,2,1,0,0,,,34.296669918
4386009098,2,2023_5_44_1_1,2023,5,44,59,1,1,0,0,,,255.16516833
4386009099,2,2023_5_44_1_1,2023,5,44,60,2,1,0,0,,,140.14308569
4386009100,2,2023_5_44_1_1,2023,5,44,73,1,1,0,0,,,34.296669918
4386009101,2,2023_5_44_1_1,2023,5,44,65,2,1,0,1.9998547216,,,49.511204635
4386009102,2,2023_5_44_1_1,2023,5,44,46,2,1,0,0,,,223.79712386
4386009104,2,2023_5_44_1_1,2023,5,44,71,1,1,0,0,,1,49.511204635
4386009106,2,2023_5_44_1_1,2023,5,44,62,2,1,10.000726392,0,,,28.880447688
4386009118,2,2023_5_44_1_1,2023,5,44,50,1,1,3.0002179177,0,,,97.077847059
4386009120,2,2023_5_44_1_1,2023,5,44,51,2,1,0,0,,,207.82011091
4386009121,2,2023_5_44_1_1,2023,5,44,55,2,1,0,0,,,140.14308569
4386009124,2,2023_5_44_1_1,2023,5,44,28,2,1,0,0,,,140.14308569
4386009127,2,2023_5_44_1_1,2023,5,44,50,2,1,0,0.9999273608,,,588.24162785
4386009128,2,2023_5_44_1_1,2023,5,44,19,2,1,0,0,1,1,140.14308569
4386009129,2,2023_5_44_1_1,2023,5,44,33,2,1,0,0,,,223.79712386
4386009130,2,2023_5_44_1_1,2023,5,44,43,1,1,0,0,,,154.54422448
4386009133,2,2023_5_44_1_1,2023,5,44,39,2,1,0,0,,,223.79712386
4386009136,2,2023_5_44_1_1,2023,5,44,54,2,1,0,0,,,81.747052712
4386009137,2,2023_5_44_1_1,2023,5,44,-3,1,-3,0,0,1,1,49.511204635
4386009138,2,2023_5_44_1_1,2023,5,44,63,2,1,0,0,,,214.86879961
4386009143,2,2023_5_44_1_1,2023,5,44,62,1,1,0,0,,,140.14308569
4386009147,2,2023_5_44_1_1,2023,5,44,37,2,1,0,0,,,90.147400441
4386009148,2,2023_5_44_1_1,2023,5,44,67,2,1,0,0,,,130.13818546
4386009149,2,2023_5_44_1_1,2023,5,44,58,1,1,50.003631961,11.999128329,,,100.08485386
4386009150,2,2023_5_44_1_1,2023,5,44,77,2,1,0,0,,,75.911080838
4386009153,2,2023_5_44_1_1,2023,5,44,56,2,1,0,0,,,166.42543784
4386009154,2,2023_5_44_1_1,2023,5,44,57,1,1,0,0,,,223.79712386
4386009156,2,2023_5_44_1_1,2023,5,44,81,2,1,0,0,,,130.13818546
4386009158,2,2023_5_44_1_1,2023,5,44,68,1,1,0,0,,,41.756448913
4386009159,2,2023_5_44_1_1,2023,5,44,-3,2,-3,0,0,1,1,34.296669918
4386009166,2,2023_5_44_1_1,2023,5,44,57,1,1,0,0,,,166.42543784
4386009167,2,2023_5_44_1_1,2023,5,44,43,2,1,0,0,,,283.29345557
4386009169,2,2023_5_44_1_1,2023,5,44,33,2,1,0,0,,,140.14308569
4386009171,2,2023_5_44_1_1,2023,5,44,37,1,1,0,0,,,130.54340277
4386009174,2,2023_5_44_1_1,2023,5,44,69,1,1,4.0002905569,3.9997094431,,,42.308247136
4386009176,2,2023_5_44_1_1,2023,5,44,55,2,1,0,0,,,49.511204635
4386009177,2,2023_5_44_1_1,2023,5,44,28,1,1,2.0001452784,9.9992736078,,,283.29345557
4386009188,2,2023_5_44_1_1,2023,5,44,35,2,1,6.0004358353,0,,,368.36039462
4386009196,2,2023_5_44_1_1,2023,5,44,65,2,1,0,0,,,75.911080838
4386009201,2,2023_5_44_1_1,2023,5,44,54,1,1,5.0003631961,19.998547216,,,207.82011091
4386009210,2,2023_5_44_1_1,2023,5,44,53,1,1,0,0,,,140.14308569
4386009213,2,2023_5_44_1_1,2023,5,44,33,2,1,0,0,,,223.79712386
4386009222,2,2023_5_44_1_1,2023,5,44,58,2,1,0,0,,,166.42543784
4386009223,2,2023_5_44_1_1,2023,5,44,29,2,1,0,0,,,140.14308569
4386009224,2,2023_5_44_1_1,2023,5,44,51,2,1,0,0,,,166.42543784
4386009229,2,2023_5_44_1_1,2023,5,44,38,2,1,0,0,,,140.14308569
4386009232,2,2023_5_44_1_1,2023,5,44,18,1,1,0,25.712151033,,,294.37243083
4386009240,2,2023_5_44_1_1,2023,5,44,68,2,1,0,0,,,49.511204635
4386009241,2,2023_5_44_1_1,2023,5,44,17,2,1,0,0,,,223.79712386
4386009242,2,2023_5_44_1_1,2023,5,44,52,2,1,0,0,,,97.077847059
4386009245,2,2023_5_44_1_1,2023,5,44,-3,1,-3,0,0,1,1,154.54422448
4386009246,2,2023_5_44_1_1,2023,5,44,40,2,1,0,0,,,223.79712386
4386009247,2,2023_5_44_1_1,2023,5,44,42,2,2,0,0,,,223.79712386
4386009251,2,2023_5_44_1_1,2023,5,44,59,2,1,0,0,,,154.54422448
4386009255,2,2023_5_44_1_1,2023,5,44,56,1,1,0,0,,,140.14308569
4386009260,2,2023_5_44_1_1,2023,5,44,56,2,1,1.0000726392,0,,,140.14308569
4386009271,2,2023_5_44_1_1,2023,5,44,63,1,1,0,0,,,368.36039462
4386009272,2,2023_5_44_1_1,2023,5,44,41,1,4,6.0004358353,0,,,90.147400441
4386009275,2,2023_5_44_1_1,2023,5,44,-3,-3,-3,0,0,1,1,49.511204635
4386009276,2,2023_5_44_1_1,2023,5,44,64,2,1,0,0,,,154.54422448
4386009277,2,2023_5_44_1_1,2023,5,44,50,2,1,0,0,,,368.36039462
4386009278,2,2023_5_44_1_1,2023,5,44,35,2,1,0,0,,,130.54340277
4386009280,2,2023_5_44_1_1,2023,5,44,32,2,1,0,0,,,283.29345557
4386009281,2,2023_5_44_1_1,2023,5,44,62,2,1,0,0,,,130.13818546
4386009285,2,2023_5_44_1_1,2023,5,44,65,1,3,0,1.9998547216,,,58.79650693
4386009288,2,2023_5_44_1_1,2023,5,44,-3,-3,-3,0,0,1,1,368.36039462
4386009294,2,2023_5_44_1_1,2023,5,44,40,2,1,0,0,,,223.79712386
4386009306,2,2023_5_44_1_1,2023,5,44,42,2,4,0,0,,,79.065371948
4386009319,2,2023_5_44_1_1,2023,5,44,29,1,1,0,0,,,140.14308569
4386009336,2,2023_5_44_1_1,2023,5,44,77,2,1,0,0,,,49.511204635
4386009362,2,2023_5_44_1_1,2023,5,44,55,1,3,0,0,,,166.42543784
4386009363,2,2023_5_44_1_1,2023,5,44,8,2,-3,0,0,,,159.82738159
4386009364,2,2023_5_44_1_1,2023,5,44,34,2,3,0,0,,,263.06896326
4386009367,2,2023_5_44_1_1,2023,5,44,16,2,4,0,0,,,188.45448097
4386009369,2,2023_5_44_1_1,2023,5,44,36,2,1,0,0,,,130.54340277
4386009371,2,2023_5_44_1_1,2023,5,44,39,2,3,0,0,,,223.79712386
4386009372,2,2023_5_44_1_1,2023,5,44,64,2,1,0,0,,,100.08485386
4386009378,2,2023_5_44_1_1,2023,5,44,-3,1,-3,0,0,1,1,90.147400441
4386009381,2,2023_5_44_1_1,2023,5,44,21,1,1,1.0000726392,0,,,437.4424871
4386009382,2,2023_5_44_1_1,2023,5,44,41,2,3,0,0,,,452.39663628
4386009383,2,2023_5_44_1_1,2023,5,44,67,1,1,0,4.9996368039,,,130.13818546
4386009385,2,2023_5_44_1_1,2023,5,44,62,1,1,1.0000726392,0.9999273608,,,97.077847059
4386009394,2,2023_5_44_1_1,2023,5,44,35,2,1,0,0,,,140.14308569
4386009396,2,2023_5_44_1_1,2023,5,44,66,2,1,0,0,,,75.911080838
4386009398,2,2023_5_44_1_1,2023,5,44,76,2,1,0,0,,,130.13818546
4386009399,2,2023_5_44_1_1,2023,5,44,73,2,1,0,0,,,58.79650693
4386009401,2,2023_5_44_1_1,2023,5,44,52,1,1,0,0,,,312.40476243
4386009404,2,2023_5_44_1_1,2023,5,44,53,2,1,0,0,,,58.79650693
4386009407,2,2023_5_44_1_1,2023,5,44,70,2,3,0,0,,,49.587428866
4386009408,2,2023_5_44_1_1,2023,5,44,46,1,1,0,0,,,97.077847059
4386009409,2,2023_5_44_1_1,2023,5,44,-3,-3,-3,0,0,1,1,58.79650693
4386009413,2,2023_5_44_1_1,2023,5,44,34,1,3,0,2.9997820823,,,223.79712386
4386009414,2,2023_5_44_1_1,2023,5,44,44,1,1,0,0,,,166.42543784
4386009415,2,2023_5_44_1_1,2023,5,44,49,2,1,0,0,,,343.12801892
4386009416,2,2023_5_44_1_1,2023,5,44,48,1,1,0,0,,,336.42214417
4386009419,2,2023_5_44_1_1,2023,5,44,75,1,1,0,0.9999273608,,,130.13818546
4386009424,2,2023_5_44_1_1,2023,5,44,73,1,1,20.001452784,0,,,75.911080838
4386009429,2,2023_5_44_1_1,2023,5,44,37,2,1,1.0000726392,0,,,130.54340277
4386009440,2,2023_5_44_1_0,2023,5,44,74,2,1,0,0,,,575.19339929
4386009441,2,2023_5_44_1_0,2023,5,44,31,2,1,0,0,,,2424.038969
4386009442,2,2023_5_44_1_0,2023,5,44,71,2,1,0,0,,,938.52351895
4386009443,2,2023_5_44_1_0,2023,5,44,60,1,1,0,0,,,1628.1037483
4386009444,2,2023_5_44_1_0,2023,5,44,79,2,1,0,0,,,790.30936407
4386009448,2,2023_5_44_1_0,2023,5,44,40,2,1,0,0,,,1359.085821
4386009449,2,2023_5_44_1_0,2023,5,44,41,2,4,0,0,,,1359.085821
4386009457,2,2023_5_44_1_0,2023,5,44,71,2,1,0,0,,,300.67399903
4386009465,2,2023_5_44_1_0,2023,5,44,58,2,1,0,0,,,1933.4373708
4386009468,2,2023_5_44_1_0,2023,5,44,63,2,1,0,0,,,300.67399903
4386009470,2,2023_5_44_1_0,2023,5,44,54,2,2,0,0,,,357.06222456
4386009474,2,2023_5_44_1_0,2023,5,44,25,1,4,0,0,,,1720.3979748
4386009477,2,2023_5_44_1_0,2023,5,44,28,1,1,0,0,,,2747.3358158
4386009478,2,2023_5_44_1_0,2023,5,44,30,1,1,0,0,,,4521.9960283
4386009488,2,2023_5_44_1_0,2023,5,44,95,1,1,0,0,,,790.30936407
4386009491,2,2023_5_44_1_0,2023,5,44,72,2,1,0,0,,,790.30936407
4386009496,2,2023_5_44_1_0,2023,5,44,14,1,1,0,0.9999273608,,,2747.3358158
4386009505,2,2023_5_44_1_0,2023,5,44,65,2,1,0,0,,,575.19339929
4386009506,2,2023_5_44_1_0,2023,5,44,21,1,1,0,0,,,619.41372211
4386009508,2,2023_5_44_1_0,2023,5,44,24,2,1,0,0,,,851.06759818
4386009509,2,2023_5_44_1_0,2023,5,44,52,1,1,0,0,,,2656.5215472
4386009516,2,2023_5_44_1_0,2023,5,44,83,2,1,0,0,,,790.30936407
4386009517,2,2023_5_44_1_0,2023,5,44,12,1,1,0,0,,,1144.4553378
4386009519,2,2023_5_44_1_0,2023,5,44,39,1,1,0,0,,,1359.085821
4386009521,2,2023_5_44_1_0,2023,5,44,75,1,1,0,0,,,300.67399903
4386009522,2,2023_5_44_1_0,2023,5,44,50,2,1,0,0,,,1359.085821
4386009526,2,2023_5_44_1_0,2023,5,44,36,1,1,0,0,,,2236.9965294
4386009530,2,2023_5_44_1_0,2023,5,44,-3,2,1,0,0,,,1558.093113
4386009537,2,2023_5_44_1_0,2023,5,44,61,1,1,0,0,,,2656.5215472
4386009540,2,2023_5_44_1_0,2023,5,44,58,1,1,0,0,,,357.06222456
4386009541,2,2023_5_44_1_0,2023,5,44,71,2,1,0,0,,,300.67399903
4386009542,2,2023_5_44_1_0,2023,5,44,65,2,1,0,0,,,300.67399903
4386009554,2,2023_5_44_1_0,2023,5,44,64,1,1,0,0,,,851.06759818
4386009561,2,2023_5_44_1_0,2023,5,44,78,2,1,0,0,,,790.30936407
4386009567,2,2023_5_44_1_0,2023,5,44,64,1,1,0,0,,,357.06222456
4386009572,2,2023_5_44_1_0,2023,5,44,85,1,1,0,0,,,300.67399903
4386009578,2,2023_5_44_1_0,2023,5,44,61,1,1,0,0,,,1010.6763167
4386009579,2,2023_5_44_1_0,2023,5,44,-3,-3,-3,0,0,1,1,434.72589538
4386009586,2,2023_5_44_1_0,2023,5,44,13,2,1,0,0,,,1144.4553378
4386009589,2,2023_5_44_1_0,2023,5,44,52,2,1,0,0,,,1720.3979748
4386009593,2,2023_5_44_1_0,2023,5,44,87,1,1,0,0,,,938.52351895
4386009600,2,2023_5_44_1_0,2023,5,44,61,2,1,0,0,,,300.67399903
4386009605,2,2023_5_44_1_0,2023,5,44,29,2,1,0,0,,,1010.6763167
4386009608,2,2023_5_44_1_0,2023,5,44,61,2,1,0,0,,,851.06759818
4386009613,2,2023_5_44_1_0,2023,5,44,62,2,1,0,0,,,790.30936407
4386009614,2,2023_5_44_1_0,2023,5,44,24,1,1,0,0,,,1359.085821
4386009615,2,2023_5_44_1_0,2023,5,44,39,1,1,0,0,,,1720.3979748
4386009623,2,2023_5_44_1_0,2023,5,44,69,2,1,0,0,,,300.67399903
4386009625,2,2023_5_44_1_0,2023,5,44,67,1,1,0,0,,,300.67399903
4386009626,2,2023_5_44_1_0,2023,5,44,63,1,1,0,0,,,2656.5215472
4386009630,2,2023_5_44_1_0,2023,5,44,72,2,1,0,0,,,300.67399903
4386009631,2,2023_5_44_1_0,2023,5,44,72,2,1,0,0,,,300.67399903
4386009632,2,2023_5_44_1_0,2023,5,44,77,2,1,0,0,,,790.30936407
4386009636,2,2023_5_44_1_0,2023,5,44,67,2,1,0,0,,,357.06222456
4386009638,2,2023_5_44_1_0,2023,5,44,34,2,1,0,0,,,2043.0404025
4386009648,2,2023_5_44_1_0,2023,5,44,41,1,1,0,0,,,989.15339849
4386009654,2,2023_5_44_1_0,2023,5,44,35,1,1,0,0,,,735.57820847
4386009668,2,2023_5_44_1_0,2023,5,44,68,1,1,0,0,,,300.67399903
4386009670,2,2023_5_44_1_0,2023,5,44,64,1,1,0,0,,,357.06222456
4386009672,2,2023_5_44_1_0,2023,5,44,54,2,1,0,0,,,2236.9965294
4386009673,2,2023_5_44_1_0,2023,5,44,57,2,3,0,0,,,2747.3358158
4386009683,2,2023_5_44_1_0,2023,5,44,34,1,4,0,0,,,2747.3358158
4386009685,2,2023_5_44_1_0,2023,5,44,69,2,1,0,0,,,300.67399903
4386009686,2,2023_5_44_1_0,2023,5,44,76,2,1,0,0,,,300.67399903
4386009690,2,2023_5_44_1_0,2023,5,44,63,2,2,0,0,,,1597.5777157
4386009692,2,2023_5_44_1_0,2023,5,44,39,2,1,0,0,,,1359.085821
4386009694,2,2023_5_44_1_0,2023,5,44,59,2,1,0,0,,,2236.9965294
4386009695,2,2023_5_44_1_0,2023,5,44,65,2,1,0,0,,,790.30936407
4386009704,2,2023_5_44_1_0,2023,5,44,33,1,1,0,0,,,1720.3979748
4386009706,2,2023_5_44_1_0,2023,5,44,27,1,3,0,0,,,2043.0404025
4386009715,2,2023_5_44_1_0,2023,5,44,47,2,3,0,0,,,1359.085821
4386009720,2,2023_5_44_1_0,2023,5,44,59,1,1,0,4.9996368039,,,2236.9965294
4386009722,2,2023_5_44_1_0,2023,5,44,40,1,1,2.0001452784,2.9997820823,,,790.30936407
4386009723,2,2023_5_44_1_0,2023,5,44,38,2,1,0,0,,,851.06759818
4386009730,2,2023_5_44_1_0,2023,5,44,33,1,1,0,0,,,1720.3979748
4386009735,2,2023_5_44_1_0,2023,5,44,49,1,1,0,0,,,1359.085821
4386009737,2,2023_5_44_1_0,2023,5,44,17,2,3,0,0,,,2747.3358158
4386009738,2,2023_5_44_1_0,2023,5,44,65,2,1,0,0,,,300.67399903
4386009742,2,2023_5_44_1_0,2023,5,44,-3,-3,-3,0,0,1,1,516.25413497
4386009744,2,2023_5_44_1_0,2023,5,44,13,1,1,0,0,,,3572.3017435
4386009747,2,2023_5_44_1_0,2023,5,44,0,2,1,0,0,,,1062.7519743
4386009748,2,2023_5_44_1_0,2023,5,44,75,2,1,0,0,,,218.83291207
4386009749,2,2023_5_44_1_0,2023,5,44,73,2,1,0,0,,,790.30936407
4386009754,2,2023_5_44_1_0,2023,5,44,73,1,1,0,0,,,607.80006208
4386009755,2,2023_5_44_1_0,2023,5,44,55,2,1,0,0,,,1010.6763167
4386009757,2,2023_5_44_1_0,2023,5,44,59,2,1,0,0,,,851.06759818
4386009760,2,2023_5_44_1_0,2023,5,44,46,2,1,0,0,,,2656.5215472
4386009766,2,2023_5_44_1_0,2023,5,44,29,2,1,0,0,,,607.80006208
4386009775,2,2023_5_44_1_0,2023,5,44,39,1,1,0,0.9999273608,,,1720.3979748
4386009780,2,2023_5_44_1_0,2023,5,44,34,2,1,0,0,,,851.06759818
4386009781,2,2023_5_44_1_0,2023,5,44,68,1,2,0,0,1,1,300.67399903
4386009794,2,2023_5_44_1_0,2023,5,44,39,2,1,0,0,,,3572.3017435
4386009796,2,2023_5_44_1_0,2023,5,44,75,2,1,0,0,,,790.30936407
4386009797,2,2023_5_44_1_0,2023,5,44,78,2,1,0,0,,,357.06222456
4386009842,2,2023_5_44_1_0,2023,5,44,45,1,1,0,0,,,357.06222456
4386009845,2,2023_5_44_1_0,2023,5,44,33,1,1,0,0,,,851.06759818
4386009850,2,2023_5_44_1_0,2023,5,44,33,2,3,0,0,,,2747.3358158
4386009851,2,2023_5_44_1_0,2023,5,44,79,2,1,0,0,,,790.30936407
4386009863,2,2023_5_44_1_0,2023,5,44,72,1,1,0,0,,,878.78043014
4386009869,2,2023_5_44_1_0,2023,5,44,75,2,3,0,0,,,790.30936407
4386009881,2,2023_5_44_1_0,2023,5,44,80,1,1,0,0,,,1597.5777157
4386009884,2,2023_5_44_1_0,2023,5,44,72,2,1,0,0,,,434.72589538
4386009887,2,2023_5_44_1_0,2023,5,44,78,2,1,0,0,,,300.67399903
4386009889,2,2023_5_44_1_0,2023,5,44,34,1,1,0,0,,,851.06759818
4386009892,2,2023_5_44_1_0,2023,5,44,52,2,1,0,0,,,1010.6763167
4386009914,2,2023_5_44_1_0,2023,5,44,64,2,1,0,0,,,851.06759818
4386009919,2,2023_5_44_1_0,2023,5,44,67,1,1,0,0,,,790.30936407
4386009922,2,2023_5_44_1_0,2023,5,44,48,1,1,0,0,,,2747.3358158
4386009925,2,2023_5_44_1_0,2023,5,44,68,2,1,0,0,1,1,1597.5777157
4386009942,2,2023_5_44_1_0,2023,5,44,85,2,1,0,0,,,790.30936407
4386009946,2,2023_5_44_1_0,2023,5,44,63,1,1,0,0,,,851.06759818
4386009948,2,2023_5_44_1_0,2023,5,44,76,1,1,0,0,,,790.30936407
4386009950,2,2023_5_44_1_0,2023,5,44,49,1,1,0,0,,,1359.085821
4386009953,2,2023_5_44_1_0,2023,5,44,16,1,1,0,0,,,1144.4553378
4386009960,2,2023_5_44_1_0,2023,5,44,65,1,1,0,0,,,790.30936407
4386009961,2,2023_5_44_1_0,2023,5,44,30,2,1,0,0,,,7221.26033
4386009967,2,2023_5_44_1_0,2023,5,44,49,1,1,0,0,,,1359.085821
4386009968,2,2023_5_44_1_0,2023,5,44,53,1,1,1.0000726392,2.9997820823,,,2599.9494331
4386009971,2,2023_5_44_1_0,2023,5,44,66,2,1,0,0,,,300.67399903
4386009974,2,2023_5_44_1_0,2023,5,44,77,1,1,0,0,,,790.30936407
4386009975,2,2023_5_44_1_0,2023,5,44,31,1,1,12.065277215,11.173889114,,,1354.7563116
4386009978,2,2023_5_44_1_0,2023,5,44,39,1,1,0,0,,,1720.3979748
4386009981,2,2023_5_44_1_0,2023,5,44,68,1,1,0,21.689354577,,,697.94132182
4386009986,2,2023_5_44_1_0,2023,5,44,25,1,1,0,0,,,851.06759818
4386009989,2,2023_5_44_1_0,2023,5,44,33,2,1,0,0,,,851.06759818
4386009991,2,2023_5_44_1_0,2023,5,44,73,1,1,0,0,,,790.30936407
4386009992,2,2023_5_44_1_0,2023,5,44,57,1,1,0,0,,,851.06759818
4386009993,2,2023_5_44_1_0,2023,5,44,80,1,1,0,0,,,938.52351895
4386009994,2,2023_5_44_1_0,2023,5,44,76,1,1,0,0,,,575.19339929
4386009996,2,2023_5_44_1_0,2023,5,44,81,1,1,0,0,,,218.83291207
4386010003,2,2023_5_44_1_0,2023,5,44,71,2,1,0,0,,,790.30936407
4386010005,2,2023_5_44_1_0,2023,5,44,38,2,1,0,0,,,1359.085821
4386010008,2,2023_5_44_1_0,2023,5,44,83,1,1,6.0004358353,0,,,790.30936407
4386010014,2,2023_5_44_1_0,2023,5,44,77,2,1,0,0,,,300.67399903
4386010018,2,2023_5_44_1_0,2023,5,44,-3,-3,-3,0,0,1,,790.30936407
4386010023,2,2023_5_44_1_0,2023,5,44,21,2,1,0,0,,,2043.0404025
4386010030,2,2023_5_44_1_0,2023,5,44,66,1,1,0,0,,,300.67399903
4386010035,2,2023_5_44_1_0,2023,5,44,56,2,1,0,0,,,619.41372211
4386010036,2,2023_5_44_1_0,2023,5,44,55,2,1,0,0,,,851.06759818
4386010037,2,2023_5_44_1_0,2023,5,44,-3,-3,-3,0,0,1,1,790.30936407
4386010038,2,2023_5_44_1_0,2023,5,44,72,2,1,0,0,,,300.67399903
4386010041,2,2023_5_44_1_0,2023,5,44,59,2,1,0,0,,,851.06759818
4386010043,2,2023_5_44_1_0,2023,5,44,58,2,1,0,0,,,851.06759818
4386010045,2,2023_5_44_1_0,2023,5,44,66,2,1,0,0,,,790.30936407
4386010056,2,2023_5_44_1_0,2023,5,44,41,2,1,0,0,,,1720.3979748
4386010057,2,2023_5_44_1_0,2023,5,44,25,2,1,0,0,,,851.06759818
4386010060,2,2023_5_44_1_0,2023,5,44,67,1,1,0,0,,,300.67399903
4386010067,2,2023_5_44_1_0,2023,5,44,56,2,1,0,0,,,300.67399903
4386010069,2,2023_5_44_1_0,2023,5,44,62,1,1,0,0,,,851.06759818
4386010071,2,2023_5_44_1_0,2023,5,44,39,2,1,0,0,,,1010.6763167
4386010078,2,2023_5_44_1_0,2023,5,44,61,1,1,0,0,1,1,938.52351895
4386010079,2,2023_5_44_1_0,2023,5,44,74,1,1,0,1.9998547216,,,536.2762817
4386010090,2,2023_5_44_1_0,2023,5,44,-3,2,1,0,0,,,300.67399903
4386010092,2,2023_5_44_1_0,2023,5,44,84,2,1,0,0,,,790.30936407
4386010098,2,2023_5_44_1_0,2023,5,44,46,1,1,0,0,,,790.30936407
4386010110,2,2023_5_44_1_0,2023,5,44,65,1,1,0,0,,,790.30936407
4386010116,2,2023_5_44_1_0,2023,5,44,64,1,1,0,0,,,300.67399903
4386010125,2,2023_5_44_1_0,2023,5,44,27,1,1,0,0,,,683.06483223
4386010126,2,2023_5_44_1_0,2023,5,44,35,2,3,0,0,,,2656.5215472
4386010127,2,2023_5_44_1_0,2023,5,44,45,1,1,0,0,,,1359.085821
4386010131,2,2023_5_44_1_0,2023,5,44,57,1,1,0,0,,,2236.9965294
4386010138,2,2023_5_44_1_0,2023,5,44,12,1,2,0,0,,,1144.4553378
4386010142,2,2023_5_44_1_0,2023,5,44,84,2,1,0,0,,,790.30936407
4386010143,2,2023_5_44_1_0,2023,5,44,53,2,1,0,0,,,300.67399903
4386010155,2,2023_5_44_1_0,2023,5,44,43,2,1,0,0,,,1359.085821
4386010166,2,2023_5_44_1_0,2023,5,44,63,2,1,0,0,,,790.30936407
4386010167,2,2023_5_44_1_0,2023,5,44,64,2,1,0,0,,,300.67399903
4386010169,2,2023_5_44_1_0,2023,5,44,40,2,1,0,0,,,1359.085821
4386010172,2,2023_5_44_1_0,2023,5,44,36,1,1,0,0,,,1359.085821
4386010174,2,2023_5_44_1_0,2023,5,44,79,2,1,0,0,,,938.52351895
4386010176,2,2023_5_44_1_0,2023,5,44,45,1,1,0,0,,,3572.3017435
4386010183,2,2023_5_44_1_0,2023,5,44,73,2,-3,0,0,,,790.30936407
4386010197,2,2023_5_44_1_0,2023,5,44,80,2,1,0,0,,,300.67399903
4386010199,2,2023_5_44_1_0,2023,5,44,64,2,1,0,0,,,218.83291207
4386010200,2,2023_5_44_1_0,2023,5,44,67,2,1,0,0,,,790.30936407
4386010209,2,2023_5_44_1_0,2023,5,44,11,2,1,0,0,,,1359.085821
4386010215,2,2023_5_44_1_0,2023,5,44,63,2,1,0,0,,,938.52351895
4386010219,2,2023_5_44_1_0,2023,5,44,75,1,1,0,0,,,434.72589538
4386010220,2,2023_5_44_1_0,2023,5,44,77,1,1,0,0,,,1597.5777157
4386010228,2,2023_5_44_1_0,2023,5,44,23,1,1,0,0,,,851.06759818
4386010231,2,2023_5_44_1_0,2023,5,44,72,1,1,0,0,,,1597.5777157
4386010247,2,2023_5_44_1_0,2023,5,44,67,2,1,0,0,,,218.83291207
4386010258,2,2023_5_44_1_0,2023,5,44,14,1,3,0,0,,,2747.3358158
4386010263,2,2023_5_44_1_0,2023,5,44,68,1,1,0,0,,,300.67399903
4386010268,2,2023_5_44_1_0,2023,5,44,31,1,2,0,0,,,851.06759818
4386010276,2,2023_5_44_1_0,2023,5,44,57,2,3,0,0,,,1010.6763167
4386010277,2,2023_5_44_1_0,2023,5,44,64,1,1,0,0,,,851.06759818
4386010291,2,2023_5_44_1_0,2023,5,44,26,2,1,0,0,,,1720.3979748
4386010295,2,2023_5_44_1_0,2023,5,44,53,2,1,0,0,,,1010.6763167
4386010303,2,2023_5_44_1_0,2023,5,44,50,1,1,2.165142504,2.752286244,,,3300.0702966
4386010306,2,2023_5_44_1_0,2023,5,44,82,2,1,0,0,,,790.30936407
4386010307,2,2023_5_44_1_0,2023,5,44,64,2,1,0,0,,,300.67399903
4386010330,2,2023_5_44_1_0,2023,5,44,60,1,1,0,0,,,300.67399903
4386010334,2,2023_5_44_1_0,2023,5,44,82,2,1,0,0,,,790.30936407
4386010369,2,2023_5_44_1_0,2023,5,44,52,1,3,0,0,,,1359.085821
4386010372,2,2023_5_44_1_0,2023,5,44,12,1,3,0,0,,,2313.4691647
4386010376,2,2023_5_44_1_0,2023,5,44,58,1,1,0,0,,,300.67399903
4386010396,2,2023_5_44_1_0,2023,5,44,42,1,1,0,0,,,851.06759818
4386010428,2,2023_5_44_1_0,2023,5,44,42,1,1,0,0,,,1359.085821
4386010434,2,2023_5_44_1_0,2023,5,44,-3,-3,-3,0,0,1,1,1558.093113
4386010443,2,2023_5_44_1_0,2023,5,44,23,1,1,0,0,,,1720.3979748
4386010444,2,2023_5_44_1_0,2023,5,44,77,2,1,0,0,,,790.30936407
4386010460,2,2023_5_44_1_0,2023,5,44,-3,-3,-3,0,0,1,1,1720.3979748
4386010479,2,2023_5_44_1_0,2023,5,44,65,1,2,0,0,,,357.06222456
4386010489,2,2023_5_44_1_0,2023,5,44,33,2,1,0,0,,,1010.6763167
4386010519,2,2023_5_44_1_0,2023,5,44,27,1,1,0,0,,,2043.0404025
4386010545,2,2023_5_44_1_0,2023,5,44,38,2,1,0,0,,,1010.6763167
4386010552,2,2023_5_44_1_0,2023,5,44,44,2,1,0,0.9999273608,,,851.06759818
4386010557,2,2023_5_44_1_0,2023,5,44,36,1,1,0,0,,,851.06759818
4386010564,2,2023_5_44_1_0,2023,5,44,72,2,4,0,0,,,480.15195234
4386010571,2,2023_5_44_1_0,2023,5,44,49,2,3,0,0,,,7221.26033
4386010584,2,2023_5_44_1_0,2023,5,44,84,2,1,0,0,,,790.30936407
4386010586,2,2023_5_44_1_0,2023,5,44,56,1,1,0,0,,,851.06759818
4386010592,2,2023_5_44_1_0,2023,5,44,57,2,4,0,0,,,2656.5215472
4386010593,2,2023_5_44_1_0,2023,5,44,21,1,3,0,0,,,1720.3979748
4386010608,2,2023_5_44_1_0,2023,5,44,86,2,1,0,0,,,790.30936407
4386010609,2,2023_5_44_1_0,2023,5,44,52,2,2,0,0,,,1965.0179342
4386010614,2,2023_5_44_1_0,2023,5,44,52,2,1,0,0,,,1010.6763167
4386010617,2,2023_5_44_1_0,2023,5,44,67,1,1,0,0,,,357.06222456
4386010630,2,2023_5_44_1_0,2023,5,44,63,2,1,0,0,,,790.30936407
4386010632,2,2023_5_44_1_0,2023,5,44,36,2,1,0,0,,,851.06759818
4386010634,2,2023_5_44_1_0,2023,5,44,47,2,1,0,0,,,1359.085821
4386010639,2,2023_5_44_1_0,2023,5,44,-3,2,1,0,0,,,592.77810495
4386010644,2,2023_5_44_1_0,2023,5,44,78,2,1,0,0,,,790.30936407
4386010652,2,2023_5_44_1_0,2023,5,44,77,1,1,0,0,,,790.30936407
4386010655,2,2023_5_44_1_0,2023,5,44,37,2,1,0,0,,,851.06759818
4386010663,2,2023_5_44_1_0,2023,5,44,58,2,1,0,0,,,790.30936407
4386010674,2,2023_5_44_1_0,2023,5,44,40,2,1,0,0,,,1720.3979748
4386010676,2,2023_5_44_1_0,2023,5,44,73,1,1,0,0,,,300.67399903
4386010679,2,2023_5_44_1_0,2023,5,44,35,2,1,0,0,,,2747.3358158
4386010680,2,2023_5_44_1_0,2023,5,44,78,1,1,0,0,,,218.83291207
4386010684,2,2023_5_44_1_0,2023,5,44,81,2,1,0,0,,,938.52351895
4386010690,2,2023_5_44_1_0,2023,5,44,-3,2,-3,0,0,,,1850.2969821
4386010693,2,2023_5_44_1_0,2023,5,44,-3,-3,-3,0,0,1,1,619.41372211
4386010700,2,2023_5_44_1_0,2023,5,44,84,1,1,0,0,,,790.30936407
4386010706,2,2023_5_44_1_0,2023,5,44,44,1,1,0,0,,,1262.0598566
4386010708,2,2023_5_44_1_0,2023,5,44,32,1,1,0,0,,,1720.3979748
4386010711,2,2023_5_44_1_0,2023,5,44,35,2,3,0,0,,,1359.085821
4386010713,2,2023_5_44_1_0,2023,5,44,36,2,-3,0,0,1,1,1359.085821
4386010720,2,2023_5_44_1_0,2023,5,44,63,2,1,0,0,,,790.30936407
4386010728,2,2023_5_44_1_0,2023,5,44,19,1,3,0,0,,,1359.085821
4386010736,2,2023_5_44_1_0,2023,5,44,72,2,1,0,0,,,790.30936407
4386010760,2,2023_5_44_1_0,2023,5,44,69,2,1,0,0,,,218.83291207
4386010771,2,2023_5_44_1_0,2023,5,44,58,1,1,0,0,,,851.06759818
4386010772,2,2023_5_44_1_0,2023,5,44,-3,-3,-3,0,0,1,1,1010.6763167
4386010779,2,2023_5_44_1_0,2023,5,44,82,1,1,0,0,,,790.30936407
4386010780,2,2023_5_44_1_0,2023,5,44,53,1,1,0,0,,,1359.085821
4386010782,2,2023_5_44_1_0,2023,5,44,65,2,1,2.0001452784,0,,,790.30936407
4386010784,2,2023_5_44_1_0,2023,5,44,29,1,1,0,0,,,1720.3979748
4386010789,2,2023_5_45_1_1,2023,5,45,25,1,1,0,0,,,169.01364309
4386010791,2,2023_5_45_1_1,2023,5,45,24,1,1,0,0,,,93.002216155
4386010792,2,2023_5_45_1_1,2023,5,45,50,2,1,0,0,,,310.47278065
4386010798,2,2023_5_45_1_1,2023,5,45,83,2,1,0,0,,,452.18478364
4386010800,2,2023_5_45_1_1,2023,5,45,72,2,1,0,0,,,110.98476888
4386010811,2,2023_5_45_1_1,2023,5,45,46,2,1,0,0,,,195.05374777
4386010812,2,2023_5_45_1_1,2023,5,45,62,2,1,0,0,,,110.98476888
4386010815,2,2023_5_45_1_1,2023,5,45,51,2,1,0,0,,,203.87555214
4386010832,2,2023_5_45_1_1,2023,5,45,-3,-3,-3,0,0,,,258.21814192
4386010837,2,2023_5_45_1_1,2023,5,45,65,1,3,0,0,,,110.98476888
4386010839,2,2023_5_45_1_1,2023,5,45,40,1,1,0,0,,,354.47267679
4386010840,2,2023_5_45_1_1,2023,5,45,41,1,1,0,0,,,310.47278065
4386010841,2,2023_5_45_1_1,2023,5,45,29,1,3,0,0,,,232.76859423
4386010846,2,2023_5_45_1_1,2023,5,45,74,2,1,0,0,,,97.208479129
4386010850,2,2023_5_45_1_1,2023,5,45,65,2,1,0,0,,,97.208479129
4386010863,2,2023_5_45_1_1,2023,5,45,72,2,1,0,0,,,99.946709543
4386010864,2,2023_5_45_1_1,2023,5,45,57,1,1,0,0,,,203.87555214
4386010866,2,2023_5_45_1_1,2023,5,45,-3,1,2,0,0,,,110.98476888
4386010868,2,2023_5_45_1_1,2023,5,45,35,1,1,0,0,,,232.76859423
4386010869,2,2023_5_45_1_1,2023,5,45,37,1,1,0,0,,,354.47267679
4386010870,2,2023_5_45_1_1,2023,5,45,42,2,1,0,0,,,319.21837588
4386010874,2,2023_5_45_1_1,2023,5,45,38,2,2,0,0,,,1106.828258
4386010876,2,2023_5_45_1_1,2023,5,45,69,1,2,0,1.9982508249,,,346.54597222
4386010881,2,2023_5_45_1_1,2023,5,45,47,1,1,1.0008745875,0.9991254125,,,319.21837588
4386010882,2,2023_5_45_1_1,2023,5,45,72,2,1,0,0,,,110.98476888
4386010883,2,2023_5_45_1_1,2023,5,45,60,2,3,0,0,,,110.98476888
4386010887,2,2023_5_45_1_1,2023,5,45,44,2,2,0,0,,,726.81161213
4386010897,2,2023_5_45_1_1,2023,5,45,63,2,2,0,0,,,364.45768914
4386010899,2,2023_5_45_1_1,2023,5,45,34,1,1,0,0,,,354.47267679
4386010900,2,2023_5_45_1_1,2023,5,45,79,2,1,0,0,,,452.18478364
4386010901,2,2023_5_45_1_1,2023,5,45,45,1,1,0,0,,,354.47267679
4386010907,2,2023_5_45_1_1,2023,5,45,48,2,1,2.0017491751,1.9982508249,,,319.21837588
4386010911,2,2023_5_45_1_1,2023,5,45,49,1,1,0,0,,,706.89922411
4386010914,2,2023_5_45_1_1,2023,5,45,60,2,1,0,0,,,726.81161213
4386010920,2,2023_5_45_1_1,2023,5,45,54,2,1,0,0,,,209.61844867
4386010923,2,2023_5_45_1_1,2023,5,45,65,1,2,0,1.9982508249,,,464.92221291
4386010924,2,2023_5_45_1_1,2023,5,45,71,1,1,0,0,,,110.98476888
4386010925,2,2023_5_45_1_1,2023,5,45,38,2,1,0,13.987755774,,,209.61844867
4386010926,2,2023_5_45_1_1,2023,5,45,50,1,1,0,0,,,354.47267679
4386010933,2,2023_5_45_1_1,2023,5,45,71,2,1,0,0,,,452.18478364
4386010936,2,2023_5_45_1_1,2023,5,45,32,2,1,0,0,,,319.21837588
4386010938,2,2023_5_45_1_1,2023,5,45,42,2,2,0,0,,,1106.828258
4386010940,2,2023_5_45_1_1,2023,5,45,36,2,1,1.0008745875,0.9991254125,,,364.45768914
4386010941,2,2023_5_45_1_1,2023,5,45,50,1,1,0,0,,,354.47267679
4386010942,2,2023_5_45_1_1,2023,5,45,62,2,2,0,0,1,,378.91854364
4386010945,2,2023_5_45_1_1,2023,5,45,32,2,1,1.0008745875,0,,,239.32536839
4386010946,2,2023_5_45_1_1,2023,5,45,36,2,1,0,0.9991254125,,,319.21837588
4386010947,2,2023_5_45_1_1,2023,5,45,68,2,1,2.0017491751,1.9982508249,,,114.1110586
4386010952,2,2023_5_45_1_1,2023,5,45,43,2,1,0,0,,,706.89922411
4386010959,2,2023_5_45_1_1,2023,5,45,68,1,1,0,0,,,97.208479129
4386010960,2,2023_5_45_1_1,2023,5,45,27,2,1,0,0,,,209.61844867
4386010961,2,2023_5_45_1_1,2023,5,45,64,1,1,0,4.9956270623,,,114.1110586
4386010965,2,2023_5_45_1_1,2023,5,45,42,2,1,0,0,,,319.21837588
4386010969,2,2023_5_45_1_1,2023,5,45,40,2,1,0,0,,,354.47267679
4386010970,2,2023_5_45_1_1,2023,5,45,48,1,1,10.008745875,9.9912541246,,,319.21837588
4386010971,2,2023_5_45_1_1,2023,5,45,76,1,1,0,0,,,97.208479129
4386010978,2,2023_5_45_1_1,2023,5,45,66,1,1,7.0061221128,0,,,114.1110586
4386010979,2,2023_5_45_1_1,2023,5,45,36,2,1,0,0,,,354.47267679
4386010981,2,2023_5_45_1_1,2023,5,45,81,2,1,0,0,,,97.208479129
4386010984,2,2023_5_45_1_1,2023,5,45,71,2,1,0,0,,,114.1110586
4386010988,2,2023_5_45_1_1,2023,5,45,65,1,1,0,0,,,110.98476888
4386010993,2,2023_5_45_1_1,2023,5,45,83,2,1,0,0,,,97.208479129
4386010996,2,2023_5_45_1_1,2023,5,45,76,2,1,0,0,,,110.98476888
4386010999,2,2023_5_45_1_1,2023,5,45,46,1,4,0,15.986006599,,,364.45768914
4386011009,2,2023_5_45_1_1,2023,5,45,11,1,1,0,0,,,354.47267679
4386011013,2,2023_5_45_1_1,2023,5,45,20,1,1,8.0069967003,0,,,200.54814609
4386011018,2,2023_5_45_1_1,2023,5,45,52,1,1,0,0,,,232.76859423
4386011022,2,2023_5_45_1_1,2023,5,45,69,1,1,0,0,,,331.88423703
4386011025,2,2023_5_45_1_1,2023,5,45,16,1,1,0,0,,,821.75888695
4386011026,2,2023_5_45_1_1,2023,5,45,17,1,1,0,0,,,942.88049673
4386011033,2,2023_5_45_1_1,2023,5,45,79,1,1,0,0,,,110.98476888
4386011035,2,2023_5_45_1_1,2023,5,45,58,2,1,60.052475252,0,,,175.65455576
4386011037,2,2023_5_45_1_1,2023,5,45,68,2,1,0,0,,,452.18478364
4386011039,2,2023_5_45_1_1,2023,5,45,70,2,1,0,0,,,114.1110586
4386011044,2,2023_5_45_1_1,2023,5,45,72,2,1,0,0,,,464.92221291
4386011045,2,2023_5_45_1_1,2023,5,45,57,2,1,0,0,,,203.87555214
4386011047,2,2023_5_45_1_1,2023,5,45,79,2,1,0,0,,,452.18478364
4386011048,2,2023_5_45_1_1,2023,5,45,72,2,2,0,0,,,114.1110586
4386011050,2,2023_5_45_1_1,2023,5,45,61,2,1,5.0043729377,1.9982508249,,,209.61844867
4386011057,2,2023_5_45_1_1,2023,5,45,56,1,1,0,0,,,232.76859423
4386011058,2,2023_5_45_1_1,2023,5,45,46,1,1,0,0,,,175.65455576
4386011060,2,2023_5_45_1_1,2023,5,45,71,1,1,0,0,,,169.01364309
4386011061,2,2023_5_45_1_1,2023,5,45,64,2,1,0,0,,,232.76859423
4386011069,2,2023_5_45_1_1,2023,5,45,44,1,4,0,0,,,452.18478364
4386011070,2,2023_5_45_1_1,2023,5,45,66,1,1,0,0,,,396.05610344
4386011072,2,2023_5_45_1_1,2023,5,45,72,2,1,0,0,,,114.1110586
4386011074,2,2023_5_45_1_1,2023,5,45,54,2,5,0,0,,,209.61844867
4386011077,2,2023_5_45_1_1,2023,5,45,73,2,1,0,0,,,110.98476888
4386011078,2,2023_5_45_1_1,2023,5,45,24,2,3,0,0,,,232.76859423
4386011081,2,2023_5_45_1_1,2023,5,45,77,1,1,0,0,,,110.98476888
4386011082,2,2023_5_45_1_1,2023,5,45,69,2,1,0,0,,,123.33269874
4386011086,2,2023_5_45_1_1,2023,5,45,69,2,-3,0,0,,,110.98476888
4386011090,2,2023_5_45_1_1,2023,5,45,31,2,1,0,0,,,354.47267679
4386011093,2,2023_5_45_1_1,2023,5,45,69,2,1,0,0,,,99.946709543
4386011100,2,2023_5_45_1_1,2023,5,45,73,1,1,2.0017491751,1.9982508249,,,99.946709543
4386011105,2,2023_5_45_1_1,2023,5,45,70,2,2,0,0,,,341.23296381
4386011108,2,2023_5_45_1_1,2023,5,45,70,2,2,0,0,,,452.18478364
4386011115,2,2023_5_45_1_1,2023,5,45,64,2,1,0,0,,,114.1110586
4386011120,2,2023_5_45_1_1,2023,5,45,41,2,1,0,0,,,364.45768914
4386011121,2,2023_5_45_1_1,2023,5,45,84,2,2,0,0,,,464.92221291
4386011125,2,2023_5_45_1_1,2023,5,45,41,1,1,0,0.9991254125,,,319.21837588
4386011131,2,2023_5_45_1_1,2023,5,45,68,2,1,0,0,,,110.98476888
4386011135,2,2023_5_45_1_1,2023,5,45,69,2,1,0,0,,,110.98476888
4386011137,2,2023_5_45_1_1,2023,5,45,66,2,1,0,0,,,114.1110586
4386011144,2,2023_5_45_1_1,2023,5,45,72,1,1,0,0,,,97.208479129
4386011145,2,2023_5_45_1_1,2023,5,45,49,1,1,0,0,,,195.05374777
4386011146,2,2023_5_45_1_1,2023,5,45,56,2,1,0,0,,,232.76859423
4386011147,2,2023_5_45_1_1,2023,5,45,75,1,1,0,0,,,452.18478364
4386011150,2,2023_5_45_1_1,2023,5,45,33,1,1,0,0,,,354.47267679
4386011152,2,2023_5_45_1_1,2023,5,45,37,1,1,0,0,,,195.05374777
4386011162,2,2023_5_45_1_1,2023,5,45,49,1,1,0,0,,,203.87555214
4386011163,2,2023_5_45_1_1,2023,5,45,67,2,1,4.0034983501,3.9965016499,,,99.946709543
4386011173,2,2023_5_45_1_1,2023,5,45,62,2,2,0,0,,,817.09248003
4386011174,2,2023_5_45_1_1,2023,5,45,33,1,1,0,0,,,354.47267679
4386011175,2,2023_5_45_1_1,2023,5,45,67,1,1,0,0,,,396.05610344
4386011182,2,2023_5_45_1_1,2023,5,45,66,1,1,0,0,,,81.458060231
4386011188,2,2023_5_45_1_1,2023,5,45,19,2,1,0,0,,,203.87555214
4386011190,2,2023_5_45_1_1,2023,5,45,25,2,1,0,0,,,319.21837588
4386011191,2,2023_5_45_1_1,2023,5,45,43,1,1,0,0,,,1076.5045904
4386011193,2,2023_5_45_1_1,2023,5,45,11,1,1,2.0017491751,3.9965016499,,,319.21837588
4386011194,2,2023_5_45_1_1,2023,5,45,75,1,1,2.0017491751,0,,,114.1110586
4386011199,2,2023_5_45_1_1,2023,5,45,76,2,1,0,0,,,452.18478364
4386011200,2,2023_5_45_1_1,2023,5,45,65,2,1,0,0,,,97.208479129
4386011202,2,2023_5_45_1_1,2023,5,45,5,1,1,1.0008745875,0.9991254125,,,364.45768914
4386011205,2,2023_5_45_1_1,2023,5,45,66,2,1,0,0,,,396.05610344
4386011210,2,2023_5_45_1_1,2023,5,45,34,2,1,0,0,,,364.45768914
4386011213,2,2023_5_45_1_1,2023,5,45,72,1,1,0,0,,,110.98476888
4386011219,2,2023_5_45_1_1,2023,5,45,73,2,1,0,0,,,110.98476888
4386011220,2,2023_5_45_1_1,2023,5,45,56,-3,1,0,0,,,232.76859423
4386011222,2,2023_5_45_1_1,2023,5,45,40,2,1,2.0017491751,0,,,1300.5901052
4386011227,2,2023_5_45_1_1,2023,5,45,59,2,1,0,0,,,83.752622805
4386011228,2,2023_5_45_1_1,2023,5,45,66,2,4,0,0,,,407.21246426
4386011231,2,2023_5_45_1_1,2023,5,45,68,2,1,2.0017491751,1.9982508249,,,407.21246426
4386011235,2,2023_5_45_1_1,2023,5,45,34,1,1,3.0026237626,0,,,364.45768914
4386011241,2,2023_5_45_1_1,2023,5,45,31,2,1,0,0,,,232.76859423
4386011245,2,2023_5_45_1_1,2023,5,45,13,2,1,0,0,,,319.21837588
4386011249,2,2023_5_45_1_1,2023,5,45,51,1,1,0,0,,,310.47278065
4386011250,2,2023_5_45_1_1,2023,5,45,83,1,1,0,0,,,452.18478364
4386011252,2,2023_5_45_1_1,2023,5,45,53,1,1,0,0.9991254125,,,319.21837588
4386011255,2,2023_5_45_1_1,2023,5,45,41,1,1,3.0026237626,2.9973762374,,,364.45768914
4386011259,2,2023_5_45_1_1,2023,5,45,67,2,1,0,0,,,99.946709543
4386011260,2,2023_5_45_1_1,2023,5,45,61,2,1,0,0,,,706.89922411
4386011263,2,2023_5_45_1_1,2023,5,45,12,2,1,0,0,,,423.01215749
4386011264,2,2023_5_45_1_1,2023,5,45,65,2,1,0,0,,,110.98476888
4386011265,2,2023_5_45_1_1,2023,5,45,48,2,1,0,1.9982508249,,,364.45768914
4386011266,2,2023_5_45_1_1,2023,5,45,40,2,1,0,0,,,354.47267679
4386011275,2,2023_5_45_1_1,2023,5,45,60,2,1,0,0,,,232.76859423
4386011283,2,2023_5_45_1_1,2023,5,45,69,2,1,2.0017491751,1.9982508249,,,407.21246426
4386011285,2,2023_5_45_1_1,2023,5,45,68,2,1,0,0,,,99.946709543
4386011286,2,2023_5_45_1_1,2023,5,45,68,1,1,0,0,,,1373.2482845
4386011287,2,2023_5_45_1_1,2023,5,45,68,1,1,0,0,,,396.05610344
4386011290,2,2023_5_45_1_1,2023,5,45,56,2,-3,0,3.9965016499,,,200.54814609
4386011291,2,2023_5_45_1_1,2023,5,45,54,1,1,0,0,,,110.98476888
4386011292,2,2023_5_45_1_1,2023,5,45,64,2,1,0,0,,,567.1504908
4386011296,2,2023_5_45_1_1,2023,5,45,66,2,5,0,0,,,110.98476888
4386011299,2,2023_5_45_1_1,2023,5,45,66,2,1,0,0,,,452.18478364
4386011302,2,2023_5_45_1_1,2023,5,45,17,1,1,0,0,,,354.47267679
4386011303,2,2023_5_45_1_1,2023,5,45,33,2,1,0,0,,,1076.5045904
4386011304,2,2023_5_45_1_1,2023,5,45,48,2,1,0,0,,,209.61844867
4386011306,2,2023_5_45_1_1,2023,5,45,67,1,2,0,0,,,93.002216155
4386011307,2,2023_5_45_1_1,2023,5,45,70,1,1,0,0,,,93.002216155
4386011309,2,2023_5_45_1_1,2023,5,45,68,2,2,0,0,,,114.1110586
4386011312,2,2023_5_45_1_1,2023,5,45,72,2,1,0,0,,,110.98476888
4386011314,2,2023_5_45_1_1,2023,5,45,71,2,1,0,0,,,110.98476888
4386011316,2,2023_5_45_1_1,2023,5,45,67,1,1,0,0,,,114.1110586
4386011321,2,2023_5_45_1_1,2023,5,45,12,1,1,2.0017491751,1.9982508249,,,319.21837588
4386011322,2,2023_5_45_1_1,2023,5,45,72,2,1,2.0017491751,2.9973762374,,,99.946709543
4386011323,2,2023_5_45_1_1,2023,5,45,52,2,1,0,0,,,203.87555214
4386011324,2,2023_5_45_1_1,2023,5,45,44,1,1,0,0,,,354.47267679
4386011325,2,2023_5_45_1_1,2023,5,45,37,1,1,0,0,,,354.47267679
4386011331,2,2023_5_45_1_1,2023,5,45,71,2,3,0,0,,,97.208479129
4386011335,2,2023_5_45_1_1,2023,5,45,72,1,1,0,0,,,110.98476888
4386011338,2,2023_5_45_1_1,2023,5,45,21,2,1,0,0,,,195.05374777
4386011345,2,2023_5_45_1_1,2023,5,45,34,1,3,1.0008745875,0,,,364.45768914
4386011349,2,2023_5_45_1_1,2023,5,45,59,1,1,0,11.98950495,,,200.54814609
4386011355,2,2023_5_45_1_1,2023,5,45,69,2,1,0,0,,,93.002216155
4386011357,2,2023_5_45_1_1,2023,5,45,59,2,1,0,0,,,232.76859423
4386011361,2,2023_5_45_1_1,2023,5,45,62,2,2,0,0,,,239.32536839
4386011362,2,2023_5_45_1_1,2023,5,45,71,2,1,0,0,,,567.1504908
4386011363,2,2023_5_45_1_1,2023,5,45,49,2,1,0,0,,,170.84216474
4386011368,2,2023_5_45_1_1,2023,5,45,45,1,1,0,0,,,310.47278065
4386011369,2,2023_5_45_1_1,2023,5,45,21,1,1,0,0,,1,170.84216474
4386011370,2,2023_5_45_1_1,2023,5,45,72,1,1,0,0,,,110.98476888
4386011374,2,2023_5_45_1_1,2023,5,45,50,1,1,0,0,,,948.36811828
4386011375,2,2023_5_45_1_1,2023,5,45,80,2,1,0,0,,,110.98476888
4386011378,2,2023_5_45_1_1,2023,5,45,26,1,2,0,0,1,1,195.05374777
4386011379,2,2023_5_45_1_1,2023,5,45,82,2,1,0,0,,,452.18478364
4386011381,2,2023_5_45_1_1,2023,5,45,53,2,3,0,0,,,200.54814609
4386011384,2,2023_5_45_1_1,2023,5,45,22,2,1,0,9.9912541246,,,726.81161213
4386011386,2,2023_5_45_1_1,2023,5,45,55,2,1,0,0,,,310.47278065
4386011387,2,2023_5_45_1_1,2023,5,45,73,1,2,0,0,,,83.752622805
4386011390,2,2023_5_45_1_1,2023,5,45,74,2,1,0,0,,,99.946709543
4386011391,2,2023_5_45_1_1,2023,5,45,65,2,1,0,0,,,110.98476888
4386011396,2,2023_5_45_1_1,2023,5,45,65,1,1,7.0061221128,0,,,99.946709543
4386011399,2,2023_5_45_1_1,2023,5,45,28,2,1,0,0,,,354.47267679
4386011400,2,2023_5_45_1_1,2023,5,45,66,2,1,0,0,,,110.98476888
4386011410,2,2023_5_45_1_1,2023,5,45,69,1,1,0,0,,,97.208479129
4386011412,2,2023_5_45_1_1,2023,5,45,56,2,1,0,0,,,232.76859423
4386011415,2,2023_5_45_1_1,2023,5,45,80,-5,1,0,0,,,126.80681283
4386011419,2,2023_5_45_1_1,2023,5,45,64,2,1,0,0,,,452.18478364
4386011425,2,2023_5_45_1_1,2023,5,45,76,1,1,0,0,,,97.208479129
4386011429,2,2023_5_45_1_1,2023,5,45,64,2,1,0,0,,,452.18478364
4386011430,2,2023_5_45_1_1,2023,5,45,30,2,1,0,1.9982508249,,,239.32536839
4386011434,2,2023_5_45_1_1,2023,5,45,67,2,1,0,0,,,396.05610344
4386011440,2,2023_5_45_1_1,2023,5,45,36,2,3,0,0,,,354.47267679
4386011443,2,2023_5_45_1_1,2023,5,45,97,2,1,0,0,,,452.18478364
4386011446,2,2023_5_45_1_1,2023,5,45,80,2,1,0,0,,,452.18478364
4386011452,2,2023_5_45_1_1,2023,5,45,79,1,1,0,0,,,396.05610344
4386011456,2,2023_5_45_1_1,2023,5,45,86,2,2,0,0,,,452.18478364
4386011458,2,2023_5_45_1_1,2023,5,45,69,2,2,0,0,,,378.91854364
4386011460,2,2023_5_45_1_1,2023,5,45,67,1,2,1.0008745875,2.9973762374,,,488.64401085
4386011461,2,2023_5_45_1_1,2023,5,45,53,2,1,1.0008745875,0,,,715.66862817
4386011473,2,2023_5_45_1_1,2023,5,45,23,1,1,0,0,,,794.70667573
4386011480,2,2023_5_45_1_1,2023,5,45,74,2,1,0,0,,,337.05168546
4386011484,2,2023_5_45_1_1,2023,5,45,51,1,1,8.0069967003,0,,,319.21837588
4386011485,2,2023_5_45_1_1,2023,5,45,48,1,1,0,0,,,310.47278065
4386011486,2,2023_5_45_1_1,2023,5,45,45,1,1,0,0,,,354.47267679
4386011487,2,2023_5_45_1_1,2023,5,45,61,2,1,0,0,,,203.87555214
4386011490,2,2023_5_45_1_1,2023,5,45,62,2,1,0,0,,,110.98476888
4386011492,2,2023_5_45_1_1,2023,5,45,29,2,1,0,0,,,232.76859423
4386011493,2,2023_5_45_1_1,2023,5,45,70,1,1,0,0.9991254125,,,114.1110586
4386011494,2,2023_5_45_1_1,2023,5,45,62,2,1,0,0,,,239.32536839
4386011498,2,2023_5_45_1_1,2023,5,45,83,1,1,0,0,,,452.18478364
4386011504,2,2023_5_45_1_1,2023,5,45,50,2,1,4.0034983501,0,,,364.45768914
4386011506,2,2023_5_45_1_1,2023,5,45,0,2,1,0,0,,,201.69347453
4386011507,2,2023_5_45_1_1,2023,5,45,60,1,1,8.0069967003,3.9965016499,,,175.65455576
4386011509,2,2023_5_45_1_1,2023,5,45,18,2,1,0,0,,,396.05610344
4386011511,2,2023_5_45_1_1,2023,5,45,57,2,1,0,0,,,232.76859423
4386011514,2,2023_5_45_1_1,2023,5,45,-3,-3,-3,0,0,,,452.18478364
4386011519,2,2023_5_45_1_1,2023,5,45,48,2,1,1.0008745875,0,,,319.21837588
4386011520,2,2023_5_45_1_1,2023,5,45,67,1,1,0,6.9938778872,,,95.621961872
4386011523,2,2023_5_45_1_1,2023,5,45,65,2,1,0,0,,,396.05610344
4386011524,2,2023_5_45_1_1,2023,5,45,76,1,2,0,0.9991254125,,,95.621961872
4386011525,2,2023_5_45_1_1,2023,5,45,69,2,1,0,0,,,110.98476888
4386011542,2,2023_5_45_1_1,2023,5,45,58,2,1,0,0,,,203.87555214
4386011551,2,2023_5_45_1_1,2023,5,45,60,2,1,0,0,,,696.06152341
4386011557,2,2023_5_45_1_1,2023,5,45,49,1,1,1.0008745875,0,,,239.32536839
4386011566,2,2023_5_45_1_1,2023,5,45,68,2,2,0,0,,,452.18478364
4386011574,2,2023_5_45_1_1,2023,5,45,68,2,1,0,0,,,114.1110586
4386011575,2,2023_5_45_1_1,2023,5,45,64,2,1,0,0,,,396.05610344
4386011576,2,2023_5_45_1_1,2023,5,45,65,2,1,0,0,,,114.1110586
4386011581,2,2023_5_45_1_1,2023,5,45,80,2,1,0,0,,,464.92221291
4386011583,2,2023_5_45_1_1,2023,5,45,71,2,1,0,0,,,99.946709543
4386011584,2,2023_5_45_1_1,2023,5,45,72,2,-3,0,0,,,110.98476888
4386011585,2,2023_5_45_1_1,2023,5,45,75,2,1,0,0,,,110.98476888
4386011587,2,2023_5_45_1_1,2023,5,45,42,1,1,0,1.9982508249,,,95.621961872
4386011588,2,2023_5_45_1_1,2023,5,45,56,2,1,6.0052475252,3.9965016499,,,83.752622805
4386011589,2,2023_5_45_1_1,2023,5,45,52,1,1,0,0,,,195.05374777
4386011592,2,2023_5_45_1_1,2023,5,45,54,2,1,0,0,,,203.87555214
4386011593,2,2023_5_45_1_1,2023,5,45,67,1,1,0,0,,,97.208479129
4386011596,2,2023_5_45_1_1,2023,5,45,-3,-3,-3,0,0,1,1,452.18478364
4386011598,2,2023_5_45_1_1,2023,5,45,-3,1,1,4.0034983501,0,,,211.67459413
4386011601,2,2023_5_45_1_1,2023,5,45,74,2,1,0,0,,,452.18478364
4386011606,2,2023_5_45_1_1,2023,5,45,53,1,1,2.0017491751,1.9982508249,,,319.21837588
4386011610,2,2023_5_45_1_1,2023,5,45,81,1,1,0,0,,,110.98476888
4386011614,2,2023_5_45_1_1,2023,5,45,77,1,1,0,0,,,567.1504908
4386011619,2,2023_5_45_1_1,2023,5,45,28,2,1,0,0,,,364.45768914
4386011620,2,2023_5_45_1_1,2023,5,45,0,1,2,0,0,,,354.47267679
4386011621,2,2023_5_45_1_1,2023,5,45,66,2,1,2.0017491751,0,,,407.21246426
4386011622,2,2023_5_45_1_1,2023,5,45,63,1,1,0,0,,,110.98476888
4386011624,2,2023_5_45_1_1,2023,5,45,57,2,1,3.0026237626,0.9991254125,,,209.61844867
4386011629,2,2023_5_45_1_1,2023,5,45,63,2,2,0,0,1,1,110.98476888
4386011632,2,2023_5_45_1_1,2023,5,45,-3,2,-3,0,0,,,211.67459413
4386011634,2,2023_5_45_1_1,2023,5,45,73,1,1,0,0,,,452.18478364
4386011638,2,2023_5_45_1_1,2023,5,45,50,1,1,1.0008745875,0.9991254125,,,200.54814609
4386011639,2,2023_5_45_1_1,2023,5,45,52,2,1,0,0,,,232.76859423
4386011641,2,2023_5_45_1_1,2023,5,45,40,1,1,0,0,,,706.89922411
4386011644,2,2023_5_45_1_1,2023,5,45,70,2,1,0,0,,,99.946709543
4386011645,2,2023_5_45_1_1,2023,5,45,49,1,1,0,0,,,378.91854364
4386011648,2,2023_5_45_1_1,2023,5,45,68,1,1,0,0,,,452.18478364
4386011652,2,2023_5_45_1_1,2023,5,45,33,2,1,0,0,,,354.47267679
4386011655,2,2023_5_45_1_1,2023,5,45,68,2,1,0,0,,,452.18478364
4386011656,2,2023_5_45_1_1,2023,5,45,65,1,1,0,0,,,110.98476888
4386011663,2,2023_5_45_1_1,2023,5,45,57,2,5,10.008745875,0,,,209.61844867
4386011664,2,2023_5_45_1_1,2023,5,45,69,2,1,0,0,,,95.621961872
4386011666,2,2023_5_45_1_1,2023,5,45,54,2,1,0,0,,,110.98476888
4386011669,2,2023_5_45_1_1,2023,5,45,69,2,1,0,0,,,114.1110586
4386011670,2,2023_5_45_1_1,2023,5,45,64,2,1,0,0,,,110.98476888
4386011671,2,2023_5_45_1_1,2023,5,45,72,2,1,0,0,,,110.98476888
4386011672,2,2023_5_45_1_1,2023,5,45,80,2,1,0,0,,,110.98476888
4386011676,2,2023_5_45_1_1,2023,5,45,72,2,1,0,0,,,99.946709543
4386011677,2,2023_5_45_1_1,2023,5,45,69,1,2,0,0,,,110.98476888
4386011680,2,2023_5_45_1_1,2023,5,45,40,2,1,1.0008745875,0.9991254125,,,364.45768914
4386011681,2,2023_5_45_1_1,2023,5,45,69,1,1,0,0,,,337.05168546
4386011684,2,2023_5_45_1_1,2023,5,45,29,1,1,0,0,,,706.89922411
4386011690,2,2023_5_45_1_1,2023,5,45,50,1,1,0,0,,,310.47278065
4386011691,2,2023_5_45_1_1,2023,5,45,18,2,1,0,0,,,175.65455576
4386011693,2,2023_5_45_1_1,2023,5,45,87,1,1,0,0,,,452.18478364
4386011695,2,2023_5_45_1_1,2023,5,45,-3,2,1,0,0,,,838.79714832
4386011710,2,2023_5_45_1_1,2023,5,45,53,1,1,0,0,,,195.05374777
4386011713,2,2023_5_45_1_1,2023,5,45,75,2,1,0,0,,,99.946709543
4386011717,2,2023_5_45_1_1,2023,5,45,45,1,1,0,0,,,1076.5045904
4386011722,2,2023_5_45_1_1,2023,5,45,78,1,1,0,0,,,110.98476888
4386011728,2,2023_5_45_1_1,2023,5,45,62,1,1,3.0026237626,4.9956270623,,,200.54814609
4386011731,2,2023_5_45_1_1,2023,5,45,38,1,1,0,2.9973762374,,,239.32536839
4386011737,2,2023_5_45_1_1,2023,5,45,32,2,1,0,0,,,200.54814609
4386011739,2,2023_5_45_1_1,2023,5,45,56,2,1,0,0,,,175.65455576
4386011742,2,2023_5_45_1_1,2023,5,45,71,2,1,0,0,,,110.98476888
4386011745,2,2023_5_45_1_1,2023,5,45,61,1,1,0,0,,,232.76859423
4386011746,2,2023_5_45_1_1,2023,5,45,53,2,3,0,0,,,200.54814609
4386011748,2,2023_5_45_1_1,2023,5,45,74,1,1,0,0,,,378.91854364
4386011749,2,2023_5_45_1_1,2023,5,45,73,1,1,0,0,,,110.98476888
4386011751,2,2023_5_45_1_1,2023,5,45,49,1,1,5.0043729377,14.986881187,,,200.54814609
4386011755,2,2023_5_45_1_1,2023,5,45,-3,-3,-3,0,0,1,,170.84216474
4386011759,2,2023_5_45_1_1,2023,5,45,66,1,1,0,0,,,110.98476888
4386011765,2,2023_5_45_1_1,2023,5,45,86,2,1,0,0,,,110.98476888
4386011783,2,2023_5_45_1_1,2023,5,45,67,2,1,0,0,,,97.208479129
4386011785,2,2023_5_45_1_1,2023,5,45,40,2,1,0,0,,,364.45768914
4386011786,2,2023_5_45_1_1,2023,5,45,67,1,1,0,0,,,110.98476888
4386011789,2,2023_5_45_1_1,2023,5,45,52,2,1,0,0,,,364.45768914
4386011793,2,2023_5_45_1_1,2023,5,45,35,2,1,0,0,,,354.47267679
4386011797,2,2023_5_45_1_1,2023,5,45,70,2,1,0,0,,,110.98476888
4386011800,2,2023_5_45_1_1,2023,5,45,66,2,1,0,0,,,341.23296381
4386011804,2,2023_5_45_1_1,2023,5,45,92,2,1,0,0,,,110.98476888
4386011809,2,2023_5_45_1_1,2023,5,45,82,2,1,0,3.9965016499,,,464.92221291
4386011810,2,2023_5_45_1_1,2023,5,45,67,2,1,0,0,,,99.946709543
4386011811,2,2023_5_45_1_1,2023,5,45,54,1,1,0,0,,,200.54814609
4386011816,2,2023_5_45_1_1,2023,5,45,74,1,1,0,0,,,110.98476888
4386011818,2,2023_5_45_1_1,2023,5,45,76,2,1,0,0,,,110.98476888
4386011822,2,2023_5_45_1_1,2023,5,45,50,2,1,0,0,,,170.84216474
4386011825,2,2023_5_45_1_1,2023,5,45,62,2,1,0,0,,,110.98476888
4386011827,2,2023_5_45_1_1,2023,5,45,67,1,1,0,0,,,110.98476888
4386011829,2,2023_5_45_1_1,2023,5,45,59,2,1,0,0,,,452.18478364
4386011835,2,2023_5_45_1_1,2023,5,45,75,2,1,0,0,,,452.18478364
4386011836,2,2023_5_45_1_1,2023,5,45,84,1,1,0,0,,,452.18478364
4386011838,2,2023_5_45_1_1,2023,5,45,76,1,1,0,0,,,110.98476888
4386011841,2,2023_5_45_1_1,2023,5,45,48,1,1,0,0.9991254125,,,364.45768914
4386011849,2,2023_5_45_1_1,2023,5,45,73,1,1,0,2.9973762374,,,114.1110586
4386011852,2,2023_5_45_1_1,2023,5,45,34,2,1,5.0043729377,4.9956270623,,,209.61844867
4386011854,2,2023_5_45_1_1,2023,5,45,72,2,1,0,0,,,140.81128712
4386011855,2,2023_5_45_1_1,2023,5,45,59,1,1,0,0,,,706.89922411
4386011857,2,2023_5_45_1_1,2023,5,45,72,1,1,0,0,,,110.98476888
4386011858,2,2023_5_45_1_1,2023,5,45,79,1,1,4.0034983501,3.9965016499,,,407.21246426
4386011860,2,2023_5_45_1_1,2023,5,45,60,2,1,0,0,,,239.32536839
4386011862,2,2023_5_45_1_1,2023,5,45,58,2,1,0,0,,,232.76859423
4386011863,2,2023_5_45_1_1,2023,5,45,49,1,1,0,0,,,354.47267679
4386011866,2,2023_5_45_1_1,2023,5,45,68,2,1,0,0,,,295.2142178
4386011867,2,2023_5_45_1_1,2023,5,45,79,2,1,0,0,,,452.18478364
4386011872,2,2023_5_45_1_1,2023,5,45,78,1,3,0,0,,,97.208479129
4386011873,2,2023_5_45_1_1,2023,5,45,82,2,1,0,0,,,168.0380189
4386011878,2,2023_5_45_1_1,2023,5,45,79,2,1,0,0,1,1,464.92221291
4386011886,2,2023_5_45_1_1,2023,5,45,76,2,1,0,0,,,110.98476888
4386011889,2,2023_5_45_1_1,2023,5,45,70,2,1,0,0,,,110.98476888
4386011890,2,2023_5_45_1_1,2023,5,45,37,2,1,1.0008745875,0,,,364.45768914
4386011891,2,2023_5_45_1_1,2023,5,45,65,2,1,0,0,,,110.98476888
4386011892,2,2023_5_45_1_1,2023,5,45,65,1,1,0,0,,,97.208479129
4386011895,2,2023_5_45_1_1,2023,5,45,69,2,1,0,0,,,337.05168546
4386011897,2,2023_5_45_1_1,2023,5,45,73,2,1,1.0008745875,0,,,464.92221291
4386011902,2,2023_5_45_1_1,2023,5,45,31,1,1,3.0026237626,2.9973762374,,,319.21837588
4386011908,2,2023_5_45_1_1,2023,5,45,66,1,1,0,0,,,110.98476888
4386011909,2,2023_5_45_1_1,2023,5,45,75,2,1,0,0,,,110.98476888
4386011914,2,2023_5_45_1_1,2023,5,45,11,2,1,0,0,,,1284.6533997
4386011922,2,2023_5_45_1_1,2023,5,45,65,2,2,0,0.9991254125,,,407.21246426
4386011935,2,2023_5_45_1_1,2023,5,45,57,2,1,0,0,,,203.87555214
4386011937,2,2023_5_45_1_1,2023,5,45,59,1,1,0,29.973762374,,,975.08235606
4386011939,2,2023_5_45_1_1,2023,5,45,74,1,2,0,0,,,93.002216155
4386011946,2,2023_5_45_1_0,2023,5,45,22,2,1,0,0,,,2159.5470635
4386011948,2,2023_5_45_1_0,2023,5,45,77,1,1,0,0,,,676.15037044
4386011956,2,2023_5_45_1_0,2023,5,45,-3,-3,-3,0,0,,,1221.7956089
4386011959,2,2023_5_45_1_0,2023,5,45,51,2,3,0,0,,,1418.0916247
4386011971,2,2023_5_45_1_0,2023,5,45,38,2,1,0,0,,,1418.0916247
4386011981,2,2023_5_45_1_0,2023,5,45,28,1,1,0,0,,,6558.3681882
4386011994,2,2023_5_45_1_0,2023,5,45,60,1,2,0,0,,,4195.2151015
4386011997,2,2023_5_45_1_0,2023,5,45,67,2,1,0,0,,,2754.8366506
4386012000,2,2023_5_45_1_0,2023,5,45,24,1,2,0,0,,,1418.0916247
4386012011,2,2023_5_45_1_0,2023,5,45,35,2,1,0,0,,,6558.3681882
4386012016,2,2023_5_45_1_0,2023,5,45,55,1,1,2.0017491751,0,,,1165.6670555
4386012033,2,2023_5_45_1_0,2023,5,45,62,1,1,0,0,,,4306.6285318
4386012037,2,2023_5_45_1_0,2023,5,45,69,2,1,0,0,,,354.96929438
4386012040,2,2023_5_45_1_0,2023,5,45,80,1,1,0,0,,,676.15037044
4386012046,2,2023_5_45_1_0,2023,5,45,69,-3,-3,0,0,,,3455.2400147
4386012052,2,2023_5_45_1_0,2023,5,45,14,2,2,0,0,,,6558.3681882
4386012086,2,2023_5_45_1_0,2023,5,45,64,1,1,0,0,,,1418.0916247
4386012090,2,2023_5_45_1_0,2023,5,45,73,1,1,0,0,,,2754.8366506
4386012094,2,2023_5_45_1_0,2023,5,45,59,1,1,0,0,,,1418.0916247
4386012095,2,2023_5_45_1_0,2023,5,45,76,2,1,0,0,,,2754.8366506
4386012101,2,2023_5_45_1_0,2023,5,45,73,2,1,0,0,,,2053.4134935
4386012110,2,2023_5_45_1_0,2023,5,45,68,2,2,0,0,,,2754.8366506
4386012132,2,2023_5_45_1_0,2023,5,45,80,2,1,0,0,,,1558.99902
4386012138,2,2023_5_45_1_0,2023,5,45,28,2,1,0,0,,,2159.5470635
4386012140,2,2023_5_45_1_0,2023,5,45,-3,-3,-3,0,0,,,1573.137414
4386012142,2,2023_5_45_1_0,2023,5,45,64,1,1,0,0,,,354.96929438
4386012147,2,2023_5_45_1_0,2023,5,45,63,1,1,0,0,,,1188.3221918
4386012150,2,2023_5_45_1_0,2023,5,45,43,2,1,0,0,,,2159.5470635
4386012155,2,2023_5_45_1_0,2023,5,45,54,2,1,0,0,,,2159.5470635
4386012157,2,2023_5_45_1_0,2023,5,45,46,1,1,0,0,,,2159.5470635
4386012158,2,2023_5_45_1_0,2023,5,45,34,2,4,0,0,,,2220.378562
4386012173,2,2023_5_45_1_0,2023,5,45,65,1,1,0,0,,,354.96929438
4386012174,2,2023_5_45_1_0,2023,5,45,58,2,4,0,0,,,566.59561074
4386012176,2,2023_5_45_1_0,2023,5,45,35,1,2,0,0,,,2754.8366506
4386012179,2,2023_5_45_1_0,2023,5,45,93,2,1,0,0,,,2754.8366506
4386012181,2,2023_5_45_1_0,2023,5,45,30,2,2,0,0,,,1188.3221918
4386012187,2,2023_5_45_1_0,2023,5,45,30,2,1,0,0,,,1418.0916247
4386012198,2,2023_5_45_1_0,2023,5,45,70,2,1,0,0,,,354.96929438
4386012204,2,2023_5_45_1_0,2023,5,45,-3,-3,-3,0,0,1,1,3608.8375158
4386012210,2,2023_5_45_1_0,2023,5,45,70,1,1,0,0,,,1211.9180805
4386012219,2,2023_5_45_1_0,2023,5,45,68,1,1,0,0,,,2754.8366506
4386012226,2,2023_5_45_1_0,2023,5,45,67,1,1,0,0,,,2053.4134935
4386012236,2,2023_5_45_1_0,2023,5,45,60,1,1,0,0,,,676.15037044
4386012246,2,2023_5_45_1_0,2023,5,45,77,1,1,0,0,,,2754.8366506
4386012249,2,2023_5_45_1_0,2023,5,45,37,1,1,0,0,,,2159.5470635
4386012254,2,2023_5_45_1_0,2023,5,45,34,1,1,0,0,,,676.15037044
4386012266,2,2023_5_45_1_0,2023,5,45,55,2,1,0,0.9991254125,,,1458.0373337
4386012271,2,2023_5_45_1_0,2023,5,45,54,1,1,0,0,,,2159.5470635
4386012297,2,2023_5_45_1_0,2023,5,45,45,2,1,0,0,,,2159.5470635
4386012302,2,2023_5_45_1_0,2023,5,45,48,1,2,0,0,,,8798.6336462
4386012305,2,2023_5_45_1_0,2023,5,45,30,1,1,0,0,,,6558.3681882
4386012310,2,2023_5_45_1_0,2023,5,45,57,1,1,0,0,,,1188.3221918
4386012319,2,2023_5_45_1_0,2023,5,45,41,1,1,0,0,,,2159.5470635
4386012320,2,2023_5_45_1_0,2023,5,45,62,2,1,0,0,,,1418.0916247
4386012329,2,2023_5_45_1_0,2023,5,45,72,1,1,0,0,,,676.15037044
4386012340,2,2023_5_45_1_0,2023,5,45,45,1,1,0,0.9991254125,,,2220.378562
4386012351,2,2023_5_45_1_0,2023,5,45,75,1,1,0,0,,,2754.8366506
4386012354,2,2023_5_45_1_0,2023,5,45,48,1,1,0,0,,,2220.378562
4386012355,2,2023_5_45_1_0,2023,5,45,75,2,1,0,0,1,1,676.15037044
4386012356,2,2023_5_45_1_0,2023,5,45,52,1,4,0,0,,,2159.5470635
4386012357,2,2023_5_45_1_0,2023,5,45,26,2,1,0,0,,,5777.7248263
4386012363,2,2023_5_45_1_0,2023,5,45,61,1,1,0,1.9982508249,,,1458.0373337
4386012369,2,2023_5_45_1_0,2023,5,45,58,2,1,0,0,,,676.15037044
4386012371,2,2023_5_45_1_0,2023,5,45,63,2,1,0,0,,,2754.8366506
4386012374,2,2023_5_45_1_0,2023,5,45,71,1,1,0,0,,,2308.4781474
4386012378,2,2023_5_45_1_0,2023,5,45,-3,1,-3,0,0,1,1,1023.734787
4386012381,2,2023_5_45_1_0,2023,5,45,84,1,2,0,0,,,354.96929438
4386012389,2,2023_5_45_1_0,2023,5,45,33,1,1,0,0,,,4306.6285318
4386012390,2,2023_5_45_1_0,2023,5,45,67,2,1,0,0,,,676.15037044
4386012391,2,2023_5_45_1_0,2023,5,45,41,1,2,0,0,,,2159.5470635
4386012393,2,2023_5_45_1_0,2023,5,45,60,1,1,0,0,,,1418.0916247
4386012395,2,2023_5_45_1_0,2023,5,45,18,1,1,0,0,,,1133.731387
4386012398,2,2023_5_45_1_0,2023,5,45,14,1,1,0,0,,,6558.3681882
4386012399,2,2023_5_45_1_0,2023,5,45,57,1,2,0,0,,,1418.0916247
4386012401,2,2023_5_45_1_0,2023,5,45,81,2,1,0,0,,,2754.8366506
4386012402,2,2023_5_45_1_0,2023,5,45,75,1,1,0,0,,,676.15037044
4386012408,2,2023_5_45_1_0,2023,5,45,40,1,1,0,0,,,2159.5470635
4386012409,2,2023_5_45_1_0,2023,5,45,41,1,1,0,0,,,8798.6336462
4386012419,2,2023_5_45_1_0,2023,5,45,60,1,1,0,0,,,1188.3221918
4386012429,2,2023_5_45_1_0,2023,5,45,34,1,1,0,0,,,2159.5470635
4386012431,2,2023_5_45_1_0,2023,5,45,63,2,1,0,0,,,1418.0916247
4386012434,2,2023_5_45_1_0,2023,5,45,69,1,1,0,0,,,2754.8366506
4386012451,2,2023_5_45_1_0,2023,5,45,41,1,1,0,0,,,1418.0916247
4386012457,2,2023_5_45_1_0,2023,5,45,56,2,4,0,0,,,8798.6336462
4386012482,2,2023_5_45_1_0,2023,5,45,34,1,1,0,0,,,2159.5470635
4386012485,2,2023_5_45_1_0,2023,5,45,47,1,1,0,0,,,1418.0916247
4386012486,2,2023_5_45_1_0,2023,5,45,73,2,1,0,0,,,2754.8366506
4386012502,2,2023_5_45_1_0,2023,5,45,22,1,2,0,2.9973762374,,,3710.4935518
4386012514,2,2023_5_45_1_0,2023,5,45,37,2,1,0,0,,,1133.731387
4386012515,2,2023_5_45_1_0,2023,5,45,54,1,2,0,0,,,2159.5470635
4386012523,2,2023_5_45_1_0,2023,5,45,8,1,1,4.7869735329,5.2130264671,,,5201.5277233
4386012524,2,2023_5_45_1_0,2023,5,45,61,2,2,0,0,,,5777.7248263
4386012525,2,2023_5_45_1_0,2023,5,45,36,2,2,0,0,,,4841.5761786
4386012542,2,2023_5_45_1_0,2023,5,45,68,2,1,0,0,,,1446.2499242
4386012555,2,2023_5_45_1_0,2023,5,45,55,2,3,0,0,,,3033.2230734
4386012557,2,2023_5_45_1_0,2023,5,45,14,1,1,6.0052475252,5.9947524748,,,1165.6670555
4386012559,2,2023_5_45_1_0,2023,5,45,57,2,1,0,0,,,297.45460911
4386012562,2,2023_5_45_1_0,2023,5,45,70,1,1,0,0,,,676.15037044
4386012566,2,2023_5_45_1_0,2023,5,45,36,1,1,0,0,,,1418.0916247
4386012567,2,2023_5_45_1_0,2023,5,45,52,2,3,0,0,,,4841.5761786
4386012568,2,2023_5_45_1_0,2023,5,45,69,2,1,0,0,,,676.15037044
4386012574,2,2023_5_45_1_0,2023,5,45,77,1,1,0,0,,,2754.8366506
4386012578,2,2023_5_45_1_0,2023,5,45,56,2,1,0,0,,,744.47786379
4386012592,2,2023_5_45_1_0,2023,5,45,56,2,4,0,0,,,1188.3221918
4386012601,2,2023_5_45_1_0,2023,5,45,37,1,3,0,0,,,2708.6010439
4386012605,2,2023_5_45_1_0,2023,5,45,34,1,2,0,0,,,2159.5470635
4386012613,2,2023_5_45_1_0,2023,5,45,65,1,2,0,0,,,2308.4781474
4386012620,2,2023_5_45_1_0,2023,5,45,50,2,1,0,0,,,4841.5761786
4386012628,2,2023_5_45_1_0,2023,5,45,37,2,1,0,0,,,2159.5470635
4386012629,2,2023_5_45_1_0,2023,5,45,19,1,2,0,0,,,2159.5470635
4386012634,2,2023_5_45_1_0,2023,5,45,69,2,2,0,0,,,676.15037044
4386012642,2,2023_5_45_1_0,2023,5,45,68,1,2,0,0,,,676.15037044
4386012651,2,2023_5_45_1_0,2023,5,45,30,2,1,0,0,,,1188.3221918
4386012653,2,2023_5_45_1_0,2023,5,45,39,2,4,0,0,,,2159.5470635
4386012654,2,2023_5_45_1_0,2023,5,45,39,2,2,0,0,,,2754.8366506
4386012664,2,2023_5_45_1_0,2023,5,45,67,2,1,0,0,,,676.15037044
4386012668,2,2023_5_45_1_0,2023,5,45,74,2,1,0,0,,,2754.8366506
4386012670,2,2023_5_45_1_0,2023,5,45,68,2,1,0,0,,,676.15037044
4386012673,2,2023_5_45_1_0,2023,5,45,63,2,-3,0,0,,,1446.2499242
4386012674,2,2023_5_45_1_0,2023,5,45,62,2,1,0,0,,,676.15037044
4386012680,2,2023_5_45_1_0,2023,5,45,58,2,1,0,0,,,1418.0916247
4386012681,2,2023_5_45_1_0,2023,5,45,-3,-3,-3,0,0,1,1,2682.7756176
4386012697,2,2023_5_45_1_0,2023,5,45,70,2,1,0,0,,,676.15037044
4386012699,2,2023_5_45_1_0,2023,5,45,77,2,1,0,0,,,676.15037044
4386012716,2,2023_5_45_1_0,2023,5,45,59,1,1,0,0,,,3033.2230734
4386012722,2,2023_5_45_1_0,2023,5,45,82,1,1,0,0,,,676.15037044
4386012729,2,2023_5_45_1_0,2023,5,45,62,2,1,0,0,,,1418.0916247
4386012739,2,2023_5_45_1_0,2023,5,45,-3,2,1,0,0,,,848.05820171
4386012741,2,2023_5_45_1_0,2023,5,45,75,2,1,0,0,,,2754.8366506
4386012743,2,2023_5_45_1_0,2023,5,45,69,1,1,0,0,,,2053.4134935
4386012745,2,2023_5_45_1_0,2023,5,45,64,2,1,0,0,,,566.59561074
4386012749,2,2023_5_45_1_0,2023,5,45,68,2,1,0,0,,,354.96929438
4386012754,2,2023_5_45_1_0,2023,5,45,71,2,1,0,0,,,676.15037044
4386012759,2,2023_5_45_1_0,2023,5,45,86,1,2,0,0,,,1228.7732713
4386012774,2,2023_5_45_1_0,2023,5,45,32,1,1,0,0,,,744.47786379
4386012779,2,2023_5_45_1_0,2023,5,45,53,1,1,4.0034983501,3.9965016499,,,695.19660515
4386012802,2,2023_5_45_1_0,2023,5,45,56,2,1,0,0,,,12220.883807
4386012807,2,2023_5_45_1_0,2023,5,45,42,1,1,0,0,,,3269.6919942
4386012811,2,2023_5_45_1_0,2023,5,45,68,2,1,0,0,,,2754.8366506
4386012812,2,2023_5_45_1_0,2023,5,45,34,1,1,0,0,,,2159.5470635
4386012818,2,2023_5_45_1_0,2023,5,45,75,2,1,0,0,,,2308.4781474
4386012821,2,2023_5_45_1_0,2023,5,45,67,2,1,0,0,,,676.15037044
4386012823,2,2023_5_45_1_0,2023,5,45,72,1,1,0,0,1,,2754.8366506
4386012824,2,2023_5_45_1_0,2023,5,45,53,1,1,0,0,,,1418.0916247
4386012826,2,2023_5_45_1_0,2023,5,45,75,2,1,0,0,,,2754.8366506
4386012829,2,2023_5_45_1_0,2023,5,45,67,1,1,2.0017491751,0,,,695.19660515
4386012833,2,2023_5_45_1_0,2023,5,45,66,1,1,0,0,,,582.55583713
4386012840,2,2023_5_45_1_0,2023,5,45,66,2,1,0,0,,,676.15037044
4386012848,2,2023_5_45_1_0,2023,5,45,69,1,1,0,0,,,676.15037044
4386012858,2,2023_5_45_1_0,2023,5,45,-3,-3,-3,0,0,1,1,1418.0916247
4386012860,2,2023_5_45_1_0,2023,5,45,79,1,1,0,0,,,2754.8366506
4386012862,2,2023_5_45_1_0,2023,5,45,53,2,1,0,0,,,1188.3221918
4386012864,2,2023_5_45_1_0,2023,5,45,78,1,1,2.0017491751,3.9965016499,,,1486.9888141
4386012865,2,2023_5_45_1_0,2023,5,45,82,2,1,0,0,,,2754.8366506
4386012869,2,2023_5_45_1_0,2023,5,45,72,1,1,0,0,,,566.59561074
4386012873,2,2023_5_45_1_0,2023,5,45,73,2,1,0,0,,,2754.8366506
4386012874,2,2023_5_45_1_0,2023,5,45,42,1,1,0,0,,,566.59561074
4386012877,2,2023_5_45_1_0,2023,5,45,70,2,1,0,0,,,354.96929438
4386012878,2,2023_5_45_1_0,2023,5,45,58,2,1,0,0,,,676.15037044
4386012881,2,2023_5_45_1_0,2023,5,45,31,1,1,0,0,,,4306.6285318
4386012893,2,2023_5_45_1_0,2023,5,45,64,2,1,0,0,,,676.15037044
4386012900,2,2023_5_45_1_0,2023,5,45,-3,-3,-3,0,0,1,1,566.59561074
4386012902,2,2023_5_45_1_0,2023,5,45,53,2,1,0,0,,,5777.7248263
4386012906,2,2023_5_45_1_0,2023,5,45,76,2,1,0,0,,,2754.8366506
4386012909,2,2023_5_45_1_0,2023,5,45,63,2,1,0,0,,,676.15037044
4386012915,2,2023_5_45_1_0,2023,5,45,56,2,1,0,0,,,5408.1805884
4386012925,2,2023_5_45_1_0,2023,5,45,66,1,1,0,0,,,354.96929438
4386012928,2,2023_5_45_1_0,2023,5,45,53,1,1,0,0,,,1188.3221918
4386012931,2,2023_5_45_1_0,2023,5,45,65,2,1,0,0,,,676.15037044
4386012936,2,2023_5_45_1_0,2023,5,45,73,1,1,0,0,,,676.15037044
4386012943,2,2023_5_45_1_0,2023,5,45,86,2,1,0,0,,,2754.8366506
4386012944,2,2023_5_45_1_0,2023,5,45,-3,2,1,0,0,,,2754.8366506
4386012950,2,2023_5_45_1_0,2023,5,45,80,1,1,0,0,,,2754.8366506
4386012957,2,2023_5_45_1_0,2023,5,45,30,2,1,0,0,,,1418.0916247
4386012958,2,2023_5_45_1_0,2023,5,45,73,2,1,0,0,,,676.15037044
4386012961,2,2023_5_45_1_0,2023,5,45,54,2,1,0,0,,,566.59561074
4386012968,2,2023_5_45_1_0,2023,5,45,66,2,1,0,0,,,676.15037044
4386012972,2,2023_5_45_1_0,2023,5,45,74,1,1,0,0,,,1029.6785635
4386012973,2,2023_5_45_1_0,2023,5,45,74,1,1,0,0,,,2754.8366506
4386012981,2,2023_5_45_1_0,2023,5,45,60,2,1,0,0,,,744.47786379
4386012984,2,2023_5_45_1_0,2023,5,45,73,2,1,3.0026237626,4.9956270623,,,2832.4366457
4386012985,2,2023_5_45_1_0,2023,5,45,42,2,2,0,0,,,2692.9657576
4386012986,2,2023_5_45_1_0,2023,5,45,25,1,1,0,0,,,1418.0916247
4386012987,2,2023_5_45_1_0,2023,5,45,68,2,1,0,0,,,566.59561074
4386012991,2,2023_5_45_1_0,2023,5,45,63,2,1,0,0,,,676.15037044
4386012993,2,2023_5_45_1_0,2023,5,45,77,2,1,0,0,,,2754.8366506
4386012999,2,2023_5_45_1_0,2023,5,45,16,1,1,1.0008745875,9.9912541246,,,2220.378562
4386013008,2,2023_5_45_1_0,2023,5,45,45,2,1,0,0,,,2754.8366506
4386013017,2,2023_5_45_1_0,2023,5,45,57,1,1,0,0,,,1133.731387
4386013025,2,2023_5_45_1_0,2023,5,45,79,1,1,0,0,,,2754.8366506
4386013030,2,2023_5_45_1_0,2023,5,45,77,2,1,0,0,,,676.15037044
4386013031,2,2023_5_45_1_0,2023,5,45,67,2,1,0,0,,,676.15037044
4386013044,2,2023_5_45_1_0,2023,5,45,63,1,1,3.0026237626,0,,,1828.7359932
4386013046,2,2023_5_45_1_0,2023,5,45,0,1,2,0,0,1,1,11346.501001
4386013049,2,2023_5_45_1_0,2023,5,45,48,1,-3,3.0026237626,0,,,4977.9567831
4386013051,2,2023_5_45_2_1,2023,5,45,80,1,1,0,0,,,1783.1486808
4386013056,2,2023_5_45_2_1,2023,5,45,-3,-3,-3,0,0,,,3307.7186198
4386013057,2,2023_5_45_2_1,2023,5,45,71,1,1,0,0,,,862.84620998
4386013059,2,2023_5_45_2_1,2023,5,45,70,2,1,2.0017491751,1.9982508249,,,1833.3775496
4386013062,2,2023_5_45_2_1,2023,5,45,49,2,1,0,0,,,5695.173242
4386013063,2,2023_5_45_2_1,2023,5,45,73,2,1,0,0,,,3515.4907355
4386013064,2,2023_5_45_2_1,2023,5,45,73,2,2,0,0,,,3515.4907355
4386013065,2,2023_5_45_2_1,2023,5,45,69,1,1,0,0,,,666.48959808
4386013066,2,2023_5_45_2_1,2023,5,45,79,1,1,0,0,,,3515.4907355
4386013070,2,2023_5_45_2_1,2023,5,45,42,2,1,0,0,,,1397.8300661
4386013078,2,2023_5_45_2_1,2023,5,45,66,2,1,0,0,,,862.84620998
4386013081,2,2023_5_45_2_1,2023,5,45,15,1,1,0,0,,,2755.8322534
4386013087,2,2023_5_45_2_1,2023,5,45,66,2,1,0,0,,,685.26370199
4386013090,2,2023_5_45_2_1,2023,5,45,71,2,1,0,0,,,437.65812422
4386013091,2,2023_5_45_2_1,2023,5,45,80,1,1,0,0,,,3515.4907355
4386013095,2,2023_5_45_2_1,2023,5,45,-3,-3,-3,0,0,,,1783.1486808
4386013097,2,2023_5_45_2_1,2023,5,45,64,2,2,0,0,,,437.65812422
4386013104,2,2023_5_45_2_1,2023,5,45,55,2,2,0,0,,,1809.6492101
4386013105,2,2023_5_45_2_1,2023,5,45,63,2,1,0,0,,,6178.4121382
4386013113,2,2023_5_45_2_1,2023,5,45,72,2,1,0,0,,,862.84620998
4386013114,2,2023_5_45_2_1,2023,5,45,42,1,1,0,0,,,2755.8322534
4386013122,2,2023_5_45_2_1,2023,5,45,62,2,1,0,0,,,3739.8015594
4386013128,2,2023_5_45_2_1,2023,5,45,74,1,1,0,0,,,1783.1486808
4386013133,2,2023_5_45_2_1,2023,5,45,82,1,1,0,0,,,1783.1486808
4386013139,2,2023_5_45_2_1,2023,5,45,-3,-3,-3,0,0,,,3515.4907355
4386013144,2,2023_5_45_2_1,2023,5,45,85,2,1,0,0,,,3515.4907355
4386013145,2,2023_5_45_2_1,2023,5,45,65,2,1,0,0,,,887.15141212
4386013147,2,2023_5_45_2_1,2023,5,45,63,2,1,0,0,,,862.84620998
4386013149,2,2023_5_45_2_1,2023,5,45,46,1,1,0,0,,,2755.8322534
4386013151,2,2023_5_45_2_1,2023,5,45,85,2,1,0,0,,,862.84620998
4386013154,2,2023_5_45_2_1,2023,5,45,44,2,3,0,0,,,2755.8322534
4386013159,2,2023_5_45_2_1,2023,5,45,64,2,1,0,0,,,437.65812422
4386013164,2,2023_5_45_2_1,2023,5,45,43,1,1,0,0,,,862.84620998
4386013168,2,2023_5_45_2_1,2023,5,45,26,1,1,0,0,,,1860.6245628
4386013179,2,2023_5_45_2_1,2023,5,45,71,1,1,0,0,,,723.04164382
4386013182,2,2023_5_45_2_1,2023,5,45,-3,2,1,0,0,,,811.85037582
4386013184,2,2023_5_45_2_1,2023,5,45,36,2,1,0,0,,,1437.2050345
4386013192,2,2023_5_45_2_1,2023,5,45,53,2,1,0,0,,,7373.0462729
4386013193,2,2023_5_45_2_1,2023,5,45,57,2,1,0,0,,,2755.8322534
4386013199,2,2023_5_45_2_1,2023,5,45,65,2,5,0,0,,,1306.4041959
4386013200,2,2023_5_45_2_1,2023,5,45,61,1,1,0,0,,,2755.8322534
4386013203,2,2023_5_45_2_1,2023,5,45,80,2,1,0,0,,,1494.2300707
4386013204,2,2023_5_45_2_1,2023,5,45,30,2,1,0,0,,,1559.1527515
4386013207,2,2023_5_45_2_1,2023,5,45,74,2,1,0,0,,,3515.4907355
4386013209,2,2023_5_45_2_1,2023,5,45,41,1,1,0,0,,,1397.8300661
4386013212,2,2023_5_45_2_1,2023,5,45,22,2,2,0,0.9991254125,,,6352.4495903
4386013217,2,2023_5_45_2_1,2023,5,45,66,2,1,0,0,,,1783.1486808
4386013220,2,2023_5_45_2_1,2023,5,45,77,2,1,0,0,,,1833.3775496
4386013231,2,2023_5_45_2_1,2023,5,45,-3,-3,-3,0,0,1,1,1809.6492101
4386013235,2,2023_5_45_2_1,2023,5,45,66,2,1,0,0,,,437.65812422
4386013238,2,2023_5_45_2_1,2023,5,45,39,2,1,0,0,,,2755.8322534
4386013240,2,2023_5_45_2_1,2023,5,45,90,2,1,0,0,,,1783.1486808
4386013243,2,2023_5_45_2_1,2023,5,45,57,2,1,0,0,,,1397.8300661
4386013245,2,2023_5_45_2_1,2023,5,45,69,1,1,0,0,,,862.84620998
4386013247,2,2023_5_45_2_1,2023,5,45,22,1,1,0,0,,,6178.4121382
4386013252,2,2023_5_45_2_1,2023,5,45,39,2,1,0,0,,,2755.8322534
4386013259,2,2023_5_45_2_1,2023,5,45,32,1,1,4.0034983501,0,,,2833.4602933
4386013260,2,2023_5_45_2_1,2023,5,45,70,1,1,0,0,,,1783.1486808
4386013263,2,2023_5_45_2_1,2023,5,45,73,1,1,0,0,1,1,5353.5805179
4386013266,2,2023_5_45_2_1,2023,5,45,51,1,1,0,0,,,1397.8300661
4386013267,2,2023_5_45_2_1,2023,5,45,30,2,1,0,0,,,2755.8322534
4386013268,2,2023_5_45_2_1,2023,5,45,51,2,3,0,0,,,1494.2300707
4386013269,2,2023_5_45_2_1,2023,5,45,70,2,1,0,0,,,723.04164382
4386013271,2,2023_5_45_2_1,2023,5,45,76,2,1,0,0,,,862.84620998
4386013272,2,2023_5_45_2_1,2023,5,45,70,2,1,0,0,,,862.84620998
4386013274,2,2023_5_45_2_1,2023,5,45,73,2,1,0,0,,,862.84620998
4386013275,2,2023_5_45_2_1,2023,5,45,60,1,1,0,0,,,2755.8322534
4386013278,2,2023_5_45_2_1,2023,5,45,56,1,1,0,3.9965016499,,,1860.6245628
4386013279,2,2023_5_45_2_1,2023,5,45,72,2,1,0,0,,,862.84620998
4386013282,2,2023_5_45_2_1,2023,5,45,65,2,1,0,0,,,437.65812422
4386013286,2,2023_5_45_2_1,2023,5,45,76,2,1,0,0,,,3515.4907355
4386013297,2,2023_5_45_2_1,2023,5,45,62,2,1,2.0017491751,1.9982508249,,,1833.3775496
4386013299,2,2023_5_45_2_1,2023,5,45,52,2,1,0,0,,,3739.8015594
4386013309,2,2023_5_45_2_1,2023,5,45,40,2,1,0,0,,,2833.4602933
4386013311,2,2023_5_45_2_0,2023,5,45,32,1,1,0,0,,,10658.261467
4386013334,2,2023_5_45_2_0,2023,5,45,63,2,1,0,0,,,6998.8710018
4386013347,2,2023_5_45_2_0,2023,5,45,48,1,1,0,0,,,10658.261467
4386013351,2,2023_5_45_2_0,2023,5,45,16,2,2,0,0,,,10658.261467
4386013352,2,2023_5_45_2_0,2023,5,45,64,1,1,0,0,,,6998.8710018
4386013356,2,2023_5_45_2_0,2023,5,45,65,2,1,0,0,,,5081.8912639
4386013366,2,2023_5_45_2_0,2023,5,45,63,1,1,0,0,,,5864.8634432
4386013371,2,2023_5_45_2_0,2023,5,45,58,2,1,0,0,,,6998.8710018
4386013378,2,2023_5_45_2_0,2023,5,45,73,2,1,0,0,,,3337.0828359
4386013387,2,2023_5_45_2_0,2023,5,45,69,2,-3,0,0,,,10616.393509
4386013395,2,2023_5_45_2_0,2023,5,45,54,2,1,0,0,,,32368.270239
4386013397,2,2023_5_45_2_0,2023,5,45,60,1,2,0,0,,,6998.8710018
4386013432,2,2023_5_45_2_0,2023,5,45,74,1,2,0,0,,,2875.1549508
4386013434,2,2023_5_45_2_0,2023,5,45,-3,-3,-3,0,0,1,1,6998.8710018
4386013435,2,2023_5_45_2_0,2023,5,45,40,2,1,0,0,,,10658.261467
4386013442,2,2023_5_45_2_0,2023,5,45,39,2,1,0,0,,,13596.262761
4386013449,2,2023_5_45_2_0,2023,5,45,66,2,1,0,0,,,3337.0828359
4386013459,2,2023_5_45_2_0,2023,5,45,33,2,4,0,0,,,21255.000045
4386013480,2,2023_5_45_2_0,2023,5,45,66,1,1,0,0,,,5081.8912639
4386013487,2,2023_5_45_2_0,2023,5,45,55,1,1,0,0,,,5464.9406221
4386013488,2,2023_5_45_2_0,2023,5,45,52,2,1,0,0,,,5464.9406221
4386013495,2,2023_5_45_2_0,2023,5,45,40,1,1,0,0,,,10658.261467
4386013505,2,2023_5_45_2_0,2023,5,45,36,1,3,0,0,,,21255.000045
4386013524,2,2023_5_45_2_0,2023,5,45,30,1,1,0,0,,,8322.308846
4386013531,2,2023_5_45_2_0,2023,5,45,54,1,1,0,0,,,6998.8710018
4386013535,2,2023_5_45_2_0,2023,5,45,60,1,1,4.0034983501,2.9973762374,,,4708.4690006
4386013536,2,2023_5_45_2_0,2023,5,45,75,2,1,0,0,,,2796.3846064
4386013543,2,2023_5_45_2_0,2023,5,45,65,1,2,0,0,,,13596.262761
4386013551,2,2023_5_45_2_0,2023,5,45,75,1,1,0,0,,,13596.262761
4386013552,2,2023_5_45_2_0,2023,5,45,49,2,1,0,0,,,28515.471102
4386013557,2,2023_5_45_2_0,2023,5,45,63,2,2,0,0,,,6998.8710018
4386013579,2,2023_5_45_2_0,2023,5,45,34,2,1,0,0,,,10658.261467
4386013586,2,2023_5_45_2_0,2023,5,45,55,1,1,0,0,,,5864.8634432
4386013587,2,2023_5_45_2_0,2023,5,45,33,2,5,0,0,,,10658.261467
4386013600,2,2023_5_45_2_0,2023,5,45,59,1,1,0,0,,,6998.8710018
4386013625,2,2023_5_45_2_0,2023,5,45,48,1,1,0,0,,,10658.261467
4386013627,2,2023_5_45_2_0,2023,5,45,40,2,1,0,0,,,6998.8710018
4386013633,2,2023_5_45_2_0,2023,5,45,64,2,1,0,0,,,8778.2987561
4386013642,2,2023_5_45_2_0,2023,5,45,59,2,1,0,0,,,5864.8634432
4386013646,2,2023_5_45_2_0,2023,5,45,22,1,1,0,0,,,17811.111638
4386013663,2,2023_5_45_2_0,2023,5,45,71,2,-3,0,0,,,3337.0828359
4386013668,2,2023_5_45_2_0,2023,5,45,36,2,1,0,0,,,10658.261467
4386013670,2,2023_5_45_2_0,2023,5,45,56,2,1,0,0,,,2796.3846064
4386013672,2,2023_5_45_2_0,2023,5,45,60,2,1,0,0,,,3337.0828359
4386013678,2,2023_5_45_2_0,2023,5,45,48,2,4,0,0,,,10658.261467
4386013683,2,2023_5_45_2_0,2023,5,45,53,2,1,0,0,,,3337.0828359
4386013694,2,2023_5_45_2_0,2023,5,45,17,1,1,0,0,,,6064.5063172
4386013711,2,2023_5_45_2_0,2023,5,45,13,1,1,0,0,,,33280.040311
4386013712,2,2023_5_45_2_0,2023,5,45,65,2,1,0,0,,,3337.0828359
4386013722,2,2023_5_45_2_0,2023,5,45,73,2,1,0,0,,,3337.0828359
4386013724,2,2023_5_45_2_0,2023,5,45,56,1,2,0,0,,,23895.188808
4386013730,2,2023_5_45_2_0,2023,5,45,54,1,1,0,0,,,6998.8710018
4386013732,2,2023_5_45_2_0,2023,5,45,76,1,1,0,0,,,13596.262761
4386013737,2,2023_5_45_2_0,2023,5,45,77,2,1,0,0,,,3337.0828359
4386013739,2,2023_5_45_2_0,2023,5,45,55,2,1,0,0,,,6998.8710018
4386013745,2,2023_5_45_2_0,2023,5,45,89,2,1,0,0,,,8492.3918328
4386013746,2,2023_5_45_2_0,2023,5,45,67,2,1,0,0,1,1,10134.448229
4386013749,2,2023_5_45_2_0,2023,5,45,66,1,1,0,0,,,3337.0828359
4386013755,2,2023_5_45_2_0,2023,5,45,62,1,1,0,0,,,5864.8634432
4386013757,2,2023_5_45_2_0,2023,5,45,49,2,1,0,0,,,21255.000045
4386013759,2,2023_5_45_2_0,2023,5,45,79,2,1,0,0,,,5052.5562591
4386013768,2,2023_5_45_2_0,2023,5,45,51,1,1,1.0008745875,0,,,10958.490171
4386013773,2,2023_5_45_2_0,2023,5,45,70,1,2,0,0,,,3337.0828359
4386013783,2,2023_5_45_2_0,2023,5,45,61,2,1,0,0,,,18658.121854
4386013784,2,2023_5_45_2_0,2023,5,45,35,2,1,0,0,,,13596.262761
4386013786,2,2023_5_45_2_0,2023,5,45,43,2,4,0,0,,,6998.8710018
4386013789,2,2023_5_45_2_0,2023,5,45,58,1,2,0,0,,,32368.270239
4386013790,2,2023_5_45_2_0,2023,5,45,49,1,1,0,0,,,10658.261467
4386013794,2,2023_5_45_2_0,2023,5,45,21,1,2,0,0,,,32368.270239
4386013796,2,2023_5_45_2_0,2023,5,45,60,1,2,0,0,,,21255.000045
4386013820,2,2023_5_45_2_0,2023,5,45,88,2,1,0,0,,,13596.262761
4386013826,2,2023_5_45_2_0,2023,5,45,46,2,2,0,0,,,20240.111898
4386013832,2,2023_5_45_2_0,2023,5,45,21,2,2,0,0,,,6998.8710018
4386013836,2,2023_5_45_2_0,2023,5,45,60,1,3,0,0,,,6998.8710018
4386013839,2,2023_5_45_2_0,2023,5,45,44,1,1,0,0,,,6998.8710018
4386013841,2,2023_5_45_2_0,2023,5,45,34,2,1,0,0,,,21255.000045
4386013844,2,2023_5_45_2_0,2023,5,45,75,2,3,0,0,,1,3337.0828359
4386013847,2,2023_5_45_2_0,2023,5,45,-3,-3,-3,0,0,1,1,13596.262761
4386013853,2,2023_5_45_2_0,2023,5,45,41,1,2,0,0,,,10658.261467
4386013861,2,2023_5_45_2_0,2023,5,45,45,1,2,0,0,1,1,10134.448229
4386013869,2,2023_5_51_1_1,2023,5,51,46,1,1,0,0,,,518.04583493
4386013873,2,2023_5_51_1_1,2023,5,51,66,2,4,0,0,,,166.49932158
4386013874,2,2023_5_51_1_1,2023,5,51,66,2,1,0,0,,,421.83737782
4386013877,2,2023_5_51_1_1,2023,5,51,23,1,5,0,0,,,328.99876851
4386013878,2,2023_5_51_1_1,2023,5,51,71,1,1,0,0,,,158.40780673
4386013884,2,2023_5_51_1_1,2023,5,51,46,2,1,0,0,,,875.31794439
4386013885,2,2023_5_51_1_1,2023,5,51,67,2,1,0,0,,,158.40780673
4386013888,2,2023_5_51_1_1,2023,5,51,-3,-3,-3,0,0,1,1,158.26309791
4386013891,2,2023_5_51_1_1,2023,5,51,56,1,1,0,0,,,220.90658637
4386013904,2,2023_5_51_1_1,2023,5,51,27,1,1,0,0,,,328.99876851
4386013909,2,2023_5_51_1_1,2023,5,51,58,2,1,0,0,1,1,220.70478361
4386013912,2,2023_5_51_1_1,2023,5,51,56,1,4,0,0,,,328.6982213
4386013915,2,2023_5_51_1_1,2023,5,51,65,2,1,0,0,,,158.40780673
4386013917,2,2023_5_51_1_1,2023,5,51,64,2,1,0,0,,,297.43934771
4386013919,2,2023_5_51_1_1,2023,5,51,56,1,1,0,0,,,518.04583493
4386013930,2,2023_5_51_1_1,2023,5,51,55,2,1,0,0,,,328.6982213
4386013931,2,2023_5_51_1_1,2023,5,51,62,2,2,0,0,,,345.48821791
4386013932,2,2023_5_51_1_1,2023,5,51,72,2,1,0.994203113,3.0173906609,,,443.38494846
4386013933,2,2023_5_51_1_1,2023,5,51,63,2,1,0,0,,,158.40780673
4386013940,2,2023_5_51_1_1,2023,5,51,69,2,1,0,0,,,283.24317309
4386013947,2,2023_5_51_1_1,2023,5,51,81,2,1,0,2.011593774,,,111.79615331
4386013948,2,2023_5_51_1_1,2023,5,51,67,2,-3,0,0,,,141.29258089
4386013949,2,2023_5_51_1_1,2023,5,51,70,2,1,0,0,,,111.79615331
4386013952,2,2023_5_51_1_1,2023,5,51,72,1,1,0,0,,,421.83737782
4386013953,2,2023_5_51_1_1,2023,5,51,40,2,1,0,0,,,1379.5475179
4386013954,2,2023_5_51_1_1,2023,5,51,45,1,2,0,0,,,347.84244784
4386013958,2,2023_5_51_1_1,2023,5,51,40,2,1,0,0,,,365.61033687
4386013959,2,2023_5_51_1_1,2023,5,51,76,1,2,0,0,,,421.83737782
4386013961,2,2023_5_51_1_1,2023,5,51,62,2,1,0,3.0173906609,,,111.79615331
4386013962,2,2023_5_51_1_1,2023,5,51,78,1,1,0,0,,,283.24317309
4386013963,2,2023_5_51_1_1,2023,5,51,60,1,1,1.988406226,0,,,232.19055627
4386013979,2,2023_5_51_1_1,2023,5,51,69,1,1,0,0,,,158.40780673
4386013983,2,2023_5_51_1_1,2023,5,51,67,1,1,1.988406226,10.05796887,,,111.79615331
4386013986,2,2023_5_51_1_1,2023,5,51,35,1,1,0,0,,,518.04583493
4386013988,2,2023_5_51_1_1,2023,5,51,68,2,1,0,0,,,468.78019181
4386013992,2,2023_5_51_1_1,2023,5,51,51,2,-3,0,0,,,617.75477562
4386014004,2,2023_5_51_1_1,2023,5,51,57,2,1,0,0,,,328.99876851
4386014008,2,2023_5_51_1_1,2023,5,51,66,2,-3,0,0,,,421.83737782
4386014013,2,2023_5_51_1_1,2023,5,51,62,2,1,0,0,,,345.80411716
4386014015,2,2023_5_51_1_1,2023,5,51,80,1,1,0,0,,,158.40780673
4386014018,2,2023_5_51_1_1,2023,5,51,70,2,4,0,0,,,421.83737782
4386014025,2,2023_5_51_1_1,2023,5,51,7,1,5,0,1.005796887,,,1450.015189
4386014028,2,2023_5_51_1_1,2023,5,51,47,1,1,1.988406226,0,,,973.61429962
4386014029,2,2023_5_51_1_1,2023,5,51,65,1,1,9.9420311302,8.0463750959,,,111.79615331
4386014030,2,2023_5_51_1_1,2023,5,51,51,1,1,2.9826093391,0,,,345.80411716
4386014033,2,2023_5_51_1_1,2023,5,51,54,2,1,0,0,,,920.87066307
4386014035,2,2023_5_51_1_1,2023,5,51,54,2,1,0,0,,,220.70478361
4386014037,2,2023_5_51_1_1,2023,5,51,38,1,1,0,0,,,664.23074342
4386014041,2,2023_5_51_1_1,2023,5,51,60,2,1,5.9652186781,6.0347813219,,,232.19055627
4386014042,2,2023_5_51_1_1,2023,5,51,73,1,1,7.9536249041,3.0173906609,,,111.79615331
4386014048,2,2023_5_51_1_1,2023,5,51,71,1,2,0,0,,,421.4520206
4386014051,2,2023_5_51_1_1,2023,5,51,29,1,5,0,0,,,664.23074342
4386014053,2,2023_5_51_1_1,2023,5,51,63,2,1,0,0,,,876.11829667
4386014054,2,2023_5_51_1_1,2023,5,51,64,2,1,0,0,,,232.19055627
4386014057,2,2023_5_51_1_1,2023,5,51,54,2,1,0,0,,,232.19055627
4386014060,2,2023_5_51_1_1,2023,5,51,36,2,1,0,0,,,518.04583493
4386014066,2,2023_5_51_1_1,2023,5,51,79,2,1,0,0,,,158.40780673
4386014069,2,2023_5_51_1_1,2023,5,51,29,2,1,0,0,,,328.99876851
4386014071,2,2023_5_51_1_1,2023,5,51,74,1,1,0,0,,,158.40780673
4386014074,2,2023_5_51_1_1,2023,5,51,37,2,1,0,0,,,518.04583493
4386014075,2,2023_5_51_1_1,2023,5,51,41,1,1,0,0,,,897.89728599
4386014083,2,2023_5_51_1_1,2023,5,51,65,2,1,0,0,,,158.40780673
4386014084,2,2023_5_51_1_1,2023,5,51,77,2,1,0,0,,,421.83737782
4386014088,2,2023_5_51_1_1,2023,5,51,78,2,2,0,0,,,111.79615331
4386014090,2,2023_5_51_1_1,2023,5,51,60,1,1,0,0,,,220.90658637
4386014092,2,2023_5_51_1_1,2023,5,51,39,2,1,0,0,,,518.04583493
4386014094,2,2023_5_51_1_1,2023,5,51,54,2,1,0,0,,,220.70478361
4386014096,2,2023_5_51_1_1,2023,5,51,43,2,2,0,0,,,875.31794439
4386014101,2,2023_5_51_1_1,2023,5,51,75,2,1,0,0,,,158.40780673
4386014107,2,2023_5_51_1_1,2023,5,51,68,2,1,0,10.05796887,,,111.79615331
4386014109,2,2023_5_51_1_1,2023,5,51,63,1,1,0,0,,,328.99876851
4386014111,2,2023_5_51_1_1,2023,5,51,70,2,1,0,0,,,158.40780673
4386014124,2,2023_5_51_1_1,2023,5,51,70,2,1,0,0,,,421.83737782
4386014127,2,2023_5_51_1_1,2023,5,51,-3,-3,-3,0,0,1,1,166.34722099
4386014131,2,2023_5_51_1_1,2023,5,51,46,2,1,0,0,,,518.04583493
4386014132,2,2023_5_51_1_1,2023,5,51,70,2,1,0,0,,,421.83737782
4386014136,2,2023_5_51_1_1,2023,5,51,49,2,1,1.988406226,0,,,231.97844537
4386014140,2,2023_5_51_1_1,2023,5,51,76,1,1,0,0,,,106.36309673
4386014141,2,2023_5_51_1_1,2023,5,51,78,2,3,3.9768124521,4.0231875479,,,443.38494846
4386014144,2,2023_5_51_1_1,2023,5,51,36,2,1,0,0,,,518.04583493
4386014147,2,2023_5_51_1_1,2023,5,51,72,2,-3,0,0,,,421.83737782
4386014151,2,2023_5_51_1_1,2023,5,51,49,1,1,0,0,,,328.6982213
4386014155,2,2023_5_51_1_1,2023,5,51,65,2,1,0,4.0231875479,,,429.79023951
4386014160,2,2023_5_51_1_1,2023,5,51,26,2,1,0,0,,,328.99876851
4386014187,2,2023_5_51_1_1,2023,5,51,52,1,1,0,0,,,544.50776033
4386014190,2,2023_5_51_1_1,2023,5,51,34,2,1,0,0,,,328.99876851
4386014197,2,2023_5_51_1_1,2023,5,51,59,1,1,0,0,,,328.99876851
4386014203,2,2023_5_51_1_1,2023,5,51,48,2,1,0,0,,,365.61033687
4386014204,2,2023_5_51_1_1,2023,5,51,35,2,1,0,0,,,421.83737782
4386014208,2,2023_5_51_1_1,2023,5,51,30,2,1,0,0,,,1405.5560017
4386014211,2,2023_5_51_1_1,2023,5,51,72,2,1,0,0,,,111.79615331
4386014212,2,2023_5_51_1_1,2023,5,51,49,2,4,0,0,,,920.02942857
4386014214,2,2023_5_51_1_1,2023,5,51,35,1,1,0,0,,,220.90658637
4386014216,2,2023_5_51_1_1,2023,5,51,61,2,1,0,0,,,231.97844537
4386014217,2,2023_5_51_1_1,2023,5,51,63,2,1,0,0,,,220.70478361
4386014218,2,2023_5_51_1_1,2023,5,51,65,1,1,0,0,,,158.40780673
4386014227,2,2023_5_51_1_1,2023,5,51,55,1,5,0,0,,,166.34722099
4386014233,2,2023_5_51_1_1,2023,5,51,75,2,1,0,0,,,158.26309791
4386014235,2,2023_5_51_1_1,2023,5,51,39,1,1,0,0,,,518.04583493
4386014238,2,2023_5_51_1_1,2023,5,51,60,2,1,0,0,1,,443.38494846
4386014243,2,2023_5_51_1_1,2023,5,51,18,1,1,0,0,,,849.25546948
4386014246,2,2023_5_51_1_1,2023,5,51,64,2,1,0,0,,,158.40780673
4386014250,2,2023_5_51_1_1,2023,5,51,79,1,1,0,0,,,106.36309673
4386014252,2,2023_5_51_1_1,2023,5,51,71,2,1,0,0,,,283.24317309
4386014261,2,2023_5_51_1_1,2023,5,51,57,2,2,0,8.0463750959,,,920.87066307
4386014263,2,2023_5_51_1_1,2023,5,51,88,1,1,0,0,,,158.40780673
4386014267,2,2023_5_51_1_1,2023,5,51,69,1,1,0,0,,,421.83737782
4386014269,2,2023_5_51_1_1,2023,5,51,35,1,1,0,0,,,158.40780673
4386014270,2,2023_5_51_1_1,2023,5,51,56,1,2,0,0,,1,345.48821791
4386014271,2,2023_5_51_1_1,2023,5,51,-3,-3,-3,0,0,1,1,474.112738
4386014273,2,2023_5_51_1_1,2023,5,51,48,1,1,0.994203113,1.005796887,,,345.48821791
4386014274,2,2023_5_51_1_1,2023,5,51,70,2,4,0,0,,,166.49932158
4386014280,2,2023_5_51_1_1,2023,5,51,67,2,1,0,0,,,442.97990709
4386014284,2,2023_5_51_1_1,2023,5,51,52,1,1,0,0,,,328.99876851
4386014285,2,2023_5_51_1_1,2023,5,51,-3,2,-3,0,0,1,1,220.90658637
4386014286,2,2023_5_51_1_1,2023,5,51,83,1,1,0,0,,,158.40780673
4386014288,2,2023_5_51_1_1,2023,5,51,41,1,2,0,0,,,347.84244784
4386014290,2,2023_5_51_1_1,2023,5,51,-3,2,-3,0,0,,,288.41284283
4386014293,2,2023_5_51_1_1,2023,5,51,57,1,1,0,0,,,220.90658637
4386014295,2,2023_5_51_1_1,2023,5,51,52,1,1,11.930437356,0,,,232.19055627
4386014297,2,2023_5_51_1_1,2023,5,51,15,1,2,0,0,,,1338.4716748
4386014304,2,2023_5_51_1_1,2023,5,51,51,2,1,0,0,,,365.61033687
4386014305,2,2023_5_51_1_1,2023,5,51,40,2,1,0,0,,,518.04583493
4386014308,2,2023_5_51_1_1,2023,5,51,61,1,1,0,0,,,849.25546948
4386014315,2,2023_5_51_1_1,2023,5,51,64,2,1,0,0,,,328.99876851
4386014323,2,2023_5_51_1_1,2023,5,51,61,1,1,0,0,,,345.80411716
4386014325,2,2023_5_51_1_1,2023,5,51,65,1,1,0,0,,,421.83737782
4386014328,2,2023_5_51_1_1,2023,5,51,68,2,1,0,0,,,166.49932158
4386014332,2,2023_5_51_1_1,2023,5,51,60,2,1,0,0,,,588.27059762
4386014337,2,2023_5_51_1_1,2023,5,51,78,1,1,0,4.0231875479,,,166.49932158
4386014346,2,2023_5_51_1_1,2023,5,51,74,2,1,0,0,,,111.79615331
4386014347,2,2023_5_51_1_1,2023,5,51,39,2,1,0,0,,,365.61033687
4386014351,2,2023_5_51_1_1,2023,5,51,75,2,1,0,0,,,158.40780673
4386014354,2,2023_5_51_1_1,2023,5,51,35,2,1,0,0,,,232.19055627
4386014356,2,2023_5_51_1_1,2023,5,51,36,1,1,0,0,,,328.99876851
4386014360,2,2023_5_51_1_1,2023,5,51,32,2,1,9.9420311302,0,,,365.61033687
4386014361,2,2023_5_51_1_1,2023,5,51,60,2,1,0.994203113,0,,,111.79615331
4386014364,2,2023_5_51_1_1,2023,5,51,60,1,1,0,0,,,347.84244784
4386014369,2,2023_5_51_1_1,2023,5,51,67,2,4,0,0,,,283.24317309
4386014374,2,2023_5_51_1_1,2023,5,51,72,2,1,0,0,,,158.40780673
4386014375,2,2023_5_51_1_1,2023,5,51,37,1,2,0,0,,,328.6982213
4386014376,2,2023_5_51_1_1,2023,5,51,80,1,1,0,0,,,283.24317309
4386014382,2,2023_5_51_1_1,2023,5,51,42,1,1,3.9768124521,2.011593774,,,365.61033687
4386014386,2,2023_5_51_1_1,2023,5,51,-3,-3,-3,1.988406226,0,1,,231.97844537
4386014388,2,2023_5_51_1_1,2023,5,51,33,2,5,0,0,,,544.50776033
4386014396,2,2023_5_51_1_1,2023,5,51,74,1,1,0,0,,,106.26593183
4386014403,2,2023_5_51_1_1,2023,5,51,78,2,1,0,0,,,106.36309673
4386014409,2,2023_5_51_1_1,2023,5,51,44,2,1,0,0,,,220.90658637
4386014415,2,2023_5_51_1_1,2023,5,51,34,2,1,0,0,,,544.50776033
4386014417,2,2023_5_51_1_1,2023,5,51,60,2,1,0,0,,,220.90658637
4386014418,2,2023_5_51_1_1,2023,5,51,55,2,1,0,0,,,892.63567518
4386014420,2,2023_5_51_1_1,2023,5,51,70,1,1,9.9420311302,0,,,111.79615331
4386014426,2,2023_5_51_1_1,2023,5,51,32,2,1,0,0,,,365.61033687
4386014429,2,2023_5_51_1_1,2023,5,51,53,2,1,0.994203113,0,,,232.19055627
4386014433,2,2023_5_51_1_1,2023,5,51,61,2,1,0,0,,,106.36309673
4386014440,2,2023_5_51_1_1,2023,5,51,37,2,4,0,0,,,518.04583493
4386014442,2,2023_5_51_1_1,2023,5,51,52,2,1,1.988406226,0,,,544.50776033
4386014445,2,2023_5_51_1_1,2023,5,51,45,2,1,1.988406226,0,,,920.02942857
4386014452,2,2023_5_51_1_1,2023,5,51,49,2,1,0,0,,,365.61033687
4386014458,2,2023_5_51_1_1,2023,5,51,64,1,1,0,0,,,421.83737782
4386014467,2,2023_5_51_1_1,2023,5,51,71,1,1,0,0,,,158.40780673
4386014473,2,2023_5_51_1_1,2023,5,51,53,1,1,3.9768124521,0,,,176.03570932
4386014474,2,2023_5_51_1_1,2023,5,51,58,2,2,0,0,,,328.99876851
4386014478,2,2023_5_51_1_1,2023,5,51,67,2,1,0,0,,,158.40780673
4386014479,2,2023_5_51_1_1,2023,5,51,44,2,1,0,0,,,544.50776033
4386014482,2,2023_5_51_1_1,2023,5,51,67,1,4,2.9826093391,0,,,166.49932158
4386014485,2,2023_5_51_1_1,2023,5,51,74,2,2,0,0,,,421.83737782
4386014486,2,2023_5_51_1_1,2023,5,51,78,2,1,0,0,,,421.83737782
4386014491,2,2023_5_51_1_1,2023,5,51,62,2,1,0,1.005796887,,,345.80411716
4386014496,2,2023_5_51_1_1,2023,5,51,31,1,1,0,0,,,328.99876851
4386014498,2,2023_5_51_1_1,2023,5,51,28,2,1,0,3.0173906609,,,544.50776033
4386014502,2,2023_5_51_1_1,2023,5,51,51,1,1,0,0,,,220.70478361
4386014510,2,2023_5_51_1_1,2023,5,51,54,1,4,0.994203113,12.069562644,,,920.02942857
4386014516,2,2023_5_51_1_1,2023,5,51,62,1,4,0,18.104343966,,,166.49932158
4386014521,2,2023_5_51_1_1,2023,5,51,25,1,5,0,0,,,328.99876851
4386014526,2,2023_5_51_1_1,2023,5,51,72,2,2,0,0,,,158.40780673
4386014530,2,2023_5_51_1_1,2023,5,51,64,2,1,0,0,,,587.7332002
4386014536,2,2023_5_51_1_1,2023,5,51,27,1,1,0,0,,,848.47965694
4386014547,2,2023_5_51_1_1,2023,5,51,52,-5,3,0,0,,,345.80411716
4386014556,2,2023_5_51_1_1,2023,5,51,52,2,1,0,0,,,408.90334296
4386014557,2,2023_5_51_1_1,2023,5,51,15,2,5,0,0,,,518.51951328
4386014561,2,2023_5_51_1_1,2023,5,51,66,1,1,11.930437356,0,,,111.6940252
4386014568,2,2023_5_51_1_1,2023,5,51,62,1,1,0,0,,,220.90658637
4386014572,2,2023_5_51_1_1,2023,5,51,-3,-3,-3,0,0,1,1,345.80411716
4386014574,2,2023_5_51_1_1,2023,5,51,68,2,1,0,0,,,443.38494846
4386014576,2,2023_5_51_1_1,2023,5,51,-3,-3,-3,0,0,1,1,232.19055627
4386014589,2,2023_5_51_1_1,2023,5,51,-3,-3,-3,0,0,,,2261.5533144
4386014593,2,2023_5_51_1_1,2023,5,51,73,2,1,0,0,,,421.83737782
4386014594,2,2023_5_51_1_1,2023,5,51,77,2,1,0,0,,,421.4520206
4386014595,2,2023_5_51_1_1,2023,5,51,54,2,2,1.988406226,4.0231875479,,,1450.015189
4386014597,2,2023_5_51_1_1,2023,5,51,61,1,1,0.994203113,0,,,365.61033687
4386014598,2,2023_5_51_1_1,2023,5,51,54,2,1,0,0,,,345.80411716
4386014600,2,2023_5_51_1_1,2023,5,51,55,1,1,0,0,,,421.83737782
4386014603,2,2023_5_51_1_1,2023,5,51,43,2,1,12.733872367,0,,,319.46630984
4386014610,2,2023_5_51_1_1,2023,5,51,61,2,1,0,0,,,232.19055627
4386014614,2,2023_5_51_1_1,2023,5,51,41,2,1,0,0,,,1450.015189
4386014618,2,2023_5_51_1_1,2023,5,51,55,2,1,0,0,,,345.80411716
4386014620,2,2023_5_51_1_1,2023,5,51,-3,2,1,0,0,,,443.38494846
4386014621,2,2023_5_51_1_1,2023,5,51,76,2,1,0,0,,,421.83737782
4386014623,2,2023_5_51_1_1,2023,5,51,58,2,1,0,0,,,345.80411716
4386014627,2,2023_5_51_1_1,2023,5,51,66,2,2,0,0,,,228.27793341
4386014630,2,2023_5_51_1_1,2023,5,51,70,1,1,0,0,,,158.26309791
4386014632,2,2023_5_51_1_1,2023,5,51,72,2,1,0,0,,,421.83737782
4386014637,2,2023_5_51_1_1,2023,5,51,70,1,1,0,0,,,421.83737782
4386014641,2,2023_5_51_1_1,2023,5,51,63,2,1,0,0,,,328.99876851
4386014642,2,2023_5_51_1_1,2023,5,51,40,2,2,0,0,,,421.83737782
4386014645,2,2023_5_51_1_1,2023,5,51,25,2,1,0,0,,,328.99876851
4386014653,2,2023_5_51_1_1,2023,5,51,11,1,1,0,0,,,348.16049969
4386014655,2,2023_5_51_1_1,2023,5,51,46,2,3,0,0,1,1,415.42234368
4386014657,2,2023_5_51_1_1,2023,5,51,38,2,1,11.930437356,8.0463750959,,,176.03570932
4386014658,2,2023_5_51_1_1,2023,5,51,74,2,4,0,0,,,166.49932158
4386014665,2,2023_5_51_1_1,2023,5,51,79,2,1,0,0,,,408.52980126
4386014669,2,2023_5_51_1_1,2023,5,51,42,1,1,0,0,,,518.04583493
4386014671,2,2023_5_51_1_1,2023,5,51,33,1,3,0,0,,,328.99876851
4386014672,2,2023_5_51_1_1,2023,5,51,53,2,1,0,0,,,220.90658637
4386014675,2,2023_5_51_1_1,2023,5,51,57,1,2,0,4.0231875479,,,443.38494846
4386014677,2,2023_5_51_1_1,2023,5,51,78,1,1,0,0,,,283.24317309
4386014687,2,2023_5_51_1_1,2023,5,51,68,1,1,0.994203113,4.0231875479,,,210.42869694
4386014702,2,2023_5_51_1_1,2023,5,51,46,2,1,0,0,,,328.6982213
4386014707,2,2023_5_51_1_0,2023,5,51,51,2,4,0,0,,,3957.793539
4386014713,2,2023_5_51_1_0,2023,5,51,52,1,4,0,0,,,3957.793539
4386014719,2,2023_5_51_1_0,2023,5,51,30,1,1,0,0,,,3622.151178
4386014727,2,2023_5_51_1_0,2023,5,51,46,2,1,0,0,,,3957.793539
4386014736,2,2023_5_51_1_0,2023,5,51,40,2,1,0,0,,,2513.5019193
4386014737,2,2023_5_51_1_0,2023,5,51,-3,2,1,0,0,,,2203.4314513
4386014742,2,2023_5_51_1_0,2023,5,51,32,1,1,0,0,,,3957.793539
4386014761,2,2023_5_51_1_0,2023,5,51,71,2,1,0,0,,,8319.0567664
4386014763,2,2023_5_51_1_0,2023,5,51,45,1,1,0,0,,,3957.793539
4386014766,2,2023_5_51_1_0,2023,5,51,67,1,1,0,0,,,3219.8310877
4386014774,2,2023_5_51_1_0,2023,5,51,38,1,1,0,0,,,2513.5019193
4386014776,2,2023_5_51_1_0,2023,5,51,26,2,2,0,0,,,1210.2122085
4386014784,2,2023_5_51_1_0,2023,5,51,34,1,-3,0,0,,,3957.793539
4386014787,2,2023_5_51_1_0,2023,5,51,15,1,1,0,0,,,10539.538946
4386014793,2,2023_5_51_1_0,2023,5,51,50,1,4,0,0,,,6488.1861477
4386014798,2,2023_5_51_1_0,2023,5,51,63,1,1,0,0,,,2511.205783
4386014822,2,2023_5_51_1_0,2023,5,51,64,2,1,0,0,,,6693.4141734
4386014823,2,2023_5_51_1_0,2023,5,51,59,1,1,0,0,,,2513.5019193
4386014848,2,2023_5_51_1_0,2023,5,51,48,1,2,0,0,,,6693.4141734
4386014853,2,2023_5_51_1_0,2023,5,51,30,2,4,0,0,,,10539.538946
4386014855,2,2023_5_51_1_0,2023,5,51,-3,-3,4,0,0,1,1,3222.7751598
4386014860,2,2023_5_51_1_0,2023,5,51,73,2,1,0,0,,,3219.8310877
4386014861,2,2023_5_51_1_0,2023,5,51,68,2,1,0,0,,,1210.2122085
4386014875,2,2023_5_51_1_0,2023,5,51,61,1,1,0,0,,,3121.1072436
4386014879,2,2023_5_51_1_0,2023,5,51,32,2,1,0,0,,,2513.5019193
4386014885,2,2023_5_51_1_0,2023,5,51,-3,-3,-3,0,0,1,1,3957.793539
4386014886,2,2023_5_51_1_0,2023,5,51,70,2,1,0,0,,,1210.2122085
4386014891,2,2023_5_51_1_0,2023,5,51,52,2,4,0,0,,,1210.2122085
4386014894,2,2023_5_51_1_0,2023,5,51,79,2,1,0,0,,,3222.7751598
4386014898,2,2023_5_51_1_0,2023,5,51,79,1,1,0,0,,,3222.7751598
4386014904,2,2023_5_51_1_0,2023,5,51,52,2,1,0,0,,,2513.5019193
4386014905,2,2023_5_51_1_0,2023,5,51,66,2,1,0,0,,,3222.7751598
4386014908,2,2023_5_51_1_0,2023,5,51,50,1,1,0,2.011593774,,,7028.8887248
4386014911,2,2023_5_51_1_0,2023,5,51,54,2,1,0,0,,,10539.538946
4386014921,2,2023_5_51_1_0,2023,5,51,65,2,1,0,0,,,660.45254387
4386014922,2,2023_5_51_1_0,2023,5,51,76,2,1,0,0,,,3222.7751598
4386014925,2,2023_5_51_1_0,2023,5,51,52,1,3,0,0,,,1209.1066545
4386014933,2,2023_5_51_1_0,2023,5,51,48,1,5,0,0,,,10539.538946
4386014939,2,2023_5_51_1_0,2023,5,51,-3,1,1,0,0,,,1203.5843999
4386014941,2,2023_5_51_1_0,2023,5,51,67,2,2,0,0,,,1210.2122085
4386014942,2,2023_5_51_1_0,2023,5,51,34,2,1,0,0,,,3957.793539
4386014951,2,2023_5_51_1_0,2023,5,51,33,1,1,0,0,,,3957.793539
4386014957,2,2023_5_51_1_0,2023,5,51,40,1,1,0,0,,,2513.5019193
4386014965,2,2023_5_51_1_0,2023,5,51,27,1,1,0,0,,,4919.0305975
4386014968,2,2023_5_51_1_0,2023,5,51,72,1,3,0,1.005796887,,,1272.0301849
4386014981,2,2023_5_51_1_0,2023,5,51,69,1,1,0,0,,,3222.7751598
4386014984,2,2023_5_51_1_0,2023,5,51,61,2,1,0,0,,,2513.5019193
4386014989,2,2023_5_51_1_0,2023,5,51,60,2,2,0,0,,,6488.1861477
4386014991,2,2023_5_51_1_0,2023,5,51,47,1,1,0,0,,,1371.7005372
4386014992,2,2023_5_51_1_0,2023,5,51,77,2,1,0,0,,,1209.1066545
4386014995,2,2023_5_51_1_0,2023,5,51,79,1,1,0,0,,,3222.7751598
4386014996,2,2023_5_51_1_0,2023,5,51,72,2,1,0,0,,,1210.2122085
4386014997,2,2023_5_51_1_0,2023,5,51,46,1,5,0,0,,,3957.793539
4386015006,2,2023_5_51_1_0,2023,5,51,59,1,1,0,0,,,6482.2590548
4386015009,2,2023_5_51_1_0,2023,5,51,65,1,1,0,0,,,1209.1066545
4386015015,2,2023_5_51_1_0,2023,5,51,56,1,1,0,0,,,2513.5019193
4386015019,2,2023_5_51_1_0,2023,5,51,51,2,5,0,0,,,6687.2996004
4386015025,2,2023_5_51_1_0,2023,5,51,34,2,3,0,0,,,10216.384168
4386015031,2,2023_5_51_1_0,2023,5,51,88,2,1,0,0,,,3222.7751598
4386015036,2,2023_5_51_1_0,2023,5,51,-3,-3,-3,0,0,1,1,6482.2590548
4386015040,2,2023_5_51_1_0,2023,5,51,46,2,1,0,0,,,2641.8922967
4386015042,2,2023_5_51_1_0,2023,5,51,55,1,1,0,0,,,2511.205783
4386015043,2,2023_5_51_1_0,2023,5,51,66,2,1,0,5.0264887722,,,7447.0588009
4386015052,2,2023_5_51_1_0,2023,5,51,57,2,1,0,0,,,6687.2996004
4386015055,2,2023_5_51_1_0,2023,5,51,70,2,1,0,0,,,1210.2122085
4386015056,2,2023_5_51_1_0,2023,5,51,61,2,1,1.988406226,0,,,1441.7673824
4386015084,2,2023_5_51_1_0,2023,5,51,60,2,1,0,0,,,10539.538946
4386015092,2,2023_5_51_1_0,2023,5,51,82,2,1,0,0,,,3222.7751598
4386015095,2,2023_5_51_1_0,2023,5,51,66,2,1,0,0,,,1210.2122085
4386015097,2,2023_5_51_1_0,2023,5,51,33,2,1,0,0,,,3957.793539
4386015109,2,2023_5_51_1_0,2023,5,51,34,1,1,0,0,,,1371.7005372
4386015110,2,2023_5_51_1_0,2023,5,51,75,2,1,0,0,,,1758.7742361
4386015118,2,2023_5_51_1_0,2023,5,51,56,1,1,0,0,,,2511.205783
4386015120,2,2023_5_51_1_0,2023,5,51,46,1,1,0,0,,,1209.1066545
4386015135,2,2023_5_51_1_0,2023,5,51,35,1,3,0,0,,,3957.793539
4386015142,2,2023_5_51_1_0,2023,5,51,59,2,1,0,0,,,6687.2996004
4386015151,2,2023_5_51_1_0,2023,5,51,79,1,1,0,0,,,1758.7742361
4386015154,2,2023_5_51_1_0,2023,5,51,52,2,1,0,0,,,1440.4502979
4386015160,2,2023_5_51_1_0,2023,5,51,64,2,1,0,0,,,3176.6671996
4386015164,2,2023_5_51_1_0,2023,5,51,64,1,1,0,0,,,3622.151178
4386015165,2,2023_5_51_1_0,2023,5,51,60,1,5,0,0,,,6693.4141734
4386015176,2,2023_5_51_1_0,2023,5,51,61,2,1,0,0,,,1210.2122085
4386015181,2,2023_5_51_1_0,2023,5,51,32,1,1,0,0,,,3957.793539
4386015182,2,2023_5_51_1_0,2023,5,51,73,1,1,0,0,,,660.45254387
4386015184,2,2023_5_51_1_0,2023,5,51,41,1,1,0,0,,,3957.793539
4386015185,2,2023_5_51_1_0,2023,5,51,31,2,1,0,0,,,3957.793539
4386015189,2,2023_5_51_1_0,2023,5,51,52,1,1,0,0,,,6693.4141734
4386015192,2,2023_5_51_1_0,2023,5,51,68,1,1,0,0,,,1209.1066545
4386015194,2,2023_5_51_1_0,2023,5,51,65,2,1,0,0,,,3387.3954118
4386015197,2,2023_5_51_1_0,2023,5,51,-3,1,1,0,0,,,2205.4461723
4386015217,2,2023_5_51_1_0,2023,5,51,32,1,1,0,0,,,2513.5019193
4386015223,2,2023_5_51_1_0,2023,5,51,53,1,1,0,0,,,2159.8979026
4386015225,2,2023_5_51_1_0,2023,5,51,67,1,1,0,0,,,1210.2122085
4386015231,2,2023_5_51_1_0,2023,5,51,88,2,1,0,0,,,3222.7751598
4386015232,2,2023_5_51_1_0,2023,5,51,47,2,1,0,0,,,3957.793539
4386015235,2,2023_5_51_1_0,2023,5,51,55,2,1,0,0,,,6693.4141734
4386015243,2,2023_5_51_1_0,2023,5,51,48,2,1,0,0,,,3957.793539
4386015244,2,2023_5_51_1_0,2023,5,51,-3,1,-3,0,0,1,1,1209.1066545
4386015245,2,2023_5_51_1_0,2023,5,51,65,1,1,0,0,,,8319.0567664
4386015246,2,2023_5_51_1_0,2023,5,51,68,2,-3,0,0,,,1210.2122085
4386015250,2,2023_5_51_1_0,2023,5,51,52,2,2,0,0,,,6693.4141734
4386015252,2,2023_5_51_1_0,2023,5,51,33,1,2,0,0,,,10216.384168
4386015295,2,2023_5_51_1_0,2023,5,51,-3,1,1,0,0,,,3957.793539
4386015321,2,2023_5_51_1_0,2023,5,51,54,1,2,0,0,,,3649.4789934
4386015322,2,2023_5_51_1_0,2023,5,51,43,2,1,0,0,,,1371.7005372
4386015323,2,2023_5_51_1_0,2023,5,51,33,2,4,0,0,,,3957.793539
4386015325,2,2023_5_51_1_0,2023,5,51,25,2,2,0,0,,,6488.1861477
4386015366,2,2023_5_51_1_0,2023,5,51,40,2,2,0,0,,,1905.6162333
4386015380,2,2023_5_51_1_0,2023,5,51,47,2,1,0,0,,,2513.5019193
4386015384,2,2023_5_51_1_0,2023,5,51,58,1,2,0,0,,,2511.205783
4386015385,2,2023_5_51_1_0,2023,5,51,8,2,2,0,0,1,1,10225.725581
4386015392,2,2023_5_51_1_0,2023,5,51,67,1,1,0,0,,,659.84920673
4386015408,2,2023_5_51_1_0,2023,5,51,68,2,1,0,0,,,1758.7742361
4386015414,2,2023_5_51_1_0,2023,5,51,45,2,1,0,1.005796887,,,1440.4502979
4386015421,2,2023_5_51_1_0,2023,5,51,47,2,4,0,0,,,6693.4141734
4386015435,2,2023_5_51_1_0,2023,5,51,57,1,2,0,0,,,10539.538946
4386015443,2,2023_5_51_1_0,2023,5,51,34,1,1,0,0,,,3957.793539
4386015446,2,2023_5_51_1_0,2023,5,51,27,2,1,0,0,,,2511.205783
4386015447,2,2023_5_51_1_0,2023,5,51,55,2,1,0,0,,,6687.2996004
4386015453,2,2023_5_51_1_0,2023,5,51,81,2,1,0,0,,,3222.7751598
4386015464,2,2023_5_51_1_0,2023,5,51,50,2,1,0,0,,,6693.4141734
4386015465,2,2023_5_51_1_0,2023,5,51,16,1,1,0,0,,,3961.4123716
4386015473,2,2023_5_51_1_0,2023,5,51,74,2,1,0,0,,,1210.2122085
4386015479,2,2023_5_51_1_0,2023,5,51,87,2,1,0,0,,,1210.2122085
4386015491,2,2023_5_51_1_0,2023,5,51,34,2,1,0,0,1,1,3957.793539
4386015493,2,2023_5_51_1_0,2023,5,51,42,1,1,0,0,,,1209.1066545
4386015494,2,2023_5_51_1_0,2023,5,51,33,1,1,0,0,,,2513.5019193
4386015498,2,2023_5_51_1_0,2023,5,51,36,2,4,0,0,,,3957.793539
4386015500,2,2023_5_51_1_0,2023,5,51,23,2,2,0,0,,,6693.4141734
4386015506,2,2023_5_51_1_0,2023,5,51,30,2,1,0,0,,,2513.5019193
4386015507,2,2023_5_51_1_0,2023,5,51,39,1,1,0,0,,,10216.384168
4386015509,2,2023_5_51_1_0,2023,5,51,73,1,1,0,0,,,3222.7751598
4386015512,2,2023_5_51_1_0,2023,5,51,64,2,1,0,0,,,3222.7751598
4386015528,2,2023_5_51_1_0,2023,5,51,44,1,1,0,0,,,17277.932747
4386015531,2,2023_5_51_1_0,2023,5,51,19,2,4,0,0,,,3652.8159167
4386015533,2,2023_5_51_1_0,2023,5,51,66,2,1,0,0,,,1210.2122085
4386015538,2,2023_5_51_1_0,2023,5,51,87,2,1,0,0,,,1210.2122085
4386015550,2,2023_5_51_1_0,2023,5,51,68,2,2,0,0,,,1210.2122085
4386015553,2,2023_5_51_1_0,2023,5,51,-3,-3,-3,0,0,1,,6687.2996004
4386015555,2,2023_5_51_1_0,2023,5,51,-3,2,5,0,0,,1,5873.0667977
4386015566,2,2023_5_51_1_0,2023,5,51,58,1,1,0,0,,,3957.793539
4386015572,2,2023_5_51_1_0,2023,5,51,28,2,1,0,0,,,6488.1861477
4386015573,2,2023_5_51_1_0,2023,5,51,44,2,1,0,0,,,5751.7725065
4386015578,2,2023_5_51_1_0,2023,5,51,25,1,2,0,0,,,2511.205783
4386015579,2,2023_5_51_1_0,2023,5,51,65,2,1,0,0,,,3222.7751598
4386015583,2,2023_5_51_1_0,2023,5,51,76,2,1,0,0,,,1209.1066545
4386015586,2,2023_5_51_1_0,2023,5,51,69,2,1,0,0,,,3222.7751598
4386015593,2,2023_5_51_1_0,2023,5,51,48,2,1,0,0,,,10539.538946
4386015601,2,2023_5_51_1_0,2023,5,51,45,1,2,0,0,,,3957.793539
4386015609,2,2023_5_51_1_0,2023,5,51,39,2,3,0,0,,,3957.793539
4386015623,2,2023_5_51_1_0,2023,5,51,65,2,1,0,0,,,4073.0759198
4386015625,2,2023_5_51_1_0,2023,5,51,56,1,2,0,0,,,10539.538946
4386015630,2,2023_5_51_1_0,2023,5,51,46,2,4,0,0,,,2513.5019193
4386015638,2,2023_5_51_1_0,2023,5,51,22,1,1,4.9710155651,1.005796887,,,2639.4788732
4386015642,2,2023_5_51_1_0,2023,5,51,53,2,1,0,0,,,2513.5019193
4386015648,2,2023_5_51_1_0,2023,5,51,66,2,2,0,0,,,3222.7751598
4386015649,2,2023_5_51_1_0,2023,5,51,72,2,1,0,0,,,1272.0301849
4386015659,2,2023_5_51_1_0,2023,5,51,47,1,1,0,0,,,10216.384168
4386015665,2,2023_5_51_1_0,2023,5,51,59,1,1,0,0,,,6482.2590548
4386015669,2,2023_5_51_1_0,2023,5,51,69,1,2,0,0,,,8311.4571351
4386015673,2,2023_5_51_1_0,2023,5,51,70,2,2,0,0,,,1905.6162333
4386015677,2,2023_5_51_1_0,2023,5,51,40,1,1,0,0,,,3957.793539
4386015684,2,2023_5_51_1_0,2023,5,51,55,2,1,0,0,,,2513.5019193
4386015685,2,2023_5_51_1_0,2023,5,51,44,1,1,0,0,,,3957.793539
4386015694,2,2023_5_51_1_0,2023,5,51,77,2,1,0,0,,,1210.2122085
4386015695,2,2023_5_51_1_0,2023,5,51,46,1,1,0,9.0521719828,,,6819.6045016
4386015706,2,2023_5_51_1_0,2023,5,51,32,1,1,0,0,,,2513.5019193
4386015711,2,2023_5_51_1_0,2023,5,51,61,2,1,0,0,,,2513.5019193
4386015717,2,2023_5_51_1_0,2023,5,51,59,1,1,0,0,,,2513.5019193
4386015745,2,2023_5_51_1_0,2023,5,51,76,2,1,0,0,,,3222.7751598
4386015746,2,2023_5_51_1_0,2023,5,51,51,1,2,0,0,,,2511.205783
4386015747,2,2023_5_51_1_0,2023,5,51,14,2,5,0,0,,,10216.384168
4386015748,2,2023_5_51_1_0,2023,5,51,31,2,4,0,0,,,10738.239915
4386015756,2,2023_5_51_1_0,2023,5,51,25,2,1,0,0,,,6482.2590548
4386015760,2,2023_5_51_1_0,2023,5,51,41,1,1,0,0,,,3957.793539
4386015763,2,2023_5_51_1_0,2023,5,51,49,2,1,0,0,,,3957.793539
4386015764,2,2023_5_51_1_0,2023,5,51,27,1,1,0,0,,,2513.5019193
4386015766,2,2023_5_51_1_0,2023,5,51,63,2,1,0,0,,,2511.205783
4386015772,2,2023_5_51_1_0,2023,5,51,75,2,1,0,0,,,660.45254387
4386015776,2,2023_5_51_1_0,2023,5,51,41,1,1,0,2.011593774,,,4159.9587343
4386015777,2,2023_5_51_1_0,2023,5,51,68,1,2,0,0,,,1272.0301849
4386015778,2,2023_5_51_1_0,2023,5,51,53,2,1,0,0,,,2513.5019193
4386015779,2,2023_5_51_1_0,2023,5,51,29,1,1,0,0,,,2513.5019193
4386015781,2,2023_5_51_1_0,2023,5,51,71,1,1,0,0,,,1209.1066545
4386015784,2,2023_5_51_1_0,2023,5,51,76,2,2,0,0,,,3222.7751598
4386015795,2,2023_5_51_1_0,2023,5,51,53,2,2,0,0,,,10539.538946
4386015796,2,2023_5_51_1_0,2023,5,51,60,1,1,0,0,,,2511.205783
4386015802,2,2023_5_51_1_0,2023,5,51,70,1,1,0,0,,,3222.7751598
4386015804,2,2023_5_51_1_0,2023,5,51,67,2,1,0,0,,,1210.2122085
4386015807,2,2023_5_51_1_0,2023,5,51,84,2,2,0,0,,,1742.4164507
4386015808,2,2023_5_51_1_0,2023,5,51,64,1,1,0,0,,,2511.205783
4386015813,2,2023_5_51_1_0,2023,5,51,18,2,1,0,0,,,6488.1861477
4386015817,2,2023_5_51_1_0,2023,5,51,63,2,1,0,0,,,17277.932747
4386015819,2,2023_5_51_1_0,2023,5,51,19,1,1,0,0,,,1209.1066545
4386015834,2,2023_5_51_1_0,2023,5,51,31,2,1,0,0,,,2511.205783
4386015836,2,2023_5_51_1_0,2023,5,51,26,1,1,0,0,,,2511.205783
4386015838,2,2023_5_51_1_0,2023,5,51,93,2,1,0,0,,,3222.7751598
4386015849,2,2023_5_51_1_0,2023,5,51,67,2,1,0,0,,,3222.7751598
4386015855,2,2023_5_51_1_0,2023,5,51,49,2,1,0,0,,,10539.538946
4386015856,2,2023_5_51_1_0,2023,5,51,60,2,1,0,0,,,6693.4141734
4386015857,2,2023_5_51_1_0,2023,5,51,71,1,2,0,0,,,5074.6246133
4386015860,2,2023_5_51_1_0,2023,5,51,46,1,1,0,0,,,1744.0096398
4386015868,2,2023_5_51_1_0,2023,5,51,74,2,1,0,0,,,1210.2122085
4386015871,2,2023_5_51_1_0,2023,5,51,72,1,1,0,0,,,3123.961047
4386015874,2,2023_5_51_1_0,2023,5,51,77,2,1,0,0,,,1905.6162333
4386015897,2,2023_5_51_1_0,2023,5,51,59,1,1,0,0,,,1210.2122085
4386015908,2,2023_5_51_1_0,2023,5,51,65,2,3,2.9826093391,15.086953305,,,1.0068889643
4386015913,2,2023_5_51_1_0,2023,5,51,60,1,1,0,0,,,6693.4141734
4386015919,2,2023_5_51_1_0,2023,5,51,44,1,1,0,0,,,2513.5019193
4386015923,2,2023_5_51_1_0,2023,5,51,73,1,1,0,0,,,3222.7751598
4386015931,2,2023_5_51_1_0,2023,5,51,36,1,1,0,0,,,3957.793539
4386015935,2,2023_5_51_1_0,2023,5,51,63,1,2,0,0,,,1209.1066545
4386015937,2,2023_5_51_1_0,2023,5,51,30,1,3,0,0,,,10216.384168
4386015940,2,2023_5_51_1_0,2023,5,51,39,2,2,0,0,,,3957.793539
4386015943,2,2023_5_51_1_0,2023,5,51,-3,-3,-3,0,0,1,1,6819.6045016
4386015949,2,2023_5_51_1_0,2023,5,51,43,2,1,0,0,,,4159.9587343
4386015952,2,2023_5_51_1_0,2023,5,51,58,1,1,0,0,,,6488.1861477
4386015955,2,2023_5_51_1_0,2023,5,51,70,2,2,0,0,,,3219.8310877
4386015963,2,2023_5_51_1_0,2023,5,51,63,2,2,0,0,,,1209.1066545
4386015969,2,2023_5_51_1_0,2023,5,51,76,1,1,0,0,,,1210.2122085
4386015970,2,2023_5_51_1_0,2023,5,51,67,1,1,0,0,,,3222.7751598
4386015972,2,2023_5_51_1_0,2023,5,51,67,1,1,0,0,,,3123.961047
4386015973,2,2023_5_51_1_0,2023,5,51,63,2,1,0,0,,,1210.2122085
4386015981,2,2023_5_51_1_0,2023,5,51,49,1,3,0,0,,,2513.5019193
4386015985,2,2023_5_51_1_0,2023,5,51,63,2,2,0,0,,,10216.384168
4386015992,2,2023_5_51_1_0,2023,5,51,23,1,2,0,0,,,1209.1066545
4386016000,2,2023_5_51_1_0,2023,5,51,41,1,1,0,0,,,3957.793539
4386016008,2,2023_5_51_1_0,2023,5,51,29,1,1,0,0,,,2513.5019193
4386016018,2,2023_5_51_1_0,2023,5,51,38,2,1,0,0,,,3957.793539
4386016019,2,2023_5_51_1_0,2023,5,51,33,1,2,0,0,,,3957.793539
4386016044,2,2023_5_51_1_0,2023,5,51,37,1,2,0,0,,,3957.793539
4386016046,2,2023_5_51_1_0,2023,5,51,-3,-3,-3,0,0,1,1,6482.2590548
4386016047,2,2023_5_51_1_0,2023,5,51,55,2,3,0,0,,,2511.205783
4386016068,2,2023_5_51_1_0,2023,5,51,62,2,1,4.6306667102,1.3384761843,,,5124.5864954
4386016098,2,2023_5_51_1_0,2023,5,51,92,2,4,0,0,,,1757.1675593
4386016123,2,2023_5_51_1_0,2023,5,51,62,1,1,0,0,,,3219.8310877
4386016125,2,2023_5_51_1_0,2023,5,51,64,1,3,0,0,,,3957.793539
4386016133,2,2023_5_51_1_0,2023,5,51,56,2,1,0,0,,,1371.7005372
4386016137,2,2023_5_51_1_0,2023,5,51,68,2,1,0,0,,,5333.8378507
4386016138,2,2023_5_51_1_0,2023,5,51,-3,-3,-3,0,0,,,1742.4164507
4386016142,2,2023_5_51_1_0,2023,5,51,28,1,1,0,1.005796887,,,4159.9587343
4386016151,2,2023_5_51_1_0,2023,5,51,54,2,-3,0,0,,,6488.1861477
4386016157,2,2023_5_51_1_0,2023,5,51,70,2,1,0,0,,,3222.7751598
4386016161,2,2023_5_51_1_0,2023,5,51,37,1,1,0,0,,,2513.5019193
4386016186,2,2023_5_51_1_0,2023,5,51,30,2,1,0,0,,,10216.384168
4386016201,2,2023_5_51_1_0,2023,5,51,58,2,1,0,0,,,7035.315632
4386016212,2,2023_5_51_1_0,2023,5,51,56,1,2,0,0,,,6693.4141734
4386016213,2,2023_5_51_1_0,2023,5,51,57,2,2,0,0,,,6488.1861477
4386016219,2,2023_5_51_1_0,2023,5,51,28,1,1,0,0,1,1,2513.5019193
4386016220,2,2023_5_51_1_0,2023,5,51,53,2,1,0,0,,,2513.5019193
4386016233,2,2023_5_51_1_0,2023,5,51,32,2,1,0,0,,,2513.5019193
4386016234,2,2023_5_51_1_0,2023,5,51,17,1,1,0,0,,,3961.4123716
4386016236,2,2023_5_51_1_0,2023,5,51,-3,1,1,0,0,,,5873.0667977
4386016247,2,2023_5_51_1_0,2023,5,51,67,2,1,0,0,,,1210.2122085
4386016260,2,2023_5_51_1_0,2023,5,51,64,1,2,1.988406226,2.011593774,,,1272.0301849
4386016261,2,2023_5_51_1_0,2023,5,51,-3,1,2,0.994203113,1.005796887,,,2641.8922967
4386016265,2,2023_5_51_1_0,2023,5,51,63,2,1,0,0,,,3222.7751598
4386016272,2,2023_5_51_1_0,2023,5,51,51,1,1,0,0,,,2513.5019193
4386016273,2,2023_5_51_1_0,2023,5,51,63,2,1,0,0,,,5074.6246133
4386016274,2,2023_5_51_1_0,2023,5,51,21,2,2,0,0,,,2513.5019193
4386016280,2,2023_5_51_1_0,2023,5,51,84,2,1,0,0,,,1210.2122085
4386016288,2,2023_5_51_1_0,2023,5,51,54,1,1,0,0,,,2511.205783
4386016301,2,2023_5_51_1_0,2023,5,51,-3,-3,-3,0,0,1,1,3222.7751598
4386016304,2,2023_5_51_1_0,2023,5,51,59,2,1,0,0,,,2513.5019193
4386016306,2,2023_5_51_1_0,2023,5,51,54,2,1,0,0,,,3957.793539
4386016310,2,2023_5_51_2_1,2023,5,51,-3,-3,-3,0,0,,,649.8145451
4386016314,2,2023_5_51_2_1,2023,5,51,33,1,4,0,0,,,1350.8403913
4386016318,2,2023_5_51_2_1,2023,5,51,13,1,1,0,0,,,798.74743058
4386016320,2,2023_5_51_2_1,2023,5,51,57,2,1,0,0,,,1349.6063705
4386016323,2,2023_5_51_2_1,2023,5,51,49,1,1,0,0,,,507.26577321
4386016325,2,2023_5_51_2_1,2023,5,51,4,2,1,0,0,,,798.74743058
4386016331,2,2023_5_51_2_1,2023,5,51,76,2,4,0,0,,,154.48953988
4386016337,2,2023_5_51_2_1,2023,5,51,42,2,1,0,0,,,2167.1523429
4386016338,2,2023_5_51_2_1,2023,5,51,60,2,4,0,0,,,683.00725289
4386016340,2,2023_5_51_2_1,2023,5,51,47,1,1,0,0,,,854.44723544
4386016343,2,2023_5_51_2_1,2023,5,51,63,2,4,0,0,,,506.80237538
4386016348,2,2023_5_51_2_1,2023,5,51,39,1,1,0,0,,,505.2318085
4386016349,2,2023_5_51_2_1,2023,5,51,55,1,1,0,0,,,532.68998174
4386016354,2,2023_5_51_2_1,2023,5,51,40,1,1,0,0,,,798.74743058
4386016355,2,2023_5_51_2_1,2023,5,51,50,2,4,0,0,1,1,507.26577321
4386016357,2,2023_5_51_2_1,2023,5,51,54,1,1,0.994203113,2.011593774,,,533.17705006
4386016375,2,2023_5_51_2_1,2023,5,51,75,1,1,0,0,,,650.40870698
4386016377,2,2023_5_51_2_1,2023,5,51,25,2,1,0,0,,,629.89045962
4386016379,2,2023_5_51_2_1,2023,5,51,72,2,1,0,0,,,244.24060591
4386016385,2,2023_5_51_2_1,2023,5,51,73,2,1,0,0,,,244.24060591
4386016386,2,2023_5_51_2_1,2023,5,51,61,2,1,0,0,,,507.26577321
4386016388,2,2023_5_51_2_1,2023,5,51,60,2,1,3.9768124521,0,,,337.25054372
4386016390,2,2023_5_51_2_1,2023,5,51,33,1,3,0,0,,,798.74743058
4386016391,2,2023_5_51_2_1,2023,5,51,77,2,1,0,0,,,244.01748704
4386016392,2,2023_5_51_2_1,2023,5,51,37,1,1,0,0,,,256.71648403
4386016393,2,2023_5_51_2_1,2023,5,51,44,2,1,0,0,,,798.74743058
4386016399,2,2023_5_51_2_1,2023,5,51,57,2,1,0,0,,,506.80237538
4386016401,2,2023_5_51_2_1,2023,5,51,43,2,1,0,0,,,507.26577321
4386016404,2,2023_5_51_2_1,2023,5,51,65,2,1,0.994203113,0,,,162.38090857
4386016407,2,2023_5_51_2_1,2023,5,51,80,2,2,0,0,,,411.40309779
4386016408,2,2023_5_51_2_1,2023,5,51,49,2,1,0,0,,,506.80237538
4386016412,2,2023_5_51_2_1,2023,5,51,31,2,1,0,0,,,1009.489885
4386016414,2,2023_5_51_2_1,2023,5,51,64,2,1,0,1.005796887,,,162.23257023
4386016419,2,2023_5_51_2_1,2023,5,51,72,2,1,1.988406226,3.0173906609,,,432.41768251
4386016420,2,2023_5_51_2_1,2023,5,51,46,1,2,0,0,,,532.68998174
4386016422,2,2023_5_51_2_1,2023,5,51,10,2,1,0,0,,,799.47777014
4386016425,2,2023_5_51_2_1,2023,5,51,58,2,1,0,0,,,320.86088064
4386016438,2,2023_5_51_2_1,2023,5,51,59,2,1,0,0,,,244.24060591
4386016445,2,2023_5_51_2_1,2023,5,51,73,2,1,0,0,,,411.40309779
4386016450,2,2023_5_51_2_1,2023,5,51,44,1,1,0,0,,,798.74743058
4386016452,2,2023_5_51_2_1,2023,5,51,70,2,1,0,0,,,411.40309779
4386016455,2,2023_5_51_2_1,2023,5,51,67,1,1,0,0,,,411.02727251
4386016457,2,2023_5_51_2_1,2023,5,51,74,2,1,0,0,,,650.40870698
4386016458,2,2023_5_51_2_1,2023,5,51,13,1,1,0,0,,,5495.648537
4386016459,2,2023_5_51_2_1,2023,5,51,72,2,1,0,0,,,411.40309779
4386016463,2,2023_5_51_2_1,2023,5,51,68,1,1,0,0,,,154.48953988
4386016465,2,2023_5_51_2_1,2023,5,51,73,1,1,0,0,,,154.48953988
4386016469,2,2023_5_51_2_1,2023,5,51,68,2,1,0,0,,,244.24060591
4386016471,2,2023_5_51_2_1,2023,5,51,63,2,1,0,2.011593774,,,256.71648403
4386016474,2,2023_5_51_2_1,2023,5,51,52,1,1,0,0,,,505.2318085
4386016483,2,2023_5_51_2_1,2023,5,51,61,1,1,0,0,,,1707.2476969
4386016485,2,2023_5_51_2_1,2023,5,51,57,2,1,0,4.0231875479,,,2235.7016087
4386016486,2,2023_5_51_2_1,2023,5,51,12,1,1,0,0,,,384.93615242
4386016487,2,2023_5_51_2_1,2023,5,51,72,1,1,0,0,,,244.24060591
4386016491,2,2023_5_51_2_1,2023,5,51,61,2,1,0,0,,,244.24060591
4386016495,2,2023_5_51_2_1,2023,5,51,62,2,1,0,0,,,244.01748704
4386016498,2,2023_5_51_2_1,2023,5,51,58,2,1,9.9420311302,0,,,1.0068889643
4386016501,2,2023_5_51_2_1,2023,5,51,43,1,1,0,0,,,798.74743058
4386016503,2,2023_5_51_2_1,2023,5,51,74,1,2,0,0,,,1024.1421972
4386016507,2,2023_5_51_2_1,2023,5,51,69,2,2,0,0,,,411.40309779
4386016514,2,2023_5_51_2_1,2023,5,51,59,1,1,0,5.0289844349,,,1418.5446394
4386016519,2,2023_5_51_2_1,2023,5,51,67,2,1,0,0,,,154.48953988
4386016529,2,2023_5_51_2_0,2023,5,51,65,2,2,0,0,,,10020.359244
4386016537,2,2023_5_51_2_0,2023,5,51,50,2,3,0,0,,,7815.0633978
4386016540,2,2023_5_51_2_0,2023,5,51,63,2,1,0,0,,,7815.0633978
4386016543,2,2023_5_51_2_0,2023,5,51,85,2,1,0,0,,,14552.08928
4386016550,2,2023_5_51_2_0,2023,5,51,-3,2,2,0,0,,,6850.9820313
4386016555,2,2023_5_51_2_0,2023,5,51,59,2,2,0,0,,,15778.190885
4386016557,2,2023_5_51_2_0,2023,5,51,46,1,1,0,0,,,12305.702727
4386016564,2,2023_5_51_2_0,2023,5,51,57,2,1,0,0,,,7815.0633978
4386016574,2,2023_5_51_2_0,2023,5,51,61,2,4,0,0,,,7815.0633978
4386016579,2,2023_5_51_2_0,2023,5,51,50,1,1,0,0,,,10522.580597
4386016580,2,2023_5_51_2_0,2023,5,51,44,2,3,0,0,,,12305.702727
4386016581,2,2023_5_51_2_0,2023,5,51,10,1,3,0,0,,,31794.164585
4386016584,2,2023_5_51_2_0,2023,5,51,43,2,4,0,0,,,31765.119955
4386016585,2,2023_5_51_2_0,2023,5,51,25,1,1,0,0,,,7815.0633978
4386016592,2,2023_5_51_2_0,2023,5,51,31,2,1,0,0,,,9713.123132
4386016600,2,2023_5_51_2_0,2023,5,51,67,1,1,0,0,,,3759.3944478
4386016602,2,2023_5_51_2_0,2023,5,51,32,2,1,0,0,,,12305.702727
4386016606,2,2023_5_51_2_0,2023,5,51,66,1,2,0,0,,,5925.0050939
4386016610,2,2023_5_51_2_0,2023,5,51,49,2,4,0,0,,,5925.0050939
4386016611,2,2023_5_51_2_0,2023,5,51,66,2,1,0,0,,,10020.359244
4386016614,2,2023_5_51_2_0,2023,5,51,34,2,1,0,0,,,12305.702727
4386016618,2,2023_5_51_2_0,2023,5,51,57,2,1,0,0,,,20792.373356
4386016621,2,2023_5_51_2_0,2023,5,51,82,1,1,0,0,,,10020.359244
4386016630,2,2023_5_51_2_0,2023,5,51,41,1,1,0,0,,,12305.702727
4386016631,2,2023_5_51_2_0,2023,5,51,69,2,1,0,0,,,10011.205437
4386016634,2,2023_5_51_2_0,2023,5,51,50,1,4,0,0,,,20811.384989
4386016644,2,2023_5_51_2_0,2023,5,51,32,2,-3,0,0,,,12305.702727
4386016647,2,2023_5_51_2_0,2023,5,51,-3,1,-3,0,0,,,20792.373356
4386016651,2,2023_5_51_2_0,2023,5,51,59,1,1,0,0,,,12305.702727
4386016658,2,2023_5_51_2_0,2023,5,51,62,1,1,0,0,,,20811.384989
4386016667,2,2023_5_51_2_0,2023,5,51,49,2,4,0,0,,,7807.9241748
4386016670,2,2023_5_51_2_0,2023,5,51,38,2,4,0,0,,,12305.702727
4386016678,2,2023_5_51_2_0,2023,5,51,63,1,1,0,0,,,10011.205437
4386016680,2,2023_5_51_2_0,2023,5,51,41,2,5,0,0,,,7815.0633978
4386016685,2,2023_5_51_2_0,2023,5,51,64,1,3,0,0,,,31765.119955
4386016694,2,2023_5_51_2_0,2023,5,51,30,2,4,0,0,,,20173.283216
4386016697,2,2023_5_51_2_0,2023,5,51,51,1,3,0,0,,,20173.283216
4386016698,2,2023_5_51_2_0,2023,5,51,41,2,5,0,0,,,15778.190885
4386016708,2,2023_5_51_2_0,2023,5,51,36,2,1,0,0,,,20173.283216
4386016715,2,2023_5_51_2_0,2023,5,51,25,1,2,0,0,,,31765.119955
4386016716,2,2023_5_51_2_0,2023,5,51,30,2,3,0,0,,,20173.283216
4386016719,2,2023_5_51_2_0,2023,5,51,46,1,1,0,0,,,12305.702727
4386016720,2,2023_5_51_2_0,2023,5,51,39,2,3,0,0,,,7815.0633978
4386016726,2,2023_5_51_2_0,2023,5,51,69,1,1,0,0,,,9713.123132
4386016728,2,2023_5_51_2_0,2023,5,51,46,1,1,0,0,,,7815.0633978
4386016731,2,2023_5_51_2_0,2023,5,51,23,2,5,0,0,,,20173.283216
4386016754,2,2023_5_51_2_0,2023,5,51,65,2,1,0,0,,,10020.359244
4386016759,2,2023_5_51_2_0,2023,5,51,24,2,1,0,0,,,20792.373356
4386016760,2,2023_5_51_2_0,2023,5,51,65,2,1,0,0,,,10020.359244
4386016763,2,2023_5_51_2_0,2023,5,51,21,2,1,0,0,,,20173.283216
4386016768,2,2023_5_51_2_0,2023,5,51,27,1,1,0,0,,,20173.283216
4386016771,2,2023_5_51_2_0,2023,5,51,42,1,1,0,0,,,12305.702727
4386016783,2,2023_5_51_2_0,2023,5,51,65,1,1,0,0,,,3759.3944478
4386016786,2,2023_5_51_2_0,2023,5,51,46,1,1,0,0,,,12305.702727
4386016788,2,2023_5_51_2_0,2023,5,51,33,1,1,0,0,,,17870.984501
4386016799,2,2023_5_51_2_0,2023,5,51,29,1,1,0,1.005796887,,,8206.7551144
4386016803,2,2023_5_51_2_0,2023,5,51,36,2,1,0,0,,,12305.702727
4386016807,2,2023_5_51_2_0,2023,5,51,35,1,1,0,0,,,12305.702727
4386016820,2,2023_5_51_2_0,2023,5,51,68,2,1,0,0,,,3762.831873
4386016834,2,2023_5_51_2_0,2023,5,51,38,2,1,0,0,,,31765.119955
4386016841,2,2023_5_51_2_0,2023,5,51,44,2,1,0,0,,,20173.283216
4386016842,2,2023_5_51_2_0,2023,5,51,59,1,1,0,0,,,7815.0633978
4386016845,2,2023_5_51_2_0,2023,5,51,83,2,1,0,0,,,3762.831873
4386016855,2,2023_5_51_2_0,2023,5,51,56,2,1,0,0,,,7815.0633978
4386016862,2,2023_5_51_2_0,2023,5,51,59,1,1,0,0,,,7815.0633978
4386016867,2,2023_5_51_2_0,2023,5,51,31,1,1,0,0,,,12305.702727
4386016875,2,2023_5_51_2_0,2023,5,51,67,1,1,0,0,,,3762.831873
4386016887,2,2023_5_51_2_0,2023,5,51,30,2,1,0,0,,,12305.702727
4386016895,2,2023_5_51_2_0,2023,5,51,75,1,1,0,0,,,10020.359244
4386016905,2,2023_5_51_2_0,2023,5,51,19,2,1,0,0,,,7807.9241748
4386016920,2,2023_5_51_2_0,2023,5,51,80,2,1,0,0,,,10532.201982
4386016921,2,2023_5_51_2_0,2023,5,51,39,1,1,0,0,,,12305.702727
4386016929,2,2023_5_51_2_0,2023,5,51,39,2,1,0,0,,,12305.702727
4386016955,2,2023_5_51_2_0,2023,5,51,76,2,1,0,0,,,3762.831873
4386016957,2,2023_5_51_2_0,2023,5,51,-3,-3,-3,0,0,1,1,3762.831873
4386016971,2,2023_5_51_2_0,2023,5,51,68,1,1,0,0,,,10020.359244
4386016987,2,2023_5_51_2_0,2023,5,51,63,2,1,0,0,,,20811.384989
4386016989,2,2023_5_51_2_0,2023,5,51,64,2,1,0,0,,,15778.190885
4386016990,2,2023_5_51_2_0,2023,5,51,75,1,1,0,0,,,3762.831873
4386017006,2,2023_5_51_2_0,2023,5,51,-3,-5,1,0,0,,,14233.521261
4386017010,2,2023_5_51_2_0,2023,5,51,50,1,1,0,0,,,3759.3944478
4386017016,2,2023_5_51_2_0,2023,5,51,73,1,1,0,0,,,3759.3944478
4386017023,2,2023_5_51_2_0,2023,5,51,59,2,1,0,0,,,7815.0633978
4386017024,2,2023_5_51_2_0,2023,5,51,31,2,1,0,0,,,7815.0633978
4386017025,2,2023_5_51_2_0,2023,5,51,66,1,1,0,0,,,3759.3944478
4386017034,2,2023_5_51_2_0,2023,5,51,31,1,1,0,0,,,20811.384989
4386017040,2,2023_5_51_2_0,2023,5,51,39,1,1,0,0,,,12305.702727
4386017042,2,2023_5_51_2_0,2023,5,51,63,2,1,0,0,,,30223.380723
4386017044,2,2023_5_51_2_0,2023,5,51,-3,2,1,0,0,,,23057.584233
4386017055,2,2023_5_51_2_0,2023,5,51,39,2,1,0,0,,,12305.702727
4386017073,2,2023_5_51_2_0,2023,5,51,77,2,1,0,0,,,10020.359244
4386017076,2,2023_5_51_2_0,2023,5,51,68,2,1,0,0,,,3762.831873
4386017085,2,2023_5_51_2_0,2023,5,51,49,1,1,0,0,,,32769.88349
4386017096,2,2023_5_51_2_0,2023,5,51,59,1,1,0,0,,,20811.384989
4385944832,3,2023_5_1_1_1,2023,5,1,-3,-3,-3,0,0,1,1,151.81310985
4385944839,3,2023_5_1_1_1,2023,5,1,17,2,1,0,0,,,674.86422834
4385944862,3,2023_5_1_1_1,2023,5,1,-3,-3,-3,0,0,,,129.05689636
4385944865,3,2023_5_1_1_1,2023,5,1,16,1,4,0,0,,,91.591353102
4385944872,3,2023_5_1_1_1,2023,5,1,20,1,1,0,0,,,151.81310985
4385944883,3,2023_5_1_1_1,2023,5,1,21,1,5,0,0,,,151.81310985
4385944902,3,2023_5_1_1_1,2023,5,1,2,2,1,0,0,,,228.71537338
4385944916,3,2023_5_1_1_1,2023,5,1,16,2,1,0,0,,,226.8070854
4385944921,3,2023_5_1_1_1,2023,5,1,7,1,1,0.9999834114,0,,,228.71537338
4385944928,3,2023_5_1_1_1,2023,5,1,19,1,1,0,0,,,134.0075932
4385944929,3,2023_5_1_1_1,2023,5,1,11,1,1,0,0,,,82.480728049
4385944934,3,2023_5_1_1_1,2023,5,1,12,1,1,0,0,,,251.85965663
4385944938,3,2023_5_1_1_1,2023,5,1,57,2,1,0,0,,,228.71537338
4385944952,3,2023_5_1_1_1,2023,5,1,45,2,1,0,0,,,334.63417317
4385944971,3,2023_5_1_1_1,2023,5,1,27,2,1,0,2.0000331772,,,153.09042061
4385944973,3,2023_5_1_1_1,2023,5,1,23,2,1,1.9999668228,0,,,137.86246105
4385944979,3,2023_5_1_1_1,2023,5,1,39,1,1,3.9999336456,10.000165886,,,55.672905135
4385944989,3,2023_5_1_1_1,2023,5,1,15,2,1,0,0,,,253.97872956
4385944993,3,2023_5_1_1_1,2023,5,1,15,2,1,0,0,,,253.97872956
4385944995,3,2023_5_1_1_1,2023,5,1,21,1,1,0,0,,,151.81310985
4385944997,3,2023_5_1_1_1,2023,5,1,-3,-3,-3,0,0,1,1,151.81310985
4385945010,3,2023_5_1_1_1,2023,5,1,32,1,1,0,3.0000497658,,,253.97872956
4385945014,3,2023_5_1_1_1,2023,5,1,7,1,1,0,0,,,253.97872956
4385945025,3,2023_5_1_1_1,2023,5,1,33,1,1,0,0,,,151.81310985
4385945041,3,2023_5_1_1_1,2023,5,1,4,2,-3,0,0,,,226.8070854
4385945048,3,2023_5_1_1_1,2023,5,1,15,2,1,0,0,,,253.97872956
4385945061,3,2023_5_1_1_1,2023,5,1,45,1,1,0,0,,,50.135101105
4385945065,3,2023_5_1_1_1,2023,5,1,20,1,1,0,0,,,406.78701226
4385945068,3,2023_5_1_1_1,2023,5,1,16,2,1,0,0,,,228.71537338
4385945083,3,2023_5_1_1_1,2023,5,1,-3,-3,-3,0,0,1,1,368.49664588
4385945095,3,2023_5_1_1_1,2023,5,1,21,2,1,0,0,,,137.86246105
4385945119,3,2023_5_1_1_1,2023,5,1,11,2,1,0,0,,,680.54233708
4385945133,3,2023_5_1_1_1,2023,5,1,-3,-3,-3,0,0,1,1,137.86246105
4385945140,3,2023_5_1_1_1,2023,5,1,7,2,1,0,0,,,251.85965663
4385945171,3,2023_5_1_1_1,2023,5,1,18,1,-3,0,0,,,611.34007989
4385945191,3,2023_5_1_1_1,2023,5,1,22,1,5,0,0,,,253.97872956
4385945192,3,2023_5_1_1_1,2023,5,1,21,2,1,0.9999834114,0,,,153.09042061
4385945193,3,2023_5_1_1_1,2023,5,1,-3,-3,-3,0,0,1,1,115.15996605
4385945195,3,2023_5_1_1_1,2023,5,1,22,2,1,0,0,,,137.86246105
4385945200,3,2023_5_1_1_1,2023,5,1,51,1,1,0,0,,,136.71220485
4385945205,3,2023_5_1_1_1,2023,5,1,18,2,1,0,0,1,1,153.09042061
4385945216,3,2023_5_1_1_1,2023,5,1,9,1,1,9.999834114,10.000165886,,,83.174696588
4385945219,3,2023_5_1_1_1,2023,5,1,-3,-3,-3,0,0,1,1,151.81310985
4385945222,3,2023_5_1_1_1,2023,5,1,14,1,1,0,0,,,226.8070854
4385945224,3,2023_5_1_1_1,2023,5,1,-3,-3,-3,0,0,1,1,135.1350936
4385945228,3,2023_5_1_1_1,2023,5,1,54,1,1,0,0,,,135.1350936
4385945232,3,2023_5_1_1_1,2023,5,1,34,1,1,0,0,,,153.09042061
4385945235,3,2023_5_1_1_1,2023,5,1,35,1,1,0,0,,,151.81310985
4385945241,3,2023_5_1_1_1,2023,5,1,13,2,1,0,0,,,253.97872956
4385945247,3,2023_5_1_1_1,2023,5,1,4,1,1,1.9999668228,1.0000165886,,,680.54233708
4385945248,3,2023_5_1_1_1,2023,5,1,17,1,1,0,0,,,616.48371516
4385945249,3,2023_5_1_1_1,2023,5,1,21,1,1,0,0,,,368.49664588
4385945258,3,2023_5_1_1_1,2023,5,1,41,1,2,0,0,,,153.09042061
4385945268,3,2023_5_1_1_1,2023,5,1,23,2,1,9.999834114,0,,,153.09042061
4385945275,3,2023_5_1_1_1,2023,5,1,23,1,1,0,0,,,55.208397944
4385945279,3,2023_5_1_1_1,2023,5,1,9,1,1,0.9999834114,2.0000331772,,,253.97872956
4385945290,3,2023_5_1_1_1,2023,5,1,15,2,1,0,2.0000331772,,,616.48371516
4385945299,3,2023_5_1_1_1,2023,5,1,11,1,1,0,0,,,226.8070854
4385945305,3,2023_5_1_1_1,2023,5,1,62,1,1,0,0,,,151.81310985
4385945311,3,2023_5_1_1_1,2023,5,1,17,1,1,9.999834114,12.000199063,,,253.97872956
4385945323,3,2023_5_1_1_1,2023,5,1,40,1,1,0,3.0000497658,,,137.86246105
4385945336,3,2023_5_1_1_1,2023,5,1,41,1,2,0,0,,,251.85965663
4385945340,3,2023_5_1_1_1,2023,5,1,9,1,1,0,0,,,253.97872956
4385945341,3,2023_5_1_1_1,2023,5,1,20,2,1,0,0,,,550.52986081
4385945346,3,2023_5_1_1_1,2023,5,1,55,2,1,0,0,,,55.208397944
4385945350,3,2023_5_1_1_1,2023,5,1,64,2,1,0,0,,,56.439549569
4385945353,3,2023_5_1_1_1,2023,5,1,8,2,1,0,0,,,253.97872956
4385945354,3,2023_5_1_1_1,2023,5,1,13,2,1,0,0,,,253.97872956
4385945358,3,2023_5_1_1_1,2023,5,1,-3,-3,-3,0,0,1,1,153.09042061
4385945365,3,2023_5_1_1_1,2023,5,1,-3,-3,-3,0,0,1,1,153.09042061
4385945372,3,2023_5_1_1_1,2023,5,1,23,1,1,5.9999004684,0,,,137.86246105
4385945379,3,2023_5_1_1_1,2023,5,1,17,1,2,0,0,,,611.34007989
4385945383,3,2023_5_1_1_1,2023,5,1,9,2,1,0,0,,,251.85965663
4385945385,3,2023_5_1_1_1,2023,5,1,27,1,4,0,0,,,368.49664588
4385945392,3,2023_5_1_1_1,2023,5,1,63,2,1,0,0,,,153.09042061
4385945396,3,2023_5_1_1_1,2023,5,1,26,1,1,0,0,,,55.208397944
4385945398,3,2023_5_1_1_1,2023,5,1,-3,-3,-3,0,0,1,1,137.86246105
4385945402,3,2023_5_1_1_1,2023,5,1,11,1,1,0,0,,,228.71537338
4385945441,3,2023_5_1_1_0,2023,5,1,19,2,1,0,0,,,682.15433653
4385945458,3,2023_5_1_1_0,2023,5,1,16,1,1,0,0,,,682.15433653
4385945496,3,2023_5_1_1_0,2023,5,1,16,1,1,0,0,,,248.07243662
4385945500,3,2023_5_1_1_0,2023,5,1,26,1,2,0,0,,,682.15433653
4385945522,3,2023_5_1_1_0,2023,5,1,13,1,1,0,0,,,687.89378208
4385945543,3,2023_5_1_1_0,2023,5,1,14,1,5,4.6059787401,0,,,1547.7834589
4385945559,3,2023_5_1_1_0,2023,5,1,17,1,1,0,0,,,682.15433653
4385945587,3,2023_5_1_1_0,2023,5,1,6,2,5,0,0,,,248.07243662
4385945607,3,2023_5_1_1_0,2023,5,1,28,2,5,0,0,,,248.07243662
4385945619,3,2023_5_1_1_0,2023,5,1,59,2,1,0,0,,1,462.88697248
4385945622,3,2023_5_1_1_0,2023,5,1,19,1,1,0,0,1,1,998.06212851
4385945640,3,2023_5_1_1_0,2023,5,1,27,2,1,0,0,,,411.18126106
4385945657,3,2023_5_1_1_0,2023,5,1,18,2,1,0,0,,,456.02397255
4385945672,3,2023_5_1_1_0,2023,5,1,-3,-3,-3,0,0,1,1,511.69949922
4385945689,3,2023_5_1_1_0,2023,5,1,28,1,1,9.999834114,9.0001492974,,,169.7499151
4385945706,3,2023_5_1_1_0,2023,5,1,30,2,1,0,0,,,682.15433653
4385945709,3,2023_5_1_1_0,2023,5,1,46,1,1,0,25.000414715,,,100.80288246
4385945720,3,2023_5_1_1_0,2023,5,1,15,1,1,0,0,,,682.15433653
4385945729,3,2023_5_1_1_0,2023,5,1,17,1,1,0.9999834114,0,,,459.86082386
4385945736,3,2023_5_1_1_0,2023,5,1,8,2,1,0,0,,,682.15433653
4385945755,3,2023_5_1_1_0,2023,5,1,18,2,1,0,0,,,411.18126106
4385945758,3,2023_5_1_1_0,2023,5,1,38,2,1,0,0,,,664.71627791
4385945764,3,2023_5_1_1_0,2023,5,1,8,1,1,0,0,,,682.15433653
4385945767,3,2023_5_1_1_0,2023,5,1,2,2,1,0,0,,,682.15433653
4385945786,3,2023_5_1_1_0,2023,5,1,18,1,1,0,0,,,682.15433653
4385945794,3,2023_5_1_1_0,2023,5,1,29,1,1,0,0,,,414.64081901
4385945803,3,2023_5_1_1_0,2023,5,1,13,1,1,0,0,,,456.02397255
4385945812,3,2023_5_1_1_0,2023,5,1,99,2,1,0,0,,,362.95555252
4385945824,3,2023_5_1_1_0,2023,5,1,10,-5,2,0,0,,,1827.8495496
4385945826,3,2023_5_1_1_0,2023,5,1,29,1,2,0,0,,,400.67014569
4385945842,3,2023_5_1_1_0,2023,5,1,-3,-3,-3,0,0,1,1,411.18126106
4385945843,3,2023_5_1_1_0,2023,5,1,9,1,1,0.9999834114,1.0000165886,,,687.89378208
4385945856,3,2023_5_1_1_0,2023,5,1,17,1,2,0,0,,,248.07243662
4385945874,3,2023_5_1_1_0,2023,5,1,22,1,4,0,0,,,998.06212851
4385945903,3,2023_5_1_1_0,2023,5,1,18,2,1,10.999817525,11.000182475,,,777.72828754
4385945905,3,2023_5_1_1_0,2023,5,1,30,1,1,0,0,,,687.89378208
4385945912,3,2023_5_1_1_0,2023,5,1,18,2,1,5.9999004684,6.0000995316,,,277.18969644
4385945939,3,2023_5_1_1_0,2023,5,1,35,1,1,0,0,,,149.53029228
4385945942,3,2023_5_1_1_0,2023,5,1,22,1,1,0,0,,,411.18126106
4385945944,3,2023_5_1_1_0,2023,5,1,13,2,1,0,0,,,682.15433653
4385945955,3,2023_5_1_1_0,2023,5,1,61,2,1,0,0,,,149.53029228
4385945972,3,2023_5_1_1_0,2023,5,1,8,1,1,0,0,,,682.15433653
4385945991,3,2023_5_1_1_0,2023,5,1,7,2,1,0,0,,,682.15433653
4385946000,3,2023_5_1_1_0,2023,5,1,20,2,1,0,0,,,687.89378208
4385946012,3,2023_5_1_1_0,2023,5,1,76,1,1,0,0,,,400.67014569
4385946015,3,2023_5_1_1_0,2023,5,1,-3,1,-3,0,0,,,2028.6523562
4385946049,3,2023_5_1_1_0,2023,5,1,23,2,1,0,0,,,411.18126106
4385946058,3,2023_5_1_1_0,2023,5,1,17,1,1,0,0,,,682.15433653
4385946075,3,2023_5_1_1_0,2023,5,1,21,1,1,19.999668228,40.000663544,,,277.18969644
4385946076,3,2023_5_1_1_0,2023,5,1,24,1,1,0,2.0000331772,,,459.86082386
4385946088,3,2023_5_1_1_0,2023,5,1,10,2,1,0,0,,,248.07243662
4385946092,3,2023_5_1_1_0,2023,5,1,-3,-3,-3,0,0,1,1,277.18969644
4385946119,3,2023_5_1_1_0,2023,5,1,23,1,1,0,0,,,1111.0404108
4385946123,3,2023_5_1_1_0,2023,5,1,27,2,1,0,0,,,411.18126106
4385946136,3,2023_5_1_1_0,2023,5,1,2,1,1,0,0,,,682.15433653
4385946161,3,2023_5_1_1_0,2023,5,1,14,2,1,0,0,,,456.02397255
4385946212,3,2023_5_1_1_0,2023,5,1,23,1,1,2.9999502342,0,,,414.64081901
4385946226,3,2023_5_1_1_0,2023,5,1,20,2,5,0,0,,,274.87696268
4385946250,3,2023_5_1_1_0,2023,5,1,13,2,1,0,0,,,687.89378208
4385946273,3,2023_5_1_1_0,2023,5,1,-3,-3,-3,0,0,1,1,411.18126106
4385946274,3,2023_5_1_1_0,2023,5,1,18,2,1,0,0,,,998.06212851
4385946288,3,2023_5_1_1_0,2023,5,1,55,1,-3,0,0,,,998.06212851
4385946290,3,2023_5_1_1_0,2023,5,1,23,1,1,0,0,,,274.87696268
4385946395,3,2023_5_1_1_0,2023,5,1,43,2,1,0,0,,,682.15433653
4385946415,3,2023_5_1_1_0,2023,5,1,19,1,1,3.9999336456,4.0000663544,,,150.78839609
4385946429,3,2023_5_1_1_0,2023,5,1,6,2,1,0,0,,,682.15433653
4385946440,3,2023_5_1_1_0,2023,5,1,3,1,1,0,0,,,682.15433653
4385946458,3,2023_5_1_1_0,2023,5,1,13,2,1,0,0,,,248.07243662
4385946470,3,2023_5_1_1_0,2023,5,1,7,2,1,0,0,,,687.89378208
4385946499,3,2023_5_1_1_0,2023,5,1,62,2,2,0,0,,,362.95555252
4385946523,3,2023_5_1_1_0,2023,5,1,19,1,1,0,0,,,682.15433653
4385946541,3,2023_5_1_1_0,2023,5,1,13,1,-3,0,2.0000331772,,,250.15964499
4385946546,3,2023_5_1_1_0,2023,5,1,18,2,1,0,0,,,277.18969644
4385946559,3,2023_5_1_1_0,2023,5,1,30,1,2,0,0,,,149.53029228
4385946577,3,2023_5_1_1_0,2023,5,1,20,2,1,0,0,,,682.15433653
4385946604,3,2023_5_1_1_0,2023,5,1,25,1,1,0,0,,,149.53029228
4385946616,3,2023_5_1_1_0,2023,5,1,7,2,1,0,0,,,682.15433653
4385946643,3,2023_5_1_1_0,2023,5,1,1,2,1,0,0,,,682.15433653
4385946646,3,2023_5_1_1_0,2023,5,1,53,2,1,0,0,,,248.07243662
4385946681,3,2023_5_1_1_0,2023,5,1,28,1,1,0,0,1,1,411.18126106
4385946693,3,2023_5_1_1_0,2023,5,1,36,1,1,0,0,,,149.53029228
4385946711,3,2023_5_1_1_0,2023,5,1,-3,1,1,0,0,,,362.95555252
4385946801,3,2023_5_1_1_0,2023,5,1,8,1,1,0,0,,,459.86082386
4385946885,3,2023_5_1_1_0,2023,5,1,18,1,3,0,0,,,682.15433653
4385946898,3,2023_5_1_1_0,2023,5,1,22,2,1,0,0,,,414.64081901
4385946910,3,2023_5_1_1_0,2023,5,1,16,1,2,0,0,,,248.07243662
4385946918,3,2023_5_1_1_0,2023,5,1,23,2,1,0,0,,,411.18126106
4385946919,3,2023_5_1_1_0,2023,5,1,37,2,2,0,0,,,682.15433653
4385946946,3,2023_5_1_1_0,2023,5,1,2,2,1,0,0,,,664.71627791
4385946973,3,2023_5_1_1_0,2023,5,1,6,2,1,0,0,,,682.15433653
4385946976,3,2023_5_1_1_0,2023,5,1,0,1,1,0,0,,,682.15433653
4385946980,3,2023_5_1_1_0,2023,5,1,53,1,2,0,0,1,,1240.3171817
4385947030,3,2023_5_1_1_0,2023,5,1,23,2,1,0,0,,,411.18126106
4385947036,3,2023_5_1_1_0,2023,5,1,50,1,1,0,4.2054433015,,,1590.4564027
4385947109,3,2023_5_1_1_0,2023,5,1,-3,2,2,0,0,,,2028.6523562
4385947125,3,2023_5_1_1_0,2023,5,1,73,2,1,0,0,,,149.53029228
4385947127,3,2023_5_1_1_0,2023,5,1,42,2,1,0,0,,,149.53029228
4385947142,3,2023_5_1_1_0,2023,5,1,19,1,1,0,0,,,411.18126106
4385947161,3,2023_5_1_1_0,2023,5,1,20,2,1,0,0,,,411.18126106
4385947162,3,2023_5_1_1_0,2023,5,1,48,2,1,0,0,,,362.95555252
4385947169,3,2023_5_1_1_0,2023,5,1,0,1,1,0,0,,,682.15433653
4385947170,3,2023_5_1_1_0,2023,5,1,64,1,2,0,0,,,362.95555252
4385947267,3,2023_5_1_1_0,2023,5,1,14,2,2,0,0,,,1827.8495496
4385947270,3,2023_5_1_1_0,2023,5,1,-3,-3,-3,0,0,1,1,366.00935357
4385947274,3,2023_5_1_1_0,2023,5,1,12,1,2,0,0,,,682.15433653
4385947295,3,2023_5_1_1_0,2023,5,1,45,1,1,0,0,,,411.18126106
4385947301,3,2023_5_1_1_0,2023,5,1,22,1,2,0,0,,,998.06212851
4385947307,3,2023_5_1_1_0,2023,5,1,70,1,2,0,0,,,362.95555252
4385947310,3,2023_5_1_1_0,2023,5,1,27,1,2,0,0,,,411.18126106
4385947326,3,2023_5_1_1_0,2023,5,1,0,1,2,0,0,1,,308.7167476
4385947367,3,2023_5_1_1_0,2023,5,1,18,2,5,0,0,,,149.53029228
4385947386,3,2023_5_1_1_0,2023,5,1,20,1,2,0,0,,,998.06212851
4385947433,3,2023_5_1_1_0,2023,5,1,55,2,1,0,0,,,1101.770439
4385947454,3,2023_5_1_1_0,2023,5,1,74,2,1,0,0,,,149.53029228
4385947495,3,2023_5_1_1_0,2023,5,1,8,1,1,0,3.0000497658,,,687.89378208
4385947509,3,2023_5_1_1_0,2023,5,1,80,1,1,0,0,,,186.08478286
4385947526,3,2023_5_1_1_0,2023,5,1,17,1,4,0,0,,,1655.7962961
4385947560,3,2023_5_1_1_0,2023,5,1,23,2,2,0,3.0000497658,,,366.00935357
4385947562,3,2023_5_1_1_0,2023,5,1,-3,1,-3,0,0,,1,835.76343621
4385947571,3,2023_5_1_1_0,2023,5,1,25,1,-3,0,0,,,150.78839609
4385947574,3,2023_5_1_1_0,2023,5,1,12,2,1,0,0,,,456.02397255
4385947583,3,2023_5_1_1_0,2023,5,1,15,1,1,0,0,,,682.15433653
4385947606,3,2023_5_1_1_0,2023,5,1,34,1,1,0,0,,,149.53029228
4385947615,3,2023_5_1_1_0,2023,5,1,16,1,2,0,0,,,682.15433653
4385957620,3,2023_5_1_1_0,2023,5,1,72,1,1,0,0,,,362.95555252
4385957625,3,2023_5_1_1_0,2023,5,1,10,1,1,0,0,,,682.15433653
4385957637,3,2023_5_1_1_0,2023,5,1,34,2,1,0,0,,,682.15433653
4385957643,3,2023_5_1_1_0,2023,5,1,29,1,1,0,0,,,411.18126106
4385957647,3,2023_5_1_1_0,2023,5,1,10,2,1,0,0,,,682.15433653
4385957668,3,2023_5_1_1_0,2023,5,1,12,1,1,0,0,,,682.15433653
4385957673,3,2023_5_1_1_0,2023,5,1,-3,1,-3,0,0,,,998.06212851
4385957684,3,2023_5_1_2_1,2023,5,1,23,1,1,0,0,,,941.75443036
4385957686,3,2023_5_1_2_1,2023,5,1,13,1,1,0,0,,,353.73384714
4385957689,3,2023_5_1_2_1,2023,5,1,17,1,1,0,0,,,6125.1924161
4385957690,3,2023_5_1_2_1,2023,5,1,16,2,1,0,0,,,972.70410647
4385957694,3,2023_5_1_2_1,2023,5,1,4,2,1,0,1.0000165886,,,949.6780746
4385957708,3,2023_5_1_2_1,2023,5,1,22,1,1,0,0,,,567.66006393
4385957715,3,2023_5_1_2_1,2023,5,1,13,1,1,0,1.0000165886,,,2305.1578715
4385957717,3,2023_5_1_2_1,2023,5,1,9,2,1,0,0,,,972.70410647
4385957726,3,2023_5_1_2_1,2023,5,1,17,1,1,2.9999502342,0,,,949.6780746
4385957730,3,2023_5_1_2_1,2023,5,1,12,1,1,0,1.0000165886,,,949.6780746
4385957750,3,2023_5_1_2_1,2023,5,1,89,2,1,0,0,,,517.54909043
4385957756,3,2023_5_1_2_1,2023,5,1,9,1,5,0,0,,,941.75443036
4385957758,3,2023_5_1_2_1,2023,5,1,3,1,1,0,0,,,941.75443036
4385957761,3,2023_5_1_2_1,2023,5,1,22,1,1,0,0,,,1389.4769406
4385957771,3,2023_5_1_2_1,2023,5,1,21,2,1,0,0,,,567.66006393
4385957798,3,2023_5_1_2_0,2023,5,1,50,1,1,0,0,,,985.05636454
4385957803,3,2023_5_1_2_0,2023,5,1,23,2,1,0,0,,,1602.5616949
4385957846,3,2023_5_1_2_0,2023,5,1,3,2,1,0,0,,,4493.8083149
4385957869,3,2023_5_1_2_0,2023,5,1,13,2,5,0,0,,,12041.271402
4385957870,3,2023_5_1_2_0,2023,5,1,7,1,2,0,0,,,4493.8083149
4385957876,3,2023_5_1_2_0,2023,5,1,18,1,1,0,0,,,2658.6678753
4385957899,3,2023_5_1_2_0,2023,5,1,11,1,1,0,0,,,4493.8083149
4385957922,3,2023_5_1_2_0,2023,5,1,4,1,1,0,0,,,4493.8083149
4385957937,3,2023_5_1_2_0,2023,5,1,18,2,1,0,0,,,2681.0371233
4385957961,3,2023_5_1_2_0,2023,5,1,21,1,1,0,0,,,2708.7268539
4385957989,3,2023_5_1_2_0,2023,5,1,66,1,2,0,0,,,6288.4269498
4385958011,3,2023_5_1_2_0,2023,5,1,5,1,1,0,0,,,4493.8083149
4385958035,3,2023_5_1_2_0,2023,5,1,95,2,1,0,0,,,582.78803372
4385958039,3,2023_5_1_2_0,2023,5,1,15,2,1,0,0,,,4493.8083149
4385958042,3,2023_5_1_2_0,2023,5,1,20,1,2,0,0,,,2391.0317541
4385958043,3,2023_5_1_2_0,2023,5,1,40,2,1,0,0,,,4493.8083149
4385958068,3,2023_5_1_2_0,2023,5,1,21,1,2,0,0,,,2708.7268539
4385958074,3,2023_5_1_2_0,2023,5,1,13,1,1,0,0,,,4493.8083149
4385958075,3,2023_5_1_2_0,2023,5,1,11,1,1,0,0,,,966.85190238
4385958091,3,2023_5_1_2_0,2023,5,1,15,1,1,0,0,,,4493.8083149
4385958113,3,2023_5_1_2_0,2023,5,1,21,2,1,0,0,,,2708.7268539
4385958115,3,2023_5_1_2_0,2023,5,1,20,1,2,0,0,,,7258.1011287
4385958117,3,2023_5_1_2_0,2023,5,1,21,1,1,0,0,,,4493.8083149
4385958136,3,2023_5_1_2_0,2023,5,1,17,1,1,0,0,,,4493.8083149
4385958148,3,2023_5_1_2_0,2023,5,1,73,1,1,0,0,,,2691.7020657
4385958166,3,2023_5_1_2_0,2023,5,1,28,1,4,0,0,,,7319.1686526
4385958182,3,2023_5_1_2_0,2023,5,1,-3,-3,-3,0,0,1,1,2639.4830844
4385958191,3,2023_5_1_2_0,2023,5,1,51,-5,2,0,0,,,1548.5365511
4385958197,3,2023_5_1_2_0,2023,5,1,14,2,2,0,0,,,12041.271402
4385958232,3,2023_5_1_2_0,2023,5,1,9,1,2,0,0,,,10999.616541
4385958242,3,2023_5_1_2_0,2023,5,1,20,1,-3,0,0,,,7258.1011287
4385958247,3,2023_5_1_2_0,2023,5,1,13,2,1,0,0,,,4493.8083149
4385958285,3,2023_5_1_2_0,2023,5,1,44,2,1,0,0,,,4493.8083149
4385958292,3,2023_5_1_2_0,2023,5,1,24,1,1,0,0,,,2391.0317541
4385958342,3,2023_5_1_2_0,2023,5,1,22,2,1,0,1.0000165886,,,2731.5172834
4385958362,3,2023_5_1_2_0,2023,5,1,51,2,1,0,0,,,1634.2195874
4385958365,3,2023_5_1_2_0,2023,5,1,6,1,4,0,0,,,4493.8083149
4385958366,3,2023_5_1_2_0,2023,5,1,1,2,2,0,0,1,1,4493.8083149
4385958373,3,2023_5_1_2_0,2023,5,1,-3,1,1,0,0,,,3421.7156399
4385958414,3,2023_5_1_2_0,2023,5,1,3,1,1,0,0,,,4493.8083149
4385958429,3,2023_5_1_2_0,2023,5,1,12,2,2,0,0,,,12041.271402
4385958456,3,2023_5_1_2_0,2023,5,1,6,1,2,0,0,,,4493.8083149
4385958462,3,2023_5_1_2_0,2023,5,1,-3,2,-3,0,0,,,2054.7427877
4385958487,3,2023_5_1_2_0,2023,5,1,14,1,1,0,0,,,7123.9668476
4385958507,3,2023_5_1_2_0,2023,5,1,10,1,1,0,0,,,3966.7485713
4385958511,3,2023_5_1_2_0,2023,5,1,10,2,1,0,0,,,4493.8083149
4385958512,3,2023_5_1_2_0,2023,5,1,65,1,2,0,0,,,2391.0317541
4385958519,3,2023_5_1_2_0,2023,5,1,-3,-3,-3,0,0,1,1,985.05636454
4385958537,3,2023_5_1_2_0,2023,5,1,9,2,1,0,0,,,4493.8083149
4385958548,3,2023_5_1_2_0,2023,5,1,13,1,1,0,0,,,2658.6678753
4385958602,3,2023_5_1_2_0,2023,5,1,94,1,1,0,0,,,2391.0317541
4385958608,3,2023_5_1_2_0,2023,5,1,43,1,1,0,0,,,582.78803372
4385958611,3,2023_5_1_2_0,2023,5,1,22,2,1,0,0,,,2391.0317541
4385958625,3,2023_5_1_2_0,2023,5,1,0,1,1,0,0,,,4493.8083149
4385958629,3,2023_5_1_2_0,2023,5,1,14,1,3,0,0,,,4493.8083149
4385958642,3,2023_5_1_2_0,2023,5,1,-3,-3,-3,0,0,1,1,1602.5616949
4385958671,3,2023_5_1_2_0,2023,5,1,65,2,1,0,0,,,985.05636454
4385958685,3,2023_5_1_2_0,2023,5,1,14,2,1,0,0,,,2346.8439811
4385958735,3,2023_5_1_2_0,2023,5,1,7,1,1,0,0,,,4493.8083149
4385958749,3,2023_5_1_2_0,2023,5,1,17,1,1,0,0,,,4493.8083149
4385958772,3,2023_5_1_2_0,2023,5,1,11,2,1,0,0,,,12041.271402
4385958776,3,2023_5_1_2_0,2023,5,1,7,2,1,0,0,,,4493.8083149
4385958787,3,2023_5_1_2_0,2023,5,1,7,2,1,0,0,,,4493.8083149
4385958812,3,2023_5_1_2_0,2023,5,1,9,1,1,0,0,,,4493.8083149
4385958823,3,2023_5_1_2_0,2023,5,1,35,1,1,0,0,,,985.05636454
4385958831,3,2023_5_1_2_0,2023,5,1,23,1,1,0,0,,,2708.7268539
4385958841,3,2023_5_1_2_0,2023,5,1,12,1,3,0,0,,,4493.8083149
4385958847,3,2023_5_1_2_0,2023,5,1,17,1,1,0,0,,,4493.8083149
4385958859,3,2023_5_1_2_0,2023,5,1,20,2,1,0,0,,,6574.9049031
4385958876,3,2023_5_1_2_0,2023,5,1,5,2,1,0,0,,,4493.8083149
4385958889,3,2023_5_1_2_0,2023,5,1,15,1,1,0,0,,,10907.84118
4385958890,3,2023_5_1_2_0,2023,5,1,12,2,5,0,0,,,4493.8083149
4385958896,3,2023_5_1_2_0,2023,5,1,2,1,1,0,0,,,4493.8083149
4385958905,3,2023_5_1_2_0,2023,5,1,17,1,1,0,0,,,4493.8083149
4385958913,3,2023_5_1_2_0,2023,5,1,8,1,-3,0,0,,,2658.6678753
4385958919,3,2023_5_1_2_0,2023,5,1,4,1,1,0,0,,,4493.8083149
4385958960,3,2023_5_1_2_0,2023,5,1,5,1,3,0,0,,,4493.8083149
4385958976,3,2023_5_1_2_0,2023,5,1,22,1,1,0,0,,,6574.9049031
4385958982,3,2023_5_1_2_0,2023,5,1,27,2,1,0,0,,,2708.7268539
4385958986,3,2023_5_1_2_0,2023,5,1,-3,-3,-3,0,0,1,1,2639.4830844
4385959031,3,2023_5_1_2_0,2023,5,1,3,2,5,0,0,,,4493.8083149
4385959091,3,2023_5_1_2_0,2023,5,1,24,2,1,0,0,,,4493.8083149
4385959099,3,2023_5_1_2_0,2023,5,1,73,2,1,0,0,,,1108.9264066
4385959121,3,2023_5_1_2_0,2023,5,1,15,1,1,0,0,,,4493.8083149
4385959133,3,2023_5_1_2_0,2023,5,1,13,2,1,0,0,,,12041.271402
4385959142,3,2023_5_1_2_0,2023,5,1,79,1,1,0,0,,,3966.7485713
4385959144,3,2023_5_1_2_0,2023,5,1,7,1,1,0,0,,,4493.8083149
4385959148,3,2023_5_1_2_0,2023,5,1,-3,-3,-3,0,0,,,3649.3084971
4385959149,3,2023_5_1_2_0,2023,5,1,-3,-3,-3,0,0,,,7258.1011287
4385959152,3,2023_5_1_2_0,2023,5,1,18,1,1,0,0,,,2708.7268539
4385959182,3,2023_5_1_2_0,2023,5,1,13,2,3,0,0,,,4493.8083149
4385959188,3,2023_5_1_2_0,2023,5,1,3,1,1,0,0,,,12041.271402
4385959202,3,2023_5_1_2_0,2023,5,1,-3,-3,-3,0,0,1,1,2649.0116848
4385959219,3,2023_5_1_2_0,2023,5,1,18,2,1,0,0,,,4493.8083149
4385959253,3,2023_5_1_2_0,2023,5,1,9,2,2,0,0,,,4493.8083149
4385959266,3,2023_5_1_2_0,2023,5,1,68,2,1,0,0,,,1634.2195874
4385959353,3,2023_5_1_2_0,2023,5,1,13,2,1,0,0,,,10907.84118
4385959368,3,2023_5_1_2_0,2023,5,1,27,2,1,0,0,,,6574.9049031
4385959426,3,2023_5_1_2_0,2023,5,1,3,2,1,0,0,,,4493.8083149
4385959442,3,2023_5_1_2_0,2023,5,1,53,1,2,0,0,,,1.0007758839
4385959462,3,2023_5_1_2_0,2023,5,1,11,1,1,0,0,,,4493.8083149
4385959478,3,2023_5_1_2_0,2023,5,1,53,2,1,0,0,,,1634.2195874
4385959521,3,2023_5_1_2_0,2023,5,1,14,1,2,0,0,1,1,12041.271402
4385959540,3,2023_5_1_2_0,2023,5,1,16,1,1,0,0,,,4493.8083149
4385959548,3,2023_5_1_2_0,2023,5,1,19,2,1,0,0,,,2708.7268539
4385959555,3,2023_5_1_2_0,2023,5,1,74,2,1,0,0,1,1,1634.2195874
4385959562,3,2023_5_1_2_0,2023,5,1,14,2,2,0,0,,,4493.8083149
4385959581,3,2023_5_1_2_0,2023,5,1,29,2,1,0,0,,,3966.7485713
4385959596,3,2023_5_1_2_0,2023,5,1,23,2,1,0,0,,,1602.5616949
4385959630,3,2023_5_1_2_0,2023,5,1,15,2,1,0,0,,,2658.6678753
4385959676,3,2023_5_1_2_0,2023,5,1,32,1,1,0,0,,,4493.8083149
4385959716,3,2023_5_1_2_0,2023,5,1,15,2,1,0,0,,,4493.8083149
4385959755,3,2023_5_1_2_0,2023,5,1,66,2,4,0,0,,,985.05636454
4385959762,3,2023_5_1_2_0,2023,5,1,28,2,1,0,0,,,4330.233336
4385959773,3,2023_5_1_2_0,2023,5,1,3,2,1,0,0,,,4493.8083149
4385959799,3,2023_5_1_2_0,2023,5,1,8,1,1,0,0,,,4493.8083149
4385959806,3,2023_5_1_2_0,2023,5,1,5,2,3,0,0,,,4493.8083149
4385959810,3,2023_5_1_2_0,2023,5,1,55,1,1,0,0,,,985.05636454
4385959817,3,2023_5_1_2_0,2023,5,1,65,2,2,0,0,,,993.34433849
4385959825,3,2023_5_1_2_0,2023,5,1,15,1,2,0,0,,,4493.8083149
4385959861,3,2023_5_1_2_0,2023,5,1,14,1,1,0,0,,,4493.8083149
4385959873,3,2023_5_1_2_0,2023,5,1,21,1,1,0,0,,,1602.5616949
4385959880,3,2023_5_1_2_0,2023,5,1,32,1,1,0,0,,,985.05636454
4385959883,3,2023_5_1_2_0,2023,5,1,4,1,1,0,0,,,4493.8083149
4385959904,3,2023_5_9_1_1,2023,5,9,9,1,1,0,0,,,379.62749625
4385959915,3,2023_5_9_1_1,2023,5,9,43,1,1,0,0,,,214.34223904
4385959942,3,2023_5_9_1_1,2023,5,9,-3,-3,-3,0,0,1,1,440.42045202
4385959957,3,2023_5_9_1_1,2023,5,9,40,2,1,0,0,,,214.34223904
4385959963,3,2023_5_9_1_1,2023,5,9,13,1,1,1.0000204448,2.9999386657,,,379.62749625
4385959986,3,2023_5_9_1_1,2023,5,9,35,1,1,0,0,,,214.34223904
4385959989,3,2023_5_9_1_1,2023,5,9,39,1,1,0,0,,,69.243417649
4385960001,3,2023_5_9_1_1,2023,5,9,19,1,1,0,0,,,142.27815029
4385960007,3,2023_5_9_1_1,2023,5,9,76,2,1,0,0,,,166.29601434
4385960010,3,2023_5_9_1_1,2023,5,9,3,2,1,0,0,,,379.62749625
4385960027,3,2023_5_9_1_1,2023,5,9,36,2,3,0,0,,,2085.277246
4385960030,3,2023_5_9_1_1,2023,5,9,21,1,1,0,0,,,142.27815029
4385960044,3,2023_5_9_1_1,2023,5,9,65,1,1,0,0,,,69.243417649
4385960057,3,2023_5_9_1_1,2023,5,9,26,2,1,0,0,,,184.75574232
4385960069,3,2023_5_9_1_1,2023,5,9,25,1,-3,0,0,,,429.16603427
4385960071,3,2023_5_9_1_1,2023,5,9,11,2,5,0,0,,,379.62749625
4385960092,3,2023_5_9_1_1,2023,5,9,27,2,1,15.000306671,15.999672884,,,440.42045202
4385960133,3,2023_5_9_1_1,2023,5,9,20,1,1,0,0,,,142.27815029
4385960134,3,2023_5_9_1_1,2023,5,9,20,1,1,0,0,,,330.49554378
4385960138,3,2023_5_9_1_1,2023,5,9,15,1,1,1.0000204448,0.9999795552,,,379.62749625
4385960144,3,2023_5_9_1_1,2023,5,9,0,2,1,0,0,,,379.62749625
4385960148,3,2023_5_9_1_1,2023,5,9,-3,-3,-3,0,0,1,1,189.60076299
4385960149,3,2023_5_9_1_1,2023,5,9,21,1,1,0,0.9999795552,,,92.274216322
4385960150,3,2023_5_9_1_1,2023,5,9,17,1,1,1.0000204448,0.9999795552,,,379.62749625
4385960153,3,2023_5_9_1_1,2023,5,9,21,2,1,0,0,,,330.49554378
4385960163,3,2023_5_9_1_1,2023,5,9,60,2,1,4.000081779,1.9999591105,,,440.42045202
4385960167,3,2023_5_9_1_1,2023,5,9,62,1,1,0,0,,,142.27815029
4385960170,3,2023_5_9_1_1,2023,5,9,9,2,1,0,0,,,379.62749625
4385960175,3,2023_5_9_1_1,2023,5,9,15,1,1,0,0,,,379.62749625
4385960185,3,2023_5_9_1_1,2023,5,9,47,2,3,0,0,,,92.274216322
4385960189,3,2023_5_9_1_1,2023,5,9,14,1,1,0,0,,,379.62749625
4385960190,3,2023_5_9_1_1,2023,5,9,-3,-3,-3,0,0,1,1,448.35170615
4385960191,3,2023_5_9_1_1,2023,5,9,73,2,1,0,0,,,69.243417649
4385960193,3,2023_5_9_1_1,2023,5,9,27,1,1,0,0,,,448.35170615
4385960211,3,2023_5_9_1_1,2023,5,9,10,2,1,0,0,,,284.87595258
4385960232,3,2023_5_9_1_1,2023,5,9,-3,-3,-3,0,0,,,225.91922931
4385960241,3,2023_5_9_1_1,2023,5,9,10,2,3,0,0,,,897.71071045
4385960243,3,2023_5_9_1_1,2023,5,9,15,1,1,0,0,,,379.62749625
4385960249,3,2023_5_9_1_1,2023,5,9,64,-3,-3,0,0,,,184.75574232
4385960267,3,2023_5_9_1_1,2023,5,9,57,1,1,0,0,,,189.60076299
4385960282,3,2023_5_9_1_1,2023,5,9,40,2,1,0,0,,,214.34223904
4385960289,3,2023_5_9_1_1,2023,5,9,31,1,1,0,0,,,92.274216322
4385960295,3,2023_5_9_1_1,2023,5,9,17,2,1,0,0,,,379.62749625
4385960296,3,2023_5_9_1_1,2023,5,9,-3,-3,-3,0,0,1,1,189.60076299
4385960302,3,2023_5_9_1_1,2023,5,9,0,1,3,0,0,,,379.62749625
4385960317,3,2023_5_9_1_1,2023,5,9,18,1,-3,0,0,,,142.27815029
4385960321,3,2023_5_9_1_1,2023,5,9,7,2,1,0,0,,,379.62749625
4385960322,3,2023_5_9_1_1,2023,5,9,96,1,1,0,0,,,214.34223904
4385960323,3,2023_5_9_1_1,2023,5,9,90,1,1,0,0,,,214.34223904
4385960334,3,2023_5_9_1_1,2023,5,9,20,1,1,0,0,,,440.42045202
4385960340,3,2023_5_9_1_1,2023,5,9,24,1,1,0,0,,,142.27815029
4385960343,3,2023_5_9_1_1,2023,5,9,37,1,1,0,0,,,214.34223904
4385960346,3,2023_5_9_1_1,2023,5,9,40,2,1,0,0,,,429.16603427
4385960348,3,2023_5_9_1_1,2023,5,9,38,1,1,0,0,,,214.34223904
4385960350,3,2023_5_9_1_1,2023,5,9,30,1,1,0,0,,,189.60076299
4385960354,3,2023_5_9_1_1,2023,5,9,15,2,1,0,0,,,284.87595258
4385960355,3,2023_5_9_1_1,2023,5,9,8,1,1,0,0,,,284.87595258
4385960356,3,2023_5_9_1_1,2023,5,9,80,2,1,0,0,,,160.84438069
4385960372,3,2023_5_9_1_1,2023,5,9,26,1,5,0,0,,,189.60076299
4385960375,3,2023_5_9_1_1,2023,5,9,7,2,1,0,0,,,322.05012555
4385960376,3,2023_5_9_1_1,2023,5,9,10,2,3,0,0,,,379.62749625
4385960384,3,2023_5_9_1_1,2023,5,9,4,1,1,0,0,,,379.62749625
4385960388,3,2023_5_9_1_1,2023,5,9,27,1,1,0,0,,,189.60076299
4385960389,3,2023_5_9_1_1,2023,5,9,80,2,1,0,0,,,214.34223904
4385960398,3,2023_5_9_1_1,2023,5,9,26,2,1,0,0,,,189.60076299
4385960410,3,2023_5_9_1_1,2023,5,9,11,2,1,0,0,,,284.87595258
4385960417,3,2023_5_9_1_1,2023,5,9,12,2,1,0,0,,,379.62749625
4385960423,3,2023_5_9_1_1,2023,5,9,56,1,1,0,9.9997955524,,,379.62749625
4385960439,3,2023_5_9_1_0,2023,5,9,31,1,1,0,0,,,621.06726801
4385960440,3,2023_5_9_1_0,2023,5,9,31,1,1,0,0,,,2964.3245731
4385960443,3,2023_5_9_1_0,2023,5,9,50,2,1,0,0,,,1442.6668047
4385960444,3,2023_5_9_1_0,2023,5,9,14,1,1,0,0,,,2555.1472703
4385960496,3,2023_5_9_1_0,2023,5,9,2,2,2,0,0,,,2555.1472703
4385960549,3,2023_5_9_1_0,2023,5,9,19,2,1,0,0,,,1276.1401026
4385960555,3,2023_5_9_1_0,2023,5,9,-3,-3,-3,0,0,,,1276.1401026
4385960585,3,2023_5_9_1_0,2023,5,9,54,2,1,0,0,,,621.06726801
4385960595,3,2023_5_9_1_0,2023,5,9,58,2,1,0,0,,,3017.7072247
4385960599,3,2023_5_9_1_0,2023,5,9,21,2,2,0,0,,,3017.7072247
4385960609,3,2023_5_9_1_0,2023,5,9,1,1,4,0,0,,,6042.1942404
4385960620,3,2023_5_9_1_0,2023,5,9,5,2,3,0,0,,,2555.1472703
4385960662,3,2023_5_9_1_0,2023,5,9,14,1,1,0,0,,,2555.1472703
4385960664,3,2023_5_9_1_0,2023,5,9,41,1,1,0,0,,,1442.6668047
4385960692,3,2023_5_9_1_0,2023,5,9,20,1,1,0,0,,,1276.1401026
4385960718,3,2023_5_9_1_0,2023,5,9,1,1,5,0,0,,,2555.1472703
4385960725,3,2023_5_9_1_0,2023,5,9,29,1,1,0,0,,,2964.3245731
4385960726,3,2023_5_9_1_0,2023,5,9,10,1,1,0,0,,,2555.1472703
4385960737,3,2023_5_9_1_0,2023,5,9,10,2,1,0,0,,,2555.1472703
4385960743,3,2023_5_9_1_0,2023,5,9,12,2,5,0,0,,,2555.1472703
4385960749,3,2023_5_9_1_0,2023,5,9,25,2,1,0,0,,,1276.1401026
4385960755,3,2023_5_9_1_0,2023,5,9,8,1,1,0,0,,,2555.1472703
4385960771,3,2023_5_9_1_0,2023,5,9,21,1,1,0,0,,,2964.3245731
4385960780,3,2023_5_9_1_0,2023,5,9,19,1,1,0,0,,,1276.1401026
4385960787,3,2023_5_9_1_0,2023,5,9,-3,1,-3,0,0,,,2707.9999536
4385960790,3,2023_5_9_1_0,2023,5,9,12,1,1,0,0,,,2555.1472703
4385960802,3,2023_5_9_1_0,2023,5,9,51,1,1,0,0,,,1442.6668047
4385960817,3,2023_5_9_1_0,2023,5,9,25,1,2,0,0,,,621.06726801
4385960819,3,2023_5_9_1_0,2023,5,9,30,2,1,0,0,,,1442.6668047
4385960843,3,2023_5_9_1_0,2023,5,9,0,1,1,0,0,,,2555.1472703
4385960859,3,2023_5_9_1_0,2023,5,9,22,1,4,0,0,,,3017.7072247
4385960867,3,2023_5_9_1_0,2023,5,9,37,2,3,0,0,,,2555.1472703
4385960877,3,2023_5_9_1_0,2023,5,9,56,2,3,0,0,,,621.06726801
4385960907,3,2023_5_9_1_0,2023,5,9,6,1,1,0,0,,,2555.1472703
4385960910,3,2023_5_9_1_0,2023,5,9,14,1,5,0,0,,,1243.529869
4385960912,3,2023_5_9_1_0,2023,5,9,11,2,4,0,0,,,6042.1942404
4385960923,3,2023_5_9_1_0,2023,5,9,52,2,1,0,0,,,1442.6668047
4385960925,3,2023_5_9_1_0,2023,5,9,12,1,4,0,0,,,3206.5435423
4385960981,3,2023_5_9_1_0,2023,5,9,17,1,1,0,0,,,5935.3090041
4385960994,3,2023_5_9_1_0,2023,5,9,39,2,2,0,0,,,3017.7072247
4385961024,3,2023_5_9_1_0,2023,5,9,13,2,3,0,0,,,2555.1472703
4385961047,3,2023_5_9_1_0,2023,5,9,19,1,2,0,0,,,1442.6668047
4385961076,3,2023_5_9_1_0,2023,5,9,14,1,1,0,0,,,1780.6394396
4385961083,3,2023_5_9_1_0,2023,5,9,3,2,1,0,0,,,2555.1472703
4385961093,3,2023_5_9_1_0,2023,5,9,39,1,1,0,0,,,1276.1401026
4385961095,3,2023_5_9_1_0,2023,5,9,11,2,1,0,0,,,5935.3090041
4385961115,3,2023_5_9_1_0,2023,5,9,45,1,1,0,0,,,5935.3090041
4385961126,3,2023_5_9_1_0,2023,5,9,10,2,1,0,0,,,2555.1472703
4385961145,3,2023_5_9_1_0,2023,5,9,25,2,1,0,0,,,2964.3245731
4385961146,3,2023_5_9_1_0,2023,5,9,1,2,5,0,0,,,6042.1942404
4385961153,3,2023_5_9_1_0,2023,5,9,74,1,1,0,0,,,621.06726801
4385961171,3,2023_5_9_1_0,2023,5,9,6,1,3,0,0,,,2555.1472703
4385961178,3,2023_5_9_1_0,2023,5,9,15,1,1,0,0,,,6042.1942404
4385961179,3,2023_5_9_1_0,2023,5,9,40,1,1,0,0,,,621.06726801
4385961189,3,2023_5_9_1_0,2023,5,9,13,1,1,0,0,,,1243.529869
4385961201,3,2023_5_9_1_0,2023,5,9,5,1,1,0,0,,,2555.1472703
4385961208,3,2023_5_9_1_0,2023,5,9,8,2,1,0,0,,,2555.1472703
4385961210,3,2023_5_9_1_0,2023,5,9,51,2,1,0,0,,,1575.1006329
4385961222,3,2023_5_9_1_0,2023,5,9,7,1,1,0,0,,,2555.1472703
4385961243,3,2023_5_9_1_0,2023,5,9,32,1,1,0,0,,,1810.4529551
4385961254,3,2023_5_9_1_0,2023,5,9,4,2,1,0,0,,,2555.1472703
4385961262,3,2023_5_9_1_0,2023,5,9,42,2,1,0,0,,,1468.6468813
4385961266,3,2023_5_9_1_0,2023,5,9,23,2,1,0,0,,,2964.3245731
4385961271,3,2023_5_9_1_0,2023,5,9,56,2,1,0,0,,,621.06726801
4385961274,3,2023_5_9_1_0,2023,5,9,5,2,1,0,0,,,1976.6487911
4385961278,3,2023_5_9_1_0,2023,5,9,14,1,1,12.706126841,11.293873159,,,1128.2416345
4385961282,3,2023_5_9_1_0,2023,5,9,17,1,1,0,0,,,2555.1472703
4385961285,3,2023_5_9_1_0,2023,5,9,27,1,1,0,0,,,2964.3245731
4385961299,3,2023_5_9_1_0,2023,5,9,25,2,1,0,1.9999591105,,,2964.3245731
4385961305,3,2023_5_9_1_0,2023,5,9,13,1,1,0,0,,,2555.1472703
4385961343,3,2023_5_9_1_0,2023,5,9,20,1,1,0,0,,,1276.1401026
4385961345,3,2023_5_9_1_0,2023,5,9,91,2,1,0,0,,,1442.6668047
4385961350,3,2023_5_9_1_0,2023,5,9,56,2,1,0,0,,,1442.6668047
4385961351,3,2023_5_9_1_0,2023,5,9,19,1,1,0,0,,,2964.3245731
4385961352,3,2023_5_9_1_0,2023,5,9,60,1,2,0,0,,,1442.6668047
4385961354,3,2023_5_9_1_0,2023,5,9,3,1,1,0,0,,,5935.3090041
4385961359,3,2023_5_9_1_0,2023,5,9,5,2,1,0,0,,,2555.1472703
4385961360,3,2023_5_9_1_0,2023,5,9,21,1,3,0,0,,,786.66662644
4385961371,3,2023_5_9_1_0,2023,5,9,33,2,1,0,0,,,6042.1942404
4385961388,3,2023_5_9_1_0,2023,5,9,23,1,4,0,0,,,1276.1401026
4385961464,3,2023_5_9_1_0,2023,5,9,42,1,1,0,0,1,1,2555.1472703
4385961467,3,2023_5_9_1_0,2023,5,9,50,2,1,0,0,,,1832.646182
4385961469,3,2023_5_9_1_0,2023,5,9,4,2,1,0,0,,,6042.1942404
4385961479,3,2023_5_9_1_0,2023,5,9,18,2,2,0,0,,,5935.3090041
4385961481,3,2023_5_9_1_0,2023,5,9,7,2,1,0,0,,,2555.1472703
4385961490,3,2023_5_9_1_0,2023,5,9,51,2,1,0,0,,,5935.3090041
4385961501,3,2023_5_9_1_0,2023,5,9,30,1,3,0,0,,,1442.6668047
4385961503,3,2023_5_9_1_0,2023,5,9,23,2,1,0,0,1,1,1442.6668047
4385961510,3,2023_5_9_1_0,2023,5,9,6,2,1,0,0,,,2555.1472703
4385961516,3,2023_5_9_1_0,2023,5,9,7,2,1,0,0,,,2555.1472703
4385961527,3,2023_5_9_1_0,2023,5,9,2,1,1,0,0,,,2555.1472703
4385961530,3,2023_5_9_1_0,2023,5,9,2,2,1,0,0,,,2555.1472703
4385961551,3,2023_5_9_1_0,2023,5,9,17,2,5,0,0,,,2555.1472703
4385961562,3,2023_5_9_1_0,2023,5,9,-3,2,1,0,0,,,1165.7924945
4385961575,3,2023_5_9_1_0,2023,5,9,18,2,3,0,0,,,2555.1472703
4385961580,3,2023_5_9_1_0,2023,5,9,16,1,1,0,0,,,5935.3090041
4385961599,3,2023_5_9_1_0,2023,5,9,18,2,5,0,0,,,1276.1401026
4385961609,3,2023_5_9_1_0,2023,5,9,14,1,1,0,0,,,2555.1472703
4385961616,3,2023_5_9_1_0,2023,5,9,1,1,3,0,0,,,2555.1472703
4385961624,3,2023_5_9_1_0,2023,5,9,16,1,1,0,0,,,2555.1472703
4385961626,3,2023_5_9_1_0,2023,5,9,20,2,1,0,0,,,3669.4097145
4385961627,3,2023_5_9_1_0,2023,5,9,15,1,1,0,0,,,6042.1942404
4385961654,3,2023_5_9_1_0,2023,5,9,18,1,1,3.0000613343,9.9997955524,,,2555.1472703
4385961658,3,2023_5_9_1_0,2023,5,9,14,1,1,0,0,,,5935.3090041
4385961675,3,2023_5_9_1_0,2023,5,9,-3,-3,2,0,0,,,2964.3245731
4385961690,3,2023_5_9_1_0,2023,5,9,5,2,5,0,0,,,14035.312288
4385961691,3,2023_5_9_1_0,2023,5,9,24,2,4,0,0,,,3017.7072247
4385961711,3,2023_5_9_1_0,2023,5,9,29,1,1,0,0,,,1276.1401026
4385961740,3,2023_5_9_1_0,2023,5,9,-3,1,1,0,0,,,3398.3637126
4385961762,3,2023_5_9_1_0,2023,5,9,78,2,1,0,0,,,1442.6668047
4385961765,3,2023_5_9_1_0,2023,5,9,21,1,1,0,0,,,2964.3245731
4385961779,3,2023_5_9_1_0,2023,5,9,10,1,3,0,0,,,2555.1472703
4385961790,3,2023_5_9_1_0,2023,5,9,11,2,2,0,0,,,2888.574805
4385961800,3,2023_5_9_1_0,2023,5,9,40,1,1,0,4.9998977762,,,1243.529869
4385961802,3,2023_5_9_1_0,2023,5,9,31,2,2,0,0,,,1276.1401026
4385961810,3,2023_5_9_1_0,2023,5,9,9,2,1,0,0,,,2555.1472703
4385961857,3,2023_5_9_1_0,2023,5,9,-3,-3,-3,0,0,1,1,621.06726801
4385961939,3,2023_5_9_1_0,2023,5,9,16,2,1,0,0,,,2555.1472703
4385961973,3,2023_5_9_1_0,2023,5,9,18,1,2,0,0,,,1442.6668047
4385961989,3,2023_5_9_1_0,2023,5,9,24,1,1,0,0,,,2964.3245731
4385961999,3,2023_5_9_1_0,2023,5,9,3,1,3,0,0,,,6042.1942404
4385962024,3,2023_5_9_1_0,2023,5,9,0,2,3,0,0,,,6042.1942404
4385962045,3,2023_5_9_1_0,2023,5,9,19,1,1,0,0,,,1276.1401026
4385962049,3,2023_5_9_1_0,2023,5,9,23,1,1,0,0,,,1276.1401026
4385962067,3,2023_5_9_1_0,2023,5,9,26,1,4,0,0,,,3017.7072247
4385962092,3,2023_5_9_1_0,2023,5,9,2,1,1,0,0,,,6042.1942404
4385962106,3,2023_5_9_1_0,2023,5,9,15,1,1,0,0,,,3658.7750058
4385962121,3,2023_5_9_1_0,2023,5,9,22,1,1,0,0,,,1276.1401026
4385962145,3,2023_5_9_1_0,2023,5,9,-3,-3,-3,0,0,1,1,987.21542209
4385962151,3,2023_5_9_1_0,2023,5,9,17,1,1,0,1.9999591105,,,2555.1472703
4385962162,3,2023_5_9_1_0,2023,5,9,52,2,1,0,0,,,5935.3090041
4385962165,3,2023_5_9_1_0,2023,5,9,21,1,1,0,0,,,5935.3090041
4385962176,3,2023_5_9_1_0,2023,5,9,87,2,2,0,0,,,1442.6668047
4385962177,3,2023_5_9_1_0,2023,5,9,0,1,1,0,0,,,6042.1942404
4385962197,3,2023_5_9_1_0,2023,5,9,16,2,1,0,0,,,5935.3090041
4385962238,3,2023_5_9_1_0,2023,5,9,57,2,1,0,0,,,889.32071491
4385962249,3,2023_5_9_1_0,2023,5,9,19,2,1,0,0,,,2555.1472703
4385962250,3,2023_5_9_1_0,2023,5,9,17,2,1,0,0,,,2555.1472703
4385962262,3,2023_5_9_1_0,2023,5,9,5,2,1,0,0,,,2555.1472703
4385962288,3,2023_5_9_1_0,2023,5,9,15,1,1,0,0,,,5935.3090041
4385962295,3,2023_5_9_1_0,2023,5,9,50,2,4,0,0,,,5935.3090041
4385962307,3,2023_5_9_1_0,2023,5,9,83,2,1,0,0,,,891.90564202
4385962314,3,2023_5_9_1_0,2023,5,9,9,1,1,0,0,,,5935.3090041
4385962359,3,2023_5_9_1_0,2023,5,9,18,2,4,0,0,,,3206.5435423
4385962369,3,2023_5_9_1_0,2023,5,9,-3,-3,-3,0,0,1,1,1442.6668047
4385962370,3,2023_5_9_1_0,2023,5,9,30,2,1,0,0,,,3017.7072247
4385962384,3,2023_5_9_1_0,2023,5,9,5,1,4,0,0,,,2555.1472703
4385962391,3,2023_5_9_1_0,2023,5,9,10,1,3,0,0,,,2555.1472703
4385962396,3,2023_5_9_1_0,2023,5,9,17,1,1,0,0,,,2555.1472703
4385962398,3,2023_5_9_1_0,2023,5,9,19,2,1,0,0,,,2555.1472703
4385962420,3,2023_5_9_1_0,2023,5,9,5,2,1,0,0,,,5935.3090041
4385962425,3,2023_5_9_1_0,2023,5,9,13,2,1,0,0,,,2555.1472703
4385962470,3,2023_5_9_1_0,2023,5,9,-3,-3,-3,0,0,,,1614.7010912
4385962481,3,2023_5_9_1_0,2023,5,9,11,2,3,0,0,,,5935.3090041
4385962492,3,2023_5_9_1_0,2023,5,9,26,1,4,0,0,,,1276.1401026
4385962506,3,2023_5_10_1_1,2023,5,10,-3,-3,-3,0,0,1,1,182.66831641
4385962509,3,2023_5_10_1_1,2023,5,10,19,2,2,0,0,,,124.59657265
4385962510,3,2023_5_10_1_1,2023,5,10,-3,-3,-3,0,0,,,76.940205656
4385962523,3,2023_5_10_1_1,2023,5,10,28,2,4,0,2.000328745,,,124.59657265
4385962530,3,2023_5_10_1_1,2023,5,10,-3,-3,-3,0,0,1,1,95.291784089
4385962531,3,2023_5_10_1_1,2023,5,10,26,1,1,0,0,,,95.291784089
4385962537,3,2023_5_10_1_1,2023,5,10,40,2,1,0,0,,,95.291784089
4385962541,3,2023_5_10_1_1,2023,5,10,6,1,1,1.999671255,0,,,85.471678741
4385962547,3,2023_5_10_1_1,2023,5,10,16,2,5,0,0,,,181.3604443
4385962557,3,2023_5_10_1_1,2023,5,10,14,1,1,0,2.000328745,,,163.84379624
4385962564,3,2023_5_10_1_1,2023,5,10,12,1,1,0,0,,,181.3604443
4385962571,3,2023_5_10_1_1,2023,5,10,23,2,3,0,0,,,432.28563568
4385962578,3,2023_5_10_1_1,2023,5,10,-3,2,-3,0,0,,,76.940205656
4385962580,3,2023_5_10_1_1,2023,5,10,9,2,4,0,0,,,181.3604443
4385962581,3,2023_5_10_1_1,2023,5,10,5,1,1,0,0,,,181.3604443
4385962586,3,2023_5_10_1_1,2023,5,10,28,2,1,0,0,,,95.291784089
4385962592,3,2023_5_10_1_1,2023,5,10,32,1,1,0,0,,,163.84379624
4385962605,3,2023_5_10_1_1,2023,5,10,25,1,1,1.999671255,0,,,182.66831641
4385962607,3,2023_5_10_1_1,2023,5,10,12,2,1,0,0,,,181.3604443
4385962610,3,2023_5_10_1_1,2023,5,10,20,1,1,0.9998356275,1.0001643725,,,95.291784089
4385962616,3,2023_5_10_1_1,2023,5,10,42,2,1,0,0,,,347.65648834
4385962619,3,2023_5_10_1_1,2023,5,10,7,1,1,3.99934251,0,,,181.3604443
4385962622,3,2023_5_10_1_1,2023,5,10,25,2,1,0.9998356275,1.0001643725,,,182.66831641
4385962624,3,2023_5_10_1_1,2023,5,10,23,1,1,1.999671255,0,,,95.291784089
4385962625,3,2023_5_10_1_1,2023,5,10,49,2,1,2.9995068825,0,,,95.291784089
4385962631,3,2023_5_10_1_1,2023,5,10,23,2,1,0,0,,,182.66831641
4385962633,3,2023_5_10_1_1,2023,5,10,56,1,1,0,0,,,95.291784089
4385962641,3,2023_5_10_1_1,2023,5,10,45,2,1,0,0,,,95.291784089
4385962652,3,2023_5_10_1_1,2023,5,10,14,2,5,0,0,,,163.84379624
4385962654,3,2023_5_10_1_1,2023,5,10,19,1,1,0.9998356275,0,,,95.291784089
4385962658,3,2023_5_10_1_1,2023,5,10,28,1,1,0,1.0001643725,,,95.291784089
4385962676,3,2023_5_10_1_1,2023,5,10,28,1,1,0,0,,,95.291784089
4385962704,3,2023_5_10_1_1,2023,5,10,17,2,2,0,0,,,181.3604443
4385962724,3,2023_5_10_1_1,2023,5,10,24,1,3,0,0,,,95.291784089
4385962729,3,2023_5_10_1_1,2023,5,10,9,2,1,0,0,,,347.65648834
4385962731,3,2023_5_10_1_1,2023,5,10,-3,-3,-3,0,0,1,1,86.088053632
4385962737,3,2023_5_10_1_1,2023,5,10,9,2,5,0,0,,,181.3604443
4385962738,3,2023_5_10_1_1,2023,5,10,79,2,1,0,0,,,44.909179549
4385962760,3,2023_5_10_1_1,2023,5,10,65,2,1,0,0,,,163.84379624
4385962763,3,2023_5_10_1_1,2023,5,10,24,2,2,0,0,,1,95.291784089
4385962769,3,2023_5_10_1_1,2023,5,10,0,1,1,0,0,,,181.3604443
4385962770,3,2023_5_10_1_1,2023,5,10,12,1,1,1.999671255,2.000328745,,,347.65648834
4385962784,3,2023_5_10_1_1,2023,5,10,15,2,1,0,0,,,181.3604443
4385962813,3,2023_5_10_1_1,2023,5,10,20,1,1,0.9998356275,0,,,95.291784089
4385962832,3,2023_5_10_1_1,2023,5,10,18,1,1,0,1.0001643725,,,182.66831641
4385962837,3,2023_5_10_1_1,2023,5,10,8,2,1,0,0,,,181.3604443
4385962843,3,2023_5_10_1_1,2023,5,10,48,2,1,0,0,,,44.909179549
4385962876,3,2023_5_10_1_1,2023,5,10,56,2,4,0,0,,,86.088053632
4385962882,3,2023_5_10_1_1,2023,5,10,50,2,1,0,0,,,44.909179549
4385962888,3,2023_5_10_1_1,2023,5,10,14,1,1,0,0,,,347.65648834
4385962894,3,2023_5_10_1_1,2023,5,10,67,2,3,1.999671255,11.001808098,,,86.088053632
4385962902,3,2023_5_10_1_1,2023,5,10,-3,-3,-3,0,0,1,1,44.909179549
4385962929,3,2023_5_10_1_1,2023,5,10,21,1,1,0,0,,,44.909179549
4385962935,3,2023_5_10_1_1,2023,5,10,3,1,1,0,0,,,347.65648834
4385962937,3,2023_5_10_1_1,2023,5,10,9,1,2,0,0,,,181.3604443
4385962944,3,2023_5_10_1_1,2023,5,10,17,1,1,5.999013765,5.0008218625,,,181.3604443
4385962949,3,2023_5_10_1_1,2023,5,10,-3,-3,-3,0,0,,,182.66831641
4385962951,3,2023_5_10_1_1,2023,5,10,50,2,1,0,0,,,86.088053632
4385962959,3,2023_5_10_1_1,2023,5,10,24,1,3,0,0,,,95.291784089
4385962965,3,2023_5_10_1_1,2023,5,10,43,1,1,0,0,,,85.471678741
4385962985,3,2023_5_10_1_1,2023,5,10,27,1,1,0,0,,,95.291784089
4385962986,3,2023_5_10_1_1,2023,5,10,22,2,1,0,0,,,181.3604443
4385962987,3,2023_5_10_1_1,2023,5,10,7,1,1,0,0,,,181.3604443
4385962988,3,2023_5_10_1_1,2023,5,10,78,1,1,0,0,,,44.909179549
4385962991,3,2023_5_10_1_1,2023,5,10,17,2,1,0,0,,,181.3604443
4385963002,3,2023_5_10_1_1,2023,5,10,18,2,1,0,0,,,181.3604443
4385963017,3,2023_5_10_1_1,2023,5,10,19,2,1,0,0,,,95.291784089
4385963018,3,2023_5_10_1_1,2023,5,10,33,1,1,0,0,,,44.909179549
4385963082,3,2023_5_10_1_1,2023,5,10,7,2,1,1.999671255,0,,,181.3604443
4385963085,3,2023_5_10_1_1,2023,5,10,21,1,1,0,0,,,181.3604443
4385963089,3,2023_5_10_1_1,2023,5,10,12,1,1,0,0,,,181.3604443
4385963090,3,2023_5_10_1_1,2023,5,10,44,1,1,0,0,,,86.088053632
4385963100,3,2023_5_10_1_1,2023,5,10,18,1,1,0.9998356275,0,,,181.3604443
4385963101,3,2023_5_10_1_1,2023,5,10,22,2,1,0,0,,,95.291784089
4385963124,3,2023_5_10_1_1,2023,5,10,9,2,1,0,0,,,432.28563568
4385963131,3,2023_5_10_1_1,2023,5,10,15,2,1,0,0,,,347.65648834
4385963135,3,2023_5_10_1_1,2023,5,10,2,2,3,0,0,,,85.471678741
4385963160,3,2023_5_10_1_1,2023,5,10,34,1,1,0,0,,,95.291784089
4385963167,3,2023_5_10_1_1,2023,5,10,15,1,1,0,0,,,347.65648834
4385963175,3,2023_5_10_1_1,2023,5,10,4,2,1,0,0,,,181.3604443
4385963186,3,2023_5_10_1_1,2023,5,10,11,2,1,0,0,,,181.3604443
4385963197,3,2023_5_10_1_1,2023,5,10,18,2,1,0,0,,,182.66831641
4385963220,3,2023_5_10_1_1,2023,5,10,15,1,1,8.6245880395,11.37541196,,,159.45818543
4385963224,3,2023_5_10_1_1,2023,5,10,13,1,1,0,6.000986235,,,181.3604443
4385963228,3,2023_5_10_1_1,2023,5,10,45,1,1,0,0,,,44.909179549
4385963252,3,2023_5_10_1_1,2023,5,10,21,1,1,1.999671255,0,,,95.291784089
4385963255,3,2023_5_10_1_1,2023,5,10,8,2,1,0,0,,,181.3604443
4385963266,3,2023_5_10_1_1,2023,5,10,9,2,1,0,0,,,181.3604443
4385963268,3,2023_5_10_1_1,2023,5,10,24,1,1,0,0,,,95.291784089
4385963275,3,2023_5_10_1_1,2023,5,10,29,2,2,0,0,,,203.72788079
4385963292,3,2023_5_10_1_1,2023,5,10,10,1,1,0,2.000328745,,,163.84379624
4385963296,3,2023_5_10_1_1,2023,5,10,4,1,1,0,0,,,181.3604443
4385963300,3,2023_5_10_1_1,2023,5,10,38,2,1,0,0,,,44.909179549
4385963312,3,2023_5_10_1_1,2023,5,10,65,2,1,0,0,,,107.0442527
4385963317,3,2023_5_10_1_1,2023,5,10,27,2,1,0,0,,,227.1348067
4385963319,3,2023_5_10_1_1,2023,5,10,6,2,1,0,0,,,181.3604443
4385963326,3,2023_5_10_1_1,2023,5,10,61,2,1,0,0,,,95.291784089
4385963332,3,2023_5_10_1_1,2023,5,10,19,2,1,0,0,,,95.291784089
4385963336,3,2023_5_10_1_1,2023,5,10,7,2,1,0,0,,,181.3604443
4385963358,3,2023_5_10_1_1,2023,5,10,44,2,1,0,0,,,44.909179549
4385963364,3,2023_5_10_1_1,2023,5,10,18,2,1,0,0,,,95.291784089
4385963370,3,2023_5_10_1_1,2023,5,10,87,2,1,0,0,,,44.909179549
4385963372,3,2023_5_10_1_1,2023,5,10,49,1,1,0,0,,,85.471678741
4385963392,3,2023_5_10_1_1,2023,5,10,16,1,1,1.999671255,0,,,181.3604443
4385963398,3,2023_5_10_1_1,2023,5,10,-3,-3,-3,0,0,1,1,182.66831641
4385963399,3,2023_5_10_1_1,2023,5,10,3,2,1,0,0,,,181.3604443
4385963400,3,2023_5_10_1_1,2023,5,10,59,2,1,0,0,,,103.51074012
4385963401,3,2023_5_10_1_1,2023,5,10,20,2,1,0,0,,,227.1348067
4385963409,3,2023_5_10_1_1,2023,5,10,19,2,3,0,0,,,181.3604443
4385963420,3,2023_5_10_1_1,2023,5,10,3,1,1,0,0,,,181.3604443
4385963439,3,2023_5_10_1_1,2023,5,10,16,1,1,0,0,,,181.3604443
4385963447,3,2023_5_10_1_1,2023,5,10,90,2,1,0,0,,,86.088053632
4385963449,3,2023_5_10_1_1,2023,5,10,23,1,1,0,4.00065749,,,44.909179549
4385963487,3,2023_5_10_1_1,2023,5,10,8,1,1,1.999671255,0,,,181.3604443
4385963503,3,2023_5_10_1_1,2023,5,10,37,2,4,0,0,,,227.1348067
4385963512,3,2023_5_10_1_1,2023,5,10,11,2,2,0,0,,,347.65648834
4385963530,3,2023_5_10_1_1,2023,5,10,10,1,1,0,1.0001643725,,,181.3604443
4385963541,3,2023_5_10_1_1,2023,5,10,13,1,1,2.9995068825,0,,,181.3604443
4385963550,3,2023_5_10_1_1,2023,5,10,22,2,1,0,2.000328745,,,86.088053632
4385963553,3,2023_5_10_1_1,2023,5,10,19,1,1,0,0,,,181.3604443
4385963571,3,2023_5_10_1_1,2023,5,10,25,1,3,0,0,,,95.291784089
4385963580,3,2023_5_10_1_1,2023,5,10,20,2,5,0,2.000328745,,,95.291784089
4385963583,3,2023_5_10_1_1,2023,5,10,-3,-3,-3,0,0,1,1,44.909179549
4385963585,3,2023_5_10_1_1,2023,5,10,65,2,1,0,0,,,85.471678741
4385963591,3,2023_5_10_1_0,2023,5,10,11,2,1,0,0,,,1449.0635555
4385963610,3,2023_5_10_1_0,2023,5,10,40,2,2,0,0,,,358.82276117
4385963615,3,2023_5_10_1_0,2023,5,10,45,2,3,0,0,,,358.82276117
4385963617,3,2023_5_10_1_0,2023,5,10,52,1,2,0,0,,,761.37799503
4385963618,3,2023_5_10_1_0,2023,5,10,62,1,1,0,0,,,687.84051319
4385963623,3,2023_5_10_1_0,2023,5,10,24,1,1,0,0,,,3453.9469874
4385963666,3,2023_5_10_1_0,2023,5,10,33,1,1,0,0,,,687.84051319
4385963668,3,2023_5_10_1_0,2023,5,10,44,1,2,0,0,,,682.91569954
4385963693,3,2023_5_10_1_0,2023,5,10,11,2,1,0,0,,,2777.763084
4385963712,3,2023_5_10_1_0,2023,5,10,27,1,1,0,0,,,1459.5134075
4385963718,3,2023_5_10_1_0,2023,5,10,0,1,4,0,0,,,1449.0635555
4385963736,3,2023_5_10_1_0,2023,5,10,22,2,3,0,0,,,4516.1286553
4385963746,3,2023_5_10_1_0,2023,5,10,-3,-3,-3,0,0,1,1,761.37799503
4385963750,3,2023_5_10_1_0,2023,5,10,89,2,1,0,0,,,687.84051319
4385963752,3,2023_5_10_1_0,2023,5,10,26,1,1,0,0,,,1459.5134075
4385963777,3,2023_5_10_1_0,2023,5,10,30,2,4,0,0,,,358.82276117
4385963787,3,2023_5_10_1_0,2023,5,10,19,1,5,0,0,,,358.82276117
4385963790,3,2023_5_10_1_0,2023,5,10,54,2,1,0,0,,,358.82276117
4385963792,3,2023_5_10_1_0,2023,5,10,37,2,-3,0,0,,,682.91569954
4385963799,3,2023_5_10_1_0,2023,5,10,15,1,1,0,0,,,1449.0635555
4385963801,3,2023_5_10_1_0,2023,5,10,19,2,1,0,0,,,761.37799503
4385963806,3,2023_5_10_1_0,2023,5,10,18,1,2,0,0,,,1449.0635555
4385963814,3,2023_5_10_1_0,2023,5,10,30,1,1,0,0,1,1,1459.5134075
4385963841,3,2023_5_10_1_0,2023,5,10,16,1,-3,0,0,,,2777.763084
4385963854,3,2023_5_10_1_0,2023,5,10,20,1,1,0,0,,,1814.7990971
4385963860,3,2023_5_10_1_0,2023,5,10,30,2,1,0,0,,,855.27980483
4385963870,3,2023_5_10_1_0,2023,5,10,21,1,1,0,0,,,761.37799503
4385963871,3,2023_5_10_1_0,2023,5,10,17,1,1,0,0,,,1245.9675108
4385963884,3,2023_5_10_1_0,2023,5,10,91,2,1,0,0,,,687.84051319
4385963885,3,2023_5_10_1_0,2023,5,10,18,2,1,0,0,,,3453.9469874
4385963908,3,2023_5_10_1_0,2023,5,10,-3,-3,-3,0,0,1,1,761.37799503
4385963921,3,2023_5_10_1_0,2023,5,10,9,2,1,0,0,,,2777.763084
4385963966,3,2023_5_10_1_0,2023,5,10,12,1,1,0,0,1,1,2777.763084
4385963988,3,2023_5_10_1_0,2023,5,10,-3,-3,-3,0,0,1,1,614.7495304
4385964006,3,2023_5_10_1_0,2023,5,10,14,2,2,0,0,,,1245.9675108
4385964014,3,2023_5_10_1_0,2023,5,10,17,1,2,0,0,,,1449.0635555
4385964017,3,2023_5_10_1_0,2023,5,10,12,1,2,0,0,,,1449.0635555
4385964038,3,2023_5_10_1_0,2023,5,10,20,2,1,0,0,,,1449.0635555
4385964041,3,2023_5_10_1_0,2023,5,10,4,1,1,0,0,,,1449.0635555
4385964045,3,2023_5_10_1_0,2023,5,10,1,2,1,0,0,,,1449.0635555
4385964059,3,2023_5_10_1_0,2023,5,10,43,1,2,0,0,,,358.82276117
4385964118,3,2023_5_10_1_0,2023,5,10,14,1,1,0,2.000328745,,,1449.0635555
4385964119,3,2023_5_10_1_0,2023,5,10,8,1,2,0,0,,,6620.9976775
4385964129,3,2023_5_10_1_0,2023,5,10,22,1,1,0,0,,,1459.5134075
4385964131,3,2023_5_10_1_0,2023,5,10,2,1,1,0,0,,,1449.0635555
4385964147,3,2023_5_10_1_0,2023,5,10,11,1,1,0,0,,,1309.1061551
4385964156,3,2023_5_10_1_0,2023,5,10,10,2,1,0,0,,,1449.0635555
4385964179,3,2023_5_10_1_0,2023,5,10,22,1,1,0,0,,,1449.0635555
4385964191,3,2023_5_10_1_0,2023,5,10,85,2,1,0,0,,,1639.5172312
4385964192,3,2023_5_10_1_0,2023,5,10,13,2,5,0,0,,,1449.0635555
4385964200,3,2023_5_10_1_0,2023,5,10,28,1,3,0,0,,,1459.5134075
4385964201,3,2023_5_10_1_0,2023,5,10,13,2,1,0,0,,,1449.0635555
4385964214,3,2023_5_10_1_0,2023,5,10,46,1,1,0,0,,,761.37799503
4385964274,3,2023_5_10_1_0,2023,5,10,4,1,1,0,0,,,2777.763084
4385964275,3,2023_5_10_1_0,2023,5,10,35,1,1,0,0,,,687.84051319
4385964281,3,2023_5_10_1_0,2023,5,10,13,2,1,0.9998356275,0,,,1449.0635555
4385964304,3,2023_5_10_1_0,2023,5,10,23,1,1,0,0,,,1459.5134075
4385964330,3,2023_5_10_1_0,2023,5,10,35,1,1,0,2.000328745,,,687.84051319
4385964348,3,2023_5_10_1_0,2023,5,10,15,2,3,0,0,,,1449.0635555
4385964359,3,2023_5_10_1_0,2023,5,10,40,1,1,0,0,,,687.84051319
4385964380,3,2023_5_10_1_0,2023,5,10,40,1,3,0,0,,,687.84051319
4385964381,3,2023_5_10_1_0,2023,5,10,59,1,1,0,0,,,687.84051319
4385964413,3,2023_5_10_1_0,2023,5,10,29,1,2,0,0,,,358.82276117
4385964456,3,2023_5_10_1_0,2023,5,10,9,1,1,0,0,,,1449.0635555
4385964469,3,2023_5_10_1_0,2023,5,10,14,2,1,0,0,,,1449.0635555
4385964482,3,2023_5_10_1_0,2023,5,10,18,1,1,0,0,,,1459.5134075
4385964495,3,2023_5_10_1_0,2023,5,10,-3,-3,-3,0,0,1,1,687.84051319
4385964505,3,2023_5_10_1_0,2023,5,10,13,1,1,0,0,,,1449.0635555
4385964533,3,2023_5_10_1_0,2023,5,10,22,1,4,0,0,,,1449.0635555
4385964554,3,2023_5_10_1_0,2023,5,10,57,1,1,0,0,,,469.17041859
4385964561,3,2023_5_10_1_0,2023,5,10,7,2,1,0,0,,,1449.0635555
4385964571,3,2023_5_10_1_0,2023,5,10,9,2,1,0,0,,,1449.0635555
4385964600,3,2023_5_10_1_0,2023,5,10,2,2,1,0,0,,,1449.0635555
4385964624,3,2023_5_10_1_0,2023,5,10,18,2,1,0,0,,,1449.0635555
4385964628,3,2023_5_10_1_0,2023,5,10,3,2,1,0,0,,,1449.0635555
4385964630,3,2023_5_10_1_0,2023,5,10,33,2,1,0,0,,,1459.5134075
4385964635,3,2023_5_10_1_0,2023,5,10,22,1,3,0,1.0001643725,,,1459.5134075
4385964649,3,2023_5_10_1_0,2023,5,10,88,1,1,0,0,,,687.84051319
4385964675,3,2023_5_10_1_0,2023,5,10,24,2,5,0,0,,,1814.7990971
4385964679,3,2023_5_10_1_0,2023,5,10,52,1,1,0,0,,,358.82276117
4385964716,3,2023_5_10_1_0,2023,5,10,11,1,3,0,0,,,1449.0635555
4385964734,3,2023_5_10_1_0,2023,5,10,34,1,1,0,0,,,687.84051319
4385964755,3,2023_5_10_1_0,2023,5,10,9,1,1,0,0,,,1449.0635555
4385964802,3,2023_5_10_1_0,2023,5,10,36,2,1,0,0,,,1459.5134075
4385964812,3,2023_5_10_1_0,2023,5,10,83,1,1,0,0,,,687.84051319
4385964854,3,2023_5_10_1_0,2023,5,10,29,1,1,0.9998356275,1.0001643725,,,687.84051319
4385964856,3,2023_5_10_1_0,2023,5,10,48,1,1,11.247688607,31.253852322,,,287.07000505
4385964876,3,2023_5_10_1_0,2023,5,10,66,1,1,0,0,,,687.84051319
4385964881,3,2023_5_10_1_0,2023,5,10,31,1,1,0,0,,,687.84051319
4385964920,3,2023_5_10_1_0,2023,5,10,58,2,1,0,0,,,358.82276117
4385964921,3,2023_5_10_1_0,2023,5,10,33,1,1,0,2.000328745,,,358.82276117
4385964939,3,2023_5_10_1_0,2023,5,10,2,1,1,0,0,,,3453.9469874
4385964947,3,2023_5_10_1_0,2023,5,10,47,2,1,0,0,,,687.84051319
4385964962,3,2023_5_10_1_0,2023,5,10,26,2,1,0,0,,,358.82276117
4385964971,3,2023_5_10_1_0,2023,5,10,35,1,2,0,0,,,1814.7990971
4385965000,3,2023_5_10_1_0,2023,5,10,50,2,1,0,0,,,761.37799503
4385965022,3,2023_5_10_1_0,2023,5,10,16,1,1,0,0,,,1449.0635555
4385965060,3,2023_5_12_1_1,2023,5,12,56,1,1,0,0,,,3126.8484219
4385965068,3,2023_5_12_1_1,2023,5,12,24,2,2,0,0,,,3126.8484219
4385965070,3,2023_5_12_1_1,2023,5,12,34,1,1,4.9997884208,25.001057896,,,1104.3879312
4385965073,3,2023_5_12_1_1,2023,5,12,17,1,1,0,0,,,3923.6645223
4385965082,3,2023_5_12_1_1,2023,5,12,16,1,1,3.9998307366,0,,,2997.4348099
4385965088,3,2023_5_12_1_1,2023,5,12,9,2,1,0.9999576842,0,,,2997.4348099
4385965091,3,2023_5_12_1_1,2023,5,12,61,1,3,0,0,,,1104.3879312
4385965097,3,2023_5_12_1_1,2023,5,12,15,2,1,0,0,,,8128.1179345
4385965105,3,2023_5_12_1_1,2023,5,12,8,2,1,0,0,,,3923.6645223
4385965106,3,2023_5_12_1_1,2023,5,12,59,2,1,0,0,,,1814.0481569
4385965107,3,2023_5_12_1_1,2023,5,12,25,1,1,5.9997461049,4.0001692634,,,7556.4269581
4385965108,3,2023_5_12_1_1,2023,5,12,22,1,1,0,0,,,10639.766999
4385965114,3,2023_5_12_1_1,2023,5,12,54,2,1,0,0,,,2388.7170404
4385965119,3,2023_5_12_1_1,2023,5,12,52,1,2,0,0,,,3126.8484219
4385965120,3,2023_5_12_1_1,2023,5,12,34,2,1,0,0,,,3923.6645223
4385965134,3,2023_5_12_1_1,2023,5,12,1,2,1,0,0,,,3923.6645223
4385965146,3,2023_5_12_1_1,2023,5,12,22,2,1,0,0,,,7556.4269581
4385965151,3,2023_5_12_1_1,2023,5,12,24,2,1,0,0,,,2388.7170404
4385965152,3,2023_5_12_1_1,2023,5,12,19,1,-3,0.9999576842,0,,,1814.0481569
4385965163,3,2023_5_12_1_1,2023,5,12,5,1,1,0,0,,,2997.4348099
4385965166,3,2023_5_12_1_1,2023,5,12,10,1,1,0,0,,,3923.6645223
4385965169,3,2023_5_12_1_1,2023,5,12,21,2,3,0,0,,,2388.7170404
4385965188,3,2023_5_12_1_1,2023,5,12,16,1,1,0,0,,,2997.4348099
4385965213,3,2023_5_12_1_1,2023,5,12,17,1,3,0,0,,,2997.4348099
4385965222,3,2023_5_12_1_1,2023,5,12,17,2,1,0,0,,,2997.4348099
4385965225,3,2023_5_12_1_1,2023,5,12,1,1,1,0,0,,,3923.6645223
4385965227,3,2023_5_12_1_1,2023,5,12,11,2,1,0,2.0000846317,,,10639.766999
4385965231,3,2023_5_12_1_1,2023,5,12,21,2,2,0,0,,,9891.419247
4385965239,3,2023_5_12_1_1,2023,5,12,21,2,1,0,0,,,3126.8484219
4385965242,3,2023_5_12_1_1,2023,5,12,2,2,1,0.9999576842,1.0000423158,,,2997.4348099
4385965254,3,2023_5_12_1_1,2023,5,12,19,1,1,0,0,,,9891.419247
4385965266,3,2023_5_12_1_1,2023,5,12,70,2,1,0,0,,,1814.0481569
4385965274,3,2023_5_12_1_1,2023,5,12,24,1,1,3.9998307366,4.0001692634,,,2388.7170404
4385965280,3,2023_5_12_1_1,2023,5,12,7,1,1,0,0,,,3923.6645223
4385965286,3,2023_5_12_1_1,2023,5,12,8,2,1,0,0,,,3923.6645223
4385965287,3,2023_5_12_1_1,2023,5,12,36,1,1,0,0,,,1104.3879312
4385965289,3,2023_5_12_1_1,2023,5,12,17,2,1,0,0,,,3923.6645223
4385965303,3,2023_5_12_1_1,2023,5,12,19,2,1,0,0,,,3923.6645223
4385965306,3,2023_5_12_1_1,2023,5,12,52,1,2,0,0,,,1445.6520389
4385965314,3,2023_5_12_1_1,2023,5,12,82,2,1,0,0,,,4573.1511326
4385965315,3,2023_5_12_1_1,2023,5,12,24,2,2,0,0,,,3126.8484219
4385965346,3,2023_5_12_1_1,2023,5,12,8,1,1,3.9998307366,3.0001269475,,,2997.4348099
4385965347,3,2023_5_12_1_1,2023,5,12,14,1,1,1.9999153683,6.0002538951,,,2997.4348099
4385965348,3,2023_5_12_1_1,2023,5,12,2,2,1,0,0,,,3923.6645223
4385965354,3,2023_5_12_1_1,2023,5,12,32,2,1,0,0,,,3923.6645223
4385965356,3,2023_5_12_1_1,2023,5,12,0,1,1,0,0,,,3923.6645223
4385965363,3,2023_5_12_1_1,2023,5,12,10,2,3,0,0,,,9231.163095
4385965364,3,2023_5_12_1_1,2023,5,12,79,1,3,0,0,,,1445.6520389
4385965368,3,2023_5_12_1_1,2023,5,12,52,1,3,0,0,,,1445.6520389
4385965375,3,2023_5_12_1_1,2023,5,12,8,1,3,0,0,,,3923.6645223
4385965379,3,2023_5_12_1_1,2023,5,12,13,2,3,0,0,,,3923.6645223
4385965383,3,2023_5_12_1_1,2023,5,12,19,1,3,0,0,,,3923.6645223
4385965413,3,2023_5_12_1_1,2023,5,12,39,2,2,0,0,,,4573.1511326
4385965422,3,2023_5_12_1_1,2023,5,12,14,1,3,0,0,,,2997.4348099
4385965431,3,2023_5_12_1_1,2023,5,12,31,2,3,14.192773413,0,,,7348.6669565
4385965439,3,2023_5_12_1_1,2023,5,12,30,2,3,0,0,,,2388.7170404
4385965479,3,2023_5_12_1_1,2023,5,12,20,1,1,0,4.0001692634,,1,2388.7170404
4385965481,3,2023_5_12_1_1,2023,5,12,40,1,1,0,3.0001269475,,,1445.6520389
4385965508,3,2023_5_12_1_1,2023,5,12,56,2,3,0,0,,,3835.2002518
4385965514,3,2023_5_12_1_1,2023,5,12,-3,-3,-3,0,0,1,1,2388.7170404
4385965518,3,2023_5_12_1_1,2023,5,12,7,1,1,44.405528395,12.599078601,,,3114.3789794
4385965519,3,2023_5_12_1_1,2023,5,12,3,2,3,4.9997884208,10.000423158,,,2997.4348099
4385965522,3,2023_5_12_1_1,2023,5,12,-3,-3,-3,0,0,1,1,4573.1511326
4385965526,3,2023_5_12_1_1,2023,5,12,43,2,3,1.9999153683,2.0000846317,,,10639.766999
4385965539,3,2023_5_12_1_1,2023,5,12,14,2,1,0,0,,,3923.6645223
4385965546,3,2023_5_12_1_1,2023,5,12,21,1,4,0,0,,,2388.7170404
4385965548,3,2023_5_12_1_1,2023,5,12,6,2,1,0,0,,,2997.4348099
4385965551,3,2023_5_12_1_1,2023,5,12,7,2,1,0,0,,,2997.4348099
4385965570,3,2023_5_12_1_1,2023,5,12,27,1,1,0,0,,,3126.8484219
4385965574,3,2023_5_12_1_1,2023,5,12,12,2,1,0,2.0000846317,,,3923.6645223
4385965578,3,2023_5_12_1_1,2023,5,12,24,2,1,0,0,,,10639.766999
4385965582,3,2023_5_12_1_1,2023,5,12,23,1,1,0,0,,,2997.4348099
4385965583,3,2023_5_12_1_1,2023,5,12,11,2,1,0,0,,,10639.766999
4385965598,3,2023_5_12_1_1,2023,5,12,25,2,1,0,0,,,2388.7170404
4385965609,3,2023_5_12_1_1,2023,5,12,16,1,1,0,2.0000846317,,,2997.4348099
4385965612,3,2023_5_12_1_1,2023,5,12,0,2,1,0,0,,,3923.6645223
4385965621,3,2023_5_12_1_1,2023,5,12,37,1,1,0,0,,,1445.6520389
4385965634,3,2023_5_12_1_1,2023,5,12,26,1,1,9.9995768415,12.00050779,,,7556.4269581
4385965646,3,2023_5_12_1_1,2023,5,12,14,1,1,0,0,,,12412.05378
4385965647,3,2023_5_12_1_1,2023,5,12,9,2,1,0,0,,,2997.4348099
4385965651,3,2023_5_12_1_1,2023,5,12,-3,1,-3,0,0,,,1787.1938259
4385965652,3,2023_5_12_1_1,2023,5,12,-3,-3,-3,0,0,1,1,3126.8484219
4385965665,3,2023_5_12_1_1,2023,5,12,17,1,1,0,0,,,7585.5472899
4385965685,3,2023_5_12_1_1,2023,5,12,22,2,1,0,0,,,3126.8484219
4385965711,3,2023_5_12_1_1,2023,5,12,8,2,1,0,0,,,3923.6645223
4385965726,3,2023_5_12_1_1,2023,5,12,37,1,5,0,0,,,1445.6520389
4385965732,3,2023_5_12_1_1,2023,5,12,55,1,1,0,0,,,1445.6520389
4385965733,3,2023_5_12_1_1,2023,5,12,18,1,1,0,0,,,3923.6645223
4385965740,3,2023_5_12_1_1,2023,5,12,10,1,3,0,0,,,3923.6645223
4385965745,3,2023_5_12_1_1,2023,5,12,35,1,1,0,0,,,3126.8484219
4385965747,3,2023_5_12_1_1,2023,5,12,29,1,1,0,0,,,7556.4269581
4385965748,3,2023_5_12_1_1,2023,5,12,0,1,1,0,0,,,2997.4348099
4385965763,3,2023_5_12_1_1,2023,5,12,21,2,1,0,0,,,3126.8484219
4385965773,3,2023_5_12_1_1,2023,5,12,69,1,1,0,0,,,1104.3879312
4385965787,3,2023_5_12_1_1,2023,5,12,10,1,3,0.9999576842,4.0001692634,,,2997.4348099
4385965802,3,2023_5_12_1_0,2023,5,12,2,1,1,0,0,,,30903.685617
4385965805,3,2023_5_12_1_0,2023,5,12,-3,-3,-3,0,0,,,11386.288473
4385965813,3,2023_5_12_1_0,2023,5,12,29,1,1,0,0,,,11386.288473
4385965839,3,2023_5_12_1_0,2023,5,12,4,2,5,0,0,,,30903.685617
4385965844,3,2023_5_12_1_0,2023,5,12,61,2,1,0,0,,,14287.86116
4385965922,3,2023_5_12_1_0,2023,5,12,19,2,4,0,0,,,77907.096536
4385965926,3,2023_5_12_1_0,2023,5,12,29,1,1,0,0,,,11386.288473
4385965965,3,2023_5_12_1_0,2023,5,12,15,1,1,0,3.0001269475,,,30903.685617
4385965997,3,2023_5_12_1_0,2023,5,12,29,1,1,0,0,,,11386.288473
4385966007,3,2023_5_12_1_0,2023,5,12,8,1,2,0,0,,,30903.685617
4385966008,3,2023_5_12_1_0,2023,5,12,21,1,1,0,0,,,66782.932899
4385966010,3,2023_5_12_1_0,2023,5,12,23,1,4,0,0,,,66782.932899
4385966052,3,2023_5_12_1_0,2023,5,12,27,1,1,0,0,,,77907.096536
4385966099,3,2023_5_12_1_0,2023,5,12,17,2,2,0,0,,,30903.685617
4385966101,3,2023_5_12_1_0,2023,5,12,16,1,1,0,0,,,30903.685617
4385966117,3,2023_5_12_1_0,2023,5,12,81,2,1,0,0,,,11386.288473
4385966135,3,2023_5_12_1_0,2023,5,12,-3,-3,-3,0,0,1,1,16487.45935
4385966141,3,2023_5_12_1_0,2023,5,12,12,1,1,0,0,,,30903.685617
4385966147,3,2023_5_12_1_0,2023,5,12,20,1,2,0,0,,,83801.255818
4385966162,3,2023_5_12_1_0,2023,5,12,13,1,3,0,0,,,30903.685617
4385966215,3,2023_5_12_1_0,2023,5,12,1,1,1,0,0,,,83801.255818
4385966226,3,2023_5_12_1_0,2023,5,12,14,1,3,0,1.0000423158,,,30903.685617
4385966251,3,2023_5_12_1_0,2023,5,12,7,2,4,0,0,,,83801.255818
4385966268,3,2023_5_12_1_0,2023,5,12,27,2,3,0,0,1,,66782.932899
4385966282,3,2023_5_12_1_0,2023,5,12,13,1,1,0,0,,,30903.685617
4385966288,3,2023_5_12_1_0,2023,5,12,17,2,3,0,0,,,38744.268985
4385966298,3,2023_5_12_1_0,2023,5,12,17,1,3,0,0,,,30903.685617
4385966303,3,2023_5_12_1_0,2023,5,12,-3,-3,-3,0,0,1,1,58288.645983
4385966309,3,2023_5_12_1_0,2023,5,12,20,1,3,0,0,,,24627.778459
4385966340,3,2023_5_12_1_0,2023,5,12,95,2,3,0,0,,,11386.288473
4385966356,3,2023_5_12_1_0,2023,5,12,89,1,1,0,0,,,30876.099536
4385966357,3,2023_5_12_1_0,2023,5,12,16,1,3,0,0,,,30903.685617
4385966361,3,2023_5_12_1_0,2023,5,12,43,2,3,0,0,,,24627.778459
4385966363,3,2023_5_12_1_0,2023,5,12,51,1,3,0,0,,,14287.86116
4385966369,3,2023_5_12_1_0,2023,5,12,15,2,3,0,0,,,56102.088179
4385966379,3,2023_5_12_1_0,2023,5,12,14,1,1,0,0,,,30903.685617
4385966403,3,2023_5_12_1_0,2023,5,12,64,2,1,0,0,,,11386.288473
4385966432,3,2023_5_12_1_0,2023,5,12,10,2,1,0,0,,,30903.685617
4385966438,3,2023_5_12_1_0,2023,5,12,18,1,1,0,0,,,24627.778459
4385966450,3,2023_5_12_1_0,2023,5,12,76,2,3,0,0,,,11386.288473
4385966498,3,2023_5_12_1_0,2023,5,12,18,1,4,0,0,,,97760.19476
4385966500,3,2023_5_12_1_0,2023,5,12,14,2,1,0,0,,,30903.685617
4385966513,3,2023_5_12_1_0,2023,5,12,8,1,3,0,0,,,30903.685617
4385966531,3,2023_5_12_1_0,2023,5,12,15,2,1,0,0,,,97760.19476
4385966533,3,2023_5_12_1_0,2023,5,12,8,1,2,0,0,,,30903.685617
4385966540,3,2023_5_12_1_0,2023,5,12,72,2,4,0,0,,,14287.86116
4385966593,3,2023_5_12_1_0,2023,5,12,29,1,1,0,0,,,77907.096536
4385966601,3,2023_5_12_1_0,2023,5,12,27,1,1,0,0,,,24627.778459
4385966604,3,2023_5_12_1_0,2023,5,12,24,1,1,0,0,,,24627.778459
4385966632,3,2023_5_12_1_0,2023,5,12,0,2,3,0,0,,,30903.685617
4385966649,3,2023_5_12_1_0,2023,5,12,21,1,3,0,0,,,14287.86116
4385966654,3,2023_5_12_1_0,2023,5,12,8,1,4,0,0,,,83801.255818
4385966662,3,2023_5_12_1_0,2023,5,12,38,2,1,0,0,,,11386.288473
4385966669,3,2023_5_12_1_0,2023,5,12,3,2,2,0,0,,,30903.685617
4385966680,3,2023_5_12_1_0,2023,5,12,21,1,1,0,0,,,11386.288473
4385966691,3,2023_5_12_1_0,2023,5,12,6,1,1,0,0,,,30903.685617
4385966706,3,2023_5_12_1_0,2023,5,12,9,2,3,0,0,,,30903.685617
4385966721,3,2023_5_12_1_0,2023,5,12,53,1,1,0,0,,,14287.86116
4385966746,3,2023_5_12_1_0,2023,5,12,38,1,1,0,0,,,11386.288473
4385966780,3,2023_5_12_1_0,2023,5,12,25,1,1,0,0,,,51023.163415
4385966784,3,2023_5_12_1_0,2023,5,12,21,2,1,0,0,,,16487.45935
4385966790,3,2023_5_12_1_0,2023,5,12,85,2,1,0,0,,,36019.191772
4385966801,3,2023_5_12_1_0,2023,5,12,19,1,3,0,0,,,24627.778459
4385966825,3,2023_5_12_1_0,2023,5,12,12,2,1,0,0,,,83801.255818
4385966868,3,2023_5_12_1_0,2023,5,12,27,2,1,0,0,,,7622.7325439
4385966882,3,2023_5_12_1_0,2023,5,12,-3,-3,-3,0,0,1,1,11386.288473
4385966902,3,2023_5_12_1_0,2023,5,12,11,2,1,0,0,,,14287.86116
4385966908,3,2023_5_12_1_0,2023,5,12,80,2,1,0,0,,,11386.288473
4385966930,3,2023_5_12_1_0,2023,5,12,30,1,2,0,6.0002538951,,,36019.191772
4385966950,3,2023_5_12_1_0,2023,5,12,15,1,1,0,0,,,83801.255818
4385966951,3,2023_5_12_1_0,2023,5,12,15,2,5,0,0,,,45197.977583
4385966956,3,2023_5_12_1_0,2023,5,12,25,1,2,0,0,,,20057.387191
4385966963,3,2023_5_12_1_0,2023,5,12,28,1,2,0,0,,,24627.778459
4385966974,3,2023_5_13_1_1,2023,5,13,24,1,1,0,0,,,109.97723353
4385966975,3,2023_5_13_1_1,2023,5,13,9,2,1,0,0,,,209.53876726
4385967002,3,2023_5_13_1_1,2023,5,13,11,1,1,0,0,,,209.53876726
4385967014,3,2023_5_13_1_1,2023,5,13,21,1,1,0,0,,,96.373595979
4385967017,3,2023_5_13_1_1,2023,5,13,15,1,1,0,0,,,713.21848071
4385967029,3,2023_5_13_1_1,2023,5,13,20,1,1,0,0,,,209.53876726
4385967035,3,2023_5_13_1_1,2023,5,13,18,2,1,0,0,,,96.373595979
4385967037,3,2023_5_13_1_1,2023,5,13,-3,-3,-3,0,0,1,1,129.25438182
4385967059,3,2023_5_13_1_1,2023,5,13,13,1,1,0,0,1,1,285.3355288
4385967064,3,2023_5_13_1_1,2023,5,13,12,1,3,0,0,,,209.53876726
4385967066,3,2023_5_13_1_1,2023,5,13,23,1,1,0,0,,,328.03204201
4385967067,3,2023_5_13_1_1,2023,5,13,16,1,1,0,0,,,239.11626112
4385967070,3,2023_5_13_1_1,2023,5,13,16,1,1,0,0,,,685.73284948
4385967082,3,2023_5_13_1_1,2023,5,13,19,1,2,0,0,,,209.53876726
4385967091,3,2023_5_13_1_1,2023,5,13,13,2,1,0,0,,,209.53876726
4385967097,3,2023_5_13_1_1,2023,5,13,18,1,3,0,0,,,209.53876726
4385967110,3,2023_5_13_1_1,2023,5,13,19,1,1,3.9992396788,2.0003801606,,,109.97723353
4385967119,3,2023_5_13_1_1,2023,5,13,20,1,1,0,0,,,96.373595979
4385967120,3,2023_5_13_1_1,2023,5,13,17,1,3,0,0,,,685.73284948
4385967139,3,2023_5_13_1_1,2023,5,13,19,1,1,0,0,,,281.02929599
4385967162,3,2023_5_13_1_1,2023,5,13,12,2,5,0,0,,,713.21848071
4385967189,3,2023_5_13_1_1,2023,5,13,32,2,1,0,0,,,96.373595979
4385967194,3,2023_5_13_1_1,2023,5,13,24,1,2,0,0,1,1,713.21848071
4385967197,3,2023_5_13_1_1,2023,5,13,17,1,1,0.9998099197,0,,,209.53876726
4385967203,3,2023_5_13_1_1,2023,5,13,17,1,1,0,0,,,209.53876726
4385967208,3,2023_5_13_1_1,2023,5,13,16,1,1,0,0,,,685.73284948
4385967212,3,2023_5_13_1_1,2023,5,13,42,1,1,11.997719037,12.002280963,,,95.662642874
4385967213,3,2023_5_13_1_1,2023,5,13,38,1,1,0,30.005702409,,,83.829649086
4385967214,3,2023_5_13_1_1,2023,5,13,18,1,1,0,0,,,209.53876726
4385967224,3,2023_5_13_1_1,2023,5,13,43,1,1,0.9998099197,0,,,713.21848071
4385967226,3,2023_5_13_1_1,2023,5,13,15,2,5,0,1.0001900803,,,209.53876726
4385967228,3,2023_5_13_1_1,2023,5,13,19,1,1,0,0,,,209.53876726
4385967235,3,2023_5_13_1_1,2023,5,13,-3,-3,-3,0,0,1,1,328.03204201
4385967247,3,2023_5_13_1_1,2023,5,13,68,1,1,0.9998099197,5.0009504015,,,131.23495633
4385967250,3,2023_5_13_1_1,2023,5,13,23,1,1,0,0,,,813.89300271
4385967254,3,2023_5_13_1_1,2023,5,13,28,1,1,4.9990495985,4.0007603212,,,96.373595979
4385967287,3,2023_5_13_1_1,2023,5,13,52,2,1,0,0,,,38.555942835
4385967288,3,2023_5_13_1_1,2023,5,13,18,1,1,0,0,,,209.53876726
4385967295,3,2023_5_13_1_1,2023,5,13,25,1,1,9.9980991971,1.0001900803,,,96.373595979
4385967297,3,2023_5_13_1_1,2023,5,13,7,1,1,2.9994297591,3.0005702409,,,239.11626112
4385967298,3,2023_5_13_1_1,2023,5,13,35,2,5,0,0,,,274.33942125
4385967306,3,2023_5_13_1_1,2023,5,13,43,1,4,0,0,,,149.75945739
4385967327,3,2023_5_13_1_1,2023,5,13,-3,-3,-3,0,0,1,1,109.97723353
4385967340,3,2023_5_13_1_1,2023,5,13,27,2,1,0,0,,,96.373595979
4385967352,3,2023_5_13_1_1,2023,5,13,18,2,1,0,0,,,96.373595979
4385967355,3,2023_5_13_1_1,2023,5,13,23,1,1,0,0,,,209.53876726
4385967363,3,2023_5_13_1_1,2023,5,13,-3,2,4,0,0,,,51.710476362
4385967366,3,2023_5_13_1_1,2023,5,13,73,2,1,0,0,,,83.829649086
4385967372,3,2023_5_13_1_1,2023,5,13,81,2,1,0,0,,,131.23495633
4385967383,3,2023_5_13_1_1,2023,5,13,7,1,1,0,1.0001900803,,,685.73284948
4385967388,3,2023_5_13_1_1,2023,5,13,11,1,1,0,0,,,209.53876726
4385967402,3,2023_5_13_1_1,2023,5,13,19,1,1,9.9980991971,10.001900803,,,96.373595979
4385967416,3,2023_5_13_1_1,2023,5,13,24,2,1,0,0,,,209.53876726
4385967439,3,2023_5_13_1_1,2023,5,13,3,1,1,0,0,,,239.11626112
4385967449,3,2023_5_13_1_1,2023,5,13,20,1,1,0,0,,,209.53876726
4385967450,3,2023_5_13_1_1,2023,5,13,8,1,1,0,0,,,209.53876726
4385967456,3,2023_5_13_1_1,2023,5,13,49,1,-3,0,0,,,96.373595979
4385967472,3,2023_5_13_1_1,2023,5,13,48,2,1,0,0,,,209.53876726
4385967476,3,2023_5_13_1_1,2023,5,13,12,2,1,0,0,,,209.53876726
4385967497,3,2023_5_13_1_1,2023,5,13,4,1,1,2.9994297591,0,,,209.53876726
4385967523,3,2023_5_13_1_1,2023,5,13,19,2,1,0,0,,,328.03204201
4385967528,3,2023_5_13_1_1,2023,5,13,13,2,1,0,0,,,209.53876726
4385967540,3,2023_5_13_1_1,2023,5,13,6,2,1,0,0,,,239.11626112
4385967559,3,2023_5_13_1_1,2023,5,13,17,2,1,0,0,,,713.21848071
4385967574,3,2023_5_13_1_1,2023,5,13,19,2,1,0,0,,,374.33548188
4385967578,3,2023_5_13_1_1,2023,5,13,13,2,1,0,0,,,95.662642874
4385967607,3,2023_5_13_1_1,2023,5,13,24,2,5,0,0,,,96.373595979
4385967609,3,2023_5_13_1_1,2023,5,13,9,1,2,0,0,,,209.53876726
4385967617,3,2023_5_13_1_1,2023,5,13,23,1,1,0,0,,,209.53876726
4385967619,3,2023_5_13_1_1,2023,5,13,16,2,-3,0,0,,,285.3355288
4385967656,3,2023_5_13_1_0,2023,5,13,26,2,2,0,0,,,1106.0081197
4385967662,3,2023_5_13_1_0,2023,5,13,14,1,1,0,0,,,844.76221795
4385967668,3,2023_5_13_1_0,2023,5,13,16,2,2,0,0,,,1106.0081197
4385967680,3,2023_5_13_1_0,2023,5,13,2,1,1,0,16.003041285,,,844.76221795
4385967708,3,2023_5_13_1_0,2023,5,13,-3,-3,-3,0,0,1,1,529.07790877
4385967722,3,2023_5_13_1_0,2023,5,13,18,1,1,0,0,,,844.76221795
4385967723,3,2023_5_13_1_0,2023,5,13,16,1,1,0,0,,,844.76221795
4385967730,3,2023_5_13_1_0,2023,5,13,3,1,1,0,0,,,844.76221795
4385967735,3,2023_5_13_1_0,2023,5,13,6,2,2,0,0,,,2764.5538362
4385967746,3,2023_5_13_1_0,2023,5,13,20,1,1,0,0,,,1271.5069291
4385967765,3,2023_5_13_1_0,2023,5,13,19,2,1,0,0,,,388.5332235
4385967766,3,2023_5_13_1_0,2023,5,13,18,2,2,0,0,,,388.5332235
4385967820,3,2023_5_13_1_0,2023,5,13,4,1,1,0,0,,,844.76221795
4385967828,3,2023_5_13_1_0,2023,5,13,67,2,1,0,0,,,155.43951227
4385967840,3,2023_5_13_1_0,2023,5,13,3,2,5,0,0,,,9409.862016
4385967844,3,2023_5_13_1_0,2023,5,13,14,2,1,0,0,,,844.76221795
4385967848,3,2023_5_13_1_0,2023,5,13,5,2,1,0,0,,,566.30257056
4385967854,3,2023_5_13_1_0,2023,5,13,26,1,2,0,0,,,529.07790877
4385967870,3,2023_5_13_1_0,2023,5,13,22,1,2,0,0,,,1322.4716314
4385967885,3,2023_5_13_1_0,2023,5,13,-3,-3,-3,0,0,1,1,1271.5069291
4385967888,3,2023_5_13_1_0,2023,5,13,67,2,1,0,0,,,155.43951227
4385967890,3,2023_5_13_1_0,2023,5,13,12,1,1,0,0,,,2875.3630344
4385967920,3,2023_5_13_1_0,2023,5,13,2,2,2,0,0,,,2764.5538362
4385967934,3,2023_5_13_1_0,2023,5,13,19,1,-3,0,0,,,844.76221795
4385967956,3,2023_5_13_1_0,2023,5,13,12,1,3,0,0,,,844.76221795
4385967973,3,2023_5_13_1_0,2023,5,13,19,2,1,0,0,,,844.76221795
4385968006,3,2023_5_13_1_0,2023,5,13,40,2,3,0,0,,,844.76221795
4385968070,3,2023_5_13_1_0,2023,5,13,11,2,1,0,0,,,2764.5538362
4385968082,3,2023_5_13_1_0,2023,5,13,21,1,1,0,0,,,844.76221795
4385968099,3,2023_5_13_1_0,2023,5,13,16,1,5,0,2.0003801606,,,844.76221795
4385968133,3,2023_5_13_1_0,2023,5,13,65,2,1,0,0,,,508.68858813
4385968138,3,2023_5_13_1_0,2023,5,13,26,2,1,0,0,,,388.5332235
4385968148,3,2023_5_13_1_0,2023,5,13,17,2,2,0,0,,,2764.5538362
4385968151,3,2023_5_13_1_0,2023,5,13,55,1,2,0,0,,,844.76221795
4385968157,3,2023_5_13_1_0,2023,5,13,78,2,1,0,0,,,104.20186118
4385968167,3,2023_5_13_1_0,2023,5,13,52,2,1,0,0,,,508.68858813
4385968180,3,2023_5_13_1_0,2023,5,13,52,1,1,0,0,,,844.76221795
4385968189,3,2023_5_13_1_0,2023,5,13,18,1,5,0,0,,,844.76221795
4385968194,3,2023_5_13_1_0,2023,5,13,24,1,5,0,0,,,538.45131722
4385968206,3,2023_5_13_1_0,2023,5,13,4,2,3,0,0,,,844.76221795
4385968210,3,2023_5_13_1_0,2023,5,13,15,1,1,2.9994297591,2.0003801606,,,844.76221795
4385968217,3,2023_5_13_1_0,2023,5,13,15,1,1,0,0,,,844.76221795
4385968218,3,2023_5_13_1_0,2023,5,13,15,2,2,0,0,,,844.76221795
4385968231,3,2023_5_13_1_0,2023,5,13,21,1,1,0,0,,,155.43951227
4385968243,3,2023_5_13_1_0,2023,5,13,24,1,1,0,0,,,844.76221795
4385968276,3,2023_5_13_1_0,2023,5,13,-3,-3,-3,0,0,1,1,155.43951227
4385968284,3,2023_5_13_1_0,2023,5,13,70,1,1,0,0,,,155.43951227
4385968300,3,2023_5_13_1_0,2023,5,13,14,1,1,0,0,,,844.76221795
4385968330,3,2023_5_13_1_0,2023,5,13,11,2,1,0,0,,,2764.5538362
4385968333,3,2023_5_13_1_0,2023,5,13,49,1,1,0,0,,,529.07790877
4385968404,3,2023_5_13_1_0,2023,5,13,3,2,1,0,0,,,844.76221795
4385968446,3,2023_5_13_1_0,2023,5,13,23,2,2,0,0,,,2764.5538362
4385968451,3,2023_5_13_1_0,2023,5,13,1,2,1,0,0,,,844.76221795
4385968459,3,2023_5_13_1_0,2023,5,13,13,-3,-3,0,0,,,1170.7192628
4385968482,3,2023_5_13_1_0,2023,5,13,10,2,1,1.9996198394,0,,,566.30257056
4385968483,3,2023_5_13_1_0,2023,5,13,67,1,1,0,0,,,155.43951227
4385968501,3,2023_5_13_1_0,2023,5,13,0,1,1,0,0,,,844.76221795
4385968505,3,2023_5_13_1_0,2023,5,13,30,2,1,0,0,,,529.07790877
4385968575,3,2023_5_13_1_0,2023,5,13,46,1,1,0,0,,,529.07790877
4385968582,3,2023_5_13_1_0,2023,5,13,1,1,1,0,0,,,2764.5538362
4385968600,3,2023_5_13_1_0,2023,5,13,4,1,1,0,0,,,844.76221795
4385968628,3,2023_5_13_1_0,2023,5,13,59,2,4,0,0,,,388.5332235
4385968631,3,2023_5_13_1_0,2023,5,13,42,2,1,0,0,,,337.96190185
4385968687,3,2023_5_13_1_0,2023,5,13,45,1,1,0,0,,,844.76221795
4385968724,3,2023_5_13_1_0,2023,5,13,17,1,3,0,0,,,1132.9785629
4385968727,3,2023_5_13_1_0,2023,5,13,10,1,2,0,0,,,468.36671927
4385968755,3,2023_5_13_1_0,2023,5,13,53,1,1,0,2.0003801606,,,844.76221795
4385968779,3,2023_5_13_1_0,2023,5,13,-3,-3,-3,0,0,,,226.5592491
4385968789,3,2023_5_13_1_0,2023,5,13,76,2,1,0,0,,,529.07790877
4385968843,3,2023_5_13_1_0,2023,5,13,56,1,1,0,0,,,529.07790877
4385968878,3,2023_5_13_1_0,2023,5,13,69,1,3,0,0,,,155.43951227
4385968898,3,2023_5_13_1_0,2023,5,13,80,2,1,0,0,,,155.43951227
4385968899,3,2023_5_13_1_0,2023,5,13,11,1,2,0,0,,,337.96190185
4385968910,3,2023_5_13_1_0,2023,5,13,35,1,1,0,0,,,529.07790877
4385968920,3,2023_5_13_1_0,2023,5,13,30,1,1,0,0,,,1150.3392777
4385968961,3,2023_5_13_1_0,2023,5,13,63,2,2,0,0,,,1322.4716314
4385968979,3,2023_5_13_1_0,2023,5,13,4,1,1,0,0,,,844.76221795
4385969010,3,2023_5_13_1_0,2023,5,13,30,2,1,0,0,,,2764.5538362
4385969029,3,2023_5_13_1_0,2023,5,13,8,1,1,0.9998099197,0,,,844.76221795
4385969031,3,2023_5_13_1_0,2023,5,13,53,2,1,0,0,,,529.07790877
4385969063,3,2023_5_13_1_0,2023,5,13,29,2,1,0,0,,,1271.5069291
4385969066,3,2023_5_13_1_0,2023,5,13,4,-5,1,0,0,,,1150.3392777
4385969075,3,2023_5_13_1_0,2023,5,13,33,2,4,0,0,,,9409.862016
4385969103,3,2023_5_13_1_0,2023,5,13,45,2,1,0,0,,,155.43951227
4385969104,3,2023_5_13_1_0,2023,5,13,62,1,1,0,0,,,388.5332235
4385969145,3,2023_5_13_1_0,2023,5,13,16,2,1,0,0,,,844.76221795
4385969148,3,2023_5_13_1_0,2023,5,13,18,2,2,0,0,,,1132.9785629
4385969149,3,2023_5_13_1_0,2023,5,13,75,2,1,0,0,,,155.43951227
4385969152,3,2023_5_13_1_0,2023,5,13,12,1,2,0,0,,,1132.9785629
4385969192,3,2023_5_13_1_0,2023,5,13,22,1,1,0,0,,,1271.5069291
4385969204,3,2023_5_13_1_0,2023,5,13,24,1,1,0,1.0001900803,,,388.5332235
4385969206,3,2023_5_13_1_0,2023,5,13,16,2,1,0,0,,,844.76221795
4385969208,3,2023_5_13_1_0,2023,5,13,11,2,1,0,0,,,844.76221795
4385969246,3,2023_5_13_1_0,2023,5,13,15,1,1,0,0,,,844.76221795
4385969251,3,2023_5_13_1_0,2023,5,13,23,1,4,0,0,,,388.5332235
4385969258,3,2023_5_13_1_0,2023,5,13,15,2,1,0,0,,,844.76221795
4385969282,3,2023_5_13_1_0,2023,5,13,13,2,1,0,0,,,844.76221795
4385969297,3,2023_5_13_1_0,2023,5,13,27,1,1,0,0,,,1271.5069291
4385969327,3,2023_5_13_1_0,2023,5,13,16,2,1,0.9998099197,1.0001900803,,,844.76221795
4385969328,3,2023_5_13_1_0,2023,5,13,14,1,1,0,0,,,2875.3630344
4385969371,3,2023_5_13_1_0,2023,5,13,2,1,1,0,0,,,844.76221795
4385969393,3,2023_5_13_1_0,2023,5,13,12,1,5,0,0,,,2764.5538362
4385969406,3,2023_5_13_1_0,2023,5,13,36,2,1,0,0,,,337.96190185
4385969416,3,2023_5_13_1_0,2023,5,13,18,2,1,0,0,,,844.76221795
4385969435,3,2023_5_13_1_0,2023,5,13,-3,-3,-3,0,0,1,1,388.5332235
4385969436,3,2023_5_13_1_0,2023,5,13,70,2,1,0,0,,,155.43951227
4385969478,3,2023_5_13_1_0,2023,5,13,23,1,1,0,0,,,2764.5538362
4385969502,3,2023_5_13_1_0,2023,5,13,20,2,1,0,0,,,388.5332235
4385969515,3,2023_5_13_1_0,2023,5,13,78,2,1,0,0,,,155.43951227
4385969517,3,2023_5_13_1_0,2023,5,13,1,2,1,0,0,,,337.96190185
4385969526,3,2023_5_13_1_0,2023,5,13,49,2,1,0,0,,,529.07790877
4385969528,3,2023_5_13_1_0,2023,5,13,33,2,1,0,0,,,155.43951227
4385969529,3,2023_5_13_1_0,2023,5,13,16,1,1,0,0,,,566.30257056
4385969530,3,2023_5_13_1_0,2023,5,13,14,1,5,0,0,,,1150.3392777
4385969537,3,2023_5_13_2_1,2023,5,13,20,2,1,0,0,,,737.26498384
4385969538,3,2023_5_13_2_1,2023,5,13,28,1,1,0,0,,,1154.1851721
4385969541,3,2023_5_13_2_1,2023,5,13,22,1,1,0,0,,,1154.1851721
4385969556,3,2023_5_13_2_1,2023,5,13,26,1,1,0,0,,,250.78664348
4385969587,3,2023_5_13_2_1,2023,5,13,19,2,5,0,0,,,218.14435899
4385969607,3,2023_5_13_2_1,2023,5,13,20,2,1,0,0,,,1855.9613453
4385969618,3,2023_5_13_2_1,2023,5,13,20,1,1,0,0,,,737.26498384
4385969622,3,2023_5_13_2_1,2023,5,13,22,1,3,0,0,,,737.26498384
4385969631,3,2023_5_13_2_1,2023,5,13,9,2,1,0,0,,,737.26498384
4385969633,3,2023_5_13_2_1,2023,5,13,29,1,2,0,0,,,339.09179963
4385969635,3,2023_5_13_2_1,2023,5,13,9,2,1,0,0,,,737.26498384
4385969645,3,2023_5_13_2_1,2023,5,13,49,2,2,0,0,,,2509.4688612
4385969652,3,2023_5_13_2_1,2023,5,13,9,2,5,0,0,,,737.26498384
4385969655,3,2023_5_13_2_1,2023,5,13,27,1,1,0,0,,,135.65960583
4385969656,3,2023_5_13_2_1,2023,5,13,28,2,1,0,0,,,1154.1851721
4385969664,3,2023_5_13_2_1,2023,5,13,31,2,1,0,0,,,294.955753
4385969672,3,2023_5_13_2_1,2023,5,13,23,1,1,0,0,,,737.26498384
4385969680,3,2023_5_13_2_1,2023,5,13,17,1,1,0,0,,,545.2688943
4385969704,3,2023_5_13_2_1,2023,5,13,22,1,1,0,0,,,461.75196708
4385969713,3,2023_5_13_2_1,2023,5,13,34,1,2,0,0,,,250.78664348
4385969722,3,2023_5_13_2_1,2023,5,13,27,2,1,0,0,,,2412.7602964
4385969725,3,2023_5_13_2_1,2023,5,13,83,1,1,0,0,,,461.75196708
4385969729,3,2023_5_13_2_1,2023,5,13,39,2,1,0,0,,,737.26498384
4385969739,3,2023_5_13_2_1,2023,5,13,40,2,1,0,0,,,1003.9569135
4385969751,3,2023_5_13_2_1,2023,5,13,19,1,1,0,0,,,250.78664348
4385969767,3,2023_5_13_2_1,2023,5,13,4,2,1,0,0,,,737.26498384
4385969772,3,2023_5_13_2_1,2023,5,13,7,2,1,0,0,,,737.26498384
4385969775,3,2023_5_13_2_1,2023,5,13,20,2,1,0,0,,,2509.4688612
4385969787,3,2023_5_13_2_1,2023,5,13,26,2,4,0,0,,,461.75196708
4385969794,3,2023_5_13_2_1,2023,5,13,16,1,1,0,0,,,737.26498384
4385969797,3,2023_5_13_2_1,2023,5,13,7,1,5,0,0,,,737.26498384
4385969800,3,2023_5_13_2_1,2023,5,13,12,2,1,0,0,,,737.26498384
4385969802,3,2023_5_13_2_1,2023,5,13,-3,2,-3,0,0,,,1020.2509092
4385969808,3,2023_5_13_2_1,2023,5,13,36,2,1,0,0,,,218.14435899
4385969823,3,2023_5_13_2_1,2023,5,13,24,2,1,0,0,,,135.65960583
4385969845,3,2023_5_13_2_1,2023,5,13,26,1,5,0,0,,,250.78664348
4385969865,3,2023_5_13_2_1,2023,5,13,29,2,2,0,0,,,135.65960583
4385969872,3,2023_5_13_2_1,2023,5,13,6,2,1,0,0,,,737.26498384
4385969874,3,2023_5_13_2_1,2023,5,13,18,1,1,0,0,,,545.2688943
4385969895,3,2023_5_13_2_1,2023,5,13,22,1,1,0,0,,,545.2688943
4385969900,3,2023_5_13_2_1,2023,5,13,2,2,1,0,0,,,545.2688943
4385969924,3,2023_5_13_2_1,2023,5,13,23,1,3,0,0,,,250.78664348
4385969934,3,2023_5_13_2_1,2023,5,13,25,2,1,0,0,,,737.26498384
4385969942,3,2023_5_13_2_1,2023,5,13,21,1,1,0,0,,,853.61611689
4385969947,3,2023_5_13_2_1,2023,5,13,20,2,1,0,0,,,1154.1851721
4385969950,3,2023_5_13_2_1,2023,5,13,20,1,1,0,2.0003801606,,,3777.1659024
4385969953,3,2023_5_13_2_1,2023,5,13,19,2,1,0,0,,,737.26498384
4385969974,3,2023_5_13_2_1,2023,5,13,17,1,1,0,0,,,2509.4688612
4385969976,3,2023_5_13_2_1,2023,5,13,29,1,1,0,0,,,339.09179963
4385969978,3,2023_5_13_2_1,2023,5,13,21,2,-3,0,0,,,1154.1851721
4385969981,3,2023_5_13_2_1,2023,5,13,0,1,1,0,0,,,737.26498384
4385969984,3,2023_5_13_2_1,2023,5,13,76,1,1,0,0,,,135.65960583
4385969985,3,2023_5_13_2_1,2023,5,13,0,1,1,0,0,,,737.26498384
4385969999,3,2023_5_13_2_1,2023,5,13,24,1,1,0,0,,,339.09179963
4385970013,3,2023_5_13_2_1,2023,5,13,70,2,1,0,0,,,100.33158348
4385970054,3,2023_5_13_2_1,2023,5,13,15,2,1,0,0,,,545.2688943
4385970059,3,2023_5_13_2_1,2023,5,13,17,2,1,0,0,,,2509.4688612
4385970071,3,2023_5_13_2_1,2023,5,13,-3,1,-3,0,0,,,1020.2509092
4385970074,3,2023_5_13_2_1,2023,5,13,6,2,1,0,0,,,737.26498384
4385970075,3,2023_5_13_2_1,2023,5,13,16,1,1,0,0,,,2412.7602964
4385970082,3,2023_5_13_2_1,2023,5,13,12,2,1,0,0,,,545.2688943
4385970100,3,2023_5_13_2_1,2023,5,13,18,1,1,0,0,,,250.78664348
4385970110,3,2023_5_13_2_1,2023,5,13,44,1,1,0,0,,,8212.4432412
4385970112,3,2023_5_13_2_1,2023,5,13,19,1,1,0,1.0001900803,,,454.78328891
4385970117,3,2023_5_13_2_1,2023,5,13,18,2,3,0,0,,,737.26498384
4385970128,3,2023_5_13_2_1,2023,5,13,23,1,1,0,0,,,250.78664348
4385970129,3,2023_5_13_2_1,2023,5,13,16,2,1,0,0,,,294.955753
4385970131,3,2023_5_13_2_1,2023,5,13,17,1,1,0,0,,,737.26498384
4385970142,3,2023_5_13_2_1,2023,5,13,14,1,1,0,0,,,2509.4688612
4385970144,3,2023_5_13_2_1,2023,5,13,10,2,1,0,0,,,737.26498384
4385970146,3,2023_5_13_2_1,2023,5,13,13,2,1,0,0,,,294.955753
4385970148,3,2023_5_13_2_1,2023,5,13,3,1,1,0,0,,,545.2688943
4385970158,3,2023_5_13_2_1,2023,5,13,10,2,1,0,0,,,737.26498384
4385970170,3,2023_5_13_2_1,2023,5,13,16,1,1,0,0,,,294.955753
4385970175,3,2023_5_13_2_1,2023,5,13,-3,-3,-3,0,0,,,339.09179963
4385970186,3,2023_5_13_2_1,2023,5,13,22,2,1,0,0,,,339.09179963
4385970193,3,2023_5_13_2_1,2023,5,13,2,1,1,0,0,,,545.2688943
4385970200,3,2023_5_13_2_1,2023,5,13,17,2,1,0,0,,,737.26498384
4385970202,3,2023_5_13_2_1,2023,5,13,45,1,1,0,0,,,1109.7058031
4385970204,3,2023_5_13_2_1,2023,5,13,12,1,1,0,0,,,737.26498384
4385970219,3,2023_5_13_2_1,2023,5,13,30,1,1,0,0,,,339.09179963
4385970236,3,2023_5_13_2_1,2023,5,13,13,2,1,0,0,,,1855.9613453
4385970280,3,2023_5_13_2_1,2023,5,13,3,2,5,0,0,,,2509.4688612
4385970290,3,2023_5_13_2_1,2023,5,13,1,2,1,0,0,,,2412.7602964
4385970293,3,2023_5_13_2_1,2023,5,13,25,1,2,0,0,,,1109.7058031
4385970295,3,2023_5_13_2_1,2023,5,13,17,1,1,3.9992396788,4.0007603212,,,545.2688943
4385970299,3,2023_5_13_2_1,2023,5,13,8,2,1,0,0,,,737.26498384
4385970348,3,2023_5_13_2_1,2023,5,13,19,1,1,0,0,,,135.65960583
4385970358,3,2023_5_13_2_1,2023,5,13,65,1,1,0,0,,,461.75196708
4385970368,3,2023_5_13_2_1,2023,5,13,6,1,1,0,0,,,737.26498384
4385970391,3,2023_5_13_2_1,2023,5,13,15,1,3,0,0,,,3343.7396885
4385970418,3,2023_5_13_2_1,2023,5,13,7,1,1,0,0,,,2509.4688612
4385970441,3,2023_5_13_2_1,2023,5,13,9,1,1,0,0,,,545.2688943
4385970442,3,2023_5_13_2_1,2023,5,13,-3,-3,-3,0,0,1,1,250.78664348
4385970473,3,2023_5_13_2_0,2023,5,13,13,1,4,0,0,,,7856.4186243
4385970474,3,2023_5_13_2_0,2023,5,13,7,2,2,0,0,,,7856.4186243
4385970475,3,2023_5_13_2_0,2023,5,13,24,2,1,0,0,,,3613.4187685
4385970512,3,2023_5_13_2_0,2023,5,13,24,2,2,0,0,,,3613.4187685
4385970515,3,2023_5_13_2_0,2023,5,13,35,1,2,0,0,,,7856.4186243
4385970518,3,2023_5_13_2_0,2023,5,13,22,2,4,0,0,,,3613.4187685
4385970525,3,2023_5_13_2_0,2023,5,13,44,2,2,0,0,,,7856.4186243
4385970543,3,2023_5_13_2_0,2023,5,13,16,2,1,0,0,,,25710.776104
4385970544,3,2023_5_13_2_0,2023,5,13,-3,-3,-3,0,0,1,1,3613.4187685
4385970547,3,2023_5_13_2_0,2023,5,13,11,2,3,0,0,,,7856.4186243
4385970558,3,2023_5_13_2_0,2023,5,13,51,1,3,0,0,,,1445.6113841
4385970560,3,2023_5_13_2_0,2023,5,13,29,1,1,0,0,,,1445.6113841
4385970564,3,2023_5_13_2_0,2023,5,13,-3,-3,-3,0,0,1,1,10534.149523
4385970598,3,2023_5_13_2_0,2023,5,13,71,2,3,0,0,,,4730.8821498
4385970604,3,2023_5_13_2_0,2023,5,13,21,1,1,0,0,,,3613.4187685
4385970624,3,2023_5_13_2_0,2023,5,13,74,2,1,0,0,,,2186.0882937
4385970630,3,2023_5_13_2_0,2023,5,13,51,2,1,0,0,,,1445.6113841
4385970640,3,2023_5_13_2_0,2023,5,13,69,1,2,0,0,,,1445.6113841
4385970686,3,2023_5_13_2_0,2023,5,13,57,2,5,0,0,,,1445.6113841
4385970732,3,2023_5_13_2_0,2023,5,13,16,2,1,0,0,,,7856.4186243
4385970736,3,2023_5_13_2_0,2023,5,13,8,2,4,0,0,,,7856.4186243
4385970738,3,2023_5_13_2_0,2023,5,13,15,1,3,0,0,,,7856.4186243
4385970774,3,2023_5_13_2_0,2023,5,13,18,2,4,0,0,,,3613.4187685
4385970796,3,2023_5_13_2_0,2023,5,13,14,2,2,0,0,,,25710.776104
4385970806,3,2023_5_13_2_0,2023,5,13,43,2,1,0,0,,,1445.6113841
4385970828,3,2023_5_13_2_0,2023,5,13,6,2,1,0,0,,,7856.4186243
4385970840,3,2023_5_13_2_0,2023,5,13,10,2,1,0,0,,,3143.0976949
4385970885,3,2023_5_13_2_0,2023,5,13,9,2,1,0,0,,,7856.4186243
4385970888,3,2023_5_13_2_0,2023,5,13,23,2,1,0,0,,,3613.4187685
4385970890,3,2023_5_13_2_0,2023,5,13,10,1,1,0,0,,,7856.4186243
4385970892,3,2023_5_13_2_0,2023,5,13,-3,-3,-3,0,0,1,1,12299.189682
4385970911,3,2023_5_13_2_0,2023,5,13,9,2,1,0,0,,,7856.4186243
4385970912,3,2023_5_13_2_0,2023,5,13,14,1,1,0,0,,,7856.4186243
4385970937,3,2023_5_13_2_0,2023,5,13,10,2,1,0,0,,,7856.4186243
4385970938,3,2023_5_13_2_0,2023,5,13,2,1,1,0,0,,,7856.4186243
4385970951,3,2023_5_13_2_0,2023,5,13,17,1,1,0,0,,,7856.4186243
4385970956,3,2023_5_13_2_0,2023,5,13,85,2,1,0,0,,,3143.0976949
4385970983,3,2023_5_13_2_0,2023,5,13,0,1,1,0,0,,,7856.4186243
4385970986,3,2023_5_13_2_0,2023,5,13,91,2,1,0,0,,,4920.5059693
4385971000,3,2023_5_13_2_0,2023,5,13,24,2,2,0,0,,,3613.4187685
4385971011,3,2023_5_13_2_0,2023,5,13,5,1,1,0,0,,,7856.4186243
4385971021,3,2023_5_13_2_0,2023,5,13,55,1,1,0,0,,,1445.6113841
4385971041,3,2023_5_13_2_0,2023,5,13,11,2,1,0,0,,,26741.318699
4385971060,3,2023_5_13_2_0,2023,5,13,25,1,2,0,0,,,7856.4186243
4385971062,3,2023_5_13_2_0,2023,5,13,23,2,2,0,0,,,26741.318699
4385971132,3,2023_5_13_2_0,2023,5,13,15,1,1,0,0,,,26741.318699
4385971143,3,2023_5_13_2_0,2023,5,13,23,1,3,0,0,,,3613.4187685
4385971145,3,2023_5_13_2_0,2023,5,13,15,1,4,0,0,,,7856.4186243
4385971151,3,2023_5_13_2_0,2023,5,13,10,1,2,0,0,,,7856.4186243
4385971171,3,2023_5_13_2_0,2023,5,13,14,1,1,0,0,,,10536.874984
4385971190,3,2023_5_13_2_0,2023,5,13,14,1,1,0,0,,,7856.4186243
4385971204,3,2023_5_13_2_0,2023,5,13,9,1,1,0,0,,,7856.4186243
4385971216,3,2023_5_13_2_0,2023,5,13,22,1,2,0,0,,,3613.4187685
4385971225,3,2023_5_13_2_0,2023,5,13,28,2,4,0,0,,,3613.4187685
4385971269,3,2023_5_13_2_0,2023,5,13,80,2,1,0,0,,,2003.4100224
4385971315,3,2023_5_13_2_0,2023,5,13,67,2,1,0,0,,,3143.0976949
4385971319,3,2023_5_13_2_0,2023,5,13,55,1,1,0,0,,,3613.4187685
4385971337,3,2023_5_13_2_0,2023,5,13,22,1,5,0,0,,,3613.4187685
4385971338,3,2023_5_13_2_0,2023,5,13,20,2,1,0,0,,,7856.4186243
4385971353,3,2023_5_13_2_0,2023,5,13,72,2,3,0,0,,,4939.1454423
4385971371,3,2023_5_13_2_0,2023,5,13,22,2,2,0,0,,,12299.189682
4385971384,3,2023_5_13_2_0,2023,5,13,15,1,1,0,0,,,7856.4186243
4385971421,3,2023_5_13_2_0,2023,5,13,21,2,2,0,0,,,1445.6113841
4385971431,3,2023_5_13_2_0,2023,5,13,22,1,1,0,0,,,3613.4187685
4385971471,3,2023_5_13_2_0,2023,5,13,73,1,1,0,0,,,4920.5059693
4385971486,3,2023_5_13_2_0,2023,5,13,62,1,1,0,0,,,12299.189682
4385971496,3,2023_5_13_2_0,2023,5,13,9,1,1,0,0,,,26741.318699
4385971498,3,2023_5_13_2_0,2023,5,13,19,2,1,0,0,,,7856.4186243
4385971508,3,2023_5_13_2_0,2023,5,13,17,2,1,0,0,,,25710.776104
4385971529,3,2023_5_13_2_0,2023,5,13,35,2,2,0,0,,,3613.4187685
4385971537,3,2023_5_13_2_0,2023,5,13,50,1,1,0,0,,,4920.5059693
4385971543,3,2023_5_13_2_0,2023,5,13,2,2,1,0,0,,,5464.2987437
4385971547,3,2023_5_13_2_0,2023,5,13,18,2,1,0,0,,,4920.5059693
4385971571,3,2023_5_13_2_0,2023,5,13,67,2,3,0,0,,,3143.0976949
4385971599,3,2023_5_13_2_0,2023,5,13,36,1,2,0,0,,,7856.4186243
4385971622,3,2023_5_13_2_0,2023,5,13,91,2,1,0,0,,,4920.5059693
4385971628,3,2023_5_13_2_0,2023,5,13,0,2,1,0,0,,,7856.4186243
4385971645,3,2023_5_13_2_0,2023,5,13,26,1,4,0,0,,,4920.5059693
4385971655,3,2023_5_13_2_0,2023,5,13,30,1,2,0,0,,,3613.4187685
4385971659,3,2023_5_13_2_0,2023,5,13,16,1,5,0,0,,,7856.4186243
4385971665,3,2023_5_13_2_0,2023,5,13,34,1,2,0,0,,,1445.6113841
4385971673,3,2023_5_13_2_0,2023,5,13,60,1,1,0,0,,,4730.8821498
4385971687,3,2023_5_13_2_0,2023,5,13,57,1,4,0,0,,,1445.6113841
4385971710,3,2023_5_13_2_0,2023,5,13,16,1,1,0,0,,,25710.776104
4385971714,3,2023_5_13_2_0,2023,5,13,2,2,1,0,0,,,7856.4186243
4385971715,3,2023_5_13_2_0,2023,5,13,22,2,1,0,0,,,3613.4187685
4385971743,3,2023_5_13_2_0,2023,5,13,29,1,2,0,0,,,11825.210108
4385971757,3,2023_5_13_2_0,2023,5,13,1,1,1,0,0,,,7856.4186243
4385971761,3,2023_5_13_2_0,2023,5,13,20,1,2,0,0,,,3613.4187685
4385971773,3,2023_5_13_2_0,2023,5,13,33,2,1,0,0,,,1445.6113841
4385971775,3,2023_5_13_2_0,2023,5,13,4,1,4,0,0,,,7856.4186243
4385971810,3,2023_5_13_2_0,2023,5,13,17,1,2,0,0,,,7856.4186243
4385971822,3,2023_5_13_2_0,2023,5,13,28,2,2,0,0,,,25710.776104
4385971828,3,2023_5_13_2_0,2023,5,13,88,1,1,0,0,,,5137.1168976
4385971917,3,2023_5_13_2_0,2023,5,13,60,2,2,0,0,,,1445.6113841
4385971974,3,2023_5_13_2_0,2023,5,13,12,1,1,0,0,,,7856.4186243
4385971975,3,2023_5_13_2_0,2023,5,13,11,1,3,0,0,,,26741.318699
4385971991,3,2023_5_13_2_0,2023,5,13,1,1,1,0,0,,,7856.4186243
4385972002,3,2023_5_13_2_0,2023,5,13,11,1,1,0,0,,,7856.4186243
4385972044,3,2023_5_13_2_0,2023,5,13,45,1,1,0,0,,,1445.6113841
4385972070,3,2023_5_13_2_0,2023,5,13,82,1,2,0,0,,,1445.6113841
4385972118,3,2023_5_13_2_0,2023,5,13,54,2,1,0,0,,,3143.0976949
4385972130,3,2023_5_13_2_0,2023,5,13,14,2,1,0,0,,,7856.4186243
4385972148,3,2023_5_13_2_0,2023,5,13,38,1,1,0,0,,,4920.5059693
4385972149,3,2023_5_13_2_0,2023,5,13,22,2,1,0,0,,,26741.318699
4385972155,3,2023_5_13_2_0,2023,5,13,58,2,4,0,0,,,3613.4187685
4385972174,3,2023_5_13_2_0,2023,5,13,48,1,2,0,0,,,3143.0976949
4385972224,3,2023_5_13_2_0,2023,5,13,22,1,1,0,0,,,1445.6113841
4385972229,3,2023_5_13_2_0,2023,5,13,16,1,1,0,0,,,7856.4186243
4385972243,3,2023_5_13_2_0,2023,5,13,36,1,3,0,0,,,7856.4186243
4385972287,3,2023_5_13_2_0,2023,5,13,28,2,1,0,0,,,3613.4187685
4385972292,3,2023_5_13_2_0,2023,5,13,9,2,1,0,0,,,3143.0976949
4385972297,3,2023_5_13_2_0,2023,5,13,9,2,4,0,0,,,7856.4186243
4385972299,3,2023_5_13_2_0,2023,5,13,24,2,1,0,0,,,3613.4187685
4385972315,3,2023_5_13_2_0,2023,5,13,21,2,3,0,0,,,7856.4186243
4385972340,3,2023_5_13_2_0,2023,5,13,28,1,1,0,0,,,3613.4187685
4385972343,3,2023_5_13_2_0,2023,5,13,11,2,1,0,0,,,7856.4186243
4385972364,3,2023_5_13_2_0,2023,5,13,29,2,3,0,0,,,1445.6113841
4385972395,3,2023_5_13_2_0,2023,5,13,-3,-3,-3,0,0,,,16593.083222
4385972414,3,2023_5_13_2_0,2023,5,13,26,2,1,0,0,,,7856.4186243
4385972441,3,2023_5_13_2_0,2023,5,13,47,1,1,0,0,,,1445.6113841
4385972456,3,2023_5_13_2_0,2023,5,13,2,1,1,0,0,,,7856.4186243
4385972489,3,2023_5_13_2_0,2023,5,13,18,1,1,0,0,,,11825.210108
4385972493,3,2023_5_13_2_0,2023,5,13,16,2,1,0,0,,,25710.776104
4385972505,3,2023_5_13_2_0,2023,5,13,18,2,1,0,0,,,7856.4186243
4385972535,3,2023_5_13_2_0,2023,5,13,6,1,4,0,0,,,7856.4186243
4385972542,3,2023_5_13_2_0,2023,5,13,27,2,2,0,0,,,3613.4187685
4385972556,3,2023_5_13_2_0,2023,5,13,60,2,2,0,0,,,2003.4100224
4385972559,3,2023_5_13_2_0,2023,5,13,20,2,3,0,0,,,7856.4186243
4385972569,3,2023_5_13_2_0,2023,5,13,18,1,1,0,0,,,3613.4187685
4385972576,3,2023_5_13_2_0,2023,5,13,19,1,1,0,0,,,1445.6113841
4385972583,3,2023_5_13_2_0,2023,5,13,1,2,4,0,0,,,25710.776104
4385972585,3,2023_5_13_2_0,2023,5,13,49,1,3,0,0,,,3613.4187685
4385972591,3,2023_5_13_2_0,2023,5,13,53,2,1,0,0,,,3613.4187685
4385972596,3,2023_5_13_2_0,2023,5,13,8,1,1,0,0,,,7856.4186243
4385972605,3,2023_5_13_2_0,2023,5,13,34,2,1,0,0,1,1,26741.318699
4385972606,3,2023_5_13_2_0,2023,5,13,21,1,1,0,0,,,1445.6113841
4385972640,3,2023_5_13_2_0,2023,5,13,14,1,1,0,0,,,7856.4186243
4385972651,3,2023_5_13_2_0,2023,5,13,45,1,1,0,0,,,1445.6113841
4385972675,3,2023_5_13_2_0,2023,5,13,5,2,1,0,0,,,7856.4186243
4385972693,3,2023_5_13_2_0,2023,5,13,2,1,3,0,0,,,7856.4186243
4385972696,3,2023_5_13_2_0,2023,5,13,14,2,4,0,0,,,7856.4186243
4385972699,3,2023_5_13_2_0,2023,5,13,20,1,5,0,0,,,3613.4187685
4385972720,3,2023_5_13_2_0,2023,5,13,37,1,2,0,0,,,3613.4187685
4385972779,3,2023_5_13_2_0,2023,5,13,27,2,5,0,3.0005702409,,,1445.6113841
4385972803,3,2023_5_13_2_0,2023,5,13,-3,1,-3,0,0,,,3194.1094661
4385972826,3,2023_5_13_2_0,2023,5,13,17,1,2,0,0,,,10286.045712
4385972862,3,2023_5_13_2_0,2023,5,13,13,1,1,0,0,,,7856.4186243
4385972872,3,2023_5_13_2_0,2023,5,13,20,2,1,0,0,,,18599.130362
4385972909,3,2023_5_13_2_0,2023,5,13,15,1,3,0,0,,,7856.4186243
4385972918,3,2023_5_13_2_0,2023,5,13,3,2,2,0,0,,,2726.9527178
4385972923,3,2023_5_13_2_0,2023,5,13,6,1,1,0,0,,,7856.4186243
4385972927,3,2023_5_13_2_0,2023,5,13,18,1,2,0,0,,,3613.4187685
4385972944,3,2023_5_13_2_0,2023,5,13,19,2,1,0,0,,,7856.4186243
4385972970,3,2023_5_13_2_0,2023,5,13,59,1,2,0,0,,,6556.3240698
4385972989,3,2023_5_13_2_0,2023,5,13,28,2,1,0,0,,,10698.332304
4385972995,3,2023_5_13_2_0,2023,5,13,-3,-3,-3,0,0,1,1,4920.5059693
4385973002,3,2023_5_13_2_0,2023,5,13,-3,-3,-3,0,0,1,1,4730.8821498
4385973004,3,2023_5_13_2_0,2023,5,13,1,2,1,0,0,,,7856.4186243
4385973033,3,2023_5_13_2_0,2023,5,13,70,1,1,0,0,,,1445.6113841
4385973055,3,2023_5_13_2_0,2023,5,13,10,1,1,0,3.1042619957,,,5695.4928312
4385973063,3,2023_5_13_2_0,2023,5,13,17,1,1,0,0,,,7856.4186243
4385973090,3,2023_5_13_2_0,2023,5,13,19,1,1,0,0,,,4920.5059693
4385973131,3,2023_5_13_2_0,2023,5,13,16,1,2,0,0,,,25710.776104
4385973155,3,2023_5_13_2_0,2023,5,13,-3,1,2,0,0,1,1,3613.4187685
4385973162,3,2023_5_13_2_0,2023,5,13,19,2,2,0,0,,,25710.776104
4385973169,3,2023_5_13_2_0,2023,5,13,15,2,2,0,0,,,3143.0976949
4385973174,3,2023_5_13_2_0,2023,5,13,28,2,3,0,0,,,7856.4186243
4385973197,3,2023_5_13_2_0,2023,5,13,21,2,2,0,0,,,4730.8821498
4385973198,3,2023_5_13_2_0,2023,5,13,62,1,1,0,0,,,12840.625646
4385973201,3,2023_5_13_2_0,2023,5,13,13,2,-3,0,0,,,7856.4186243
4385973232,3,2023_5_13_2_0,2023,5,13,52,2,4,0,0,1,1,3613.4187685
4385973270,3,2023_5_13_2_0,2023,5,13,2,2,2,0,0,,,7856.4186243
4385973272,3,2023_5_13_2_0,2023,5,13,32,1,1,0,0,,,4920.5059693
4385973312,3,2023_5_13_2_0,2023,5,13,0,2,1,0,0,,,10536.874984
4385973316,3,2023_5_15_1_0,2023,5,15,13,1,1,0,0,,,423.45530802
4385973327,3,2023_5_15_1_0,2023,5,15,24,2,3,0,0,,,446.42069239
4385973331,3,2023_5_15_1_0,2023,5,15,20,1,4,1.9980201219,10.009899391,,,559.10998631
4385973337,3,2023_5_15_1_0,2023,5,15,25,1,4,0,0,,,1079.5111189
4385973339,3,2023_5_15_1_0,2023,5,15,30,1,5,0,0,,,423.45530802
4385973340,3,2023_5_15_1_0,2023,5,15,4,2,4,0,0,,,776.15873783
4385973341,3,2023_5_15_1_0,2023,5,15,30,2,4,0,0,1,1,243.55740983
4385973354,3,2023_5_15_1_0,2023,5,15,16,2,4,0,0,,,231.85444442
4385973355,3,2023_5_15_1_0,2023,5,15,0,1,4,0,0,,,1083.3728158
4385973377,3,2023_5_15_1_0,2023,5,15,5,1,4,0,0,,,423.45530802
4385973387,3,2023_5_15_1_0,2023,5,15,1,2,5,0,0,,,423.45530802
4385973399,3,2023_5_15_1_0,2023,5,15,24,2,4,0,0,,,620.89889304
4385973407,3,2023_5_15_1_0,2023,5,15,-3,-3,-3,0,0,1,1,339.96071169
4385973410,3,2023_5_15_1_0,2023,5,15,22,1,4,0,0,,,1304.261775
4385973411,3,2023_5_15_1_0,2023,5,15,28,2,3,0,0,,,231.85444442
4385973412,3,2023_5_15_1_0,2023,5,15,4,1,4,0,1.0009899391,,,776.15873783
4385973415,3,2023_5_15_1_0,2023,5,15,19,2,4,3.9960402437,4.0039597563,,,447.26774906
4385973416,3,2023_5_15_1_0,2023,5,15,15,1,4,0,0,,,423.45530802
4385973420,3,2023_5_15_1_0,2023,5,15,52,1,4,0,3.0029698172,,,133.35496538
4385973422,3,2023_5_15_1_0,2023,5,15,31,1,3,0,0,,,231.85444442
4385973428,3,2023_5_15_1_0,2023,5,15,50,1,1,0,0,,,339.96071169
4385973435,3,2023_5_15_1_0,2023,5,15,60,1,1,0.9990100609,1.0009899391,,,423.45530802
4385973439,3,2023_5_15_1_0,2023,5,15,65,1,-3,0,0,,,133.35496538
4385973444,3,2023_5_15_1_0,2023,5,15,32,1,4,0,3.0029698172,,,133.35496538
4385973459,3,2023_5_15_1_0,2023,5,15,8,2,4,0,0,,,776.15873783
4385973469,3,2023_5_15_1_0,2023,5,15,8,1,4,0,3.0029698172,,,729.72509747
4385973477,3,2023_5_15_1_0,2023,5,15,70,2,4,0,0,,,591.06461998
4385973483,3,2023_5_15_1_0,2023,5,15,9,1,4,0,0,,,1079.5111189
4385973499,3,2023_5_15_1_0,2023,5,15,65,1,4,0,0,,,133.35496538
4385973501,3,2023_5_15_1_0,2023,5,15,22,1,5,0,0,,,243.55740983
4385973502,3,2023_5_15_1_0,2023,5,15,21,1,4,0,6.0059396344,,,243.55740983
4385973518,3,2023_5_15_1_0,2023,5,15,17,2,5,0,0,,,423.45530802
4385973521,3,2023_5_15_1_0,2023,5,15,32,2,4,0,0,,,243.55740983
4385973522,3,2023_5_15_1_0,2023,5,15,12,1,3,0,0,,,423.45530802
4385973525,3,2023_5_15_1_0,2023,5,15,58,1,1,0,0,,,133.35496538
4385973542,3,2023_5_15_1_0,2023,5,15,34,1,4,0,0,,,231.85444442
4385973546,3,2023_5_15_1_0,2023,5,15,11,1,5,0,0,,,776.15873783
4385973585,3,2023_5_15_1_0,2023,5,15,23,2,4,0,0,,,243.55740983
4385973586,3,2023_5_15_1_0,2023,5,15,83,2,4,0,0,,,339.96071169
4385973587,3,2023_5_15_1_0,2023,5,15,21,1,4,0,0,1,1,243.55740983
4385973598,3,2023_5_15_1_0,2023,5,15,25,1,4,0,0,,,243.55740983
4385973620,3,2023_5_15_1_0,2023,5,15,26,1,4,0,0,,,620.89889304
4385973627,3,2023_5_15_1_0,2023,5,15,23,1,5,0,0,,,423.45530802
4385973642,3,2023_5_15_1_0,2023,5,15,47,1,3,0,0,,,339.96071169
4385973652,3,2023_5_15_1_0,2023,5,15,11,2,4,0,0,,,423.45530802
4385973653,3,2023_5_15_1_0,2023,5,15,21,2,1,0,0,,,243.55740983
4385973665,3,2023_5_15_1_0,2023,5,15,10,1,1,0,0,,,776.15873783
4385973673,3,2023_5_15_1_0,2023,5,15,54,2,5,0,0,,,190.205577
4385973674,3,2023_5_15_1_0,2023,5,15,7,1,3,0,0,,,776.15873783
4385973676,3,2023_5_15_1_0,2023,5,15,24,2,4,0,0,,,620.89889304
4385973685,3,2023_5_15_1_0,2023,5,15,71,1,4,0,36.035637806,,,133.35496538
4385973690,3,2023_5_15_1_0,2023,5,15,33,2,4,0,0,,,339.96071169
4385973691,3,2023_5_15_1_0,2023,5,15,-3,-3,-3,0,0,1,1,133.35496538
4385973697,3,2023_5_15_1_0,2023,5,15,44,1,4,0,0,,,231.85444442
4385973705,3,2023_5_15_1_0,2023,5,15,26,2,4,0,0,,,243.55740983
4385973712,3,2023_5_15_1_0,2023,5,15,8,2,4,0,0,,,423.45530802
4385973725,3,2023_5_15_1_0,2023,5,15,26,2,4,0,0,,,243.55740983
4385973729,3,2023_5_15_1_0,2023,5,15,0,2,4,0,0,,,423.45530802
4385973732,3,2023_5_15_1_0,2023,5,15,15,2,3,0,0,,,423.45530802
4385973733,3,2023_5_15_1_0,2023,5,15,16,2,4,0,0,,,776.15873783
4385973736,3,2023_5_15_1_0,2023,5,15,18,1,5,0,0,,,423.45530802
4385973743,3,2023_5_15_1_0,2023,5,15,21,2,3,0,0,,,243.55740983
4385973752,3,2023_5_15_1_0,2023,5,15,-3,-3,-3,0,0,,,133.35496538
4385973763,3,2023_5_15_1_0,2023,5,15,30,2,-3,0,0,,,339.96071169
4385973764,3,2023_5_15_1_0,2023,5,15,5,1,4,0,0,,,423.45530802
4385973775,3,2023_5_15_1_0,2023,5,15,25,1,5,0,10.009899391,,,423.45530802
4385973778,3,2023_5_15_1_0,2023,5,15,38,1,1,0,0,,,446.42069239
4385973779,3,2023_5_15_1_0,2023,5,15,63,1,3,0,0,,,243.55740983
4385973790,3,2023_5_15_1_0,2023,5,15,26,1,5,0,0,,,137.01557732
4385973800,3,2023_5_15_1_0,2023,5,15,19,1,1,0,0,,,305.03823501
4385973804,3,2023_5_15_1_0,2023,5,15,27,2,1,0,0,,,446.42069239
4385973813,3,2023_5_15_1_0,2023,5,15,18,1,1,0,0,,,776.15873783
4385973833,3,2023_5_15_1_0,2023,5,15,43,2,4,0,0,,,339.96071169
4385973834,3,2023_5_15_1_0,2023,5,15,12,1,4,0,0,,,231.85444442
4385973839,3,2023_5_15_1_0,2023,5,15,21,2,4,0,0,,,339.96071169
4385973840,3,2023_5_15_1_0,2023,5,15,51,2,1,0,0,,,1079.5111189
4385973841,3,2023_5_15_1_0,2023,5,15,46,1,4,0,0,,,133.35496538
4385973848,3,2023_5_15_1_0,2023,5,15,19,2,1,0,0,,,1079.5111189
4385973865,3,2023_5_15_1_0,2023,5,15,17,2,3,0,0,,,1079.5111189
4385973871,3,2023_5_15_1_0,2023,5,15,41,1,1,0,0,,,133.35496538
4385973877,3,2023_5_15_1_0,2023,5,15,30,1,1,0,10.009899391,,,190.205577
4385973885,3,2023_5_15_1_0,2023,5,15,41,1,4,0,0,,,339.96071169
4385973892,3,2023_5_15_1_0,2023,5,15,35,2,-3,0,0,1,1,399.54631303
4385973914,3,2023_5_15_1_0,2023,5,15,17,1,5,0,0,,,591.06461998
4385973915,3,2023_5_15_1_0,2023,5,15,6,1,4,0,0,,,776.15873783
4385973916,3,2023_5_15_1_0,2023,5,15,41,1,4,0,0,,,244.42867913
4385973920,3,2023_5_15_1_0,2023,5,15,16,2,5,0,0,,,776.15873783
4385973922,3,2023_5_15_1_0,2023,5,15,26,2,4,0,0,,,231.85444442
4385973924,3,2023_5_15_1_0,2023,5,15,14,2,3,0,1.0009899391,,,423.45530802
4385973926,3,2023_5_15_1_0,2023,5,15,17,2,1,0,0,,,231.85444442
4385973931,3,2023_5_15_1_0,2023,5,15,5,2,5,0,0,,,423.45530802
4385973935,3,2023_5_15_1_0,2023,5,15,33,1,4,0,0,,,339.96071169
4385973937,3,2023_5_15_1_0,2023,5,15,23,1,4,0.9990100609,0,,,305.03823501
4385973938,3,2023_5_15_1_0,2023,5,15,16,1,5,0,0,,,1079.5111189
4385973940,3,2023_5_15_1_0,2023,5,15,24,2,4,0,0,,,446.42069239
4385973951,3,2023_5_15_1_0,2023,5,15,5,1,1,0,0,,,423.45530802
4385973954,3,2023_5_15_1_0,2023,5,15,1,2,4,0,0,,,423.45530802
4385973964,3,2023_5_15_1_0,2023,5,15,23,2,3,0,0,,,243.55740983
4385973975,3,2023_5_15_1_0,2023,5,15,27,1,4,0,0,,,133.35496538
4385973995,3,2023_5_15_1_0,2023,5,15,88,2,4,0,0,,,339.96071169
4385974017,3,2023_5_15_1_0,2023,5,15,15,1,5,0,0,,,776.15873783
4385974020,3,2023_5_15_1_0,2023,5,15,20,2,1,0,0,,,243.55740983
4385974029,3,2023_5_15_1_0,2023,5,15,27,1,4,1.9980201219,5.0049496953,,,133.35496538
4385974036,3,2023_5_15_1_0,2023,5,15,39,1,4,0,2.0019798781,,,339.96071169
4385974047,3,2023_5_15_1_0,2023,5,15,-3,-3,-3,0,0,,,446.42069239
4385974048,3,2023_5_15_1_0,2023,5,15,66,2,4,0,0,,,161.11902953
4385974067,3,2023_5_15_1_0,2023,5,15,62,2,4,0,0,,,133.35496538
4385974091,3,2023_5_15_1_0,2023,5,15,25,2,4,0,0,,,776.15873783
4385974104,3,2023_5_15_1_0,2023,5,15,32,1,4,0,0,,,446.42069239
4385974105,3,2023_5_15_1_0,2023,5,15,29,1,1,0,0,,,133.35496538
4385974106,3,2023_5_15_1_0,2023,5,15,41,1,1,0,0,,1,133.35496538
4385974107,3,2023_5_15_1_0,2023,5,15,18,1,5,0,0,,,243.55740983
4385974132,3,2023_5_15_1_0,2023,5,15,49,1,4,0,0,,,133.35496538
4385974133,3,2023_5_15_1_0,2023,5,15,1,2,4,0,0,,,423.45530802
4385974136,3,2023_5_15_1_0,2023,5,15,4,1,1,0,0,,,776.15873783
4385974137,3,2023_5_15_1_0,2023,5,15,26,1,3,0,0,,,620.89889304
4385974138,3,2023_5_15_1_0,2023,5,15,-3,-3,-3,0,0,1,1,243.55740983
4385974141,3,2023_5_15_1_0,2023,5,15,7,1,1,0,0,,,776.15873783
4385974143,3,2023_5_15_1_0,2023,5,15,31,2,5,0,0,,,133.35496538
4385974152,3,2023_5_15_1_0,2023,5,15,11,2,1,0,0,,,776.15873783
4385974157,3,2023_5_15_1_0,2023,5,15,15,1,3,0,0,,,776.15873783
4385974163,3,2023_5_15_1_0,2023,5,15,18,1,5,0,3.0029698172,,,423.45530802
4385974164,3,2023_5_15_1_0,2023,5,15,18,2,5,0,0,,,133.35496538
4385974167,3,2023_5_15_1_0,2023,5,15,18,2,1,0,0,,,423.45530802
4385974168,3,2023_5_15_1_0,2023,5,15,12,2,4,0,0,,,776.15873783
4385974169,3,2023_5_15_1_0,2023,5,15,13,2,1,0,0,,,423.45530802
4385974179,3,2023_5_15_1_0,2023,5,15,7,2,1,0,0,,,559.10998631
4385974195,3,2023_5_15_1_0,2023,5,15,47,2,5,0,0,,,133.35496538
4385974196,3,2023_5_15_1_0,2023,5,15,17,1,5,0,0,,,1079.5111189
4385974197,3,2023_5_15_1_0,2023,5,15,13,2,4,0,0,,,231.85444442
4385974205,3,2023_5_15_1_0,2023,5,15,35,1,3,0,0,,,339.96071169
4385974213,3,2023_5_15_1_0,2023,5,15,15,2,3,0,0,,,231.85444442
4385974214,3,2023_5_15_1_0,2023,5,15,22,2,5,0,0,,,243.55740983
4385974223,3,2023_5_15_1_0,2023,5,15,10,1,1,0,0,,,423.45530802
4385974247,3,2023_5_15_1_0,2023,5,15,29,1,1,0,0,,,133.35496538
4385974252,3,2023_5_15_1_0,2023,5,15,20,2,1,0,0,,,423.45530802
4385974270,3,2023_5_15_1_0,2023,5,15,42,2,1,0,0,,,133.35496538
4385974272,3,2023_5_15_1_0,2023,5,15,31,1,1,0,0,,,243.55740983
4385974273,3,2023_5_15_1_0,2023,5,15,15,1,3,0,0,,,1978.6550591
4385974275,3,2023_5_15_1_0,2023,5,15,41,2,4,0,0,,,339.96071169
4385974276,3,2023_5_15_1_0,2023,5,15,68,2,4,0,0,,,424.97011971
4385974286,3,2023_5_15_1_0,2023,5,15,10,1,1,0,0,,,423.45530802
4385974290,3,2023_5_15_1_0,2023,5,15,67,1,1,0,0,,,133.35496538
4385974295,3,2023_5_15_1_0,2023,5,15,25,1,5,0,0,,,620.89889304
4385974309,3,2023_5_15_1_0,2023,5,15,10,2,1,0,0,,,423.45530802
4385974343,3,2023_5_15_1_0,2023,5,15,20,2,5,0,0,,,1079.5111189
4385974345,3,2023_5_15_1_0,2023,5,15,17,1,1,0.9990100609,2.0019798781,,,305.03823501
4385974349,3,2023_5_15_1_0,2023,5,15,-3,-3,-3,0,0,,,214.08825004
4385974353,3,2023_5_15_1_0,2023,5,15,20,1,1,0,0,,,243.55740983
4385974354,3,2023_5_15_1_0,2023,5,15,17,1,1,0,0,,,423.45530802
4385974363,3,2023_5_15_1_0,2023,5,15,31,1,1,1.9980201219,0,,,175.44784777
4385974367,3,2023_5_15_1_0,2023,5,15,52,1,1,0,0,,,244.42867913
4385974368,3,2023_5_15_1_0,2023,5,15,71,1,1,0,0,,,127.28346358
4385974389,3,2023_5_15_1_0,2023,5,15,-3,2,1,0,0,,,258.66071791
4385974390,3,2023_5_15_1_0,2023,5,15,20,2,3,0,2.0019798781,,,243.55740983
4385974403,3,2023_5_15_1_0,2023,5,15,26,2,4,0,0,,,243.55740983
4385974409,3,2023_5_15_1_0,2023,5,15,29,2,4,0,0,,,339.96071169
4385974425,3,2023_5_15_1_0,2023,5,15,40,2,4,0,0,,,776.15873783
4385974428,3,2023_5_15_1_0,2023,5,15,3,2,1,0,0,,,776.15873783
4385974431,3,2023_5_15_1_0,2023,5,15,60,2,4,0,0,,,244.89246799
4385974432,3,2023_5_15_1_0,2023,5,15,91,2,4,0,0,,,339.96071169
4385974436,3,2023_5_15_1_0,2023,5,15,91,2,4,0,0,,,814.19684789
4385974441,3,2023_5_15_1_0,2023,5,15,18,2,5,0,0,,,423.45530802
4385974445,3,2023_5_15_1_0,2023,5,15,19,1,3,0,1.0009899391,,,243.55740983
4385974448,3,2023_5_15_1_0,2023,5,15,17,1,1,0,0,,,1079.5111189
4385974453,3,2023_5_15_1_0,2023,5,15,52,1,5,0,0,,,776.15873783
4385974458,3,2023_5_15_1_0,2023,5,15,10,1,1,0,0,,,1978.6550591
4385974460,3,2023_5_15_1_0,2023,5,15,29,1,1,2.9970301828,0,,,243.55740983
4385974470,3,2023_5_15_1_0,2023,5,15,10,1,5,0,10.009899391,,,777.63145281
4385974475,3,2023_5_15_1_0,2023,5,15,21,2,4,0,0,,,423.45530802
4385974479,3,2023_5_15_1_0,2023,5,15,22,2,5,0,0,,,423.45530802
4385974480,3,2023_5_15_1_0,2023,5,15,23,2,2,0,0,,,133.35496538
4385974485,3,2023_5_15_1_0,2023,5,15,45,1,4,3.9960402437,8.0079195125,,,244.89246799
4385974486,3,2023_5_15_1_0,2023,5,15,22,1,4,0,0,,,243.55740983
4385974487,3,2023_5_15_1_0,2023,5,15,41,1,4,0,0,,,591.06461998
4385974492,3,2023_5_15_1_0,2023,5,15,30,1,4,0,0,,,133.35496538
4385974506,3,2023_5_15_1_0,2023,5,15,-3,-3,-3,0,0,1,1,339.96071169
4385974509,3,2023_5_15_1_0,2023,5,15,45,2,1,0,0,,,244.42867913
4385974522,3,2023_5_15_1_0,2023,5,15,9,1,5,0,0,,,423.45530802
4385974526,3,2023_5_15_1_0,2023,5,15,44,2,4,0,0,,,133.35496538
4385974529,3,2023_5_15_1_0,2023,5,15,29,2,5,0,0,,,620.89889304
4385974530,3,2023_5_15_1_0,2023,5,15,22,2,4,0,0,,,776.15873783
4385974538,3,2023_5_15_1_0,2023,5,15,25,2,1,0,0,,,243.55740983
4385974540,3,2023_5_15_1_0,2023,5,15,16,2,3,0,0,,,776.15873783
4385974543,3,2023_5_15_1_0,2023,5,15,29,1,4,0,0,,,133.35496538
4385974552,3,2023_5_15_1_0,2023,5,15,53,2,4,0,0,,,96.062943356
4385974558,3,2023_5_15_1_0,2023,5,15,47,2,4,0,0,,,133.35496538
4385974563,3,2023_5_15_1_0,2023,5,15,38,2,4,0,0,,,231.85444442
4385974577,3,2023_5_15_1_0,2023,5,15,24,1,3,0,0,,,339.96071169
4385974581,3,2023_5_15_1_0,2023,5,15,32,2,3,0,0,,,243.55740983
4385974595,3,2023_5_15_1_0,2023,5,15,20,1,1,0,0,,,339.96071169
4385974620,3,2023_5_15_1_0,2023,5,15,18,1,5,0,2.0019798781,,,511.61730713
4385974637,3,2023_5_15_1_0,2023,5,15,23,1,1,0,0,,,243.55740983
4385974641,3,2023_5_15_1_0,2023,5,15,7,1,4,0,3.0029698172,,,776.15873783
4385974664,3,2023_5_15_1_0,2023,5,15,24,1,1,0,0,,,243.55740983
4385974666,3,2023_5_15_1_0,2023,5,15,-3,-3,-3,0,0,,,243.55740983
4385974675,3,2023_5_15_1_0,2023,5,15,14,1,1,0,0,,,423.45530802
4385974691,3,2023_5_15_1_0,2023,5,15,20,1,1,0,0,,,776.15873783
4385974701,3,2023_5_15_1_0,2023,5,15,7,1,5,0,0,,,776.15873783
4385974710,3,2023_5_15_1_0,2023,5,15,32,2,1,0,0,,,244.42867913
4385974719,3,2023_5_15_1_0,2023,5,15,-3,-3,-3,0,0,1,1,446.42069239
4385974728,3,2023_5_15_1_0,2023,5,15,21,1,3,0,6.0059396344,,,243.55740983
4385974772,3,2023_5_15_1_0,2023,5,15,12,2,5,0,0,,,776.15873783
4385974780,3,2023_5_15_1_0,2023,5,15,21,1,3,0,0,,,620.89889304
4385974802,3,2023_5_15_1_0,2023,5,15,7,2,3,0,2.0019798781,,,423.45530802
4385974825,3,2023_5_15_1_0,2023,5,15,56,1,4,0,0,,1,133.35496538
4385974826,3,2023_5_15_1_0,2023,5,15,26,1,5,0,10.009899391,,,620.89889304
4385974833,3,2023_5_15_1_0,2023,5,15,20,2,1,0.9990100609,0,,,175.44784777
4385974858,3,2023_5_15_1_0,2023,5,15,90,2,4,0,0,,,133.35496538
4385974878,3,2023_5_15_1_0,2023,5,15,43,1,4,0,0,,,244.89246799
4385974883,3,2023_5_15_1_0,2023,5,15,15,1,5,0,1.0009899391,,,776.15873783
4385974884,3,2023_5_15_1_0,2023,5,15,16,1,4,0,0,,,423.45530802
4385974888,3,2023_5_15_1_0,2023,5,15,71,2,5,0,0,,,133.35496538
4385974895,3,2023_5_15_1_0,2023,5,15,13,2,1,0,0,,,776.15873783
4385974896,3,2023_5_15_1_0,2023,5,15,9,2,4,0,2.0019798781,,,423.45530802
4385974897,3,2023_5_15_1_0,2023,5,15,7,1,5,0,0,,,423.45530802
4385974902,3,2023_5_15_1_0,2023,5,15,84,2,4,0,0,,,324.4826823
4385974911,3,2023_5_15_1_0,2023,5,15,68,2,1,0,0,,,339.96071169
4385974914,3,2023_5_15_1_0,2023,5,15,30,1,4,0,0,,,133.35496538
4385974925,3,2023_5_15_1_0,2023,5,15,24,1,1,0,0,,,243.55740983
4385974932,3,2023_5_15_1_0,2023,5,15,11,1,4,0,1.0009899391,,,511.61730713
4385974995,3,2023_5_15_1_0,2023,5,15,21,2,5,0,0,,,231.85444442
4385975018,3,2023_5_15_1_0,2023,5,15,26,2,4,0,0,,,446.42069239
4385975021,3,2023_5_15_1_0,2023,5,15,-3,1,1,0,0,,,339.96071169
4385975024,3,2023_5_15_1_0,2023,5,15,26,1,4,0,0,,,133.35496538
4385975027,3,2023_5_15_1_0,2023,5,15,91,2,4,0,0,,,339.96071169
4385975031,3,2023_5_15_1_0,2023,5,15,39,1,4,0,0,,,339.96071169
4385975035,3,2023_5_15_1_0,2023,5,15,-3,-3,-3,0,0,1,1,339.96071169
4385975037,3,2023_5_15_1_0,2023,5,15,20,1,4,0,0,,,243.55740983
4385975039,3,2023_5_15_1_0,2023,5,15,47,1,1,0.9990100609,1.0009899391,,,231.85444442
4385975045,3,2023_5_15_1_0,2023,5,15,69,1,5,0,0,,,339.96071169
4385975047,3,2023_5_15_1_0,2023,5,15,18,1,4,0,0,,,423.45530802
4385975055,3,2023_5_15_1_0,2023,5,15,-3,1,5,0,2.0019798781,,,545.77340741
4385975056,3,2023_5_15_1_0,2023,5,15,1,1,5,0,0,,,423.45530802
4385975059,3,2023_5_15_1_0,2023,5,15,32,1,3,0,0,,,133.35496538
4385975063,3,2023_5_15_1_0,2023,5,15,13,1,4,0,0,,,591.06461998
4385975069,3,2023_5_15_1_0,2023,5,15,43,1,4,0,4.0039597563,,,446.42069239
4385975084,3,2023_5_15_1_0,2023,5,15,23,1,5,0,0,,,243.55740983
4385975086,3,2023_5_15_1_0,2023,5,15,51,1,1,0,0,,,190.205577
4385975116,3,2023_5_15_1_0,2023,5,15,44,1,4,0,0,,,1079.5111189
4385975120,3,2023_5_15_1_0,2023,5,15,40,2,4,0,0,,,339.96071169
4385975123,3,2023_5_15_1_0,2023,5,15,10,1,1,0,0,,,776.15873783
4385975134,3,2023_5_15_1_0,2023,5,15,60,1,4,0,0,,,133.35496538
4385975159,3,2023_5_15_1_0,2023,5,15,43,2,1,0,0,,,423.45530802
4385975171,3,2023_5_15_1_0,2023,5,15,65,2,1,0,0,,,133.35496538
4385975181,3,2023_5_15_1_0,2023,5,15,57,1,4,0,0,,,133.35496538
4385975185,3,2023_5_15_1_0,2023,5,15,17,1,4,0,0,,,1978.6550591
4385975187,3,2023_5_15_1_0,2023,5,15,3,2,1,0,0,,,776.15873783
4385975189,3,2023_5_15_1_0,2023,5,15,3,2,1,0,0,,,776.15873783
4385975199,3,2023_5_15_1_0,2023,5,15,4,1,3,0,0,,,776.15873783
4385975201,3,2023_5_15_1_0,2023,5,15,24,1,5,0,0,,,339.96071169
4385975222,3,2023_5_15_1_0,2023,5,15,41,2,4,0,0,,,330.69641057
4385975229,3,2023_5_15_1_0,2023,5,15,22,2,3,0,0,,,243.55740983
4385975232,3,2023_5_15_1_0,2023,5,15,33,1,1,0,0,,,423.45530802
4385975241,3,2023_5_15_1_0,2023,5,15,19,1,3,0,6.8668443354,,,1384.470917
4385975265,3,2023_5_15_1_0,2023,5,15,25,2,4,0,0,,,776.15873783
4385975268,3,2023_5_15_1_0,2023,5,15,8,1,4,0,0,,,423.45530802
4385975273,3,2023_5_15_1_0,2023,5,15,19,2,4,0,0,,,620.89889304
4385975275,3,2023_5_15_1_0,2023,5,15,22,2,4,0,0,,,339.96071169
4385975277,3,2023_5_15_1_0,2023,5,15,12,2,5,0,1.0009899391,,,423.45530802
4385975278,3,2023_5_15_1_0,2023,5,15,72,2,5,0,0,,,410.73941111
4385975280,3,2023_5_15_1_0,2023,5,15,88,2,1,0,0,,,339.96071169
4385975289,3,2023_5_15_1_0,2023,5,15,14,2,4,0,0,,,1079.5111189
4385975297,3,2023_5_15_1_0,2023,5,15,-3,1,4,0,2.0019798781,,,620.89889304
4385975304,3,2023_5_15_1_0,2023,5,15,6,2,3,0,0,,,776.15873783
4385975310,3,2023_5_15_1_0,2023,5,15,17,1,4,0,0,,,1079.5111189
4385975312,3,2023_5_15_1_0,2023,5,15,13,2,4,0,0,,,1079.5111189
4385975331,3,2023_5_15_1_0,2023,5,15,74,2,5,0,0,,,339.96071169
4385975340,3,2023_5_15_1_0,2023,5,15,45,1,5,0,0,,,339.96071169
4385975345,3,2023_5_15_1_0,2023,5,15,44,1,4,0,0,,,339.96071169
4385975347,3,2023_5_15_1_0,2023,5,15,44,2,4,0,0,,,339.96071169
4385975355,3,2023_5_15_1_0,2023,5,15,48,1,4,0,0,,,231.85444442
4385975356,3,2023_5_15_1_0,2023,5,15,58,2,1,0,0,,,133.35496538
4385975359,3,2023_5_15_1_0,2023,5,15,58,2,1,0,0,,,231.85444442
4385975360,3,2023_5_15_1_0,2023,5,15,40,1,5,0,0,,,133.35496538
4385975371,3,2023_5_15_1_0,2023,5,15,36,1,1,0,0,,,423.45530802
4385975386,3,2023_5_15_1_0,2023,5,15,29,2,1,0,0,,,591.06461998
4385975390,3,2023_5_15_1_0,2023,5,15,19,1,1,0,0,,,620.89889304
4385975395,3,2023_5_15_1_0,2023,5,15,24,1,1,0.9990100609,2.0019798781,,,511.61730713
4385975396,3,2023_5_15_1_0,2023,5,15,55,2,3,0,0,,,423.45530802
4385975397,3,2023_5_15_1_0,2023,5,15,49,2,4,0,0,,,339.96071169
4385975410,3,2023_5_15_1_0,2023,5,15,13,1,1,0,0,,,423.45530802
4385975445,3,2023_5_15_1_0,2023,5,15,12,2,3,0,0,,,231.85444442
4385975446,3,2023_5_15_1_0,2023,5,15,-3,-3,-3,0,0,1,1,620.89889304
4385975447,3,2023_5_15_1_0,2023,5,15,17,1,5,7.4381095563,8.2809452218,,,307.12037693
4385975476,3,2023_5_15_1_0,2023,5,15,55,2,3,0,0,,,133.35496538
4385975486,3,2023_5_15_1_0,2023,5,15,29,2,4,3.9960402437,3.0029698172,,,175.44784777
4385975487,3,2023_5_15_1_0,2023,5,15,1,2,1,0,0,,,423.45530802
4385975488,3,2023_5_15_1_0,2023,5,15,17,1,3,0,0,,,231.85444442
4385975494,3,2023_5_15_1_0,2023,5,15,15,1,4,0,0,,,231.85444442
4385975495,3,2023_5_15_1_0,2023,5,15,67,2,4,0,0,,,231.85444442
4385975500,3,2023_5_15_1_0,2023,5,15,24,1,5,0,0,,,330.69641057
4385975517,3,2023_5_15_1_0,2023,5,15,32,1,4,0,0,,,133.35496538
4385975521,3,2023_5_15_1_0,2023,5,15,52,2,4,0,0,,,339.96071169
4385975522,3,2023_5_15_1_0,2023,5,15,25,1,4,0,0,,,339.96071169
4385975533,3,2023_5_15_1_0,2023,5,15,12,1,4,0,0,,,231.85444442
4385975537,3,2023_5_15_1_0,2023,5,15,40,1,2,0,0,,,511.61730713
4385975547,3,2023_5_15_1_0,2023,5,15,76,1,1,0,0,,,594.75005832
4385975549,3,2023_5_15_1_0,2023,5,15,5,2,1,0,0,,,423.45530802
4385975560,3,2023_5_15_1_0,2023,5,15,1,2,5,0,0,,,423.45530802
4385975571,3,2023_5_15_1_0,2023,5,15,14,1,1,0,0,,,423.45530802
4385975572,3,2023_5_15_1_0,2023,5,15,9,2,1,0,0,,,423.45530802
4385975584,3,2023_5_15_1_0,2023,5,15,24,1,4,0,0,,,161.11902953
4385975587,3,2023_5_15_1_0,2023,5,15,9,1,5,0,0,,,423.45530802
4385975599,3,2023_5_15_1_0,2023,5,15,31,1,4,0,0,,,243.55740983
4385975602,3,2023_5_15_1_0,2023,5,15,71,1,1,0,0,,,133.35496538
4385975615,3,2023_5_15_1_0,2023,5,15,26,1,5,0,0,,,243.55740983
4385975624,3,2023_5_15_1_0,2023,5,15,21,2,4,0,1.0009899391,,,133.35496538
4385975640,3,2023_5_15_1_0,2023,5,15,26,2,4,0,0,,,776.15873783
4385975646,3,2023_5_15_1_0,2023,5,15,-3,-3,-3,0,0,,,339.96071169
4385975647,3,2023_5_15_1_0,2023,5,15,27,1,4,0,0,,,339.96071169
4385975652,3,2023_5_15_1_0,2023,5,15,21,2,4,0,0,,,620.89889304
4385975655,3,2023_5_15_1_0,2023,5,15,-3,-3,-3,0,0,1,1,244.89246799
4385975665,3,2023_5_15_1_0,2023,5,15,-3,-3,-3,0,0,,,243.55740983
4385975671,3,2023_5_15_1_0,2023,5,15,-3,1,-3,0,0,,,659.40163156
4385975678,3,2023_5_15_1_0,2023,5,15,73,2,4,0,0,,,96.062943356
4385975685,3,2023_5_15_1_0,2023,5,15,28,1,4,0,0,,,620.89889304
4385975690,3,2023_5_15_1_0,2023,5,15,74,2,4,0,0,1,1,339.96071169
4385975720,3,2023_5_15_1_0,2023,5,15,51,1,4,0,0,,,339.96071169
4385975724,3,2023_5_15_1_0,2023,5,15,10,1,4,0,0,,,423.45530802
4385975726,3,2023_5_15_1_0,2023,5,15,26,1,4,0,0,,,231.85444442
4385975731,3,2023_5_15_1_0,2023,5,15,9,2,5,0,0,,,423.45530802
4385975736,3,2023_5_15_1_0,2023,5,15,52,1,1,0,0,,,244.42867913
4385975747,3,2023_5_15_1_0,2023,5,15,17,2,5,0,0,,,423.45530802
4385975763,3,2023_5_15_1_0,2023,5,15,36,2,4,0,0,,,347.38847211
4385975781,3,2023_5_15_1_0,2023,5,15,32,1,3,0,1.0009899391,,,243.55740983
4385975782,3,2023_5_15_1_0,2023,5,15,38,2,4,0,0,,,776.15873783
4385975787,3,2023_5_15_1_0,2023,5,15,-3,2,4,0,0,,,339.96071169
4385975810,3,2023_5_15_1_0,2023,5,15,3,2,4,0,0,,,1978.6550591
4385975817,3,2023_5_15_1_0,2023,5,15,12,2,3,0,0,,,423.45530802
4385975820,3,2023_5_15_1_0,2023,5,15,42,1,3,0.9990100609,0,,,167.01755572
4385975825,3,2023_5_15_1_0,2023,5,15,67,2,5,0,0,,,133.35496538
4385975850,3,2023_5_15_1_0,2023,5,15,50,1,1,0,0,,,133.35496538
4385975880,3,2023_5_15_1_0,2023,5,15,-3,1,-3,0,0,,,392.40614721
4385975885,3,2023_5_15_1_0,2023,5,15,27,1,4,0,0,,,229.80575108
4385975886,3,2023_5_15_1_0,2023,5,15,15,1,5,0,0,,,423.45530802
4385975891,3,2023_5_15_1_0,2023,5,15,7,1,4,0,0,,,423.45530802
4385975909,3,2023_5_15_1_0,2023,5,15,15,1,5,0,0,,,423.45530802
4385975914,3,2023_5_15_1_0,2023,5,15,20,2,4,0,0,,,423.45530802
4385975917,3,2023_5_15_1_0,2023,5,15,0,1,5,0,0,,,423.45530802
4385975950,3,2023_5_15_1_0,2023,5,15,22,1,4,0,0,,,133.35496538
4385975953,3,2023_5_15_1_0,2023,5,15,42,2,4,0,0,,,133.35496538
4385975955,3,2023_5_15_1_0,2023,5,15,32,1,5,0,0,,,176.07547114
4385975969,3,2023_5_15_1_0,2023,5,15,56,1,4,0,0,,,620.89889304
4385976027,3,2023_5_15_1_0,2023,5,15,58,2,4,0,0,,,133.35496538
4385976038,3,2023_5_15_1_0,2023,5,15,18,2,4,0,0,,,243.55740983
4385976055,3,2023_5_15_1_0,2023,5,15,61,1,4,0,0,,,244.42867913
4385976073,3,2023_5_15_1_0,2023,5,15,37,1,4,0,0,,,1083.3728158
4385976079,3,2023_5_15_1_0,2023,5,15,-3,-3,-3,0,0,1,1,446.42069239
4385976124,3,2023_5_15_1_0,2023,5,15,-3,-3,-3,0,0,1,1,133.35496538
4385976130,3,2023_5_15_1_0,2023,5,15,23,1,3,0,0,,,446.42069239
4385976150,3,2023_5_15_1_0,2023,5,15,28,2,4,0,0,,,133.35496538
4385976154,3,2023_5_15_1_0,2023,5,15,8,1,4,0,0,,,1978.6550591
4385976157,3,2023_5_15_1_0,2023,5,15,14,2,4,0,2.0019798781,,,1978.6550591
4385976162,3,2023_5_15_1_0,2023,5,15,54,1,5,0,3.0029698172,,,133.35496538
4385976167,3,2023_5_15_1_0,2023,5,15,-3,-3,-3,0,0,,,243.55740983
4385976169,3,2023_5_15_1_0,2023,5,15,82,2,4,0,0,,,133.35496538
4385976192,3,2023_5_15_1_0,2023,5,15,2,1,5,0,0,,,776.15873783
4385976222,3,2023_5_15_1_0,2023,5,15,70,1,4,9.9901006093,12.011879269,,,424.97011971
4385976225,3,2023_5_15_1_0,2023,5,15,52,2,4,0,0,,,330.69641057
4385976232,3,2023_5_15_1_0,2023,5,15,28,2,4,0,0,,,620.89889304
4385976236,3,2023_5_15_1_0,2023,5,15,6,2,5,0,0,,,423.45530802
4385976237,3,2023_5_15_1_0,2023,5,15,17,1,4,0,5.0049496953,,,423.45530802
4385976238,3,2023_5_15_1_0,2023,5,15,62,2,4,0,0,,,339.96071169
4385976240,3,2023_5_15_1_0,2023,5,15,22,1,4,0,0,,,133.35496538
4385976243,3,2023_5_15_1_0,2023,5,15,6,2,3,0,2.0019798781,,,776.15873783
4385976255,3,2023_5_15_1_0,2023,5,15,98,2,4,0,0,,,339.96071169
4385976257,3,2023_5_15_1_0,2023,5,15,37,1,4,0,0,,,339.96071169
4385976270,3,2023_5_15_1_0,2023,5,15,59,2,4,0,0,,,339.96071169
4385976287,3,2023_5_15_1_0,2023,5,15,40,1,4,0,1.0009899391,,,591.06461998
4385976288,3,2023_5_15_1_0,2023,5,15,40,1,4,0,0,,,1079.5111189
4385976292,3,2023_5_15_1_0,2023,5,15,28,2,4,0,0,,,243.55740983
4385976293,3,2023_5_15_1_0,2023,5,15,23,2,3,0,0,,,231.85444442
4385976296,3,2023_5_15_1_0,2023,5,15,46,1,1,0,0,,,339.96071169
4385976313,3,2023_5_15_1_0,2023,5,15,18,1,1,0,0,,,175.44784777
4385976319,3,2023_5_15_1_0,2023,5,15,8,2,4,0,0,,,423.45530802
4385976335,3,2023_5_15_1_0,2023,5,15,88,1,4,0,0,,,339.96071169
4385976336,3,2023_5_15_1_0,2023,5,15,10,2,4,0,0,,,423.45530802
4385976364,3,2023_5_15_1_0,2023,5,15,87,2,4,0,0,,,133.35496538
4385976366,3,2023_5_15_1_0,2023,5,15,24,1,3,0,0,,,446.42069239
4385976373,3,2023_5_15_1_0,2023,5,15,62,2,4,0,0,,,423.45530802
4385976399,3,2023_5_15_1_0,2023,5,15,38,1,4,0,0,,,231.85444442
4385976401,3,2023_5_15_1_0,2023,5,15,97,2,4,0,0,,,339.96071169
4385976408,3,2023_5_15_1_0,2023,5,15,17,2,5,0,0,,,776.15873783
4385976409,3,2023_5_15_1_0,2023,5,15,-3,-3,-3,0,0,1,1,339.96071169
4385976429,3,2023_5_15_1_0,2023,5,15,47,1,5,0,0,,,1978.6550591
4385976450,3,2023_5_15_1_0,2023,5,15,6,2,4,0,0,,,776.15873783
4385976456,3,2023_5_15_1_0,2023,5,15,6,1,5,0,0,,,1079.5111189
4385976473,3,2023_5_15_1_0,2023,5,15,60,1,4,0,0,,,446.42069239
4385976483,3,2023_5_15_1_0,2023,5,15,30,1,4,0,0,,,620.89889304
4385976485,3,2023_5_15_1_0,2023,5,15,28,2,4,0,0,,,243.55740983
4385976494,3,2023_5_15_1_0,2023,5,15,75,1,4,0,0,,,231.85444442
4385976498,3,2023_5_15_1_0,2023,5,15,16,2,4,0,0,,,1079.5111189
4385976510,3,2023_5_15_1_0,2023,5,15,83,2,4,0,0,,,133.35496538
4385976512,3,2023_5_15_1_0,2023,5,15,-3,-3,-3,0,0,1,1,819.80498298
4385976525,3,2023_5_15_1_0,2023,5,15,65,2,4,0,0,,,339.96071169
4385976527,3,2023_5_15_1_0,2023,5,15,36,2,4,0,0,,,231.85444442
4385976528,3,2023_5_15_1_0,2023,5,15,18,1,3,0,0,,,423.45530802
4385976529,3,2023_5_15_1_0,2023,5,15,65,2,4,0,0,,,244.42867913
4385976533,3,2023_5_15_1_0,2023,5,15,78,2,4,0,0,,,339.96071169
4385976536,3,2023_5_15_1_0,2023,5,15,3,1,4,0,0,,,423.45530802
4385976542,3,2023_5_15_1_0,2023,5,15,52,1,4,0,1.0009899391,,,339.96071169
4385976544,3,2023_5_15_1_0,2023,5,15,-3,-3,-3,0,0,1,1,175.44784777
4385976546,3,2023_5_15_1_0,2023,5,15,97,2,4,0,0,,,339.96071169
4385976547,3,2023_5_15_1_0,2023,5,15,-3,1,1,0,0,1,1,446.42069239
4385976550,3,2023_5_15_1_0,2023,5,15,18,2,2,0,0,,,446.42069239
4385976558,3,2023_5_15_1_0,2023,5,15,5,1,4,0,0,,,423.45530802
4385976579,3,2023_5_15_1_0,2023,5,15,18,2,1,0,0,,,776.15873783
4385976580,3,2023_5_15_1_0,2023,5,15,17,2,1,0,0,,,776.15873783
4385976586,3,2023_5_15_1_0,2023,5,15,51,2,4,0,0,,,243.55740983
4385976600,3,2023_5_15_1_0,2023,5,15,58,2,4,0,0,,,133.35496538
4385976604,3,2023_5_15_1_0,2023,5,15,27,1,4,0,0,,,133.35496538
4385976605,3,2023_5_15_1_0,2023,5,15,30,1,5,0,0,,,243.55740983
4385976607,3,2023_5_15_1_0,2023,5,15,78,2,3,0,0,,,1083.3728158
4385976613,3,2023_5_15_1_0,2023,5,15,2,2,5,0,0,,,776.15873783
4385976620,3,2023_5_15_1_0,2023,5,15,10,1,2,0,0,,,776.15873783
4385976631,3,2023_5_15_1_0,2023,5,15,19,2,4,0,0,,,243.55740983
4385976649,3,2023_5_15_1_0,2023,5,15,-3,-3,-3,0,0,1,1,243.55740983
4385976655,3,2023_5_15_1_0,2023,5,15,57,1,4,0,0,,,339.96071169
4385976657,3,2023_5_15_1_0,2023,5,15,26,1,4,0,0,,,133.35496538
4385976660,3,2023_5_15_1_0,2023,5,15,14,2,1,0,0,,,776.15873783
4385976668,3,2023_5_15_1_0,2023,5,15,66,1,5,0,0,,,244.42867913
4385976669,3,2023_5_15_1_0,2023,5,15,15,1,4,0,2.0019798781,,,231.85444442
4385976670,3,2023_5_15_1_0,2023,5,15,21,2,4,0,0,,,243.55740983
4385976673,3,2023_5_15_1_0,2023,5,15,4,2,4,0,0,,,1079.5111189
4385976678,3,2023_5_15_1_0,2023,5,15,67,1,5,0,0,,,339.96071169
4385976679,3,2023_5_15_1_0,2023,5,15,56,1,4,0,0,,,190.205577
4385976700,3,2023_5_15_1_0,2023,5,15,46,2,1,0,0,,,776.15873783
4385976744,3,2023_5_15_1_0,2023,5,15,24,1,4,0,0,,,243.55740983
4385976745,3,2023_5_15_1_0,2023,5,15,-3,-3,-3,0,0,1,1,244.42867913
4385976746,3,2023_5_15_1_0,2023,5,15,45,1,4,0,2.0019798781,,,231.85444442
4385976749,3,2023_5_15_1_0,2023,5,15,49,2,4,0,0,,,620.89889304
4385976762,3,2023_5_15_1_0,2023,5,15,13,2,4,0,0,,,1079.5111189
4385976764,3,2023_5_15_1_0,2023,5,15,51,1,4,0,0,,,339.96071169
4385976766,3,2023_5_15_1_0,2023,5,15,2,1,4,0,0,,,423.45530802
4385976767,3,2023_5_15_1_0,2023,5,15,15,1,4,0,0,,,591.06461998
4385976771,3,2023_5_15_1_0,2023,5,15,50,2,4,0,0,,,339.96071169
4385976787,3,2023_5_15_1_0,2023,5,15,6,2,4,0,0,,,423.45530802
4385976788,3,2023_5_15_1_0,2023,5,15,12,1,5,0,0,,,776.15873783
4385976794,3,2023_5_15_1_0,2023,5,15,18,1,5,0,0,,,423.45530802
4385976798,3,2023_5_15_1_0,2023,5,15,37,1,4,0,0,,,591.06461998
4385976843,3,2023_5_15_1_0,2023,5,15,29,1,4,0,0,,,243.55740983
4385976844,3,2023_5_15_1_0,2023,5,15,21,2,1,0,0,,,446.42069239
4385976847,3,2023_5_15_1_0,2023,5,15,-3,-3,-3,0,0,1,1,133.35496538
4385976849,3,2023_5_15_1_0,2023,5,15,6,1,4,0,0,,,423.45530802
4385976886,3,2023_5_15_1_0,2023,5,15,20,2,3,0,0,,,446.42069239
4385976901,3,2023_5_15_1_0,2023,5,15,12,2,3,0,0,,,511.61730713
4385976904,3,2023_5_15_1_0,2023,5,15,14,2,4,0,0,,,423.45530802
4385976905,3,2023_5_15_1_0,2023,5,15,-3,-3,4,0,0,,,243.55740983
4385976908,3,2023_5_15_1_0,2023,5,15,-3,1,1,0,0,,,214.08825004
4385976910,3,2023_5_15_1_0,2023,5,15,12,1,4,0,2.0019798781,,,423.45530802
4385976917,3,2023_5_15_1_0,2023,5,15,25,1,5,0,0,,,243.55740983
4385976921,3,2023_5_15_1_0,2023,5,15,9,2,4,0,0,,,1079.5111189
4385976935,3,2023_5_15_1_0,2023,5,15,2,2,3,0,0,,,423.45530802
4385976943,3,2023_5_15_1_0,2023,5,15,7,2,5,0,0,,,776.15873783
4385976952,3,2023_5_15_1_0,2023,5,15,14,1,4,0,0,,,423.45530802
4385976954,3,2023_5_15_1_0,2023,5,15,-3,1,4,0,0,1,1,190.205577
4385976960,3,2023_5_15_1_0,2023,5,15,42,1,4,0,0,,,339.96071169
4385976965,3,2023_5_15_1_0,2023,5,15,66,1,5,0,0,,,244.42867913
4385976967,3,2023_5_15_1_0,2023,5,15,26,1,1,0,0,,,133.35496538
4385976970,3,2023_5_15_1_0,2023,5,15,12,2,4,0,0,,,423.45530802
4385976976,3,2023_5_15_1_0,2023,5,15,13,1,4,0,0,,,423.45530802
4385976979,3,2023_5_15_1_0,2023,5,15,24,2,4,0,0,,,620.89889304
4385976993,3,2023_5_15_1_0,2023,5,15,18,1,1,0,0,,,423.45530802
4385977006,3,2023_5_15_1_0,2023,5,15,59,1,5,1.9980201219,0,,,96.062943356
4385977009,3,2023_5_15_1_0,2023,5,15,22,2,4,0,0,,,243.55740983
4385977018,3,2023_5_15_1_0,2023,5,15,21,1,1,0,0,,,339.96071169
4385977022,3,2023_5_15_1_0,2023,5,15,9,1,4,0,0,,,776.15873783
4385977025,3,2023_5_15_1_0,2023,5,15,69,2,4,0,0,,,96.062943356
4385977027,3,2023_5_15_1_0,2023,5,15,79,1,4,3.9960402437,10.009899391,,,231.85444442
4385977029,3,2023_5_15_1_0,2023,5,15,-3,-3,-3,0,0,,,339.96071169
4385977030,3,2023_5_15_1_0,2023,5,15,15,1,4,0,0,,,423.45530802
4385977033,3,2023_5_15_1_0,2023,5,15,14,1,4,0,0,,,423.45530802
4385977042,3,2023_5_15_1_0,2023,5,15,17,1,5,0,2.0019798781,,,423.45530802
4385977047,3,2023_5_15_1_0,2023,5,15,10,2,1,0,0,,,423.45530802
4385977057,3,2023_5_15_1_0,2023,5,15,43,1,4,0,0,,,244.42867913
4385977083,3,2023_5_15_1_0,2023,5,15,13,2,4,0,0,,,423.45530802
4385977119,3,2023_5_15_1_0,2023,5,15,47,1,4,0,0,,,339.96071169
4385977135,3,2023_5_15_1_0,2023,5,15,45,2,4,0,0,,,776.15873783
4385977138,3,2023_5_15_1_0,2023,5,15,41,1,4,0,0,,,339.96071169
4385977140,3,2023_5_15_1_0,2023,5,15,50,2,4,0,0,,,423.45530802
4385977171,3,2023_5_25_1_1,2023,5,25,-3,-3,-3,0,0,1,1,125.90015239
4385977172,3,2023_5_25_1_1,2023,5,25,24,1,1,0,5.0086422921,,,598.16675213
4385977177,3,2023_5_25_1_1,2023,5,25,1,2,1,0,0,,,317.41390251
4385977178,3,2023_5_25_1_1,2023,5,25,24,1,1,0,0,,,596.48578561
4385977186,3,2023_5_25_1_1,2023,5,25,22,2,1,0,0,,,126.2549537
4385977191,3,2023_5_25_1_1,2023,5,25,16,1,1,0,0,,,242.45771066
4385977193,3,2023_5_25_1_1,2023,5,25,11,1,5,0,3.0051853752,,,317.41390251
4385977205,3,2023_5_25_1_1,2023,5,25,-3,-3,-3,0,0,1,1,159.83859762
4385977214,3,2023_5_25_1_1,2023,5,25,1,1,4,0,0,,,316.52190685
4385977216,3,2023_5_25_1_1,2023,5,25,18,1,1,0,0,,,1148.7085224
4385977220,3,2023_5_25_1_1,2023,5,25,27,2,1,0,0,,,159.83859762
4385977227,3,2023_5_25_1_1,2023,5,25,35,1,1,7.9861723327,4.0069138336,,,458.19937949
4385977228,3,2023_5_25_1_1,2023,5,25,30,1,1,0,3.0051853752,,,164.82238732
4385977254,3,2023_5_25_1_1,2023,5,25,12,1,1,0,0,,,317.41390251
4385977273,3,2023_5_25_1_1,2023,5,25,23,2,4,0,2.0034569168,,,208.6649155
4385977274,3,2023_5_25_1_1,2023,5,25,24,1,1,0,0,,,164.35920391
4385977275,3,2023_5_25_1_1,2023,5,25,16,1,1,0,0,,,1148.7085224
4385977276,3,2023_5_25_1_1,2023,5,25,-3,-3,-3,0,0,,,164.35920391
4385977287,3,2023_5_25_1_1,2023,5,25,22,2,4,0,0,,,57.49675889
4385977310,3,2023_5_25_1_1,2023,5,25,-3,1,1,0,0,,,100.5993695
4385977315,3,2023_5_25_1_1,2023,5,25,17,1,1,0,6.0103707505,,,317.41390251
4385977336,3,2023_5_25_1_1,2023,5,25,8,1,1,0,0,,,317.41390251
4385977337,3,2023_5_25_1_1,2023,5,25,23,1,1,0,0,,,125.90015239
4385977349,3,2023_5_25_1_1,2023,5,25,13,2,1,0.9982715416,0,,,317.41390251
4385977353,3,2023_5_25_1_1,2023,5,25,20,1,1,0,0,,,596.48578561
4385977363,3,2023_5_25_1_1,2023,5,25,24,1,1,0,0,,,125.90015239
4385977373,3,2023_5_25_1_1,2023,5,25,-3,-3,-3,0,0,1,1,126.2549537
4385977377,3,2023_5_25_1_1,2023,5,25,10,1,1,3.9930861664,24.041483002,,,575.2844427
4385977383,3,2023_5_25_1_1,2023,5,25,42,1,1,0,0,,,57.33518166
4385977385,3,2023_5_25_1_1,2023,5,25,-3,1,-3,0,0,,,57.33518166
4385977388,3,2023_5_25_1_1,2023,5,25,32,2,1,0,0,,,316.52190685
4385977404,3,2023_5_25_1_1,2023,5,25,22,2,1,0,0,,,317.41390251
4385977412,3,2023_5_25_1_1,2023,5,25,6,2,1,0,0,,,243.14098477
4385977427,3,2023_5_25_1_1,2023,5,25,3,2,1,0,0,,,317.41390251
4385977434,3,2023_5_25_1_1,2023,5,25,21,2,5,0,0,,,164.82238732
4385977435,3,2023_5_25_1_1,2023,5,25,4,1,3,0,0,,,316.52190685
4385977436,3,2023_5_25_1_1,2023,5,25,89,2,1,0,0,,,44.0428679
4385977450,3,2023_5_25_1_1,2023,5,25,20,2,1,0,0,,,125.90015239
4385977463,3,2023_5_25_1_1,2023,5,25,84,2,1,0,0,,,44.0428679
4385977464,3,2023_5_25_1_1,2023,5,25,5,2,1,0,0,,,317.41390251
4385977468,3,2023_5_25_1_1,2023,5,25,2,2,1,0,0,,,316.52190685
4385977469,3,2023_5_25_1_1,2023,5,25,16,2,1,0,0,,,879.91773249
4385977472,3,2023_5_25_1_1,2023,5,25,12,1,4,0,0,,,243.14098477
4385977479,3,2023_5_25_1_1,2023,5,25,20,2,1,0,0,,,126.2549537
4385977494,3,2023_5_25_1_1,2023,5,25,45,1,2,0,0,,,208.07852595
4385977499,3,2023_5_25_1_1,2023,5,25,9,1,1,0,0,,,751.01809834
4385977507,3,2023_5_25_1_1,2023,5,25,65,2,4,0,0,,,57.49675889
4385977510,3,2023_5_25_1_1,2023,5,25,-3,-3,-3,0,0,1,1,476.6165315
4385977517,3,2023_5_25_1_1,2023,5,25,19,1,3,0,0,,,316.52190685
4385977552,3,2023_5_25_1_1,2023,5,25,11,1,4,0,0,,,400.71629845
4385977553,3,2023_5_25_1_1,2023,5,25,14,2,1,0,0,,,882.3974433
4385977569,3,2023_5_25_1_1,2023,5,25,20,1,1,0,0,,,125.90015239
4385977574,3,2023_5_25_1_1,2023,5,25,-3,-3,-3,0,0,1,1,1151.945717
4385977575,3,2023_5_25_1_1,2023,5,25,21,2,1,0,0,,,1148.7085224
4385977578,3,2023_5_25_1_1,2023,5,25,20,1,1,0.9982715416,0,,,126.2549537
4385977589,3,2023_5_25_1_1,2023,5,25,19,1,4,0,0,,,243.14098477
4385977601,3,2023_5_25_1_1,2023,5,25,-3,2,1,4.9913577079,4.0069138336,,,131.32972416
4385977606,3,2023_5_25_1_1,2023,5,25,43,1,1,0,0,,,100.99505739
4385977608,3,2023_5_25_1_1,2023,5,25,17,2,2,0,2.0034569168,,,1151.945717
4385977612,3,2023_5_25_1_1,2023,5,25,26,2,1,0,0,,,164.35920391
4385977614,3,2023_5_25_1_1,2023,5,25,36,2,1,0,0,,,1148.7085224
4385977615,3,2023_5_25_1_1,2023,5,25,21,1,1,0,0,,,126.2549537
4385977643,3,2023_5_25_1_1,2023,5,25,24,1,1,0,0,,,596.48578561
4385977645,3,2023_5_25_1_1,2023,5,25,40,1,1,0,55.095065213,,,57.49675889
4385977663,3,2023_5_25_1_1,2023,5,25,20,1,1,0,0,,,164.82238732
4385977677,3,2023_5_25_1_1,2023,5,25,51,2,1,0,0,,,159.83859762
4385977697,3,2023_5_25_1_1,2023,5,25,30,2,1,0,0,,,208.6649155
4385977702,3,2023_5_25_1_1,2023,5,25,11,2,1,0,0,,,316.52190685
4385977703,3,2023_5_25_1_1,2023,5,25,23,1,5,0,0,,,164.82238732
4385977709,3,2023_5_25_1_1,2023,5,25,40,1,4,0,0,,,208.07852595
4385977710,3,2023_5_25_1_1,2023,5,25,-3,-3,-3,0,0,1,1,164.82238732
4385977714,3,2023_5_25_1_1,2023,5,25,3,1,1,0,0,,,243.14098477
4385977715,3,2023_5_25_1_1,2023,5,25,26,1,1,0,0,,,164.35920391
4385977719,3,2023_5_25_1_1,2023,5,25,3,2,3,0,0,,,748.90758939
4385977724,3,2023_5_25_1_1,2023,5,25,4,1,1,3.9930861664,5.0086422921,,,243.14098477
4385977728,3,2023_5_25_1_1,2023,5,25,9,1,1,0,0,,,316.52190685
4385977729,3,2023_5_25_1_1,2023,5,25,10,1,1,3.9930861664,3.0051853752,,,317.41390251
4385977731,3,2023_5_25_1_1,2023,5,25,6,1,1,0,0,,,243.14098477
4385977754,3,2023_5_25_1_1,2023,5,25,15,1,1,0,0,,,882.3974433
4385977755,3,2023_5_25_1_1,2023,5,25,17,2,3,0,0,,,317.41390251
4385977757,3,2023_5_25_1_1,2023,5,25,33,1,1,0,0,,,316.52190685
4385977758,3,2023_5_25_1_1,2023,5,25,29,1,1,0,0,,,164.35920391
4385977759,3,2023_5_25_1_1,2023,5,25,42,2,1,0,0,,,57.33518166
4385977771,3,2023_5_25_1_1,2023,5,25,12,2,1,0,0,,,1148.7085224
4385977773,3,2023_5_25_1_1,2023,5,25,11,1,5,0,0,,,2717.9051807
4385977779,3,2023_5_25_1_1,2023,5,25,22,1,1,1.9965430832,0,,,126.2549537
4385977780,3,2023_5_25_1_1,2023,5,25,28,2,1,0,0,,,164.35920391
4385977786,3,2023_5_25_1_1,2023,5,25,0,2,3,0,0,,,316.52190685
4385977793,3,2023_5_25_1_1,2023,5,25,22,2,1,4.9913577079,3.0051853752,,,164.82238732
4385977797,3,2023_5_25_1_1,2023,5,25,21,1,1,0,0,,,317.41390251
4385977800,3,2023_5_25_1_1,2023,5,25,56,1,1,0,0,,,57.33518166
4385977808,3,2023_5_25_1_1,2023,5,25,16,1,1,0,0,,,243.14098477
4385977825,3,2023_5_25_1_1,2023,5,25,31,1,1,0,0,,,126.2549537
4385977832,3,2023_5_25_1_1,2023,5,25,-3,-3,-3,0,0,1,1,164.82238732
4385977859,3,2023_5_25_1_1,2023,5,25,20,2,1,0,0,,,400.71629845
4385977860,3,2023_5_25_1_1,2023,5,25,-3,-3,-3,0,0,1,1,126.2549537
4385977880,3,2023_5_25_1_1,2023,5,25,10,1,1,0,0,,,879.91773249
4385977886,3,2023_5_25_1_1,2023,5,25,15,1,1,0.9982715416,0,,,317.41390251
4385977900,3,2023_5_25_1_1,2023,5,25,49,1,1,0,0,,,208.07852595
4385977914,3,2023_5_25_1_1,2023,5,25,6,1,3,0,0,,,243.14098477
4385977925,3,2023_5_25_1_1,2023,5,25,9,2,1,0,0,,,1148.7085224
4385977928,3,2023_5_25_1_1,2023,5,25,29,1,1,5.9896292495,0,,,126.2549537
4385977948,3,2023_5_25_1_0,2023,5,25,42,2,1,0,0,,,5985.147311
4385977950,3,2023_5_25_1_0,2023,5,25,17,2,1,0,0,,,11493.767749
4385977953,3,2023_5_25_1_0,2023,5,25,39,2,1,0,0,,,741.49871349
4385977955,3,2023_5_25_1_0,2023,5,25,11,2,1,0,0,,,11493.767749
4385977961,3,2023_5_25_1_0,2023,5,25,78,2,4,0,0,,,1104.7996075
4385977964,3,2023_5_25_1_0,2023,5,25,44,2,3,0,0,,,1104.7996075
4385977968,3,2023_5_25_1_0,2023,5,25,0,2,1,0,0,,,3167.0604107
4385977978,3,2023_5_25_1_0,2023,5,25,7,1,1,0,0,,,11493.767749
4385977991,3,2023_5_25_1_0,2023,5,25,24,1,1,0,0,,,5968.3278669
4385978014,3,2023_5_25_1_0,2023,5,25,27,1,1,0,0,,,2081.9957405
4385978021,3,2023_5_25_1_0,2023,5,25,16,1,1,0,0,,,3167.0604107
4385978031,3,2023_5_25_1_0,2023,5,25,14,2,1,0,0,,,7493.4326069
4385978041,3,2023_5_25_1_0,2023,5,25,21,1,1,0,0,,,5968.3278669
4385978063,3,2023_5_25_1_0,2023,5,25,16,2,3,0,0,1,1,7493.4326069
4385978065,3,2023_5_25_1_0,2023,5,25,60,1,1,0,0,,,7493.4326069
4385978073,3,2023_5_25_1_0,2023,5,25,3,1,4,0,0,,,3167.0604107
4385978130,3,2023_5_25_1_0,2023,5,25,7,1,1,0,0,,,3167.0604107
4385978162,3,2023_5_25_1_0,2023,5,25,4,1,1,0,0,,,3167.0604107
4385978163,3,2023_5_25_1_0,2023,5,25,28,1,1,0,0,,,1099.9203331
4385978169,3,2023_5_25_1_0,2023,5,25,27,1,1,0,0,,,1644.5481863
4385978171,3,2023_5_25_1_0,2023,5,25,2,2,1,0,0,,,3167.0604107
4385978179,3,2023_5_25_1_0,2023,5,25,39,2,1,0,0,,,4009.4941211
4385978189,3,2023_5_25_1_0,2023,5,25,70,2,-3,0,0,,,2087.8630474
4385978235,3,2023_5_25_1_0,2023,5,25,-3,-3,-3,0,0,,,5968.3278669
4385978259,3,2023_5_25_1_0,2023,5,25,17,2,2,0,0,,,3167.0604107
4385978270,3,2023_5_25_1_0,2023,5,25,76,1,1,0,0,,,1104.7996075
4385978274,3,2023_5_25_1_0,2023,5,25,33,1,1,0,0,,,2081.9957405
4385978280,3,2023_5_25_1_0,2023,5,25,8,2,4,0,0,,,11493.767749
4385978285,3,2023_5_25_1_0,2023,5,25,18,1,3,2.6333577511,3.3666422489,,,5342.5567191
4385978298,3,2023_5_25_1_0,2023,5,25,19,2,1,0,0,,,5968.3278669
4385978310,3,2023_5_25_1_0,2023,5,25,14,2,3,0,0,,,3167.0604107
4385978323,3,2023_5_25_1_0,2023,5,25,62,1,1,0,0,,,573.68535967
4385978339,3,2023_5_25_1_0,2023,5,25,13,2,1,0,0,,,3175.9855564
4385978352,3,2023_5_25_1_0,2023,5,25,3,1,5,0,0,,,3167.0604107
4385978358,3,2023_5_25_1_0,2023,5,25,5,1,5,0,0,,,3167.0604107
4385978389,3,2023_5_25_1_0,2023,5,25,13,1,1,0,0,,,3167.0604107
4385978413,3,2023_5_25_1_0,2023,5,25,10,2,1,0,0,,,3167.0604107
4385978424,3,2023_5_25_1_0,2023,5,25,0,1,1,0,0,,,3175.9855564
4385978453,3,2023_5_25_1_0,2023,5,25,-3,-3,-3,0,0,,1,5968.3278669
4385978459,3,2023_5_25_1_0,2023,5,25,29,2,1,0,0,,,3167.0604107
4385978460,3,2023_5_25_1_0,2023,5,25,17,1,1,0,0,,,11493.767749
4385978469,3,2023_5_25_1_0,2023,5,25,61,1,1,0,0,,,3991.7864556
4385978482,3,2023_5_25_1_0,2023,5,25,18,2,1,0,0,,,3167.0604107
4385978498,3,2023_5_25_1_0,2023,5,25,92,2,1,0,0,,,2081.9957405
4385978506,3,2023_5_25_1_0,2023,5,25,18,1,1,0,0,,,5968.3278669
4385978508,3,2023_5_25_1_0,2023,5,25,11,1,1,0,0,,,3167.0604107
4385978512,3,2023_5_25_1_0,2023,5,25,36,2,1,0,0,,,3891.0880769
4385978514,3,2023_5_25_1_0,2023,5,25,13,2,1,0,0,,,3167.0604107
4385978516,3,2023_5_25_1_0,2023,5,25,23,1,1,0,0,,,3733.7049392
4385978521,3,2023_5_25_1_0,2023,5,25,17,2,1,0,0,,,3167.0604107
4385978523,3,2023_5_25_1_0,2023,5,25,36,1,1,2.9948146248,5.0086422921,,,575.30207193
4385978527,3,2023_5_25_1_0,2023,5,25,15,2,1,0,0,,,3175.9855564
4385978535,3,2023_5_25_1_0,2023,5,25,22,1,1,0,0,,,5968.3278669
4385978540,3,2023_5_25_1_0,2023,5,25,21,1,1,0.9982715416,0,,,4003.0357754
4385978549,3,2023_5_25_1_0,2023,5,25,23,1,1,0,0,,,1644.5481863
4385978555,3,2023_5_25_1_0,2023,5,25,8,1,1,0,0,,,3167.0604107
4385978600,3,2023_5_25_1_0,2023,5,25,18,2,1,0,0,,,573.68535967
4385978618,3,2023_5_25_1_0,2023,5,25,39,1,1,0.9982715416,1.0017284584,,,5985.147311
4385978632,3,2023_5_25_1_0,2023,5,25,55,2,1,1.9965430832,0,,,1396.4218487
4385978633,3,2023_5_25_1_0,2023,5,25,39,1,1,0,5.0086422921,,,2087.8630474
4385978634,3,2023_5_25_1_0,2023,5,25,11,2,1,0,0,,,3167.0604107
4385978636,3,2023_5_25_1_0,2023,5,25,16,2,1,0,0,,,3167.0604107
4385978658,3,2023_5_25_1_0,2023,5,25,15,1,3,0,0,,,3167.0604107
4385978676,3,2023_5_25_1_0,2023,5,25,4,2,1,0,0,,,3167.0604107
4385978677,3,2023_5_25_1_0,2023,5,25,7,2,1,0,0,,,3167.0604107
4385978684,3,2023_5_25_1_0,2023,5,25,13,2,1,0,0,,,3167.0604107
4385978685,3,2023_5_25_1_0,2023,5,25,8,2,3,0,0,,,3167.0604107
4385978692,3,2023_5_25_1_0,2023,5,25,48,1,1,0,0,,,1940.6189483
4385978701,3,2023_5_25_1_0,2023,5,25,12,2,1,0,0,,,3167.0604107
4385978705,3,2023_5_25_1_0,2023,5,25,29,1,1,0,0,,,1644.5481863
4385978733,3,2023_5_25_1_0,2023,5,25,20,2,3,0,0,,,1644.5481863
4385978740,3,2023_5_25_1_0,2023,5,25,19,2,1,0,0,,,11493.767749
4385978764,3,2023_5_25_1_0,2023,5,25,19,1,1,0,0,,,1644.5481863
4385978765,3,2023_5_25_1_0,2023,5,25,-3,1,1,0,0,,,4755.5363393
4385978773,3,2023_5_25_1_0,2023,5,25,28,1,1,0,0,,,5968.3278669
4385978780,3,2023_5_25_1_0,2023,5,25,13,2,1,0,0,,,11493.767749
4385978790,3,2023_5_25_1_0,2023,5,25,35,1,1,0,0,,,2081.9957405
4385978794,3,2023_5_25_1_0,2023,5,25,13,1,1,0,0,,,1104.7996075
4385978805,3,2023_5_25_1_0,2023,5,25,-3,2,1,0,0,,,2081.9957405
4385978824,3,2023_5_25_1_0,2023,5,25,55,1,1,0,0,,,1649.1827149
4385978872,3,2023_5_25_1_0,2023,5,25,2,1,1,0,0,,,3167.0604107
4385978913,3,2023_5_25_1_0,2023,5,25,28,2,2,0,0,,,4009.4941211
4385978983,3,2023_5_25_1_0,2023,5,25,8,1,4,0,0,,,3167.0604107
4385978988,3,2023_5_25_1_0,2023,5,25,3,1,1,0,0,,,3167.0604107
4385978995,3,2023_5_25_1_0,2023,5,25,3,1,1,0,0,,,3167.0604107
4385979013,3,2023_5_25_1_0,2023,5,25,17,1,1,0,0,,,11493.767749
4385979018,3,2023_5_25_1_0,2023,5,25,0,1,1,0,0,,,3167.0604107
4385979033,3,2023_5_25_1_0,2023,5,25,30,1,2,0,0,,,573.68535967
4385979035,3,2023_5_25_1_0,2023,5,25,27,-3,3,0,0,,,3891.0880769
4385979038,3,2023_5_25_1_0,2023,5,25,1,2,1,0,0,,,3167.0604107
4385979049,3,2023_5_25_1_0,2023,5,25,1,1,1,0,0,,,11493.767749
4385979051,3,2023_5_25_1_0,2023,5,25,10,2,2,0,0,,,9486.6753672
4385979056,3,2023_5_25_1_0,2023,5,25,-3,-3,-3,0,0,,,4755.5363393
4385979077,3,2023_5_25_1_0,2023,5,25,23,2,4,0,0,,,3891.0880769
4385979089,3,2023_5_25_1_0,2023,5,25,20,2,1,0,0,,,3891.0880769
4385979091,3,2023_5_25_1_0,2023,5,25,92,2,1,0,0,,,575.30207193
4385979094,3,2023_5_25_1_0,2023,5,25,27,2,1,0,0,,,3891.0880769
4385979100,3,2023_5_25_1_0,2023,5,25,24,2,1,0,0,,,3891.0880769
4385979101,3,2023_5_25_1_0,2023,5,25,3,1,4,0,0,,,7493.4326069
4385979107,3,2023_5_25_1_0,2023,5,25,25,1,5,0,0,,,1644.5481863
4385979123,3,2023_5_25_1_0,2023,5,25,25,2,1,0,0,,,3891.0880769
4385979126,3,2023_5_25_1_0,2023,5,25,25,2,1,0,0,,,3891.0880769
4385979144,3,2023_5_25_1_0,2023,5,25,23,2,1,0,0,,,3891.0880769
4385979147,3,2023_5_25_1_0,2023,5,25,38,1,1,0,0,,,2081.9957405
4385979156,3,2023_5_25_1_0,2023,5,25,16,1,4,0,0,,,3167.0604107
4385979168,3,2023_5_25_1_0,2023,5,25,24,1,1,0,0,,,5968.3278669
4385979170,3,2023_5_25_1_0,2023,5,25,17,1,1,0,0,,,3167.0604107
4385979178,3,2023_5_25_1_0,2023,5,25,24,2,1,0,0,,,3891.0880769
4385979183,3,2023_5_25_1_0,2023,5,25,18,2,1,0,0,,,7493.4326069
4385979200,3,2023_5_25_1_0,2023,5,25,29,2,1,0,0,,,3891.0880769
4385979285,3,2023_5_25_1_0,2023,5,25,34,2,3,0,0,,,3891.0880769
4385979311,3,2023_5_25_1_0,2023,5,25,24,2,4,0,0,,,5968.3278669
4385979319,3,2023_5_25_1_0,2023,5,25,5,2,5,0,0,,,3167.0604107
4385979339,3,2023_5_25_1_0,2023,5,25,66,2,4,0,0,,,573.68535967
4385979349,3,2023_5_25_1_0,2023,5,25,30,1,1,0,0,,,1644.5481863
4385979351,3,2023_5_25_1_0,2023,5,25,16,1,4,0,0,,,1940.6189483
4385979361,3,2023_5_25_1_0,2023,5,25,-3,-3,-3,0,0,1,1,3891.0880769
4385979384,3,2023_5_25_1_0,2023,5,25,61,2,2,0,0,,,3891.0880769
4385979399,3,2023_5_25_1_0,2023,5,25,37,2,1,0,0,,,2081.9957405
4385979410,3,2023_5_25_1_0,2023,5,25,28,1,1,0,0,,,4009.4941211
4385979432,3,2023_5_25_1_0,2023,5,25,8,1,3,0,0,,,3167.0604107
4385979446,3,2023_5_25_1_0,2023,5,25,10,2,1,0,0,,,7493.4326069
4385979493,3,2023_5_25_1_0,2023,5,25,22,1,1,0,0,,,2081.9957405
4385979507,3,2023_5_25_1_0,2023,5,25,29,2,1,0,0,,,4009.4941211
4385979536,3,2023_5_25_1_0,2023,5,25,-3,-3,-3,0,0,,,2087.8630474
4385979538,3,2023_5_25_1_0,2023,5,25,67,2,1,0,0,,,1104.7996075
4385979539,3,2023_5_25_1_0,2023,5,25,9,1,1,0,0,,,11493.767749
4385979546,3,2023_5_25_1_0,2023,5,25,-3,-3,-3,0,0,1,1,2081.9957405
4385979559,3,2023_5_25_1_0,2023,5,25,5,1,1,0,0,,,3167.0604107
4385979567,3,2023_5_25_1_0,2023,5,25,76,2,1,0,0,,,2669.0961719
4385979573,3,2023_5_25_1_0,2023,5,25,43,1,1,0,0,,,1644.5481863
4385979579,3,2023_5_25_1_0,2023,5,25,5,2,1,0,0,,,3167.0604107
4385979589,3,2023_5_25_1_0,2023,5,25,65,2,3,0,0,,,573.68535967
4385979593,3,2023_5_25_1_0,2023,5,25,9,2,1,0,0,,,3167.0604107
4385979595,3,2023_5_25_1_0,2023,5,25,20,1,1,0,0,,,573.68535967
4385979596,3,2023_5_25_1_0,2023,5,25,9,1,1,0,0,,,3167.0604107
4385979613,3,2023_5_25_1_0,2023,5,25,2,1,1,0,0,,,3167.0604107
4385979622,3,2023_5_25_1_0,2023,5,25,40,1,1,0,0,,,4009.4941211
4385979637,3,2023_5_25_1_0,2023,5,25,-3,-3,-3,0,0,1,1,573.68535967
4385979640,3,2023_5_25_1_0,2023,5,25,35,2,1,0,20.034569168,,,2087.8630474
4385979645,3,2023_5_25_1_0,2023,5,25,11,2,1,0,0,,,7493.4326069
4385979648,3,2023_5_25_1_0,2023,5,25,22,1,1,0,0,,,573.68535967
4385979650,3,2023_5_25_1_0,2023,5,25,1,1,5,0,0,,,3167.0604107
4385979660,3,2023_5_25_1_0,2023,5,25,72,2,1,0,0,,,1007.6982936
4385979662,3,2023_5_25_1_0,2023,5,25,11,1,1,0,0,,,3167.0604107
4385979669,3,2023_5_25_1_0,2023,5,25,17,2,1,0,0,,,3167.0604107
4385979671,3,2023_5_25_1_0,2023,5,25,83,2,4,0,0,,,573.68535967
4385979679,3,2023_5_25_1_0,2023,5,25,14,2,1,0,0,,,3167.0604107
4385979680,3,2023_5_25_1_0,2023,5,25,7,1,1,0,0,,,7493.4326069
4385979699,3,2023_5_25_1_0,2023,5,25,60,1,3,0,0,,,2081.9957405
4385979704,3,2023_5_25_1_0,2023,5,25,11,1,5,0,0,,,3167.0604107
4385979710,3,2023_5_25_1_0,2023,5,25,8,2,1,0,0,,,4009.4941211
4385979738,3,2023_5_25_1_0,2023,5,25,16,1,1,0,0,,,7493.4326069
4385979741,3,2023_5_25_1_0,2023,5,25,15,1,1,0,0,,,11493.767749
4385979764,3,2023_5_25_1_0,2023,5,25,6,2,1,0,0,,,11493.767749
4385979765,3,2023_5_25_1_0,2023,5,25,88,2,4,0,0,,,573.68535967
4385979797,3,2023_5_25_1_0,2023,5,25,13,2,1,0,0,,,7493.4326069
4385979800,3,2023_5_25_1_0,2023,5,25,14,1,1,0,0,,,3167.0604107
4385979814,3,2023_5_25_1_0,2023,5,25,13,2,5,0,0,,,3167.0604107
4385979834,3,2023_5_25_1_0,2023,5,25,16,1,1,0,9.8547422989,,,7394.1555829
4385979842,3,2023_5_25_1_0,2023,5,25,41,2,1,0,0,,,2081.9957405
4385979857,3,2023_5_25_1_0,2023,5,25,35,2,1,0,0,,,573.68535967
4385979862,3,2023_5_25_1_0,2023,5,25,10,2,1,0,0,,,3175.9855564
4385979869,3,2023_5_25_1_0,2023,5,25,26,2,1,0,0,,,1099.9203331
4385979874,3,2023_5_25_1_0,2023,5,25,3,1,3,0,0,,,2118.2195639
4385979883,3,2023_5_25_1_0,2023,5,25,16,2,1,0,0,,,3167.0604107
4385979884,3,2023_5_25_1_0,2023,5,25,2,2,1,0,0,,,3167.0604107
4385979891,3,2023_5_25_1_0,2023,5,25,13,2,4,0,0,,,11493.767749
4385979898,3,2023_5_25_1_0,2023,5,25,-3,-3,-3,0,0,1,1,1.0033100716
4385979918,3,2023_5_25_1_0,2023,5,25,19,1,1,0,0,,,1644.5481863
4385979931,3,2023_5_25_1_0,2023,5,25,20,1,1,0,0,,,573.68535967
4385979935,3,2023_5_25_1_0,2023,5,25,25,2,1,0,0,,,1392.4976279
4385979940,3,2023_5_25_1_0,2023,5,25,63,2,1,0,0,,,573.68535967
4385979955,3,2023_5_25_1_0,2023,5,25,15,2,1,0,0,,,3167.0604107
4385979957,3,2023_5_25_1_0,2023,5,25,3,1,1,0,0,,,3167.0604107
4385979962,3,2023_5_25_1_0,2023,5,25,14,1,1,0,0,,,3167.0604107
4385979966,3,2023_5_25_1_0,2023,5,25,4,1,1,3.3880865054,4.6119134946,,,1845.5337711
4385979985,3,2023_5_25_1_0,2023,5,25,23,1,1,0,0,,,1644.5481863
4385979987,3,2023_5_25_1_0,2023,5,25,1,1,1,0,0,,,3167.0604107
4385979993,3,2023_5_25_1_0,2023,5,25,74,1,1,0,0,,,573.68535967
4385980024,3,2023_5_25_1_0,2023,5,25,8,1,1,0,0,,,3167.0604107
4385980037,3,2023_5_25_1_0,2023,5,25,83,2,1,0,0,,,2081.9957405
4385980042,3,2023_5_25_1_0,2023,5,25,26,1,1,0,0,,,1644.5481863
4385980060,3,2023_5_25_1_0,2023,5,25,50,2,1,0,0,,,2081.9957405
4385980084,3,2023_5_25_1_0,2023,5,25,29,1,1,0,0,,,3891.0880769
4385980094,3,2023_5_25_1_0,2023,5,25,17,1,1,0,0,,,3167.0604107
4385980096,3,2023_5_25_1_0,2023,5,25,11,2,1,0,0,,,11493.767749
4385980117,3,2023_5_25_1_0,2023,5,25,31,1,3,0,0,,,2125.6083041
4385980120,3,2023_5_25_1_0,2023,5,25,36,1,1,0,0,,,2081.9957405
4385980124,3,2023_5_25_1_0,2023,5,25,15,1,1,0,0,,,11526.158527
4385980129,3,2023_5_25_1_0,2023,5,25,12,2,1,0,2.0034569168,,,7514.5499741
4385980130,3,2023_5_25_1_0,2023,5,25,24,2,3,0,0,,,1644.5481863
4385980132,3,2023_5_25_1_0,2023,5,25,57,1,-3,0,0,,,4926.1121501
4385980134,3,2023_5_25_1_0,2023,5,25,16,1,3,0,0,,,7493.4326069
4385980171,3,2023_5_25_1_0,2023,5,25,47,1,1,0,0,,,383.69699178
4385980186,3,2023_5_25_1_0,2023,5,25,0,1,-3,0,0,,,7493.4326069
4385980198,3,2023_5_25_1_0,2023,5,25,27,1,1,0,0,,,1644.5481863
4385980210,3,2023_5_25_1_0,2023,5,25,9,1,1,0,0,,,3167.0604107
4385980219,3,2023_5_25_1_0,2023,5,25,14,1,1,0,0,,,11493.767749
4385980231,3,2023_5_25_1_0,2023,5,25,17,2,5,0,0,,,7493.4326069
4385980248,3,2023_5_25_2_1,2023,5,25,48,2,1,0,0,,,77.856259941
4385980249,3,2023_5_25_2_1,2023,5,25,46,1,1,0,0,,,304.96663447
4385980252,3,2023_5_25_2_1,2023,5,25,34,1,1,0,0,,,1555.4641869
4385980253,3,2023_5_25_2_1,2023,5,25,49,1,1,0,0,,,77.637468498
4385980280,3,2023_5_25_2_1,2023,5,25,19,1,1,0.9982715416,0,,,77.856259941
4385980285,3,2023_5_25_2_1,2023,5,25,40,1,1,0,0,,,701.33225835
4385980289,3,2023_5_25_2_1,2023,5,25,83,1,1,0,0,,,200.48219852
4385980293,3,2023_5_25_2_1,2023,5,25,32,1,1,0,0,,,77.637468498
4385980301,3,2023_5_25_2_1,2023,5,25,20,1,1,0,0,,,200.48219852
4385980306,3,2023_5_25_2_1,2023,5,25,3,2,1,0,0,,,304.96663447
4385980314,3,2023_5_25_2_1,2023,5,25,41,1,1,0,0,,,281.75876548
4385980321,3,2023_5_25_2_1,2023,5,25,12,1,1,0,0,,,1106.7725945
4385980324,3,2023_5_25_2_1,2023,5,25,2,1,1,0,0,,,428.60175656
4385980340,3,2023_5_25_2_1,2023,5,25,-3,1,-3,0,0,,,1046.909349
4385980346,3,2023_5_25_2_1,2023,5,25,42,1,1,0,0,,,77.637468498
4385980352,3,2023_5_25_2_1,2023,5,25,15,1,1,0,0,,,428.60175656
4385980353,3,2023_5_25_2_1,2023,5,25,19,1,5,0,0,,,1106.7725945
4385980361,3,2023_5_25_2_1,2023,5,25,11,1,1,0,0,,,428.60175656
4385980362,3,2023_5_25_2_1,2023,5,25,28,2,1,0.9982715416,2.0034569168,,,158.80521272
4385980363,3,2023_5_25_2_1,2023,5,25,20,1,1,0,0,,,305.82606602
4385980369,3,2023_5_25_2_1,2023,5,25,46,1,1,0,0,,,666.65615642
4385980372,3,2023_5_25_2_1,2023,5,25,26,1,1,0,0,,,223.18570436
4385980375,3,2023_5_25_2_1,2023,5,25,25,1,3,0,0,1,,184.212033
4385980410,3,2023_5_25_2_0,2023,5,25,11,1,1,0,0,,,2985.5882419
4385980413,3,2023_5_25_2_0,2023,5,25,10,1,1,0,0,,,2985.5882419
4385980451,3,2023_5_25_2_0,2023,5,25,6,1,1,0,0,,,2985.5882419
4385980490,3,2023_5_25_2_0,2023,5,25,58,2,3,0,0,,,2247.649281
4385980499,3,2023_5_25_2_0,2023,5,25,-3,-3,-3,0,0,1,1,1235.2845202
4385980505,3,2023_5_25_2_0,2023,5,25,6,2,1,0,0,,,2994.0019778
4385980541,3,2023_5_25_2_0,2023,5,25,63,2,1,0,0,,,1962.6976427
4385980563,3,2023_5_25_2_0,2023,5,25,3,2,1,0,0,,,2985.5882419
4385980568,3,2023_5_25_2_0,2023,5,25,23,1,1,0,0,,,1041.494727
4385980574,3,2023_5_25_2_0,2023,5,25,14,2,1,0,0,,,2985.5882419
4385980575,3,2023_5_25_2_0,2023,5,25,22,1,1,0,0,,,1550.3157792
4385980577,3,2023_5_25_2_0,2023,5,25,25,2,3,0,0,,,540.8132597
4385980581,3,2023_5_25_2_0,2023,5,25,56,2,1,0,0,,,949.95730639
4385980593,3,2023_5_25_2_0,2023,5,25,2,2,1,0,0,,,2985.5882419
4385980595,3,2023_5_25_2_0,2023,5,25,36,1,3,0,0,,,1550.3157792
4385980619,3,2023_5_25_2_0,2023,5,25,20,1,1,0,0,,,4298.7792424
4385980620,3,2023_5_25_2_0,2023,5,25,7,2,1,0,0,,,2985.5882419
4385980630,3,2023_5_25_2_0,2023,5,25,26,2,3,0,0,,,540.8132597
4385980637,3,2023_5_25_2_0,2023,5,25,34,1,2,0,0,,,7064.0598478
4385980666,3,2023_5_25_2_0,2023,5,25,30,2,1,0,0,,,1044.4297807
4385980671,3,2023_5_25_2_0,2023,5,25,17,2,2,0,0,,,2985.5882419
4385980694,3,2023_5_25_2_0,2023,5,25,14,2,1,0,0,,,10835.176282
4385980715,3,2023_5_25_2_0,2023,5,25,28,1,1,0,0,,,1962.6976427
4385980721,3,2023_5_25_2_0,2023,5,25,9,1,1,0,0,,,2985.5882419
4385980723,3,2023_5_25_2_0,2023,5,25,14,1,1,0,0,,,7064.0598478
4385980725,3,2023_5_25_2_0,2023,5,25,0,1,1,0,0,,,2985.5882419
4385980732,3,2023_5_25_2_0,2023,5,25,69,1,1,0,0,,,540.8132597
4385980782,3,2023_5_25_2_0,2023,5,25,66,2,1,0,0,,,1041.494727
4385980807,3,2023_5_25_2_0,2023,5,25,24,1,1,0,0,,,540.8132597
4385980809,3,2023_5_25_2_0,2023,5,25,3,2,1,0,0,,,2985.5882419
4385980819,3,2023_5_25_2_0,2023,5,25,26,2,1,0,0,,,5626.3434202
4385980820,3,2023_5_25_2_0,2023,5,25,26,1,1,0,0,,,1550.3157792
4385980834,3,2023_5_25_2_0,2023,5,25,30,2,1,0,0,,,540.8132597
4385980839,3,2023_5_25_2_0,2023,5,25,9,2,1,0,0,,,2985.5882419
4385980848,3,2023_5_25_2_0,2023,5,25,48,1,1,0,0,,,1962.6976427
4385980852,3,2023_5_25_2_0,2023,5,25,21,1,1,0,1.0017284584,,,1554.6847499
4385980876,3,2023_5_25_2_0,2023,5,25,22,2,3,0,0,,,1550.3157792
4385980878,3,2023_5_25_2_0,2023,5,25,19,1,1,0,0,,,1550.3157792
4385980882,3,2023_5_25_2_0,2023,5,25,22,1,1,0,0,,,1550.3157792
4385980894,3,2023_5_25_2_0,2023,5,25,17,1,1,0,0,,,2985.5882419
4385980895,3,2023_5_25_2_0,2023,5,25,-3,-3,-3,0,0,,,3452.2882329
4385980907,3,2023_5_25_2_0,2023,5,25,14,1,4,0,0,,,2985.5882419
4385980912,3,2023_5_25_2_0,2023,5,25,17,1,1,0,0,,,2985.5882419
4385980925,3,2023_5_25_2_0,2023,5,25,6,1,1,0,0,,,10835.176282
4385980934,3,2023_5_25_2_0,2023,5,25,25,2,4,0,0,,,1550.3157792
4385980936,3,2023_5_25_2_0,2023,5,25,22,1,1,0,0,,,1962.6976427
4385980949,3,2023_5_25_2_0,2023,5,25,40,1,1,0,0,,,1499.5892102
4385980961,3,2023_5_25_2_0,2023,5,25,16,2,1,0,0,,,2985.5882419
4385980972,3,2023_5_25_2_0,2023,5,25,24,2,1,0,0,,,1962.6976427
4385980975,3,2023_5_25_2_0,2023,5,25,15,2,4,0,0,,,2985.5882419
4385980997,3,2023_5_25_2_0,2023,5,25,19,1,1,0,0,,,2985.5882419
4385981003,3,2023_5_25_2_0,2023,5,25,17,1,1,0,0,,,2985.5882419
4385981011,3,2023_5_25_2_0,2023,5,25,17,2,-3,0,0,,,2985.5882419
4385981013,3,2023_5_25_2_0,2023,5,25,9,1,1,0,0,,,2985.5882419
4385981023,3,2023_5_25_2_0,2023,5,25,4,1,1,0,0,,,10835.176282
4385981068,3,2023_5_25_2_0,2023,5,25,33,1,1,0,0,,,1550.3157792
4385981072,3,2023_5_25_2_0,2023,5,25,17,2,2,0,0,,,7064.0598478
4385981084,3,2023_5_25_2_0,2023,5,25,78,2,4,0,0,,,1041.494727
4385981103,3,2023_5_25_2_0,2023,5,25,14,1,1,0,0,,,7064.0598478
4385981104,3,2023_5_25_2_0,2023,5,25,24,1,1,0,0,,,540.8132597
4385981110,3,2023_5_25_2_0,2023,5,25,8,2,1,0,0,,,2985.5882419
4385981118,3,2023_5_25_2_0,2023,5,25,13,2,3,0,0,,,2985.5882419
4385981148,3,2023_5_24_1_1,2023,5,24,8,1,4,0,0,,,2467.650916
4385981150,3,2023_5_24_1_1,2023,5,24,29,2,5,0,0,,,1426.3203357
4385981153,3,2023_5_24_1_1,2023,5,24,21,2,1,0,0,,,373.27138562
4385981157,3,2023_5_24_1_1,2023,5,24,25,1,1,1.0001829279,1.9996341442,,,1449.5237087
4385981158,3,2023_5_24_1_1,2023,5,24,-3,-3,-3,0,0,1,1,77.248111172
4385981159,3,2023_5_24_1_1,2023,5,24,36,1,1,0,0,,,189.11145094
4385981184,3,2023_5_24_1_1,2023,5,24,74,1,1,0,0,,,148.86117868
4385981185,3,2023_5_24_1_1,2023,5,24,-3,-3,-3,0,0,,,1232.0132751
4385981189,3,2023_5_24_1_1,2023,5,24,5,2,1,0,0,,,358.5941184
4385981190,3,2023_5_24_1_1,2023,5,24,55,1,3,0,0,,,373.27138562
4385981191,3,2023_5_24_1_1,2023,5,24,21,1,1,0,0,,,373.27138562
4385981196,3,2023_5_24_1_1,2023,5,24,16,2,1,0,0,,,2704.5960506
4385981217,3,2023_5_24_1_1,2023,5,24,-3,-3,-3,0,0,1,1,192.1879152
4385981228,3,2023_5_24_1_1,2023,5,24,7,2,1,1.0001829279,0,,,364.42772595
4385981232,3,2023_5_24_1_1,2023,5,24,52,1,1,2.0003658558,0,,,364.42772595
4385981249,3,2023_5_24_1_1,2023,5,24,28,2,2,0,0,,,1449.5237087
4385981252,3,2023_5_24_1_1,2023,5,24,35,1,1,0,0,,,295.17545707
4385981264,3,2023_5_24_1_1,2023,5,24,-3,-3,-3,0,0,,,1632.2236818
4385981282,3,2023_5_24_1_1,2023,5,24,39,2,1,0,0,,,719.31361928
4385981302,3,2023_5_24_1_1,2023,5,24,20,2,1,0,0,,,707.79914588
4385981307,3,2023_5_24_1_1,2023,5,24,4,1,1,0,0,,,707.79914588
4385981333,3,2023_5_24_1_1,2023,5,24,25,1,1,0,0,,,373.27138562
4385981334,3,2023_5_24_1_1,2023,5,24,18,1,1,0,0,,,707.79914588
4385981342,3,2023_5_24_1_1,2023,5,24,14,1,4,0,0,,,707.79914588
4385981344,3,2023_5_24_1_1,2023,5,24,19,2,1,0,0,,,373.27138562
4385981349,3,2023_5_24_1_1,2023,5,24,17,1,5,0,0,,,707.79914588
4385981352,3,2023_5_24_1_1,2023,5,24,0,1,1,0,0,,,719.31361928
4385981355,3,2023_5_24_1_1,2023,5,24,53,1,1,0,0,,,2704.5960506
4385981357,3,2023_5_24_1_1,2023,5,24,17,1,4,0,0,,,2428.1497859
4385981368,3,2023_5_24_1_1,2023,5,24,30,1,1,0,4.9990853606,,,379.34376289
4385981370,3,2023_5_24_1_1,2023,5,24,35,-3,3,0,0,,,1249.035536
4385981371,3,2023_5_24_1_1,2023,5,24,20,1,1,0,0,,,2704.5960506
4385981381,3,2023_5_24_1_1,2023,5,24,27,2,3,0,0,,,1280.5311229
4385981393,3,2023_5_24_1_1,2023,5,24,16,2,3,5.380396187,0,,,1261.9541827
4385981394,3,2023_5_24_1_1,2023,5,24,0,2,3,0,0,,,707.79914588
4385981403,3,2023_5_24_1_1,2023,5,24,26,2,1,0,0,,,2428.1497859
4385981406,3,2023_5_24_1_1,2023,5,24,17,2,2,0,0,,,707.79914588
4385981409,3,2023_5_24_1_1,2023,5,24,14,1,1,0,0,,,707.79914588
4385981415,3,2023_5_24_1_1,2023,5,24,77,1,1,0,0,,,78.504783107
4385981424,3,2023_5_24_1_1,2023,5,24,65,2,1,0,0,,,154.95407085
4385981427,3,2023_5_24_1_1,2023,5,24,23,2,1,0,0,,,1449.5237087
4385981440,3,2023_5_24_1_1,2023,5,24,15,2,1,0,0,,,358.5941184
4385981445,3,2023_5_24_1_1,2023,5,24,8,2,1,0,0,,,707.79914588
4385981446,3,2023_5_24_1_1,2023,5,24,8,2,1,0,0,,,358.5941184
4385981481,3,2023_5_24_1_1,2023,5,24,40,2,1,0,0,,,189.11145094
4385981499,3,2023_5_24_1_1,2023,5,24,35,1,1,0,0,,,373.27138562
4385981514,3,2023_5_24_1_1,2023,5,24,20,1,1,20.003658558,0,,,192.1879152
4385981521,3,2023_5_24_1_1,2023,5,24,4,1,1,0,0,,,358.5941184
4385981530,3,2023_5_24_1_1,2023,5,24,4,2,1,0,0,,,707.79914588
4385981538,3,2023_5_24_1_1,2023,5,24,12,1,1,5.0009146394,4.9990853606,,,364.42772595
4385981549,3,2023_5_24_1_1,2023,5,24,58,2,1,0,0,,,358.5941184
4385981554,3,2023_5_24_1_1,2023,5,24,49,1,1,0,0,,,373.27138562
4385981558,3,2023_5_24_1_1,2023,5,24,82,2,1,0,0,,,1012.6180952
4385981561,3,2023_5_24_1_1,2023,5,24,-3,-3,-3,0,0,1,1,634.33220963
4385981573,3,2023_5_24_1_1,2023,5,24,25,1,1,0,0,,,373.27138562
4385981574,3,2023_5_24_1_1,2023,5,24,13,1,1,0,0,,,289.12129243
4385981581,3,2023_5_24_1_1,2023,5,24,6,2,1,0,0,,,364.42772595
4385981584,3,2023_5_24_1_1,2023,5,24,17,2,2,0,0,,,2704.5960506
4385981585,3,2023_5_24_1_1,2023,5,24,21,1,1,2.0003658558,9.9981707212,,,192.1879152
4385981588,3,2023_5_24_1_1,2023,5,24,11,2,3,0,0,,,358.5941184
4385981589,3,2023_5_24_1_1,2023,5,24,29,1,1,0,0,,,373.27138562
4385981590,3,2023_5_24_1_1,2023,5,24,16,2,1,4.0007317115,3.9992682885,,,364.42772595
4385981594,3,2023_5_24_1_1,2023,5,24,34,1,1,0,0,,,1449.5237087
4385981595,3,2023_5_24_1_1,2023,5,24,20,1,1,0,0,,,2428.1497859
4385981620,3,2023_5_24_1_1,2023,5,24,14,1,1,0,0,,,2704.5960506
4385981638,3,2023_5_24_1_1,2023,5,24,13,2,1,2.0003658558,14.997256082,,,1392.5275187
4385981650,3,2023_5_24_1_1,2023,5,24,61,1,1,0,0,,,502.57078056
4385981654,3,2023_5_24_1_1,2023,5,24,15,1,1,4.0007317115,9.9981707212,,,2748.5944073
4385981688,3,2023_5_24_1_1,2023,5,24,21,2,1,0,0,,,299.97737011
4385981696,3,2023_5_24_1_1,2023,5,24,54,2,1,0,0,,,2704.5960506
4385981709,3,2023_5_24_1_1,2023,5,24,3,1,1,0,0,,,358.5941184
4385981718,3,2023_5_24_1_1,2023,5,24,18,1,1,0,0,,,189.11145094
4385981726,3,2023_5_24_1_1,2023,5,24,19,1,4,0,0,,,2748.5944073
4385981735,3,2023_5_24_1_1,2023,5,24,17,1,1,4.0007317115,1.9996341442,,,1392.5275187
4385981741,3,2023_5_24_1_1,2023,5,24,6,1,1,0,0,,,719.31361928
4385981745,3,2023_5_24_1_1,2023,5,24,27,1,1,48.008780538,19.996341442,,,299.97737011
4385981746,3,2023_5_24_1_1,2023,5,24,17,1,1,10.001829279,4.9990853606,,,364.42772595
4385981753,3,2023_5_24_1_1,2023,5,24,26,2,3,0,0,,,1750.2910674
4385981755,3,2023_5_24_1_1,2023,5,24,15,1,1,2.0003658558,7.998536577,,,364.42772595
4385981775,3,2023_5_24_1_1,2023,5,24,84,2,1,0,0,,,154.95407085
4385981778,3,2023_5_24_1_1,2023,5,24,72,1,1,1.0001829279,0.9998170721,,,96.612229198
4385981801,3,2023_5_24_1_1,2023,5,24,16,1,1,0,0,,,2428.1497859
4385981815,3,2023_5_24_1_1,2023,5,24,23,1,1,0,0,,,189.11145094
4385981818,3,2023_5_24_1_1,2023,5,24,-3,-3,-3,0,0,1,1,189.11145094
4385981824,3,2023_5_24_1_1,2023,5,24,24,2,1,0,0,,,592.10041507
4385981825,3,2023_5_24_1_1,2023,5,24,20,2,1,0,0,,,192.1879152
4385981827,3,2023_5_24_1_1,2023,5,24,14,1,1,3.9402674581,0,,,1148.7906248
4385981828,3,2023_5_24_1_1,2023,5,24,54,2,5,1.1520460057,8.4795399434,,,2386.2738019
4385981839,3,2023_5_24_1_1,2023,5,24,17,1,1,1.0001829279,0.9998170721,,,719.31361928
4385981860,3,2023_5_24_1_1,2023,5,24,23,2,1,0,0,,,192.1879152
4385981865,3,2023_5_24_1_1,2023,5,24,24,2,1,1.0001829279,0,,,364.42772595
4385981871,3,2023_5_24_1_1,2023,5,24,-3,2,2,0,0,,,373.27138562
4385981879,3,2023_5_24_1_1,2023,5,24,17,1,1,0,0.9998170721,,,2467.650916
4385981895,3,2023_5_24_1_1,2023,5,24,1,2,1,0,0,,,719.31361928
4385981913,3,2023_5_24_1_1,2023,5,24,7,1,3,0,0,,,707.79914588
4385981927,3,2023_5_24_1_1,2023,5,24,8,1,1,0,0,,,2748.5944073
4385981933,3,2023_5_24_1_1,2023,5,24,55,1,1,0,0,,,1426.3203357
4385981948,3,2023_5_24_1_0,2023,5,24,14,1,1,0,0,,,12519.639513
4385981970,3,2023_5_24_1_0,2023,5,24,58,2,2,0,19.996341442,,,2740.8469189
4385981979,3,2023_5_24_1_0,2023,5,24,26,1,1,0,0,,,962.0143642
4385981987,3,2023_5_24_1_0,2023,5,24,4,1,4,0,0,,,3276.4190985
4385981988,3,2023_5_24_1_0,2023,5,24,52,2,2,0,0,,,705.80406589
4385982006,3,2023_5_24_1_0,2023,5,24,9,2,1,0,0,,,3276.4190985
4385982022,3,2023_5_24_1_0,2023,5,24,18,2,1,0,0,,,12519.639513
4385982055,3,2023_5_24_1_0,2023,5,24,17,2,1,0,0,,,3276.4190985
4385982056,3,2023_5_24_1_0,2023,5,24,63,1,1,0,59.989024327,,,1.0010641691
4385982066,3,2023_5_24_1_0,2023,5,24,28,2,2,0,0,,,3276.4190985
4385982067,3,2023_5_24_1_0,2023,5,24,42,1,2,0,0,,,3276.4190985
4385982072,3,2023_5_24_1_0,2023,5,24,48,1,2,0,0,,,705.80406589
4385982081,3,2023_5_24_1_0,2023,5,24,67,2,2,0,0,,,705.80406589
4385982087,3,2023_5_24_1_0,2023,5,24,51,2,-3,0,0,,,1727.8821314
4385982093,3,2023_5_24_1_0,2023,5,24,3,1,2,0,0,,,11239.963172
4385982105,3,2023_5_24_1_0,2023,5,24,1,1,2,0,0,,,11239.963172
4385982125,3,2023_5_24_1_0,2023,5,24,9,1,2,0,0,,,3276.4190985
4385982134,3,2023_5_24_1_0,2023,5,24,50,2,2,0,0,,,6602.4707938
4385982153,3,2023_5_24_1_0,2023,5,24,6,2,2,0,0,,,3276.4190985
4385982154,3,2023_5_24_1_0,2023,5,24,13,1,2,0,0,,,3276.4190985
4385982157,3,2023_5_24_1_0,2023,5,24,14,1,2,0,0,,,3276.4190985
4385982164,3,2023_5_24_1_0,2023,5,24,5,1,-3,0,0,,,3276.4190985
4385982165,3,2023_5_24_1_0,2023,5,24,10,2,1,0,0,,,12519.639513
4385982167,3,2023_5_24_1_0,2023,5,24,16,1,4,0,0,,,1338.3493464
4385982168,3,2023_5_24_1_0,2023,5,24,19,1,2,0,0.9998170721,,,6709.8797598
4385982172,3,2023_5_24_1_0,2023,5,24,12,2,1,0,0,,,3276.4190985
4385982181,3,2023_5_24_1_0,2023,5,24,23,1,1,0,0,,,1727.8821314
4385982184,3,2023_5_24_1_0,2023,5,24,30,1,4,0,0,,,705.80406589
4385982193,3,2023_5_24_1_0,2023,5,24,32,1,2,0,0,,,6602.4707938
4385982198,3,2023_5_24_1_0,2023,5,24,42,2,2,0,0,,,2696.9725808
4385982203,3,2023_5_24_1_0,2023,5,24,40,1,1,0,0,,,1245.514868
4385982213,3,2023_5_24_1_0,2023,5,24,30,1,4,0,0,,,5927.6090568
4385982220,3,2023_5_24_1_0,2023,5,24,24,1,4,0,0,,,1727.8821314
4385982227,3,2023_5_24_1_0,2023,5,24,48,1,-3,0,0,,,1727.8821314
4385982241,3,2023_5_24_1_0,2023,5,24,61,2,1,0,0,,,6602.4707938
4385982257,3,2023_5_24_1_0,2023,5,24,1,1,2,0,0,,,3276.4190985
4385982295,3,2023_5_24_1_0,2023,5,24,22,1,2,0,0,,,6602.4707938
4385982320,3,2023_5_24_1_0,2023,5,24,29,1,1,0,0,,,5927.6090568
4385982375,3,2023_5_24_1_0,2023,5,24,23,2,2,0,0,,,5927.6090568
4385982386,3,2023_5_24_1_0,2023,5,24,84,2,5,0,0,,,1338.3493464
4385982405,3,2023_5_24_1_0,2023,5,24,15,2,2,0,0,,,11239.963172
4385982411,3,2023_5_24_1_0,2023,5,24,20,1,3,0,0,,,745.13838195
4385982424,3,2023_5_24_1_0,2023,5,24,26,1,4,0,0,,,1727.8821314
4385982442,3,2023_5_24_1_0,2023,5,24,35,2,1,0,0,,,705.80406589
4385982469,3,2023_5_24_1_0,2023,5,24,10,2,1,0,0.9998170721,,,12723.308954
4385982472,3,2023_5_24_1_0,2023,5,24,13,2,1,0,0,,,11239.963172
4385982473,3,2023_5_24_1_0,2023,5,24,28,1,1,0,0,,,962.0143642
4385982480,3,2023_5_24_1_0,2023,5,24,16,1,1,0,0,,,3276.4190985
4385982487,3,2023_5_24_1_0,2023,5,24,18,1,1,0,0,,,3276.4190985
4385982489,3,2023_5_24_1_0,2023,5,24,18,1,3,0,0,,,1727.8821314
4385982498,3,2023_5_24_1_0,2023,5,24,21,2,1,0,0,,,6602.4707938
4385982500,3,2023_5_24_1_0,2023,5,24,16,1,2,0,0,,,3329.7198701
4385982515,3,2023_5_24_1_0,2023,5,24,70,2,2,0,0,,,2696.9725808
4385982520,3,2023_5_24_1_0,2023,5,24,23,1,4,0,0,,,5927.6090568
4385982536,3,2023_5_24_1_0,2023,5,24,10,2,1,0,0,,,3276.4190985
4385982571,3,2023_5_24_1_0,2023,5,24,45,1,4,0,0,,,2696.9725808
4385982575,3,2023_5_24_1_0,2023,5,24,21,1,1,0,0,,,6602.4707938
4385982583,3,2023_5_24_1_0,2023,5,24,6,1,1,0,0,,,12519.639513
4385982592,3,2023_5_24_1_0,2023,5,24,48,2,2,0,0,,,1727.8821314
4385982602,3,2023_5_24_1_0,2023,5,24,62,1,2,0,0,,,1727.8821314
4385982619,3,2023_5_24_1_0,2023,5,24,11,1,5,0,0,,,12519.639513
4385982638,3,2023_5_24_1_0,2023,5,24,2,1,-3,0,0,,,3276.4190985
4385982667,3,2023_5_24_1_0,2023,5,24,4,1,1,0,0,,,3276.4190985
4385982671,3,2023_5_24_1_0,2023,5,24,-3,2,-3,0,0,,,1492.4934255
4385982675,3,2023_5_24_1_0,2023,5,24,9,2,1,0,0,,,3276.4190985
4385982680,3,2023_5_24_1_0,2023,5,24,12,2,4,0,0,,,11239.963172
4385982699,3,2023_5_24_1_0,2023,5,24,13,1,5,0,0,,,3276.4190985
4385982701,3,2023_5_24_1_0,2023,5,24,27,1,1,0,0,,,1727.8821314
4385982702,3,2023_5_24_1_0,2023,5,24,57,1,2,0,0,,,705.80406589
4385982711,3,2023_5_24_1_0,2023,5,24,15,1,1,0,0,,,3276.4190985
4385982725,3,2023_5_24_1_0,2023,5,24,14,1,1,0,0,,,11239.963172
4385982726,3,2023_5_24_1_0,2023,5,24,89,2,1,0,0,,,5114.0134568
4385982744,3,2023_5_24_1_0,2023,5,24,65,2,1,0,0,,,2696.9725808
4385982745,3,2023_5_24_1_0,2023,5,24,23,1,2,0,0,,,1727.8821314
4385982763,3,2023_5_24_1_0,2023,5,24,25,1,1,0,0,,,705.80406589
4385982764,3,2023_5_24_1_0,2023,5,24,25,2,2,0,0,,,2696.9725808
4385982778,3,2023_5_24_1_0,2023,5,24,7,2,1,0,0,,,3276.4190985
4385982782,3,2023_5_24_1_0,2023,5,24,65,2,2,0,0,,,2696.9725808
4385982833,3,2023_5_24_1_0,2023,5,24,20,1,1,0,0,,,3276.4190985
4385982836,3,2023_5_24_1_0,2023,5,24,-3,-3,-3,0,0,,,1727.8821314
4385982840,3,2023_5_24_1_0,2023,5,24,18,1,3,0,0,,,6602.4707938
4385982857,3,2023_5_24_1_0,2023,5,24,11,2,1,0,0,,,3276.4190985
4385982885,3,2023_5_24_1_0,2023,5,24,48,1,1,0,0,,,2421.3055377
4385982887,3,2023_5_24_1_0,2023,5,24,16,1,5,0,0,,,11239.963172
4385982908,3,2023_5_24_1_0,2023,5,24,19,2,1,0,0,,,1727.8821314
4385982909,3,2023_5_24_1_0,2023,5,24,20,2,1,0,0,,,1727.8821314
4385982916,3,2023_5_24_1_0,2023,5,24,12,2,1,0,0,,,3276.4190985
4385982923,3,2023_5_24_1_0,2023,5,24,60,2,1,0,0,,,1727.8821314
4385982925,3,2023_5_24_1_0,2023,5,24,30,1,1,0,0,,,705.80406589
4385982936,3,2023_5_24_1_0,2023,5,24,19,1,1,0,0,,,1727.8821314
4385982952,3,2023_5_24_1_0,2023,5,24,19,1,5,0,0,,,5927.6090568
4385982954,3,2023_5_24_1_0,2023,5,24,68,2,1,0,0,,,705.80406589
4385982963,3,2023_5_24_1_0,2023,5,24,-3,1,4,0,0,1,1,1492.4934255
4385982966,3,2023_5_24_1_0,2023,5,24,20,2,1,0,0,,,1755.9913103
4385982973,3,2023_5_24_1_0,2023,5,24,8,2,1,0,0,,,3276.4190985
4385982981,3,2023_5_24_1_0,2023,5,24,36,2,2,0,0,,,2696.9725808
4385983005,3,2023_5_24_1_0,2023,5,24,34,1,3,0,0,,,3276.4190985
4385983014,3,2023_5_24_1_0,2023,5,24,24,1,1,0,0,,,1727.8821314
4385983020,3,2023_5_24_1_0,2023,5,24,3,2,5,0,0,,,3276.4190985
4385983024,3,2023_5_24_1_0,2023,5,24,32,2,1,0,0,,,705.80406589
4385983026,3,2023_5_24_1_0,2023,5,24,21,2,2,0,0,,,3276.4190985
4385983033,3,2023_5_24_1_0,2023,5,24,11,2,3,0,0,,,3276.4190985
4385983046,3,2023_5_24_1_0,2023,5,24,7,2,1,0,0,,,3276.4190985
4385983048,3,2023_5_24_1_0,2023,5,24,15,2,5,0,10.007028053,,,1358.9177491
4385983060,3,2023_5_24_1_0,2023,5,24,25,2,1,0,0,,,6602.4707938
4385983069,3,2023_5_24_1_0,2023,5,24,11,2,1,0,0,,,11239.963172
4385983087,3,2023_5_24_1_0,2023,5,24,20,2,3,0,0,,,12519.639513
4385983096,3,2023_5_24_1_0,2023,5,24,91,1,4,0,0,,,705.80406589
4385983119,3,2023_5_24_1_0,2023,5,24,-3,-3,-3,0,0,,,5793.6878079
4385983121,3,2023_5_24_1_0,2023,5,24,19,2,1,0,0,,,1727.8821314
4385983122,3,2023_5_24_1_0,2023,5,24,19,2,1,0,0,,,12519.639513
4385983124,3,2023_5_24_1_0,2023,5,24,20,1,5,0,0,,,3276.4190985
4385983130,3,2023_5_24_1_0,2023,5,24,23,1,1,0,0,,,2696.9725808
4385983136,3,2023_5_24_1_0,2023,5,24,36,2,1,0,0,,,705.80406589
4385983137,3,2023_5_24_1_0,2023,5,24,-3,2,4,0,0,,,1727.8821314
4385983138,3,2023_5_24_1_0,2023,5,24,18,2,1,0,0,,,1824.1766488
4385983146,3,2023_5_24_1_0,2023,5,24,20,2,1,0,0,,,1727.8821314
4385983161,3,2023_5_24_1_0,2023,5,24,7,1,1,0,0,,,3276.4190985
4385983165,3,2023_5_24_1_0,2023,5,24,94,2,1,0,0,,,705.80406589
4385983179,3,2023_5_24_1_0,2023,5,24,26,2,1,0,0,,,2696.9725808
4385983187,3,2023_5_24_1_0,2023,5,24,5,2,4,0,0,,,1338.3493464
4385983189,3,2023_5_24_1_0,2023,5,24,5,2,2,0,0,,,11239.963172
4385983193,3,2023_5_24_1_0,2023,5,24,16,2,2,0,0,,,12519.639513
4385983195,3,2023_5_24_1_0,2023,5,24,58,1,1,0,0,,,1245.514868
4385983202,3,2023_5_24_1_0,2023,5,24,23,2,4,0,0,1,1,1727.8821314
4385983215,3,2023_5_24_1_0,2023,5,24,20,2,5,0,0,,,2696.9725808
4385983231,3,2023_5_24_1_0,2023,5,24,48,2,2,0,0,,,3276.4190985
4385983267,3,2023_5_24_1_0,2023,5,24,16,1,1,0,0,,,3276.4190985
4385983271,3,2023_5_24_1_0,2023,5,24,12,1,1,0,0,,,3276.4190985
4385983279,3,2023_5_24_1_0,2023,5,24,22,-3,1,0,0,,,1727.8821314
4385983282,3,2023_5_24_1_0,2023,5,24,16,2,5,0,0,,,3276.4190985
4385983283,3,2023_5_24_1_0,2023,5,24,14,1,4,0,0,,,3276.4190985
4385983313,3,2023_5_24_1_0,2023,5,24,17,2,1,0,0,,,12519.639513
4385983318,3,2023_5_24_1_0,2023,5,24,19,2,3,0,0,,,5927.6090568
4385983389,3,2023_5_24_1_0,2023,5,24,9,1,1,0,0,,,3276.4190985
4385983406,3,2023_5_24_1_0,2023,5,24,63,1,1,0,0,,,705.80406589
4385983419,3,2023_5_24_1_0,2023,5,24,33,1,2,0,0,,,5927.6090568
4385983426,3,2023_5_24_1_0,2023,5,24,11,1,2,0,0,,,4591.2921738
4385983492,3,2023_5_24_1_0,2023,5,24,21,2,4,0,0,,,5927.6090568
4385983497,3,2023_5_24_1_0,2023,5,24,58,1,2,0,0,1,1,2421.3055377
4385983536,3,2023_5_24_1_0,2023,5,24,14,1,1,0,0,,,3276.4190985
4385983553,3,2023_5_24_1_0,2023,5,24,14,2,1,0,0,,,12519.639513
4385983613,3,2023_5_24_1_0,2023,5,24,15,1,1,0,0,,,3329.7198701
4385983615,3,2023_5_24_1_0,2023,5,24,23,2,1,0,0,,,1727.8821314
4385983628,3,2023_5_24_1_0,2023,5,24,63,1,1,0,0,,,2696.9725808
4385983641,3,2023_5_24_1_0,2023,5,24,26,1,5,0,0,,,6602.4707938
4385983649,3,2023_5_24_1_0,2023,5,24,7,1,1,0,0,,,3276.4190985
4385983657,3,2023_5_24_1_0,2023,5,24,55,2,1,0,0,,,1727.8821314
4385983659,3,2023_5_24_1_0,2023,5,24,0,2,1,0,0,,,3276.4190985
4385983669,3,2023_5_24_1_0,2023,5,24,31,1,2,0,0,,,5617.5973254
4385983692,3,2023_5_24_1_0,2023,5,24,0,2,1,0,0,,,3276.4190985
4385983713,3,2023_5_24_1_0,2023,5,24,12,2,-3,0,0,,,3276.4190985
4385983726,3,2023_5_24_1_0,2023,5,24,-3,-3,-3,0,0,1,1,9252.1352036
4385983744,3,2023_5_24_1_0,2023,5,24,16,1,1,0,0,,,3276.4190985
4385983750,3,2023_5_24_1_0,2023,5,24,37,2,1,0,0,,,6602.4707938
4385983766,3,2023_5_24_1_0,2023,5,24,20,1,2,0,0,,,1727.8821314
4385983783,3,2023_5_24_1_0,2023,5,24,67,2,4,0,0,,,1338.3493464
4385983785,3,2023_5_24_1_0,2023,5,24,21,2,4,0,0,,,3276.4190985
4385983798,3,2023_5_24_1_0,2023,5,24,6,2,2,0,0,,,3276.4190985
4385983803,3,2023_5_24_1_0,2023,5,24,-3,1,1,0,0,1,1,4039.6446248
4385983810,3,2023_5_24_1_0,2023,5,24,26,1,1,0,0,,,6602.4707938
4385983821,3,2023_5_24_1_0,2023,5,24,14,2,5,0,0,,,3329.7198701
4385983826,3,2023_5_24_1_0,2023,5,24,13,1,1,0,0,,,3276.4190985
4385983827,3,2023_5_24_1_0,2023,5,24,18,1,1,0,0,,,1824.1766488
4385983835,3,2023_5_24_1_0,2023,5,24,45,1,1,0,0,,,1338.3493464
4385983838,3,2023_5_24_1_0,2023,5,24,12,1,1,0,0,,,3276.4190985
4385983840,3,2023_5_24_1_0,2023,5,24,22,1,1,0,0,,,1853.8523465
4385983842,3,2023_5_24_1_0,2023,5,24,17,1,1,0,0,,,42949.416061
4385983847,3,2023_5_24_1_0,2023,5,24,2,2,1,0,0,,,3276.4190985
4385983853,3,2023_5_24_1_0,2023,5,24,34,1,2,0,0,,,12723.308954
4385983863,3,2023_5_24_1_0,2023,5,24,50,1,3,0,0,,,1727.8821314
4385983869,3,2023_5_24_1_0,2023,5,24,45,1,-3,0,0,,,2696.9725808
4385983876,3,2023_5_24_1_0,2023,5,24,36,2,1,0,0,,,1727.8821314
4385983886,3,2023_5_24_1_0,2023,5,24,47,1,1,0,0,,,705.80406589
4385983907,3,2023_5_24_1_0,2023,5,24,8,2,1,0,0,,,3276.4190985
4385983934,3,2023_5_24_1_0,2023,5,24,16,1,1,0,0,,,3276.4190985
4385983950,3,2023_5_24_1_0,2023,5,24,1,2,1,0,0,,,3276.4190985
4385983998,3,2023_5_24_1_0,2023,5,24,44,1,1,0,0,,,705.80406589
4385984013,3,2023_5_24_1_0,2023,5,24,20,2,1,0,0,,,1755.9913103
4385984022,3,2023_5_24_2_1,2023,5,24,-3,-3,-3,0,0,1,1,871.61485451
4385984034,3,2023_5_24_2_1,2023,5,24,13,2,1,0,0,,,412.87082687
4385984044,3,2023_5_24_2_1,2023,5,24,17,1,1,1.0001829279,0.9998170721,,,439.56776043
4385984052,3,2023_5_24_2_1,2023,5,24,-3,-3,-3,0,0,,1,217.73530885
4385984057,3,2023_5_24_2_1,2023,5,24,72,1,3,0,0,,,319.64486325
4385984058,3,2023_5_24_2_1,2023,5,24,26,1,1,0,0,,,217.73530885
4385984065,3,2023_5_24_2_1,2023,5,24,14,1,5,0,0.9998170721,,,419.58740768
4385984072,3,2023_5_24_2_1,2023,5,24,22,1,1,0,0.9998170721,,,221.2774259
4385984089,3,2023_5_24_2_1,2023,5,24,31,2,1,0,0,,,228.10365689
4385984106,3,2023_5_24_2_0,2023,5,24,15,2,1,0,0,,,4648.7919286
4385984109,3,2023_5_24_2_0,2023,5,24,13,1,5,0,0,,,4648.7919286
4385984116,3,2023_5_24_2_0,2023,5,24,85,1,1,0,0,1,1,4709.2654976
4385984144,3,2023_5_24_2_0,2023,5,24,7,2,1,0,0,,,4648.7919286
4385984146,3,2023_5_24_2_0,2023,5,24,12,2,1,0,0,,,4648.7919286
4385984151,3,2023_5_24_2_0,2023,5,24,0,2,1,0,0,,,4648.7919286
4385984166,3,2023_5_24_2_0,2023,5,24,4,2,1,0,0,,,4648.7919286
4385984168,3,2023_5_24_2_0,2023,5,24,8,1,1,0,0,,,4648.7919286
4385984178,3,2023_5_24_2_0,2023,5,24,17,1,1,0,0,,,4648.7919286
4385984195,3,2023_5_24_2_0,2023,5,24,34,2,1,0,0,,,4648.7919286
4385984197,3,2023_5_24_2_0,2023,5,24,27,2,1,0,0,,,2451.6291306
4385984204,3,2023_5_24_2_0,2023,5,24,56,2,1,0,0,,,17763.661292
4385984206,3,2023_5_24_2_0,2023,5,24,-3,-3,-3,0,0,1,1,2451.6291306
4385984211,3,2023_5_24_2_0,2023,5,24,31,1,1,0,0,,,3826.6363332
4385984216,3,2023_5_24_2_0,2023,5,24,12,1,1,1.0001829279,2.9994512164,,,4724.4184554
4385984221,3,2023_5_24_2_0,2023,5,24,52,1,1,0,0,,,2451.6291306
4385984222,3,2023_5_24_2_0,2023,5,24,23,1,5,0,0,,,2451.6291306
4385984242,3,2023_5_23_1_1,2023,5,23,25,1,1,0,0,,,129.61364847
4385984245,3,2023_5_23_1_1,2023,5,23,18,1,1,0,0,,,118.15493342
4385984249,3,2023_5_23_1_1,2023,5,23,-3,-3,-3,0,0,1,1,49.373338999
4385984252,3,2023_5_23_1_1,2023,5,23,42,1,1,0,0,,,49.373338999
4385984268,3,2023_5_23_1_1,2023,5,23,26,2,1,0,0,,,118.15493342
4385984272,3,2023_5_23_1_1,2023,5,23,18,1,1,0,0,,,200.55263944
4385984276,3,2023_5_23_1_1,2023,5,23,3,1,1,0,0,,,200.55263944
4385984277,3,2023_5_23_1_1,2023,5,23,13,2,1,0,0,,,182.82244223
4385984280,3,2023_5_23_1_1,2023,5,23,29,2,1,0,0,,,129.09078577
4385984281,3,2023_5_23_1_1,2023,5,23,40,2,1,0,0,,,49.373338999
4385984285,3,2023_5_23_1_1,2023,5,23,12,2,1,0,0,,,200.55263944
4385984319,3,2023_5_23_1_1,2023,5,23,23,1,1,0,0,,,338.88588592
4385984334,3,2023_5_23_1_1,2023,5,23,19,2,1,0,0,,,200.55263944
4385984335,3,2023_5_23_1_1,2023,5,23,15,2,1,0,0,,,200.55263944
4385984340,3,2023_5_23_1_1,2023,5,23,62,2,1,0,0,,,129.09078577
4385984342,3,2023_5_23_1_1,2023,5,23,15,1,1,0,0,,,219.11482716
4385984347,3,2023_5_23_1_1,2023,5,23,15,1,1,0,0,,,200.55263944
4385984350,3,2023_5_23_1_1,2023,5,23,0,2,1,0,0,,,398.36935802
4385984351,3,2023_5_23_1_1,2023,5,23,12,2,1,0,0,,,398.36935802
4385984356,3,2023_5_23_1_1,2023,5,23,22,1,4,0,0,,,54.161586147
4385984365,3,2023_5_23_1_1,2023,5,23,6,1,1,0,0,,,200.55263944
4385984369,3,2023_5_23_1_1,2023,5,23,30,2,1,0,0,,,200.55263944
4385984386,3,2023_5_23_1_1,2023,5,23,36,1,1,0,0,,,54.161586147
4385984409,3,2023_5_23_1_1,2023,5,23,28,1,1,0,0,,,54.161586147
4385984415,3,2023_5_23_1_1,2023,5,23,5,1,5,0,0,,,182.82244223
4385984418,3,2023_5_23_1_1,2023,5,23,30,1,1,0,0,,,54.161586147
4385984422,3,2023_5_23_1_1,2023,5,23,8,2,3,0,2.0005634678,,,200.55263944
4385984424,3,2023_5_23_1_1,2023,5,23,16,1,1,0,0,,,182.82244223
4385984428,3,2023_5_23_1_1,2023,5,23,23,2,1,0,0,,,118.15493342
4385984429,3,2023_5_23_1_1,2023,5,23,-3,1,-3,0,0,,,90.39433502
4385984432,3,2023_5_23_1_1,2023,5,23,35,1,1,0,0,,,338.88588592
4385984435,3,2023_5_23_1_1,2023,5,23,77,2,1,0,0,,,49.373338999
4385984436,3,2023_5_23_1_1,2023,5,23,32,1,3,0,0,,,129.61364847
4385984457,3,2023_5_23_1_1,2023,5,23,26,1,1,0,1.0002817339,,,118.15493342
4385984470,3,2023_5_23_1_1,2023,5,23,17,1,1,0,0,,,524.36189932
4385984471,3,2023_5_23_1_1,2023,5,23,19,1,1,0,6.0016904033,,,129.61364847
4385984489,3,2023_5_23_1_1,2023,5,23,1,2,1,0,0,,,200.55263944
4385984496,3,2023_5_23_1_1,2023,5,23,20,2,1,0,0,,,308.92610276
4385984500,3,2023_5_23_1_1,2023,5,23,11,2,1,0,0,,,182.82244223
4385984505,3,2023_5_23_1_1,2023,5,23,11,2,1,0,0,,,1041.5705013
4385984513,3,2023_5_23_1_1,2023,5,23,59,1,1,0,0,,,141.61006438
4385984518,3,2023_5_23_1_1,2023,5,23,3,2,1,0,0,,,200.55263944
4385984519,3,2023_5_23_1_1,2023,5,23,0,1,1,0,0,,,200.55263944
4385984523,3,2023_5_23_1_1,2023,5,23,17,1,1,0,0,,,398.36935802
4385984532,3,2023_5_23_1_1,2023,5,23,4,1,1,0,0,,,200.55263944
4385984542,3,2023_5_23_1_1,2023,5,23,4,1,1,0,0,,,200.55263944
4385984543,3,2023_5_23_1_1,2023,5,23,10,1,1,3.9988730645,0,,,182.82244223
4385984544,3,2023_5_23_1_1,2023,5,23,-3,1,-3,0,0,,,338.88588592
4385984546,3,2023_5_23_1_1,2023,5,23,33,2,1,0,0,,,141.61006438
4385984569,3,2023_5_23_1_1,2023,5,23,34,2,1,0,0,,,129.09078577
4385984582,3,2023_5_23_1_1,2023,5,23,3,2,1,0,0,,,182.82244223
4385984584,3,2023_5_23_1_1,2023,5,23,19,1,1,0,0,,,118.15493342
4385984592,3,2023_5_23_1_1,2023,5,23,24,1,1,0,2.0005634678,,,54.161586147
4385984605,3,2023_5_23_1_1,2023,5,23,20,2,1,0,0,,,200.55263944
4385984616,3,2023_5_23_1_1,2023,5,23,16,1,1,0,0,,,200.55263944
4385984646,3,2023_5_23_1_1,2023,5,23,25,1,1,0,0,,,118.15493342
4385984679,3,2023_5_23_1_1,2023,5,23,23,2,1,0.9997182661,0,,,118.15493342
4385984683,3,2023_5_23_1_1,2023,5,23,1,1,1,0,0,,,200.55263944
4385984699,3,2023_5_23_1_1,2023,5,23,20,1,1,0,0,,,200.55263944
4385984734,3,2023_5_23_1_1,2023,5,23,15,1,1,0,0,,,200.55263944
4385984738,3,2023_5_23_1_1,2023,5,23,0,1,1,0,0,,,182.82244223
4385984739,3,2023_5_23_1_1,2023,5,23,2,1,1,0,0,,,182.82244223
4385984740,3,2023_5_23_1_1,2023,5,23,66,1,1,0,0,,,141.61006438
4385984744,3,2023_5_23_1_1,2023,5,23,25,1,1,0,0,,,141.61006438
4385984751,3,2023_5_23_1_1,2023,5,23,21,1,1,0,0,,,308.92610276
4385984759,3,2023_5_23_1_1,2023,5,23,23,1,1,0,0,,,129.61364847
4385984764,3,2023_5_23_1_1,2023,5,23,31,2,1,0,0,,,129.61364847
4385984766,3,2023_5_23_1_1,2023,5,23,23,1,1,0,0,,,118.15493342
4385984770,3,2023_5_23_1_1,2023,5,23,10,1,1,0,0,,,76.395916409
4385984774,3,2023_5_23_1_1,2023,5,23,19,1,1,0,0,,,118.15493342
4385984777,3,2023_5_23_1_1,2023,5,23,22,1,1,0,0,,,118.15493342
4385984779,3,2023_5_23_1_1,2023,5,23,11,1,1,0,0,,,182.82244223
4385984781,3,2023_5_23_1_1,2023,5,23,-3,-3,-3,0,0,,,199.74360816
4385984789,3,2023_5_23_1_1,2023,5,23,15,2,-3,0,0,,,398.36935802
4385984793,3,2023_5_23_1_1,2023,5,23,19,2,1,0,0,,,182.82244223
4385984807,3,2023_5_23_1_1,2023,5,23,17,1,-3,0,0,,,398.36935802
4385984869,3,2023_5_23_1_1,2023,5,23,15,1,1,0,0,,,182.82244223
4385984900,3,2023_5_23_1_1,2023,5,23,15,1,1,0,0,,,199.74360816
4385984901,3,2023_5_23_1_1,2023,5,23,37,1,1,0,0,,,129.09078577
4385984913,3,2023_5_23_1_1,2023,5,23,31,1,1,0,0,,,118.15493342
4385984918,3,2023_5_23_1_1,2023,5,23,38,2,1,0,0,,,199.74360816
4385984919,3,2023_5_23_1_1,2023,5,23,15,2,1,0,0,,,199.74360816
4385984930,3,2023_5_23_1_1,2023,5,23,51,2,4,0,1.0002817339,,,129.61364847
4385984938,3,2023_5_23_1_1,2023,5,23,8,2,1,0,0,,,200.55263944
4385984941,3,2023_5_23_1_1,2023,5,23,24,1,1,0,0,,,54.161586147
4385984943,3,2023_5_23_1_1,2023,5,23,94,2,1,0,0,,,141.61006438
4385984960,3,2023_5_23_1_1,2023,5,23,5,2,1,0,0,,,182.82244223
4385984965,3,2023_5_23_1_1,2023,5,23,-3,-3,-3,0,0,1,1,182.82244223
4385984968,3,2023_5_23_1_1,2023,5,23,20,2,1,0,0,,,54.161586147
4385984973,3,2023_5_23_1_1,2023,5,23,31,2,1,0,0,,,524.36189932
4385984976,3,2023_5_23_1_1,2023,5,23,24,1,1,0,0,,,129.61364847
4385984978,3,2023_5_23_1_1,2023,5,23,1,1,1,0,0,,,200.55263944
4385985008,3,2023_5_23_1_1,2023,5,23,3,1,5,0.9997182661,5.0014086694,,,200.55263944
4385985017,3,2023_5_23_1_1,2023,5,23,21,1,1,0,3.0008452016,,,200.55263944
4385985050,3,2023_5_23_1_0,2023,5,23,17,2,1,0,0,,,813.72192957
4385985087,3,2023_5_23_1_0,2023,5,23,26,2,5,0,0,,,574.56842827
4385985088,3,2023_5_23_1_0,2023,5,23,6,2,1,0,0,,,813.72192957
4385985094,3,2023_5_23_1_0,2023,5,23,19,2,1,0,0,,,574.56842827
4385985131,3,2023_5_23_1_0,2023,5,23,-3,-3,-3,0,0,,,463.32974904
4385985134,3,2023_5_23_1_0,2023,5,23,2,2,1,0,0,,,2127.545056
4385985142,3,2023_5_23_1_0,2023,5,23,26,1,1,0,0,,,525.89419131
4385985162,3,2023_5_23_1_0,2023,5,23,8,1,1,0,0,,,813.72192957
4385985163,3,2023_5_23_1_0,2023,5,23,7,1,1,0,0,,,1616.3431386
4385985167,3,2023_5_23_1_0,2023,5,23,-3,1,-3,0,0,1,1,1051.9388004
4385985190,3,2023_5_23_1_0,2023,5,23,20,1,3,0,0,,,525.89419131
4385985229,3,2023_5_23_1_0,2023,5,23,3,2,1,0,0,,,813.72192957
4385985242,3,2023_5_23_1_0,2023,5,23,-3,2,1,0,0,,,1051.9388004
4385985262,3,2023_5_23_1_0,2023,5,23,18,1,1,0,0,,,2127.545056
4385985263,3,2023_5_23_1_0,2023,5,23,13,2,1,0,0,,,2127.545056
4385985268,3,2023_5_23_1_0,2023,5,23,23,1,1,0,0,,,525.89419131
4385985273,3,2023_5_23_1_0,2023,5,23,84,2,1,0,0,,,219.75512519
4385985286,3,2023_5_23_1_0,2023,5,23,20,1,1,0,0,,,525.89419131
4385985298,3,2023_5_23_1_0,2023,5,23,67,2,1,0,0,,,219.75512519
4385985306,3,2023_5_23_1_0,2023,5,23,50,2,1,0,0,,,813.72192957
4385985312,3,2023_5_23_1_0,2023,5,23,18,2,1,0,0,,,813.72192957
4385985317,3,2023_5_23_1_0,2023,5,23,17,1,1,0,0,,,569.30515212
4385985332,3,2023_5_23_1_0,2023,5,23,0,2,1,0,0,,,813.72192957
4385985348,3,2023_5_23_1_0,2023,5,23,17,2,1,0,0,,,1616.3431386
4385985397,3,2023_5_23_1_0,2023,5,23,-3,-3,-3,0,0,1,1,525.89419131
4385985403,3,2023_5_23_1_0,2023,5,23,14,2,1,0,0,,,1488.4966445
4385985433,3,2023_5_23_1_0,2023,5,23,-3,-3,1,0,0,1,1,402.33492025
4385985450,3,2023_5_23_1_0,2023,5,23,1,2,1,0,0,,,1616.3431386
4385985453,3,2023_5_23_1_0,2023,5,23,44,2,1,0,0,,,569.30515212
4385985473,3,2023_5_23_1_0,2023,5,23,20,2,1,0,0,,,574.56842827
4385985490,3,2023_5_23_1_0,2023,5,23,64,1,1,0,0,,,153.7475155
4385985512,3,2023_5_23_1_0,2023,5,23,4,2,1,0,0,,,813.72192957
4385985533,3,2023_5_23_1_0,2023,5,23,23,1,2,0,0,,,340.02954864
4385985551,3,2023_5_23_1_0,2023,5,23,12,2,1,0,0,,,1616.3431386
4385985582,3,2023_5_23_1_0,2023,5,23,11,1,1,0,0,,,813.72192957
4385985632,3,2023_5_23_1_0,2023,5,23,15,1,1,0,0,,,813.72192957
4385985644,3,2023_5_23_1_0,2023,5,23,16,1,1,0,0,,,813.72192957
4385985651,3,2023_5_23_1_0,2023,5,23,37,2,1,0,0,,,401.98592981
4385985662,3,2023_5_23_1_0,2023,5,23,8,1,1,0,0,,,813.72192957
4385985672,3,2023_5_23_1_0,2023,5,23,32,1,1,0,0,,,525.89419131
4385985695,3,2023_5_23_1_0,2023,5,23,13,2,1,0,0,,,569.30515212
4385985696,3,2023_5_23_1_0,2023,5,23,19,1,1,0,0,,,340.02954864
4385985713,3,2023_5_23_1_0,2023,5,23,35,2,1,0,0,,,367.93192085
4385985717,3,2023_5_23_1_0,2023,5,23,14,2,1,0,0,,,813.72192957
4385985727,3,2023_5_23_1_0,2023,5,23,21,1,1,2.9991547984,30.008452016,,,367.93192085
4385985735,3,2023_5_23_1_0,2023,5,23,20,1,1,0,0,,,813.72192957
4385985737,3,2023_5_23_1_0,2023,5,23,18,1,1,0,0,,,2127.545056
4385985745,3,2023_5_23_1_0,2023,5,23,-3,-3,-3,0,0,1,1,1374.9950026
4385985749,3,2023_5_23_1_0,2023,5,23,11,2,1,0,0,,,813.72192957
4385985773,3,2023_5_23_1_0,2023,5,23,34,1,1,0,0,,,525.89419131
4385985776,3,2023_5_23_1_0,2023,5,23,-3,-3,-3,0,0,1,1,525.89419131
4385985792,3,2023_5_23_1_0,2023,5,23,28,2,1,0,0,,,1980.3551323
4385985798,3,2023_5_23_1_0,2023,5,23,3,2,1,0,0,,,813.72192957
4385985807,3,2023_5_23_1_0,2023,5,23,25,1,1,0,0,,,525.89419131
4385985814,3,2023_5_23_1_0,2023,5,23,1,2,1,0,0,,,1616.3431386
4385985825,3,2023_5_23_1_0,2023,5,23,14,2,2,0,0,,,813.72192957
4385985836,3,2023_5_23_1_0,2023,5,23,-3,-3,-3,0,0,,,219.75512519
4385985842,3,2023_5_23_1_0,2023,5,23,13,2,5,0,0,,,1616.3431386
4385985845,3,2023_5_23_1_0,2023,5,23,10,2,1,0,0,,,2127.545056
4385985850,3,2023_5_23_1_0,2023,5,23,14,2,1,0,0,,,813.72192957
4385985853,3,2023_5_23_1_0,2023,5,23,35,1,1,0,0,,,1044.6141819
4385985863,3,2023_5_23_1_0,2023,5,23,18,1,1,0,0,,,813.72192957
4385985866,3,2023_5_23_1_0,2023,5,23,1,1,1,0,0,,,813.72192957
4385985873,3,2023_5_23_1_0,2023,5,23,4,2,1,0,0,,,813.72192957
4385985883,3,2023_5_23_1_0,2023,5,23,14,1,1,0,0,,,1488.4966445
4385985897,3,2023_5_23_1_0,2023,5,23,16,2,1,0,0,,,813.72192957
4385985911,3,2023_5_23_1_0,2023,5,23,7,1,1,0,0,,,813.72192957
4385985912,3,2023_5_23_1_0,2023,5,23,30,2,1,0,0,,,1374.9950026
4385985917,3,2023_5_23_1_0,2023,5,23,-3,-3,-3,0,0,1,1,1044.6141819
4385985923,3,2023_5_23_1_0,2023,5,23,43,1,1,0,0,,,574.56842827
4385985932,3,2023_5_23_1_0,2023,5,23,-3,-3,-3,0,0,1,1,367.93192085
4385985948,3,2023_5_23_1_0,2023,5,23,2,2,5,0,0,,,813.72192957
4385985977,3,2023_5_23_1_0,2023,5,23,14,2,1,0,0,,,813.72192957
4385985979,3,2023_5_23_1_0,2023,5,23,30,1,1,0,0,,,525.89419131
4385985998,3,2023_5_23_1_0,2023,5,23,11,1,1,0,0,,,813.72192957
4385986042,3,2023_5_23_1_0,2023,5,23,16,2,1,0,0,,,340.02954864
4385986044,3,2023_5_23_1_0,2023,5,23,22,2,1,0,0,,,525.89419131
4385986048,3,2023_5_23_1_0,2023,5,23,75,2,1,0,0,,,219.75512519
4385986060,3,2023_5_23_1_0,2023,5,23,15,1,1,0,0,,,813.72192957
4385986064,3,2023_5_23_1_0,2023,5,23,26,2,1,0,0,,,1044.6141819
4385986086,3,2023_5_23_1_0,2023,5,23,5,2,2,0,0,,,1616.3431386
4385986101,3,2023_5_23_1_0,2023,5,23,16,2,1,0,0,,,569.30515212
4385986113,3,2023_5_23_1_0,2023,5,23,12,2,1,0,0,,,2127.545056
4385986116,3,2023_5_23_1_0,2023,5,23,3,2,3,0,0,,,813.72192957
4385986142,3,2023_5_23_1_0,2023,5,23,6,1,1,0,0,,,340.02954864
4385986146,3,2023_5_23_1_0,2023,5,23,19,2,1,0,0,1,1,813.72192957
4385986171,3,2023_5_23_1_0,2023,5,23,0,1,1,0,0,,,813.72192957
4385986188,3,2023_5_23_1_0,2023,5,23,37,1,1,0,0,,,219.75512519
4385986213,3,2023_5_23_1_0,2023,5,23,67,1,1,0,0,,,436.51237094
4385986304,3,2023_5_23_1_0,2023,5,23,18,2,1,0,0,,,1374.9950026
4385986312,3,2023_5_23_1_0,2023,5,23,9,1,1,0,0,,,813.72192957
4385986314,3,2023_5_23_1_0,2023,5,23,10,2,1,0,0,,,813.72192957
4385986334,3,2023_5_23_1_0,2023,5,23,2,1,1,0,0,,,569.30515212
4385986339,3,2023_5_23_1_0,2023,5,23,13,2,1,0,0,,,813.72192957
4385986343,3,2023_5_23_1_0,2023,5,23,32,1,1,0,0,,,574.56842827
4385986345,3,2023_5_23_1_0,2023,5,23,58,2,1,0,0,,,813.72192957
4385986352,3,2023_5_23_1_0,2023,5,23,-3,-3,-3,0,0,1,1,1374.9950026
4385986407,3,2023_5_23_1_0,2023,5,23,32,1,1,0,0,,,1374.9950026
4385986443,3,2023_5_23_1_0,2023,5,23,7,1,1,0,0,,,1488.4966445
4385986454,3,2023_5_23_1_0,2023,5,23,5,2,5,0,0,,,813.72192957
4385986456,3,2023_5_23_1_0,2023,5,23,52,2,1,0,0,1,1,177.05596553
4385986468,3,2023_5_23_1_0,2023,5,23,54,2,1,0,0,,,574.56842827
4385986479,3,2023_5_23_1_0,2023,5,23,8,1,1,0,0,,,813.72192957
4385986486,3,2023_5_23_1_0,2023,5,23,6,2,1,0,0,,,813.72192957
4385986499,3,2023_5_23_1_0,2023,5,23,12,1,1,0,0,,,569.30515212
4385986507,3,2023_5_23_1_0,2023,5,23,14,2,1,0,0,,,2127.545056
4385986511,3,2023_5_23_1_0,2023,5,23,-3,-3,-3,0,0,,,663.56523731
4385986526,3,2023_5_23_1_0,2023,5,23,5,1,1,0,0,,,813.72192957
4385986528,3,2023_5_23_1_0,2023,5,23,19,2,1,0,0,,,525.89419131
4385986530,3,2023_5_23_1_0,2023,5,23,91,2,1,0,0,,,340.02954864
4385986541,3,2023_5_23_1_0,2023,5,23,7,1,1,0,0,,,1616.3431386
4385986570,3,2023_5_23_1_0,2023,5,23,53,2,1,0,0,,,525.89419131
4385986582,3,2023_5_23_1_0,2023,5,23,19,2,1,0,0,,,1044.6141819
4385986590,3,2023_5_23_1_0,2023,5,23,18,1,1,0,0,,,813.72192957
4385986620,3,2023_5_23_1_0,2023,5,23,4,2,1,0,0,,,569.30515212
4385986628,3,2023_5_23_1_0,2023,5,23,15,1,1,0,0,,,813.72192957
4385986633,3,2023_5_23_1_0,2023,5,23,84,2,1,0,0,,,401.98592981
4385986658,3,2023_5_23_1_0,2023,5,23,41,1,1,0,0,,,401.98592981
4385986663,3,2023_5_23_1_0,2023,5,23,39,1,1,0,0,,,961.9892382
4385986690,3,2023_5_23_1_0,2023,5,23,1,2,1,0,0,,,813.72192957
4385986743,3,2023_5_23_1_0,2023,5,23,12,1,1,0,0,,,569.30515212
4385986749,3,2023_5_23_1_0,2023,5,23,8,1,1,0,0,,,937.08390308
4385986791,3,2023_5_23_1_0,2023,5,23,30,2,1,0,0,,,219.75512519
4385986792,3,2023_5_23_1_0,2023,5,23,23,2,1,0,0,,,813.72192957
4385986813,3,2023_5_23_1_0,2023,5,23,7,1,1,0,0,,,2127.545056
4385986815,3,2023_5_23_1_0,2023,5,23,15,1,1,0,0,,,813.72192957
4385986840,3,2023_5_23_1_0,2023,5,23,5,2,1,0,0,,,1616.3431386
4385986866,3,2023_5_23_1_0,2023,5,23,14,2,1,0,0,,,813.72192957
4385986873,3,2023_5_23_1_0,2023,5,23,15,1,1,0,0,,,1488.4966445
4385986892,3,2023_5_23_1_0,2023,5,23,11,1,1,0,0,,,569.30515212
4385986938,3,2023_5_23_1_0,2023,5,23,16,1,1,0,0,,,813.72192957
4385986947,3,2023_5_23_1_0,2023,5,23,14,1,1,0,0,,,813.72192957
4385986954,3,2023_5_23_1_0,2023,5,23,8,2,1,0,0,,,813.72192957
4385986973,3,2023_5_23_1_0,2023,5,23,32,1,1,0,0,,,525.89419131
4385986978,3,2023_5_23_1_0,2023,5,23,84,2,-3,0,0,1,1,574.56842827
4385986981,3,2023_5_23_1_0,2023,5,23,12,1,5,0.9997182661,0,,,2127.545056
4385986982,3,2023_5_23_1_0,2023,5,23,-3,-3,-3,0,0,1,1,153.7475155
4385986992,3,2023_5_23_1_0,2023,5,23,18,2,1,0,0,,,813.72192957
4385986995,3,2023_5_23_1_0,2023,5,23,40,1,1,0,0,,,401.98592981
4385987018,3,2023_5_23_1_0,2023,5,23,40,2,1,0,0,,,574.56842827
4385987042,3,2023_5_23_1_0,2023,5,23,69,2,1,0,0,,,340.02954864
4385987058,3,2023_5_23_1_0,2023,5,23,18,1,1,0,0,,,525.89419131
4385987096,3,2023_5_23_2_1,2023,5,23,35,2,1,0,0,,,422.58245618
4385987104,3,2023_5_23_2_1,2023,5,23,18,1,1,0,0,,,532.14087074
4385987106,3,2023_5_23_2_1,2023,5,23,20,1,1,0,0,,,273.10761942
4385987128,3,2023_5_23_2_1,2023,5,23,6,2,1,0,0,,,422.58245618
4385987162,3,2023_5_23_2_0,2023,5,23,35,1,1,0,0,,,2975.4140475
4385987167,3,2023_5_23_2_0,2023,5,23,12,2,1,0,0,1,1,4603.891239
4385987179,3,2023_5_23_2_0,2023,5,23,43,1,1,0,0,,,1094.1345191
4385987182,3,2023_5_23_2_0,2023,5,23,6,1,1,0,0,,,4603.891239
4385987191,3,2023_5_23_2_0,2023,5,23,16,1,1,0,0,,,4051.4242903
4385987194,3,2023_5_23_2_0,2023,5,23,9,1,1,0,0,,,12037.264436
4385987198,3,2023_5_23_2_0,2023,5,23,19,1,1,0,0,,,1243.3346808
4385987247,3,2023_5_28_1_1,2023,5,28,13,1,1,0,0,,,1115.9044864
4385987250,3,2023_5_28_1_1,2023,5,28,26,1,1,0,0,,,110.21308114
4385987273,3,2023_5_28_1_1,2023,5,28,12,1,1,0,0,,,213.73621414
4385987276,3,2023_5_28_1_1,2023,5,28,-3,-3,-3,0,0,1,1,222.58358335
4385987281,3,2023_5_28_1_1,2023,5,28,62,2,1,0,0,,,46.135946524
4385987288,3,2023_5_28_1_1,2023,5,28,12,2,1,0,0,1,1,629.15026834
4385987291,3,2023_5_28_1_1,2023,5,28,18,2,1,0,0,,,110.07518364
4385987325,3,2023_5_28_1_1,2023,5,28,14,2,1,9.9999119131,0,,,214.00397376
4385987332,3,2023_5_28_1_1,2023,5,28,28,1,1,0,0,,,110.07518364
4385987346,3,2023_5_28_1_1,2023,5,28,13,1,1,0,0,,,311.13629444
4385987349,3,2023_5_28_1_1,2023,5,28,45,1,1,14.99986787,0,,,31.732960975
4385987373,3,2023_5_28_1_1,2023,5,28,37,1,1,0,0,,,213.73621414
4385987374,3,2023_5_28_1_1,2023,5,28,-3,-3,-3,0,0,1,1,31.732960975
4385987386,3,2023_5_28_1_1,2023,5,28,9,2,1,0,0,,,311.13629444
4385987399,3,2023_5_28_1_1,2023,5,28,19,1,1,0,0,,,311.13629444
4385987425,3,2023_5_28_1_1,2023,5,28,-3,-3,-3,0,0,1,1,81.932422821
4385987432,3,2023_5_28_1_1,2023,5,28,20,1,1,9.6113419928,21.316338892,,,401.90946044
4385987440,3,2023_5_28_1_1,2023,5,28,33,-3,2,1.9999823826,3.0000264261,,,75.711278729
4385987458,3,2023_5_28_1_1,2023,5,28,16,1,1,0,0,,,311.13629444
4385987459,3,2023_5_28_1_1,2023,5,28,6,1,2,0,0,,,629.15026834
4385987473,3,2023_5_28_1_1,2023,5,28,13,2,1,0,0,,,353.5880149
4385987474,3,2023_5_28_1_1,2023,5,28,10,1,1,1.9999823826,2.0000176174,,,130.57030437
4385987499,3,2023_5_28_1_1,2023,5,28,27,1,1,0,0,,,75.616549539
4385987505,3,2023_5_28_1_1,2023,5,28,14,1,1,0,0,,,213.73621414
4385987563,3,2023_5_28_1_1,2023,5,28,2,1,1,0,0,,,311.52607272
4385987567,3,2023_5_28_1_1,2023,5,28,7,1,1,1.9999823826,5.0000440434,,,214.00397376
4385987569,3,2023_5_28_1_1,2023,5,28,31,1,1,0,0,,,31.693257014
4385987574,3,2023_5_28_1_1,2023,5,28,6,1,1,0,0,,,311.13629444
4385987583,3,2023_5_28_1_1,2023,5,28,24,1,1,0,0,,,629.15026834
4385987585,3,2023_5_28_1_1,2023,5,28,20,2,1,0,0,,,75.616549539
4385987629,3,2023_5_28_1_1,2023,5,28,7,1,1,0,0,,,369.03435696
4385987634,3,2023_5_28_1_1,2023,5,28,6,1,1,0,0,,,629.15026834
4385987639,3,2023_5_28_1_1,2023,5,28,42,1,1,0,0,,,46.135946524
4385987646,3,2023_5_28_1_1,2023,5,28,49,1,1,0,0,,,110.07518364
4385987649,3,2023_5_28_1_1,2023,5,28,6,2,-3,0,0,,,311.13629444
4385987650,3,2023_5_28_1_1,2023,5,28,41,2,1,0,0,,,31.732960975
4385987659,3,2023_5_28_1_1,2023,5,28,1,2,1,0,0,,,311.13629444
4385987664,3,2023_5_28_1_1,2023,5,28,15,2,3,0,0,,,629.15026834
4385987673,3,2023_5_28_1_1,2023,5,28,10,2,1,0,0,,,629.15026834
4385987675,3,2023_5_28_1_1,2023,5,28,34,1,1,0,0,,,222.58358335
4385987685,3,2023_5_28_1_1,2023,5,28,58,1,1,0,0,,,46.193743671
4385987695,3,2023_5_28_1_1,2023,5,28,20,1,1,0,0,,,31.732960975
4385987697,3,2023_5_28_1_1,2023,5,28,11,1,1,0,3.0000264261,,,311.52607272
4385987700,3,2023_5_28_1_1,2023,5,28,30,1,2,0,5.0000440434,,,31.732960975
4385987701,3,2023_5_28_1_1,2023,5,28,13,1,1,0,0,,,213.73621414
4385987718,3,2023_5_28_1_1,2023,5,28,40,1,1,0,0,,,46.193743671
4385987726,3,2023_5_28_1_1,2023,5,28,13,1,1,9.9999119131,10.000088087,,,214.00397376
4385987730,3,2023_5_28_1_1,2023,5,28,-3,-3,-3,0,0,1,1,46.135946524
4385987731,3,2023_5_28_1_1,2023,5,28,20,1,1,0,0,,,75.616549539
4385987741,3,2023_5_28_1_1,2023,5,28,24,1,1,0,0,,,110.07518364
4385987758,3,2023_5_28_1_1,2023,5,28,61,1,1,0,0,,,46.135946524
4385987783,3,2023_5_28_1_1,2023,5,28,6,1,1,0,0,,,311.13629444
4385987789,3,2023_5_28_1_1,2023,5,28,19,2,1,0,0,,,311.52607272
4385987802,3,2023_5_28_1_1,2023,5,28,14,2,1,0,0,,,214.00397376
4385987805,3,2023_5_28_1_1,2023,5,28,20,2,1,0,0,,,379.57226823
4385987823,3,2023_5_28_1_1,2023,5,28,-3,-3,-3,0,0,1,1,81.932422821
4385987825,3,2023_5_28_1_1,2023,5,28,9,1,1,0,0,,,311.13629444
4385987841,3,2023_5_28_1_1,2023,5,28,17,2,1,0,0,,,311.52607272
4385987849,3,2023_5_28_1_1,2023,5,28,21,1,1,0,0,,,195.23696872
4385987851,3,2023_5_28_1_1,2023,5,28,56,2,1,0,0,,,81.829909799
4385987889,3,2023_5_28_1_1,2023,5,28,16,1,3,0,4.0000352348,,,130.57030437
4385987891,3,2023_5_28_1_1,2023,5,28,27,2,1,0,0,,,214.00397376
4385987894,3,2023_5_28_1_1,2023,5,28,12,1,1,0,0,,,213.73621414
4385987900,3,2023_5_28_1_1,2023,5,28,22,1,1,0,0,,,75.616549539
4385987903,3,2023_5_28_1_1,2023,5,28,9,2,1,0,0,,,311.52607272
4385987921,3,2023_5_28_1_1,2023,5,28,33,2,2,0,0,,,130.57030437
4385987935,3,2023_5_28_1_1,2023,5,28,29,1,1,0,0,,,110.07518364
4385987942,3,2023_5_28_1_1,2023,5,28,13,1,1,0,0,,,253.50949971
4385987952,3,2023_5_28_1_1,2023,5,28,76,2,1,0,0,,,31.693257014
4385987958,3,2023_5_28_1_1,2023,5,28,23,1,1,0,0,,,31.693257014
4385987961,3,2023_5_28_1_1,2023,5,28,1,1,1,0,0,,,233.64524057
4385987967,3,2023_5_28_1_1,2023,5,28,0,1,1,0,0,,,311.13629444
4385987972,3,2023_5_28_1_1,2023,5,28,65,2,1,0,0,,,81.932422821
4385987981,3,2023_5_28_1_1,2023,5,28,1,2,3,0,0,,,264.02687023
4385987986,3,2023_5_28_1_1,2023,5,28,20,2,1,0,0,,,110.07518364
4385987989,3,2023_5_28_1_1,2023,5,28,17,1,1,0,3.0000264261,,,311.52607272
4385988006,3,2023_5_28_1_1,2023,5,28,1,2,1,0,0,,,629.93844097
4385988084,3,2023_5_28_1_0,2023,5,28,15,1,2,0,0,,,883.84568129
4385988096,3,2023_5_28_1_0,2023,5,28,18,2,2,0,0,,,883.84568129
4385988123,3,2023_5_28_1_0,2023,5,28,45,2,4,0,0,,,883.84568129
4385988128,3,2023_5_28_1_0,2023,5,28,0,2,1,0,0,,,883.84568129
4385988174,3,2023_5_28_1_0,2023,5,28,6,1,2,0,0,,,883.84568129
4385988226,3,2023_5_28_1_0,2023,5,28,72,1,2,0,0,1,1,64.812905818
4385988250,3,2023_5_28_1_0,2023,5,28,5,2,1,0,0,,,883.84568129
4385988256,3,2023_5_28_1_0,2023,5,28,52,2,2,0,0,,,154.63630959
4385988262,3,2023_5_28_1_0,2023,5,28,26,1,1,0,3.0000264261,,,286.36970866
4385988270,3,2023_5_28_1_0,2023,5,28,34,1,1,0,0,,,154.63630959
4385988276,3,2023_5_28_1_0,2023,5,28,6,1,1,0,0,,,183.42835636
4385988278,3,2023_5_28_1_0,2023,5,28,59,1,1,0,0,,,75.221978128
4385988279,3,2023_5_28_1_0,2023,5,28,21,1,1,0,0,,,101.18638865
4385988297,3,2023_5_28_1_0,2023,5,28,26,1,1,0.9999911913,2.0000176174,,,154.83003137
4385988306,3,2023_5_28_1_0,2023,5,28,17,2,1,0,0,,,883.84568129
4385988334,3,2023_5_28_1_0,2023,5,28,21,1,1,0,0,,,437.0918745
4385988340,3,2023_5_28_1_0,2023,5,28,21,2,1,0,0,,,179.47118635
4385988346,3,2023_5_28_1_0,2023,5,28,17,2,1,0,0,,,437.0918745
4385988356,3,2023_5_28_1_0,2023,5,28,15,2,2,0,0,,,437.0918745
4385988358,3,2023_5_28_1_0,2023,5,28,52,1,1,0,0,,,64.812905818
4385988380,3,2023_5_28_1_0,2023,5,28,-3,-3,-3,0,0,,,322.69480969
4385988420,3,2023_5_28_1_0,2023,5,28,16,2,1,0,0,,,437.63944456
4385988430,3,2023_5_28_1_0,2023,5,28,9,1,1,0,0,,,437.0918745
4385988493,3,2023_5_28_1_0,2023,5,28,46,1,1,0,0,,,437.0918745
4385988502,3,2023_5_28_1_0,2023,5,28,10,2,1,0,0,,,437.0918745
4385988523,3,2023_5_28_1_0,2023,5,28,40,1,1,0,0,,,437.0918745
4385988530,3,2023_5_28_1_0,2023,5,28,13,1,1,0,0,,,437.0918745
4385988531,3,2023_5_28_1_0,2023,5,28,42,2,1,0,0,,,183.19885265
4385988532,3,2023_5_28_1_0,2023,5,28,2,1,1,0,0,,,437.0918745
4385988535,3,2023_5_28_1_0,2023,5,28,5,2,1,0,0,,,437.0918745
4385988536,3,2023_5_28_1_0,2023,5,28,12,1,1,2.9999735739,3.0000264261,,,286.36970866
4385988544,3,2023_5_28_1_0,2023,5,28,-3,2,-3,0,0,,,293.56052625
4385988556,3,2023_5_28_1_0,2023,5,28,32,1,1,0,0,,,154.63630959
4385988560,3,2023_5_28_1_0,2023,5,28,18,1,1,0,0,,,154.63630959
4385988584,3,2023_5_28_1_0,2023,5,28,11,1,1,0,0,,,437.0918745
4385988588,3,2023_5_28_1_0,2023,5,28,4,1,1,0,2.0000176174,,,437.63944456
4385988591,3,2023_5_28_1_0,2023,5,28,45,2,1,0,0,,,114.95665824
4385988623,3,2023_5_28_1_0,2023,5,28,56,2,1,0,0,,,183.19885265
4385988630,3,2023_5_28_1_0,2023,5,28,27,2,1,0,0,,,154.63630959
4385988637,3,2023_5_28_1_0,2023,5,28,32,2,1,14.99986787,10.000088087,,,437.63944456
4385988682,3,2023_5_28_1_0,2023,5,28,34,2,5,0,0,,,64.894100664
4385988689,3,2023_5_28_1_0,2023,5,28,36,1,1,0,0,,,114.95665824
4385988694,3,2023_5_28_1_0,2023,5,28,13,1,1,0,0,,,437.0918745
4385988695,3,2023_5_28_1_0,2023,5,28,51,1,2,0,7.0000616608,,,64.894100664
4385988707,3,2023_5_28_1_0,2023,5,28,12,2,1,0,0,,,437.0918745
4385988727,3,2023_5_28_1_0,2023,5,28,15,2,1,0,0,,,437.0918745
4385988735,3,2023_5_28_1_0,2023,5,28,16,1,1,0,0,,,437.0918745
4385988752,3,2023_5_28_1_0,2023,5,28,20,2,1,0,0,,,114.95665824
4385988768,3,2023_5_28_1_0,2023,5,28,15,2,2,0,0,,,183.19885265
4385988783,3,2023_5_28_1_0,2023,5,28,-3,-3,-3,0,0,,,550.83723641
4385988808,3,2023_5_28_1_0,2023,5,28,33,1,1,0,0,,,64.812905818
4385988820,3,2023_5_28_1_0,2023,5,28,6,2,2,0,0,,,517.77983598
4385988849,3,2023_5_28_1_0,2023,5,28,-3,-3,-3,0,0,1,1,64.812905818
4385988874,3,2023_5_28_1_0,2023,5,28,27,2,2,0,0,,,154.63630959
4385988877,3,2023_5_28_1_0,2023,5,28,17,1,1,0,0,,,437.0918745
4385988886,3,2023_5_28_1_0,2023,5,28,16,1,1,0,0,,,883.84568129
4385988900,3,2023_5_28_1_0,2023,5,28,24,1,1,0,0,,,64.812905818
4385988908,3,2023_5_28_1_0,2023,5,28,39,2,1,0,0,,,183.42835636
4385988917,3,2023_5_28_1_0,2023,5,28,30,1,1,0,0,,,64.812905818
4385988927,3,2023_5_28_1_0,2023,5,28,20,2,1,0,0,,,154.63630959
4385988939,3,2023_5_28_1_0,2023,5,28,18,1,1,0,0,,,64.812905818
4385988955,3,2023_5_28_1_0,2023,5,28,55,2,2,0,0,,,131.22268786
4385988958,3,2023_5_28_1_0,2023,5,28,66,1,2,0,0,,,232.45443772
4385988976,3,2023_5_28_1_0,2023,5,28,1,1,1,0,0,,,437.0918745
4385988996,3,2023_5_28_1_0,2023,5,28,57,1,1,0,0,,,183.19885265
4385989020,3,2023_5_28_1_0,2023,5,28,7,2,1,0,0,,,437.0918745
4385989031,3,2023_5_28_1_0,2023,5,28,72,1,1,0,0,,,114.95665824
4385989075,3,2023_5_28_1_0,2023,5,28,28,1,5,0,0,,,312.69086062
4385989079,3,2023_5_28_1_0,2023,5,28,22,2,1,0.9999911913,0,,,64.894100664
4385989083,3,2023_5_28_1_0,2023,5,28,72,1,1,0,0,,,64.812905818
4385989090,3,2023_5_28_1_0,2023,5,28,89,1,-3,0,0,,,64.812905818
4385989091,3,2023_5_28_1_0,2023,5,28,11,2,1,0,2.0000176174,,,884.95292548
4385989097,3,2023_5_28_1_0,2023,5,28,62,2,5,0,0,,,131.05850335
4385989100,3,2023_5_28_1_0,2023,5,28,-3,-3,-3,0,0,1,1,154.63630959
4385989120,3,2023_5_28_1_0,2023,5,28,17,2,2,0,0,,,884.95292548
4385989208,3,2023_5_28_1_0,2023,5,28,34,1,1,0,0,,,64.812905818
4385989216,3,2023_5_28_1_0,2023,5,28,5,1,1,0,0,,,370.44732282
4385989295,3,2023_5_28_1_0,2023,5,28,7,1,1,0,0,,,578.34510438
4385989323,3,2023_5_28_1_0,2023,5,28,18,1,1,7.9999295305,8.0000704695,,,286.36970866
4385989345,3,2023_5_28_1_0,2023,5,28,5,2,2,0,0,,,883.84568129
4385989363,3,2023_5_28_1_0,2023,5,28,38,1,1,0,0,,,64.812905818
4385989384,3,2023_5_28_1_0,2023,5,28,13,1,1,0,0,,,437.0918745
4385989400,3,2023_5_28_1_0,2023,5,28,0,2,1,0,0,,,884.95292548
4385989419,3,2023_5_28_1_0,2023,5,28,40,2,3,0,0,,,1003.1816509
4385989426,3,2023_5_28_1_0,2023,5,28,27,1,5,0,0,,,370.44732282
4385989428,3,2023_5_28_1_0,2023,5,28,17,2,1,0,1.0000088087,,,579.06963047
4385989452,3,2023_5_28_1_0,2023,5,28,18,2,2,0,0,,,154.63630959
4385989471,3,2023_5_28_1_0,2023,5,28,26,2,2,0,0,,,131.05850335
4385989497,3,2023_5_28_1_0,2023,5,28,20,2,1,0,0,,,154.63630959
4385989552,3,2023_5_28_1_0,2023,5,28,0,2,2,0,0,,,437.0918745
4385989556,3,2023_5_28_1_0,2023,5,28,32,1,1,0,0,,,313.0825864
4385989574,3,2023_5_28_1_0,2023,5,28,86,2,2,0,0,,,64.812905818
4385989576,3,2023_5_28_1_0,2023,5,28,14,1,1,0,2.0000176174,,,884.95292548
4385989586,3,2023_5_28_1_0,2023,5,28,25,2,2,0,0,,,883.84568129
4385989627,3,2023_5_28_1_0,2023,5,28,16,2,1,0,0,,,183.19885265
4385989629,3,2023_5_28_1_0,2023,5,28,23,1,1,0,4.0000352348,,,274.61726605
4385989640,3,2023_5_28_1_0,2023,5,28,23,1,1,0,0,,,154.63630959
4385989652,3,2023_5_28_1_0,2023,5,28,5,2,1,0,0,,,437.0918745
4385989665,3,2023_5_28_1_0,2023,5,28,20,2,3,0,0,,,154.63630959
4385989675,3,2023_5_28_1_0,2023,5,28,-3,1,3,0,0,,,154.83003137
4385989686,3,2023_5_28_1_0,2023,5,28,29,1,3,0,0,,,154.63630959
4385989689,3,2023_5_28_1_0,2023,5,28,13,2,1,0,3.0000264261,,,884.95292548
4385989696,3,2023_5_28_1_0,2023,5,28,32,2,1,0,0,,,114.95665824
4385989702,3,2023_5_28_1_0,2023,5,28,16,2,1,0,0,,,437.63944456
4385989735,3,2023_5_28_1_0,2023,5,28,40,-3,3,11.999894296,12.000105704,,,1.0003281115
4385989748,3,2023_5_28_1_0,2023,5,28,17,2,1,0,0,,,183.42835636
4385989822,3,2023_5_28_1_0,2023,5,28,38,1,1,0,0,,,64.894100664
4385989823,3,2023_5_28_1_0,2023,5,28,28,2,1,0,0,,,42.410374995
4385989828,3,2023_5_28_1_0,2023,5,28,4,1,1,0,0,,,437.0918745
4385989838,3,2023_5_28_1_0,2023,5,28,3,1,1,0,0,,,437.0918745
4385989854,3,2023_5_28_1_0,2023,5,28,23,1,1,0,0,,,154.63630959
4385989868,3,2023_5_28_1_0,2023,5,28,28,2,1,0,0,,,64.894100664
4385989893,3,2023_5_28_1_0,2023,5,28,21,2,1,0,0,,,154.83003137
4385989904,3,2023_5_28_1_0,2023,5,28,24,1,4,0,0,,,154.63630959
4385989905,3,2023_5_28_1_0,2023,5,28,15,1,1,0,3.0000264261,,,286.36970866
4385989906,3,2023_5_28_1_0,2023,5,28,17,2,5,0,0,,,437.0918745
4385989910,3,2023_5_28_1_0,2023,5,28,25,2,1,0,0,,,154.83003137
4385989913,3,2023_5_28_1_0,2023,5,28,14,1,2,0,0,,,437.0918745
4385989924,3,2023_5_28_1_0,2023,5,28,17,1,1,0,0,,,286.01140576
4385989938,3,2023_5_28_1_0,2023,5,28,16,1,1,0,0,,,437.63944456
4385989952,3,2023_5_28_1_0,2023,5,28,15,2,1,0,0,,,183.19885265
4385989954,3,2023_5_28_1_0,2023,5,28,38,1,1,0,0,,,437.0918745
4385989979,3,2023_5_28_1_0,2023,5,28,16,1,2,0,0,,,437.0918745
4385989980,3,2023_5_28_1_0,2023,5,28,15,1,1,0.9999911913,7.0000616608,,,183.42835636
4385989998,3,2023_5_28_1_0,2023,5,28,1,1,1,0,0,,,437.0918745
4385990022,3,2023_5_28_1_0,2023,5,28,13,1,5,0,5.0000440434,,,437.63944456
4385990051,3,2023_5_28_1_0,2023,5,28,-3,-3,5,0,0,1,1,114.95665824
4385990081,3,2023_5_28_1_0,2023,5,28,41,1,1,17.999841444,4.0000352348,,,42.463504904
4385990086,3,2023_5_28_1_0,2023,5,28,19,2,1,0,0,,,437.0918745
4385990122,3,2023_5_28_1_0,2023,5,28,-3,-3,-3,0,0,1,1,64.812905818
4385990135,3,2023_5_28_1_0,2023,5,28,66,1,1,0,0,,,64.812905818
4385990152,3,2023_5_28_1_0,2023,5,28,46,2,1,0,0,,,324.9341721
4385990157,3,2023_5_28_1_0,2023,5,28,51,2,1,0,0,,,140.92077125
4385990195,3,2023_5_28_1_0,2023,5,28,4,1,1,0,0,,,437.0918745
4385990201,3,2023_5_28_1_0,2023,5,28,-3,-3,-3,0,0,1,1,101.18638865
4385990211,3,2023_5_28_1_0,2023,5,28,13,2,1,0,0,,,437.0918745
4385990279,3,2023_5_28_1_0,2023,5,28,17,2,2,0,0,,,883.84568129
4385990291,3,2023_5_28_2_1,2023,5,28,11,1,1,0,0,,,267.41057678
4385990302,3,2023_5_28_2_1,2023,5,28,-3,1,1,0,0,,,88.817755527
4385990304,3,2023_5_28_2_1,2023,5,28,16,1,1,0,0,,,267.41057678
4385990321,3,2023_5_28_2_1,2023,5,28,16,1,1,0,0,,,348.59945443
4385990323,3,2023_5_28_2_1,2023,5,28,47,2,1,0,0,,,618.30013386
4385990328,3,2023_5_28_2_1,2023,5,28,1,1,1,0,0,,,267.41057678
4385990331,3,2023_5_28_2_1,2023,5,28,16,2,1,0,0,,,412.9515529
4385990344,3,2023_5_28_2_1,2023,5,28,29,1,1,0,0,,,94.605704549
4385990346,3,2023_5_28_2_1,2023,5,28,20,1,1,0,0,,,94.605704549
4385990351,3,2023_5_28_2_1,2023,5,28,7,1,1,0,0,,,349.03616496
4385990363,3,2023_5_28_2_1,2023,5,28,15,1,1,0,0,,,618.30013386
4385990364,3,2023_5_28_2_1,2023,5,28,11,1,1,0,0,,,348.59945443
4385990380,3,2023_5_28_2_1,2023,5,28,17,1,1,0,0,,,348.59945443
4385990386,3,2023_5_28_2_1,2023,5,28,18,1,1,0,0,,,349.03616496
4385990393,3,2023_5_28_2_1,2023,5,28,-3,2,1,0,0,,,199.34328871
4385990406,3,2023_5_28_2_1,2023,5,28,43,2,2,0,0,,,51.691062969
4385990409,3,2023_5_28_2_1,2023,5,28,46,2,1,0,0,,,112.08012253
4385990413,3,2023_5_28_2_1,2023,5,28,12,1,1,0,0,,,267.41057678
4385990414,3,2023_5_28_2_1,2023,5,28,3,1,1,0,0,,,267.74557735
4385990415,3,2023_5_28_2_1,2023,5,28,5,1,1,0,0,,,267.41057678
4385990420,3,2023_5_28_2_1,2023,5,28,13,1,1,0,0,,,348.59945443
4385990429,3,2023_5_28_2_1,2023,5,28,6,2,2,0,0,,,348.59945443
4385990436,3,2023_5_28_2_1,2023,5,28,41,1,3,0,0,,,146.10891625
4385990437,3,2023_5_28_2_1,2023,5,28,26,2,1,0,0,,,123.32906719
4385990446,3,2023_5_28_2_1,2023,5,28,19,2,1,0,0,,,704.90471288
4385990450,3,2023_5_28_2_1,2023,5,28,18,1,1,0,0,,,618.30013386
4385990459,3,2023_5_28_2_1,2023,5,28,10,2,1,0,0,,,348.59945443
4385990469,3,2023_5_28_2_1,2023,5,28,4,1,1,0,0,,,348.59945443
4385990473,3,2023_5_28_2_1,2023,5,28,6,1,1,0,0,,,316.77505957
4385990503,3,2023_5_28_2_1,2023,5,28,28,2,2,0,0,,,94.724222542
4385990515,3,2023_5_28_2_1,2023,5,28,25,2,1,0.9999911913,0,,,349.03616496
4385990517,3,2023_5_28_2_1,2023,5,28,12,2,5,0,0,,,348.59945443
4385990549,3,2023_5_28_2_1,2023,5,28,16,1,1,0,0,,,267.41057678
4385990556,3,2023_5_28_2_1,2023,5,28,19,1,1,0,0,,,94.605704549
4385990565,3,2023_5_28_2_1,2023,5,28,37,1,1,0,2.0000176174,,,123.48356859
4385990568,3,2023_5_28_2_1,2023,5,28,17,2,1,0,0,,,267.41057678
4385990573,3,2023_5_28_2_1,2023,5,28,24,2,2,0,0,,,123.48356859
4385990576,3,2023_5_28_2_1,2023,5,28,17,2,1,0,0,,,349.03616496
4385990581,3,2023_5_28_2_1,2023,5,28,35,1,1,0,0,,,104.52475883
4385990582,3,2023_5_28_2_1,2023,5,28,34,1,2,0,0,,,91.682849034
4385990583,3,2023_5_28_2_1,2023,5,28,20,1,1,0,0,,,94.724222542
4385990585,3,2023_5_28_2_1,2023,5,28,13,1,1,3.9999647652,8.0000704695,,,112.22053173
4385990588,3,2023_5_28_2_1,2023,5,28,19,2,1,0,0,,,112.22053173
4385990599,3,2023_5_28_2_1,2023,5,28,41,2,1,0,1.0000088087,,,123.48356859
4385990626,3,2023_5_28_2_1,2023,5,28,18,1,3,0,0,,,123.32906719
4385990652,3,2023_5_28_2_1,2023,5,28,23,1,1,0.9999911913,0,,,94.724222542
4385990656,3,2023_5_28_2_1,2023,5,28,5,1,1,0,0,,,267.41057678
4385990658,3,2023_5_28_2_1,2023,5,28,15,1,1,0,0,,,267.41057678
4385990660,3,2023_5_28_2_1,2023,5,28,3,2,1,0,0,,,348.59945443
4385990667,3,2023_5_28_2_1,2023,5,28,23,2,1,0,0,,,348.59945443
4385990674,3,2023_5_28_2_1,2023,5,28,24,1,1,0,0,,,348.59945443
4385990676,3,2023_5_28_2_1,2023,5,28,10,2,1,0,0,,,348.59945443
4385990682,3,2023_5_28_2_1,2023,5,28,24,1,4,0,0,,,218.74497446
4385990702,3,2023_5_28_2_1,2023,5,28,27,2,1,0,0,,,123.32906719
4385990703,3,2023_5_28_2_1,2023,5,28,32,1,1,0,0,,,123.32906719
4385990722,3,2023_5_28_2_1,2023,5,28,46,1,1,0,0,,,348.59945443
4385990728,3,2023_5_28_2_0,2023,5,28,13,2,2,0,0,,,8201.591839
4385990730,3,2023_5_28_2_0,2023,5,28,22,2,1,0,0,,,947.505609
4385990734,3,2023_5_28_2_0,2023,5,28,-3,-3,2,0,0,,,5146.4710416
4385990735,3,2023_5_28_2_0,2023,5,28,19,1,1,0,0,,,947.505609
4385990746,3,2023_5_28_2_0,2023,5,28,47,1,1,0,0,,,2678.2002482
4385990756,3,2023_5_28_2_0,2023,5,28,-3,-3,-3,0,0,,,8784.981353
4385990777,3,2023_5_28_2_0,2023,5,28,-3,1,1,0,0,,,2724.0769145
4385990810,3,2023_5_28_2_0,2023,5,28,27,2,2,0,0,,,4952.9986152
4385990816,3,2023_5_28_2_0,2023,5,28,13,2,4,0,0,,,6923.5008814
4385990831,3,2023_5_28_2_0,2023,5,28,1,1,1,0,0,,,14000.04601
4385990840,3,2023_5_28_2_0,2023,5,28,15,2,1,0,0,,,6923.5008814
4385990857,3,2023_5_28_2_0,2023,5,28,69,1,5,0,0,1,1,1026.6313257
4385990885,3,2023_5_28_2_0,2023,5,28,20,1,1,0,0,,,2678.2002482
4385990886,3,2023_5_28_2_0,2023,5,28,10,2,2,0,0,1,1,14000.04601
4385990893,3,2023_5_28_2_0,2023,5,28,14,1,3,0,0,,,14000.04601
4385990894,3,2023_5_28_2_0,2023,5,28,12,1,2,0,0,,,12280.000635
4385990897,3,2023_5_28_2_0,2023,5,28,20,1,2,0,0,,,9308.9626561
4385990925,3,2023_5_28_2_0,2023,5,28,12,2,1,0,0,,,6923.5008814
4385990941,3,2023_5_28_2_0,2023,5,28,-3,-3,-3,0,0,,,4952.9986152
4385990959,3,2023_5_28_2_0,2023,5,28,33,1,2,0,0,,,6923.5008814
4385990973,3,2023_5_28_2_0,2023,5,28,18,1,1,0,0,,,4344.4733037
4385990976,3,2023_5_28_2_0,2023,5,28,23,1,2,0,0,,,2449.42697
4385990990,3,2023_5_28_2_0,2023,5,28,16,1,1,0,0,,,4750.2414331
4385990993,3,2023_5_28_2_0,2023,5,28,30,2,2,0,0,,,2901.8554034
4385991048,3,2023_5_28_2_0,2023,5,28,-3,-3,-3,0,0,1,1,2449.42697
4385991078,3,2023_5_28_2_0,2023,5,28,32,1,1,0,0,,,947.505609
4385991079,3,2023_5_28_2_0,2023,5,28,-3,2,2,0,0,1,1,4513.6901333
4385991084,3,2023_5_28_2_0,2023,5,28,-3,-3,-3,0,0,1,1,1026.6313257
4385991114,3,2023_5_28_2_0,2023,5,28,45,2,2,0,0,,,6923.5008814
4385991124,3,2023_5_28_2_0,2023,5,28,5,1,2,0,0,,,6923.5008814
4385991126,3,2023_5_28_2_0,2023,5,28,28,1,1,0,0,,,1027.9174456
4385991134,3,2023_5_28_2_0,2023,5,28,24,2,2,0,0,,,1820.9044163
4385991147,3,2023_5_28_2_0,2023,5,28,37,1,1,0,0,,,397.12918628
4385991151,3,2023_5_28_2_0,2023,5,28,22,2,1,0,0,,,2449.42697
4385991163,3,2023_5_28_2_0,2023,5,28,60,1,2,0,0,,,14000.04601
4385991169,3,2023_5_28_2_0,2023,5,28,85,2,2,0,0,,,3297.7872076
4385991170,3,2023_5_28_2_0,2023,5,28,85,2,1,0,0,,,8005.7934061
4385991185,3,2023_5_28_2_0,2023,5,28,15,1,2,0,0,,,14000.04601
4385991246,3,2023_5_28_2_0,2023,5,28,52,1,1,0,0,,,2901.8554034
4385991270,3,2023_5_28_2_0,2023,5,28,43,1,2,0,0,,,14000.04601
4385991295,3,2023_5_28_2_0,2023,5,28,2,1,2,0,0,,,6923.5008814
4385991317,3,2023_5_28_2_0,2023,5,28,17,2,1,0,0,,,6923.5008814
4385991330,3,2023_5_28_2_0,2023,5,28,33,1,1,0,0,,,2449.42697
4385991340,3,2023_5_28_2_0,2023,5,28,16,2,-3,0,0,,,14000.04601
4385991388,3,2023_5_28_2_0,2023,5,28,14,1,1,0,0,,,6923.5008814
4385991390,3,2023_5_28_2_0,2023,5,28,40,2,1,0,0,,,2452.4955077
4385991429,3,2023_5_28_2_0,2023,5,28,34,1,1,0,0,,,1026.6313257
4385991454,3,2023_5_28_2_0,2023,5,28,-3,-3,-3,0,0,1,1,2449.42697
4385991459,3,2023_5_28_2_0,2023,5,28,4,1,1,0,0,,,2678.2002482
4385991470,3,2023_5_28_2_0,2023,5,28,9,1,1,0,0,,,14000.04601
4385991481,3,2023_5_28_2_0,2023,5,28,40,2,1,0,0,,,1165.2460717
4385991482,3,2023_5_28_2_0,2023,5,28,8,1,1,0,0,,,2678.2002482
4385991484,3,2023_5_28_2_0,2023,5,28,-3,-3,-3,0,0,1,1,2452.4955077
4385991508,3,2023_5_28_2_0,2023,5,28,12,1,1,0,0,,,6923.5008814
4385991541,3,2023_5_37_1_1,2023,5,37,1,1,1,0,0,,,1157.3617414
4385991549,3,2023_5_37_1_1,2023,5,37,-3,-3,-3,0,0,1,1,467.3006528
4385991550,3,2023_5_37_1_1,2023,5,37,-3,-3,-3,0,0,1,1,1399.0694121
4385991556,3,2023_5_37_1_1,2023,5,37,-3,-3,-3,0,0,1,1,559.79610455
4385991560,3,2023_5_37_1_1,2023,5,37,30,1,2,0,0,,,425.70134329
4385991565,3,2023_5_37_1_1,2023,5,37,24,1,3,0,4.0120267126,,,559.79610455
4385991590,3,2023_5_37_1_1,2023,5,37,-3,-3,-3,0,0,1,1,520.357951
4385991597,3,2023_5_37_1_1,2023,5,37,13,1,1,0,0,,,2834.7503761
4385991628,3,2023_5_37_1_1,2023,5,37,1,2,1,0,0,,,1245.078687
4385991652,3,2023_5_37_1_1,2023,5,37,11,1,1,0,0,,,3111.7606795
4385991654,3,2023_5_37_1_1,2023,5,37,16,1,1,0,0,,,386.56830934
4385991676,3,2023_5_37_1_1,2023,5,37,5,2,1,0,0,,,1157.3617414
4385991682,3,2023_5_37_1_1,2023,5,37,23,2,2,0,0,,,520.357951
4385991688,3,2023_5_37_1_1,2023,5,37,8,1,1,0,0,,,859.16017929
4385991692,3,2023_5_37_1_1,2023,5,37,24,1,1,0,0,,,173.80382137
4385991695,3,2023_5_37_1_1,2023,5,37,10,1,1,0,0,,,1157.3617414
4385991704,3,2023_5_37_1_1,2023,5,37,12,2,1,0,0,,,1157.3617414
4385991706,3,2023_5_37_1_1,2023,5,37,-3,-3,-3,0,0,1,1,520.357951
4385991707,3,2023_5_37_1_1,2023,5,37,1,1,1,0,0,,,1157.3617414
4385991715,3,2023_5_37_1_1,2023,5,37,2,1,1,0,0,,,1157.3617414
4385991737,3,2023_5_37_1_1,2023,5,37,23,2,1,7.9759465749,0,,,559.79610455
4385991767,3,2023_5_37_1_1,2023,5,37,11,1,1,0,0,,,2485.0714725
4385991771,3,2023_5_37_1_1,2023,5,37,23,1,3,0,0,,,559.79610455
4385991794,3,2023_5_37_1_1,2023,5,37,7,1,1,0.9969933219,1.0030066781,,,1245.078687
4385991798,3,2023_5_37_1_1,2023,5,37,-3,-3,-3,0,0,1,1,386.28443855
4385991810,3,2023_5_37_1_1,2023,5,37,23,1,1,0,0,,,520.357951
4385991815,3,2023_5_37_1_1,2023,5,37,23,2,1,0,0,,,520.357951
4385991821,3,2023_5_37_1_1,2023,5,37,35,1,2,0,0,,,138.80081496
4385991824,3,2023_5_37_1_1,2023,5,37,10,1,1,0,0,,,1157.3617414
4385991826,3,2023_5_37_1_1,2023,5,37,7,2,1,0,0,,,1157.3617414
4385991830,3,2023_5_37_1_1,2023,5,37,5,1,1,0,2.0060133563,,,1245.078687
4385991831,3,2023_5_37_1_1,2023,5,37,12,1,1,0,0,,,3111.7606795
4385991833,3,2023_5_37_1_1,2023,5,37,18,1,1,0,0,,,924.27629986
4385991839,3,2023_5_37_1_1,2023,5,37,3,2,3,0,0,,,2834.7503761
4385991844,3,2023_5_37_1_1,2023,5,37,3,1,1,0,0,,,1245.078687
4385991853,3,2023_5_37_1_1,2023,5,37,5,1,1,0,0,,,2834.7503761
4385991855,3,2023_5_37_1_1,2023,5,37,19,1,1,0,0,,,1157.3617414
4385991861,3,2023_5_37_1_1,2023,5,37,64,2,1,0,0,,,173.80382137
4385991875,3,2023_5_37_1_1,2023,5,37,27,1,2,0,0,,,870.00220223
4385991892,3,2023_5_37_1_1,2023,5,37,5,1,1,0,0,,,1157.3617414
4385991893,3,2023_5_37_1_1,2023,5,37,16,2,1,0,0,,,2485.0714725
4385991895,3,2023_5_37_1_1,2023,5,37,16,1,1,0,0,,,1157.3617414
4385991909,3,2023_5_37_1_1,2023,5,37,20,2,1,0,0,,,520.357951
4385991920,3,2023_5_37_1_1,2023,5,37,20,2,1,0,0,,,386.28443855
4385991923,3,2023_5_37_1_1,2023,5,37,18,1,1,0,0,,,1245.078687
4385991930,3,2023_5_37_1_1,2023,5,37,0,1,1,0,0,,,859.16017929
4385991940,3,2023_5_37_1_1,2023,5,37,-3,-3,-3,0,0,1,1,559.79610455
4385991946,3,2023_5_37_1_1,2023,5,37,18,1,1,1.9939866437,0,,,559.79610455
4385991947,3,2023_5_37_1_1,2023,5,37,36,1,1,0,0,,,1157.3617414
4385991954,3,2023_5_37_1_1,2023,5,37,10,2,1,9.9699332186,4.0120267126,,,1245.078687
4385991965,3,2023_5_37_1_1,2023,5,37,24,1,2,0,0,,,520.357951
4385991971,3,2023_5_37_1_1,2023,5,37,13,2,1,0,0,,,1157.3617414
4385991994,3,2023_5_37_1_1,2023,5,37,22,1,1,0,0,,,1274.5236381
4385991995,3,2023_5_37_1_1,2023,5,37,-3,-3,-3,0,0,1,1,520.357951
4385992001,3,2023_5_37_1_1,2023,5,37,-3,-3,-3,0,0,1,1,1117.3055521
4385992009,3,2023_5_37_1_1,2023,5,37,40,2,1,0,0,,,924.27629986
4385992016,3,2023_5_37_1_1,2023,5,37,3,1,1,0,0,,,1157.3617414
4385992019,3,2023_5_37_1_1,2023,5,37,13,2,1,0,0,,,967.04975709
4385992037,3,2023_5_37_1_1,2023,5,37,18,1,1,0,0,,,520.357951
4385992045,3,2023_5_37_1_1,2023,5,37,20,2,1,0,0,,,415.56110276
4385992057,3,2023_5_37_1_1,2023,5,37,13,2,1,0,1.0030066781,,,3049.5973298
4385992061,3,2023_5_37_1_1,2023,5,37,10,2,3,0,0,,,1157.3617414
4385992088,3,2023_5_37_1_1,2023,5,37,4,2,1,0,0,,,386.56830934
4385992090,3,2023_5_37_1_1,2023,5,37,9,1,5,0,0,,,1157.3617414
4385992098,3,2023_5_37_1_1,2023,5,37,11,1,1,0,0,,,3111.7606795
4385992102,3,2023_5_37_1_1,2023,5,37,80,2,1,0,0,,,186.97648796
4385992105,3,2023_5_37_1_1,2023,5,37,23,1,1,0.9969933219,25.075166953,,,415.56110276
4385992106,3,2023_5_37_1_1,2023,5,37,17,1,1,0,0,,,1157.3617414
4385992121,3,2023_5_37_1_1,2023,5,37,11,1,1,0,2.0060133563,,,924.27629986
4385992135,3,2023_5_37_1_1,2023,5,37,15,1,3,0,20.060133563,,,924.27629986
4385992138,3,2023_5_37_1_1,2023,5,37,13,2,1,0,0,,,1157.3617414
4385992143,3,2023_5_37_1_1,2023,5,37,7,1,1,0,0,,,3111.7606795
4385992156,3,2023_5_37_1_1,2023,5,37,21,-3,1,0,10.030066781,,,138.80081496
4385992161,3,2023_5_37_1_1,2023,5,37,4,2,1,2.9909799656,10.030066781,,,1245.078687
4385992173,3,2023_5_37_1_1,2023,5,37,71,1,1,0,0,,,346.89768832
4385992179,3,2023_5_37_1_1,2023,5,37,16,2,2,0,0,,,386.56830934
4385992202,3,2023_5_37_1_1,2023,5,37,19,2,3,0,0,,,186.97648796
4385992208,3,2023_5_37_1_1,2023,5,37,23,1,1,0,0,,,520.357951
4385992210,3,2023_5_37_1_1,2023,5,37,40,1,1,0,0,,,173.80382137
4385992227,3,2023_5_37_1_1,2023,5,37,21,1,3,0,0,,,559.79610455
4385992237,3,2023_5_37_1_1,2023,5,37,9,2,1,0,0,,,859.16017929
4385992240,3,2023_5_37_1_1,2023,5,37,23,2,5,0,0,,,415.56110276
4385992253,3,2023_5_37_1_1,2023,5,37,12,2,1,0,0,,,1157.3617414
4385992254,3,2023_5_37_1_1,2023,5,37,21,2,3,0,0,,,520.357951
4385992255,3,2023_5_37_1_1,2023,5,37,58,2,2,0,0,,,467.3006528
4385992288,3,2023_5_37_1_1,2023,5,37,82,2,1,0,0,,,1118.1266321
4385992296,3,2023_5_37_1_1,2023,5,37,21,1,1,0,5.0150333907,,,1505.1054863
4385992309,3,2023_5_37_1_1,2023,5,37,79,2,-3,0,0,,,138.80081496
4385992312,3,2023_5_37_1_1,2023,5,37,14,1,-3,0,0,,1,386.56830934
4385992362,3,2023_5_37_1_1,2023,5,37,18,2,1,0,0,,,1157.3617414
4385992374,3,2023_5_37_1_1,2023,5,37,40,1,2,0,0,,,502.71757084
4385992403,3,2023_5_37_1_1,2023,5,37,9,2,1,0,0,,,1157.3617414
4385992415,3,2023_5_37_1_1,2023,5,37,16,2,1,0,0,,,1245.078687
4385992417,3,2023_5_37_1_1,2023,5,37,1,2,1,0,0,,,1157.3617414
4385992419,3,2023_5_37_1_1,2023,5,37,31,2,1,0,0,,,386.28443855
4385992424,3,2023_5_37_1_1,2023,5,37,11,2,1,0,1.0030066781,,,924.27629986
4385992428,3,2023_5_37_1_1,2023,5,37,21,2,1,0,0,,,1274.5236381
4385992431,3,2023_5_37_1_1,2023,5,37,16,2,1,0,0,,,924.27629986
4385992432,3,2023_5_37_1_1,2023,5,37,3,1,1,0,0,,,924.27629986
4385992435,3,2023_5_37_1_1,2023,5,37,0,2,1,0,0,,,1245.078687
4385992439,3,2023_5_37_1_1,2023,5,37,23,1,3,0,0,,,1274.5236381
4385992440,3,2023_5_37_1_1,2023,5,37,1,1,1,0,0,,,1157.3617414
4385992444,3,2023_5_37_1_1,2023,5,37,78,1,1,9.9699332186,5.0150333907,,,234.35136391
4385992447,3,2023_5_37_1_1,2023,5,37,56,2,1,0,0,,,520.357951
4385992458,3,2023_5_37_1_1,2023,5,37,6,2,1,0,0,,,1157.3617414
4385992462,3,2023_5_37_1_1,2023,5,37,16,1,1,5.9819599312,2.0060133563,,,924.27629986
4385992471,3,2023_5_37_1_1,2023,5,37,65,1,1,0,0,,,186.97648796
4385992513,3,2023_5_37_1_1,2023,5,37,-3,-3,-3,0,0,1,1,415.56110276
4385992514,3,2023_5_37_1_1,2023,5,37,49,2,2,0,0,,,467.3006528
4385992525,3,2023_5_37_1_1,2023,5,37,44,2,1,0,0,,,186.97648796
4385992527,3,2023_5_37_1_1,2023,5,37,19,1,1,0,0,,,3347.6023636
4385992549,3,2023_5_37_1_1,2023,5,37,24,2,1,0,0,,,467.3006528
4385992562,3,2023_5_37_1_1,2023,5,37,17,1,3,0,0,,,924.27629986
4385992578,3,2023_5_37_1_1,2023,5,37,61,1,1,0,0,,,1157.3617414
4385992584,3,2023_5_37_1_1,2023,5,37,13,1,1,0,2.0060133563,,,1245.078687
4385992596,3,2023_5_37_1_1,2023,5,37,36,2,1,0,0,,,138.80081496
4385992602,3,2023_5_37_1_1,2023,5,37,9,1,1,0,0,,,1157.3617414
4385992611,3,2023_5_37_1_1,2023,5,37,70,1,1,0,0,,,186.97648796
4385992617,3,2023_5_37_1_1,2023,5,37,25,2,1,0,0,,,1274.5236381
4385992627,3,2023_5_37_1_1,2023,5,37,17,1,1,0,0,,,1245.078687
4385992642,3,2023_5_37_1_1,2023,5,37,62,2,1,0,0,,,386.56830934
4385992660,3,2023_5_37_1_1,2023,5,37,33,1,1,0,0,,,1117.3055521
4385992674,3,2023_5_37_1_1,2023,5,37,12,2,1,0,0,,,1157.3617414
4385992691,3,2023_5_37_1_1,2023,5,37,47,1,1,0,0,,,425.70134329
4385992701,3,2023_5_37_1_1,2023,5,37,25,2,3,0,0,,,559.79610455
4385992704,3,2023_5_37_1_1,2023,5,37,9,2,3,0,0,,,415.86648824
4385992716,3,2023_5_37_1_1,2023,5,37,17,2,1,0,0,,,415.86648824
4385992736,3,2023_5_37_1_1,2023,5,37,30,1,1,0,2.0060133563,,,502.71757084
4385992738,3,2023_5_37_1_1,2023,5,37,22,1,1,0,0,,,520.357951
4385992739,3,2023_5_37_1_1,2023,5,37,0,2,4,0,0,,,1157.3617414
4385992773,3,2023_5_37_1_1,2023,5,37,9,1,1,0,0,,,1157.3617414
4385992789,3,2023_5_37_1_1,2023,5,37,7,1,1,0,1.0030066781,,,924.27629986
4385992801,3,2023_5_37_1_1,2023,5,37,23,1,5,0,0,,,520.357951
4385992828,3,2023_5_37_1_1,2023,5,37,9,1,1,0,0,,,1157.3617414
4385992840,3,2023_5_37_1_1,2023,5,37,15,1,1,0,0,,,386.56830934
4385992845,3,2023_5_37_1_1,2023,5,37,18,2,1,0.9969933219,0,,,415.56110276
4385992858,3,2023_5_37_1_1,2023,5,37,20,2,1,0,0,,,3111.7606795
4385992869,3,2023_5_37_1_1,2023,5,37,30,1,1,4.9849666093,10.030066781,,,186.97648796
4385992879,3,2023_5_37_1_0,2023,5,37,10,2,1,0,0,,,9323.856782
4385992885,3,2023_5_37_1_0,2023,5,37,21,1,1,0,0,,,2030.1416943
4385992898,3,2023_5_37_1_0,2023,5,37,19,2,1,0,0,,,25068.748929
4385992923,3,2023_5_37_1_0,2023,5,37,31,1,4,0,0,,,4192.071361
4385992927,3,2023_5_37_1_0,2023,5,37,9,2,4,0,0,,,9323.856782
4385992949,3,2023_5_37_1_0,2023,5,37,50,2,1,0,5.0150333907,,,1506.3069159
4385992953,3,2023_5_37_1_0,2023,5,37,9,1,4,0,0,,,9323.856782
4385992955,3,2023_5_37_1_0,2023,5,37,-3,-3,-3,0,0,1,1,11271.085228
4385992967,3,2023_5_37_1_0,2023,5,37,21,2,1,0,0,,,1400.1861999
4385992976,3,2023_5_37_1_0,2023,5,37,18,2,2,0,0,,,10267.728267
4385993006,3,2023_5_37_1_0,2023,5,37,17,1,2,0,0,,,22837.11788
4385993025,3,2023_5_37_1_0,2023,5,37,11,1,1,0,0,,,9323.856782
4385993030,3,2023_5_37_1_0,2023,5,37,16,2,1,0,0,,,9323.856782
4385993058,3,2023_5_37_1_0,2023,5,37,12,2,1,0,0,,,9323.856782
4385993061,3,2023_5_37_1_0,2023,5,37,-3,-3,-3,0,0,,1,4192.071361
4385993086,3,2023_5_37_1_0,2023,5,37,-3,-3,-3,0,0,,,12397.274804
4385993089,3,2023_5_37_1_0,2023,5,37,52,1,1,0,1.0030066781,,,9919.6474316
4385993094,3,2023_5_37_1_0,2023,5,37,17,2,1,0,0,,,9323.856782
4385993112,3,2023_5_37_1_0,2023,5,37,50,1,2,0,0,,,3764.634863
4385993128,3,2023_5_37_1_0,2023,5,37,0,1,1,0,0,,,9323.856782
4385993163,3,2023_5_37_1_0,2023,5,37,18,1,1,0,0,,,4192.071361
4385993199,3,2023_5_37_1_0,2023,5,37,8,2,2,0,0,,,9323.856782
4385993204,3,2023_5_37_1_0,2023,5,37,17,1,1,0,0,,,10030.515909
4385993206,3,2023_5_37_1_0,2023,5,37,18,2,1,0,0,,,4192.071361
4385993213,3,2023_5_37_1_0,2023,5,37,30,1,1,0,0,,,4192.071361
4385993221,3,2023_5_37_1_0,2023,5,37,6,1,1,0,0,,,9323.856782
4385993224,3,2023_5_37_1_0,2023,5,37,-3,-3,-3,0,0,,,6150.7323766
4385993229,3,2023_5_37_1_0,2023,5,37,-3,-3,-3,0,0,1,1,4049.958163
4385993232,3,2023_5_37_1_0,2023,5,37,5,2,1,0,0,,,22837.11788
4385993239,3,2023_5_37_1_0,2023,5,37,0,1,1,0,0,,,9323.856782
4385993242,3,2023_5_37_1_0,2023,5,37,31,2,1,0,0,,,4192.071361
4385993300,3,2023_5_37_1_0,2023,5,37,22,2,1,0,0,,,10267.728267
4385993311,3,2023_5_37_1_0,2023,5,37,57,2,3,0,0,,,22837.11788
4385993330,3,2023_5_37_1_0,2023,5,37,0,2,1,0,0,,,22837.11788
4385993349,3,2023_5_37_1_0,2023,5,37,12,2,1,0,0,,,3114.2445993
4385993359,3,2023_5_37_1_0,2023,5,37,-3,-3,-3,0,0,,,1.0054646283
4385993387,3,2023_5_37_1_0,2023,5,37,7,1,1,0,0,,,9323.856782
4385993388,3,2023_5_37_1_0,2023,5,37,9,1,1,0,0,,,3114.2445993
4385993394,3,2023_5_37_1_0,2023,5,37,13,1,5,0,0,,,22837.11788
4385993414,3,2023_5_37_1_0,2023,5,37,-3,-3,-3,0,0,1,1,10267.728267
4385993455,3,2023_5_37_1_0,2023,5,37,20,2,1,0,0,,,11271.085228
4385993500,3,2023_5_37_1_0,2023,5,37,53,1,2,0,0,,,1400.1861999
4385993510,3,2023_5_37_1_0,2023,5,37,25,1,2,0,0,,,4192.071361
4385993536,3,2023_5_37_1_0,2023,5,37,7,1,2,0,0,,,9323.856782
4385993555,3,2023_5_37_1_0,2023,5,37,17,1,5,0,0,,,4515.3693185
4385993579,3,2023_5_37_1_0,2023,5,37,46,1,1,0,0,,,1823.1421989
4385993584,3,2023_5_37_1_0,2023,5,37,21,2,2,0,0,,,7627.7845838
4385993590,3,2023_5_37_1_0,2023,5,37,41,1,1,0,0,,,11271.085228
4385993591,3,2023_5_37_1_0,2023,5,37,26,2,1,0,0,,,9323.856782
4385993598,3,2023_5_37_1_0,2023,5,37,-3,-3,-3,0,0,1,1,1506.3069159
4385993609,3,2023_5_37_1_0,2023,5,37,5,1,1,0,5.0150333907,,,4857.5911067
4385993644,3,2023_5_37_1_0,2023,5,37,-3,-3,-3,0,0,1,1,4192.071361
4385993646,3,2023_5_37_1_0,2023,5,37,8,1,2,0,0,,,9323.856782
4385993648,3,2023_5_37_1_0,2023,5,37,-3,-3,2,0,0,,,11223.106166
4385993717,3,2023_5_37_1_0,2023,5,37,62,1,2,0,0,,,1867.7702885
4385993744,3,2023_5_37_1_0,2023,5,37,27,2,1,0,0,,,9323.856782
4385993757,3,2023_5_37_1_0,2023,5,37,20,2,1,0,0,,,2184.0070089
4385993802,3,2023_5_37_1_0,2023,5,37,5,1,1,2.2463570761,3.7536429239,,,10433.835469
4385993839,3,2023_5_37_1_0,2023,5,37,25,1,5,0,0,,,9323.856782
4385993852,3,2023_5_37_1_0,2023,5,37,13,1,1,0,0,,,22837.11788
4385993865,3,2023_5_37_1_0,2023,5,37,75,2,1,0,0,,,678.08396836
4385993880,3,2023_5_37_1_0,2023,5,37,7,1,1,0,0,,,9323.856782
4385993908,3,2023_5_37_2_1,2023,5,37,29,2,2,0,0,,,3315.4294255
4385993916,3,2023_5_37_2_1,2023,5,37,-3,-3,-3,0,0,,,715.15204132
4385993928,3,2023_5_37_2_1,2023,5,37,23,1,1,0,0,,,2141.1212247
4385993947,3,2023_5_37_2_1,2023,5,37,66,2,1,0,0,,,541.60753568
4385993959,3,2023_5_37_2_1,2023,5,37,15,1,1,0,1.0030066781,,,3606.5711082
4385993970,3,2023_5_37_2_1,2023,5,37,83,2,1,0,0,,,1353.6116639
4385993975,3,2023_5_37_2_1,2023,5,37,10,1,1,0,0,1,1,4762.2060631
4385993976,3,2023_5_37_2_1,2023,5,37,29,2,1,0,0,,,1621.5396491
4385993978,3,2023_5_37_2_1,2023,5,37,30,2,1,0,0,,,769.35372299
4385993988,3,2023_5_37_2_1,2023,5,37,44,2,1,0,0,,,715.15204132
4385993995,3,2023_5_37_2_1,2023,5,37,34,1,1,0,0,,,1456.2024758
4385993996,3,2023_5_37_2_1,2023,5,37,11,1,1,0,0,,,4762.2060631
4385994011,3,2023_5_37_2_1,2023,5,37,9,1,1,0,0,,,4762.2060631
4385994029,3,2023_5_37_2_1,2023,5,37,17,2,4,0,0,,,4762.2060631
4385994032,3,2023_5_37_2_1,2023,5,37,18,1,1,1.9939866437,1.0030066781,,,5123.1357147
4385994037,3,2023_5_37_2_1,2023,5,37,4,2,1,0,0,,,3352.4848365
4385994041,3,2023_5_37_2_1,2023,5,37,49,1,1,0,0,,,3010.6551645
4385994045,3,2023_5_37_2_1,2023,5,37,19,1,1,0,0,,,4762.2060631
4385994056,3,2023_5_37_2_1,2023,5,37,12,1,1,0,0,,,4762.2060631
4385994070,3,2023_5_37_2_1,2023,5,37,12,1,1,0,0,,,9013.7163857
4385994072,3,2023_5_37_2_1,2023,5,37,20,1,1,3.1105504998,1.222362375,,,11302.55889
4385994083,3,2023_5_37_2_1,2023,5,37,33,2,1,0,0,,,4762.2060631
4385994099,3,2023_5_37_2_1,2023,5,37,21,2,1,0,0,,,1507.3006804
4385994107,3,2023_5_37_2_1,2023,5,37,41,2,1,0,0,,,1922.8059149
4385994125,3,2023_5_37_2_1,2023,5,37,22,2,1,0,0,,,4762.2060631
4385994135,3,2023_5_37_2_1,2023,5,37,90,1,1,0,0,,,715.15204132
4385994155,3,2023_5_37_2_1,2023,5,37,2,1,1,0,0,,,4762.2060631
4385994163,3,2023_5_37_2_1,2023,5,37,12,1,1,0,0,,,4762.2060631
4385994166,3,2023_5_37_2_0,2023,5,37,17,2,1,0,0.5738861694,,,40947.032461
4385994183,3,2023_5_37_2_0,2023,5,37,27,2,2,0,0,,,22228.543063
4385994205,3,2023_5_37_2_0,2023,5,37,8,1,2,0,0,,,54444.836522
4385994213,3,2023_5_37_2_0,2023,5,37,62,2,2,0,0,,,9994.1087632
4385994240,3,2023_5_37_2_0,2023,5,37,-3,-3,-3,0,0,1,1,22228.543063
4385994251,3,2023_5_37_2_0,2023,5,37,41,1,1,0,0,,,8975.0786746
4385994252,3,2023_5_37_2_0,2023,5,37,13,1,1,0,0,,,18185.021721
4385994283,3,2023_5_37_2_0,2023,5,37,29,1,1,0,0,,,4970.5363685
4385994310,3,2023_5_37_2_0,2023,5,37,9,2,1,0,0,,,22228.543063
4385994324,3,2023_5_37_2_0,2023,5,37,19,1,1,0.9969933219,0,,,64294.784107
4385994364,3,2023_5_37_2_0,2023,5,37,37,1,1,0,0,,,9994.1087632
4385994375,3,2023_5_37_2_0,2023,5,37,34,2,1,0,0,,,19962.052399
4385994389,3,2023_5_37_2_0,2023,5,37,82,2,2,0,0,,,19962.052399
4385994395,3,2023_5_37_2_0,2023,5,37,31,2,1,0,0,,,3338.1142556
4385994429,3,2023_5_37_2_0,2023,5,37,15,1,1,0,0,,,18185.021721
4385994443,3,2023_5_37_2_0,2023,5,37,22,1,1,0,0,,,9994.1087632
4385994480,3,2023_5_37_2_0,2023,5,37,21,1,1,0,0,,,9994.1087632
4385994495,3,2023_5_37_2_0,2023,5,37,66,1,1,0,0,,,8975.0786746
4385994516,3,2023_5_37_2_0,2023,5,37,63,1,2,0,0,,,8975.0786746
4385994584,3,2023_5_37_2_0,2023,5,37,14,2,1,0,0,,,22228.543063
4385994599,3,2023_5_37_2_0,2023,5,37,-3,-3,-3,0,0,,,9994.1087632
4385994606,3,2023_5_37_2_0,2023,5,37,-3,2,2,0,0,,1,24478.780109
4385994637,3,2023_5_37_2_0,2023,5,37,7,1,2,0,0,,,22228.543063
4385994671,3,2023_5_37_2_0,2023,5,37,4,1,1,0,0,,,22228.543063
4385994677,3,2023_5_37_2_0,2023,5,37,17,2,3,0,0,,,22228.543063
4385994681,3,2023_5_37_2_0,2023,5,37,18,1,4,0,0,,,9994.1087632
4385994794,3,2023_5_37_2_0,2023,5,37,-3,-3,-3,0,0,1,1,24478.780109
4385994801,3,2023_5_37_2_0,2023,5,37,10,2,1,0,0,,,7424.515606
4385994815,3,2023_5_37_2_0,2023,5,37,79,2,1,0,0,,,8975.0786746
4385994837,3,2023_5_37_2_0,2023,5,37,-3,-3,-3,0,0,1,1,3338.1142556
4385994838,3,2023_5_37_2_0,2023,5,37,44,1,1,0,0,,,3338.1142556
4385994845,3,2023_5_37_2_0,2023,5,37,35,1,1,0,0,,,3338.1142556
4385994846,3,2023_5_37_2_0,2023,5,37,25,1,1,0,0,,,9994.1087632
4385994850,3,2023_5_37_2_0,2023,5,37,28,1,1,0,0,,,26870.83352
4385994852,3,2023_5_37_2_0,2023,5,37,0,2,1,0,0,,,54444.836522
4385994869,3,2023_5_37_2_0,2023,5,37,9,2,1,0,0,,,22228.543063
4385994878,3,2023_5_33_1_1,2023,5,33,42,1,1,1.0001167297,0,,,47.273031809
4385994894,3,2023_5_33_1_1,2023,5,33,72,2,1,0,0,,,47.273031809
4385994913,3,2023_5_33_1_1,2023,5,33,10,1,1,0,0,,,64.957587481
4385994921,3,2023_5_33_1_1,2023,5,33,36,1,1,0,0,,,33.567385277
4385994922,3,2023_5_33_1_1,2023,5,33,3,2,1,0,0,,,64.957587481
4385994927,3,2023_5_33_1_1,2023,5,33,30,2,1,0,0,,,64.957587481
4385994930,3,2023_5_33_1_1,2023,5,33,13,1,1,0,0,,,139.83428977
4385994932,3,2023_5_33_1_1,2023,5,33,40,2,3,0,0,,,47.273031809
4385994937,3,2023_5_33_1_1,2023,5,33,31,2,1,0,0,,,33.567385277
4385994941,3,2023_5_33_1_1,2023,5,33,23,1,1,0,0,,,38.055378707
4385994949,3,2023_5_33_1_1,2023,5,33,27,1,1,0,0,,,38.055378707
4385994953,3,2023_5_33_1_1,2023,5,33,50,2,1,0,0,,,81.921867172
4385994957,3,2023_5_33_1_1,2023,5,33,0,2,1,0,0,,,64.957587481
4385994966,3,2023_5_33_1_1,2023,5,33,20,2,1,0,0,,,156.14916583
4385994977,3,2023_5_33_1_1,2023,5,33,14,1,1,0,0,,,64.957587481
4385994978,3,2023_5_33_1_1,2023,5,33,16,1,1,0,0.9998832703,,,156.14916583
4385994979,3,2023_5_33_1_1,2023,5,33,8,1,1,0,0,,,64.957587481
4385994988,3,2023_5_33_1_1,2023,5,33,15,2,1,0,0,,,64.957587481
4385994993,3,2023_5_33_1_1,2023,5,33,73,2,1,0,0,,,47.273031809
4385994994,3,2023_5_33_1_1,2023,5,33,20,1,1,1.0001167297,0,,,38.055378707
4385994999,3,2023_5_33_1_1,2023,5,33,5,2,1,0,0,,,64.957587481
4385995015,3,2023_5_33_1_1,2023,5,33,18,1,1,0,0,,,64.957587481
4385995016,3,2023_5_33_1_1,2023,5,33,50,1,1,0,0,,,19.665440304
4385995017,3,2023_5_33_1_1,2023,5,33,20,1,1,0,0,,,38.055378707
4385995050,3,2023_5_33_1_1,2023,5,33,2,2,1,0,0,,,64.957587481
4385995052,3,2023_5_33_1_1,2023,5,33,84,2,4,0,0,,,19.665440304
4385995053,3,2023_5_33_1_1,2023,5,33,41,1,1,0,0,,,33.567385277
4385995055,3,2023_5_33_1_1,2023,5,33,27,1,1,0,0,,,80.691408247
4385995056,3,2023_5_33_1_1,2023,5,33,19,2,1,0,0,,,64.957587481
4385995075,3,2023_5_33_1_1,2023,5,33,11,1,2,0,0,,,64.957587481
4385995088,3,2023_5_33_1_1,2023,5,33,9,1,1,0,0,,,64.957587481
4385995095,3,2023_5_33_1_1,2023,5,33,21,1,1,0,0,,,47.273031809
4385995096,3,2023_5_33_1_1,2023,5,33,25,2,5,0,0,,,91.479931305
4385995100,3,2023_5_33_1_1,2023,5,33,13,1,1,0,0,,,64.957587481
4385995105,3,2023_5_33_1_1,2023,5,33,13,1,1,0,0,,,156.14916583
4385995107,3,2023_5_33_1_1,2023,5,33,30,1,1,0,0,,,38.055378707
4385995117,3,2023_5_33_1_1,2023,5,33,11,2,1,0,0,,,156.14916583
4385995126,3,2023_5_33_1_1,2023,5,33,27,1,1,0,0,,,81.921867172
4385995128,3,2023_5_33_1_1,2023,5,33,23,1,1,0,0,,,38.055378707
4385995134,3,2023_5_33_1_1,2023,5,33,13,1,1,0,0,,,156.14916583
4385995145,3,2023_5_33_1_1,2023,5,33,-3,-3,-3,0,0,1,1,47.273031809
4385995159,3,2023_5_33_1_1,2023,5,33,33,2,1,0,0,,,19.665440304
4385995163,3,2023_5_33_1_1,2023,5,33,83,2,1,0,0,,,47.273031809
4385995172,3,2023_5_33_1_1,2023,5,33,30,1,1,0,0,,,156.14916583
4385995176,3,2023_5_33_1_1,2023,5,33,23,1,1,0,0,,,91.479931305
4385995180,3,2023_5_33_1_1,2023,5,33,21,1,1,0,0,,,91.479931305
4385995188,3,2023_5_33_1_1,2023,5,33,50,1,5,0,1.9997665405,,,47.273031809
4385995193,3,2023_5_33_1_1,2023,5,33,19,1,1,0,0,,,156.14916583
4385995207,3,2023_5_33_1_1,2023,5,33,20,2,1,0,0,,,336.14252852
4385995208,3,2023_5_33_1_1,2023,5,33,12,1,1,0,0,,,156.14916583
4385995211,3,2023_5_33_1_1,2023,5,33,16,2,1,0,0,,,156.14916583
4385995213,3,2023_5_33_1_1,2023,5,33,53,1,1,0,0,,,47.273031809
4385995221,3,2023_5_33_1_1,2023,5,33,35,1,1,0,0,,,25.730381027
4385995226,3,2023_5_33_1_1,2023,5,33,3,2,5,0,0,,,64.957587481
4385995233,3,2023_5_33_1_1,2023,5,33,28,2,1,0,0,,,38.055378707
4385995235,3,2023_5_33_1_1,2023,5,33,23,1,5,0,0,,,156.14916583
4385995240,3,2023_5_33_1_1,2023,5,33,51,1,1,0,0,,,47.273031809
4385995253,3,2023_5_33_1_1,2023,5,33,3,1,1,0,0,,,64.957587481
4385995293,3,2023_5_33_1_1,2023,5,33,90,2,3,0,0,,,33.567385277
4385995320,3,2023_5_33_1_1,2023,5,33,35,1,1,0,0,,,19.665440304
4385995334,3,2023_5_33_1_1,2023,5,33,31,1,4,0,0,,,38.055378707
4385995354,3,2023_5_33_1_1,2023,5,33,20,2,1,0,0,,,45.097428821
4385995355,3,2023_5_33_1_1,2023,5,33,30,2,1,0,0,,,19.665440304
4385995358,3,2023_5_33_1_1,2023,5,33,86,1,1,0,0,,,25.730381027
4385995363,3,2023_5_33_1_1,2023,5,33,20,1,1,0,0,,,38.055378707
4385995369,3,2023_5_33_1_1,2023,5,33,17,1,5,0,0,,,156.14916583
4385995370,3,2023_5_33_1_1,2023,5,33,22,2,1,0,0,,,38.055378707
4385995376,3,2023_5_33_1_1,2023,5,33,43,1,1,0,0,,,19.665440304
4385995377,3,2023_5_33_1_1,2023,5,33,45,1,1,0,0,,,19.665440304
4385995381,3,2023_5_33_1_1,2023,5,33,30,2,4,0,0,,,47.273031809
4385995389,3,2023_5_33_1_1,2023,5,33,18,1,1,0,0,,,91.479931305
4385995396,3,2023_5_33_1_1,2023,5,33,50,2,1,0,0,,,139.83428977
4385995411,3,2023_5_33_1_1,2023,5,33,10,1,1,0,0,,,64.957587481
4385995423,3,2023_5_33_1_1,2023,5,33,54,2,1,0,0,,,33.567385277
4385995424,3,2023_5_33_1_1,2023,5,33,4,1,1,0,0,,,64.957587481
4385995428,3,2023_5_33_1_1,2023,5,33,26,2,1,0,0,,,64.957587481
4385995434,3,2023_5_33_1_1,2023,5,33,55,1,1,0,0,,,19.665440304
4385995451,3,2023_5_33_1_1,2023,5,33,30,1,1,0,0,,,38.055378707
4385995452,3,2023_5_33_1_1,2023,5,33,-3,-3,-3,0,0,1,1,38.055378707
4385995456,3,2023_5_33_1_1,2023,5,33,14,1,1,0,0,,,64.957587481
4385995469,3,2023_5_33_1_1,2023,5,33,20,2,1,0,0,,,196.92897656
4385995486,3,2023_5_33_1_1,2023,5,33,9,2,1,0,0,,,64.957587481
4385995503,3,2023_5_33_1_1,2023,5,33,55,2,1,0,0,,,38.055378707
4385995507,3,2023_5_33_1_1,2023,5,33,23,1,1,0,0,,,64.957587481
4385995511,3,2023_5_33_1_1,2023,5,33,94,1,1,0,0,,,47.273031809
4385995516,3,2023_5_33_1_1,2023,5,33,38,1,1,0,4.9994163513,,,38.055378707
4385995525,3,2023_5_33_1_1,2023,5,33,16,2,1,0,0,,,64.957587481
4385995527,3,2023_5_33_1_1,2023,5,33,14,2,1,0,0,,,64.957587481
4385995539,3,2023_5_33_1_1,2023,5,33,8,1,1,0,0,,,64.957587481
4385995542,3,2023_5_33_1_1,2023,5,33,28,1,1,0,0,,,38.055378707
4385995543,3,2023_5_33_1_1,2023,5,33,15,1,1,0,0,,,64.957587481
4385995567,3,2023_5_33_1_1,2023,5,33,-3,-3,-3,0,0,,,10.703761801
4385995588,3,2023_5_33_1_1,2023,5,33,8,1,5,0,0,,,64.957587481
4385995593,3,2023_5_33_1_1,2023,5,33,0,2,1,0,0,,,64.957587481
4385995594,3,2023_5_33_1_1,2023,5,33,30,1,1,0,0,,,19.665440304
4385995597,3,2023_5_33_1_1,2023,5,33,14,2,1,0,0,,,336.14252852
4385995613,3,2023_5_33_1_1,2023,5,33,32,1,1,0,0,,,19.665440304
4385995617,3,2023_5_33_1_1,2023,5,33,1,2,1,0,0,,,64.957587481
4385995625,3,2023_5_33_1_1,2023,5,33,23,1,1,5.0005836487,0,,,156.14916583
4385995635,3,2023_5_33_1_1,2023,5,33,18,1,1,0,0,,,64.957587481
4385995658,3,2023_5_33_1_1,2023,5,33,18,1,1,0,0,,,38.055378707
4385995659,3,2023_5_33_1_1,2023,5,33,15,1,1,0,0,,,64.957587481
4385995660,3,2023_5_33_1_1,2023,5,33,40,2,1,0,0,,,47.273031809
4385995661,3,2023_5_33_1_1,2023,5,33,0,2,1,0,0,,,139.83428977
4385995667,3,2023_5_33_1_1,2023,5,33,13,2,1,0,0,,,64.957587481
4385995702,3,2023_5_33_1_1,2023,5,33,24,2,1,0,0,,,38.055378707
4385995710,3,2023_5_33_1_1,2023,5,33,8,2,1,3.0003501892,0,,,64.957587481
4385995712,3,2023_5_33_1_1,2023,5,33,17,1,1,0,0,,,64.957587481
4385995716,3,2023_5_33_1_1,2023,5,33,19,1,1,0,0,,,64.957587481
4385995717,3,2023_5_33_1_1,2023,5,33,20,1,1,0,0,,,38.055378707
4385995725,3,2023_5_33_1_1,2023,5,33,7,1,1,0,0,,,64.957587481
4385995728,3,2023_5_33_1_1,2023,5,33,10,2,1,0,0,,,64.957587481
4385995731,3,2023_5_33_1_1,2023,5,33,5,2,1,0,0,,,64.957587481
4385995735,3,2023_5_33_1_1,2023,5,33,51,1,1,0,0,,,18.270493349
4385995748,3,2023_5_33_1_1,2023,5,33,13,1,1,1.0001167297,0,,,156.14916583
4385995749,3,2023_5_33_1_1,2023,5,33,51,1,1,0,0,,,91.479931305
4385995757,3,2023_5_33_1_1,2023,5,33,22,1,1,0,0,,,91.479931305
4385995760,3,2023_5_33_1_1,2023,5,33,6,1,1,0,0,,,64.957587481
4385995761,3,2023_5_33_1_1,2023,5,33,11,2,1,0,0,,,156.14916583
4385995769,3,2023_5_33_1_1,2023,5,33,24,2,4,0,0,,,38.055378707
4385995778,3,2023_5_33_1_1,2023,5,33,11,1,1,0,0,,,64.957587481
4385995795,3,2023_5_33_1_1,2023,5,33,40,2,1,2.0002334595,0,,,64.957587481
4385995796,3,2023_5_33_1_1,2023,5,33,87,2,1,0,0,,,47.273031809
4385995807,3,2023_5_33_1_1,2023,5,33,21,1,1,0,0,,,156.14916583
4385995810,3,2023_5_33_1_1,2023,5,33,-3,-3,-3,0,0,1,1,38.055378707
4385995812,3,2023_5_33_1_1,2023,5,33,40,1,1,0,0,,,25.730381027
4385995818,3,2023_5_33_1_1,2023,5,33,19,1,1,0,0,,,64.957587481
4385995822,3,2023_5_33_1_1,2023,5,33,20,2,1,0,0,,,38.055378707
4385995831,3,2023_5_33_1_1,2023,5,33,19,2,3,0,0,,,156.14916583
4385995833,3,2023_5_33_1_1,2023,5,33,7,1,1,0,0,,,64.957587481
4385995846,3,2023_5_33_1_1,2023,5,33,55,1,1,0,0,,,55.583728654
4385995847,3,2023_5_33_1_1,2023,5,33,53,2,1,0,0,,,64.957587481
4385995851,3,2023_5_33_1_1,2023,5,33,14,1,1,0,0,,,64.957587481
4385995856,3,2023_5_33_1_1,2023,5,33,12,2,1,1.0001167297,2.9996498108,,,64.957587481
4385995857,3,2023_5_33_1_1,2023,5,33,41,1,1,0,0,,,19.665440304
4385995859,3,2023_5_33_1_1,2023,5,33,56,1,1,0,0,,,64.957587481
4385995898,3,2023_5_33_1_1,2023,5,33,20,1,1,0,0,,,38.055378707
4385995901,3,2023_5_33_1_1,2023,5,33,19,1,1,0,0,,,91.479931305
4385995903,3,2023_5_33_1_1,2023,5,33,11,2,3,0,0,,,64.957587481
4385995910,3,2023_5_33_1_1,2023,5,33,25,1,1,0,0,,,38.055378707
4385995912,3,2023_5_33_1_1,2023,5,33,35,2,1,0,0,,,19.665440304
4385995924,3,2023_5_33_1_1,2023,5,33,29,2,1,0,0,,,38.055378707
4385995925,3,2023_5_33_1_1,2023,5,33,75,1,1,0,0,,,33.567385277
4385995950,3,2023_5_33_1_1,2023,5,33,-3,-3,-3,0,0,1,1,19.665440304
4385995976,3,2023_5_33_1_1,2023,5,33,54,2,1,0,0,,,91.479931305
4385995988,3,2023_5_33_1_1,2023,5,33,0,2,1,0,0,,,64.957587481
4385995996,3,2023_5_33_1_1,2023,5,33,30,2,-3,0,0,,,19.665440304
4385996023,3,2023_5_33_1_1,2023,5,33,28,1,1,0,0,,,38.055378707
4385996049,3,2023_5_33_1_1,2023,5,33,1,1,1,0,0,,,64.957587481
4385996074,3,2023_5_33_1_1,2023,5,33,5,1,1,0,0,,,64.957587481
4385996077,3,2023_5_33_1_0,2023,5,33,43,2,1,0,0,,,281.7822446
4385996086,3,2023_5_33_1_0,2023,5,33,31,1,1,0,0,1,1,262.05084598
4385996089,3,2023_5_33_1_0,2023,5,33,14,2,1,0,0,,,387.19528035
4385996094,3,2023_5_33_1_0,2023,5,33,17,2,1,0,0,,,930.76455554
4385996099,3,2023_5_33_1_0,2023,5,33,21,1,1,0,0,,,545.28807214
4385996112,3,2023_5_33_1_0,2023,5,33,42,2,3,0,0,,,488.31493836
4385996115,3,2023_5_33_1_0,2023,5,33,19,2,1,0,0,,,226.83821242
4385996120,3,2023_5_33_1_0,2023,5,33,4,2,1,0,0,,,387.19528035
4385996127,3,2023_5_33_1_0,2023,5,33,45,2,1,0,0,,,226.83821242
4385996160,3,2023_5_33_1_0,2023,5,33,85,2,1,0,0,,,117.22057372
4385996161,3,2023_5_33_1_0,2023,5,33,18,2,1,0,0,,,387.19528035
4385996164,3,2023_5_33_1_0,2023,5,33,54,1,1,0,0,,,226.83821242
4385996165,3,2023_5_33_1_0,2023,5,33,15,1,1,0,0,,,387.19528035
4385996172,3,2023_5_33_1_0,2023,5,33,-3,-3,-3,0,0,1,1,117.22057372
4385996201,3,2023_5_33_1_0,2023,5,33,59,2,4,0,0,,,226.83821242
4385996214,3,2023_5_33_1_0,2023,5,33,8,2,1,0,0,,,387.19528035
4385996222,3,2023_5_33_1_0,2023,5,33,23,1,1,0,0,,,387.19528035
4385996227,3,2023_5_33_1_0,2023,5,33,68,2,1,0,0,,,117.22057372
4385996243,3,2023_5_33_1_0,2023,5,33,9,2,5,0,0,,,930.76455554
4385996292,3,2023_5_33_1_0,2023,5,33,18,2,1,0,0,,,387.19528035
4385996316,3,2023_5_33_1_0,2023,5,33,53,2,1,0,0,,,117.22057372
4385996340,3,2023_5_33_1_0,2023,5,33,7,1,1,0,0,,,387.19528035
4385996350,3,2023_5_33_1_0,2023,5,33,36,1,1,0,0,,,226.83821242
4385996369,3,2023_5_33_1_0,2023,5,33,0,2,5,0,0,,,387.19528035
4385996372,3,2023_5_33_1_0,2023,5,33,15,2,1,0,0,,,930.76455554
4385996384,3,2023_5_33_1_0,2023,5,33,20,2,1,0,0,,,930.76455554
4385996415,3,2023_5_33_1_0,2023,5,33,79,2,1,0,0,,,281.7822446
4385996418,3,2023_5_33_1_0,2023,5,33,8,1,1,0,0,,,387.19528035
4385996424,3,2023_5_33_1_0,2023,5,33,6,2,1,0,0,,,387.19528035
4385996425,3,2023_5_33_1_0,2023,5,33,20,1,1,0,0,,,226.83821242
4385996427,3,2023_5_33_1_0,2023,5,33,2,1,1,0,0,,,387.19528035
4385996430,3,2023_5_33_1_0,2023,5,33,-3,-3,-3,0,0,1,1,226.83821242
4385996441,3,2023_5_33_1_0,2023,5,33,11,2,1,0,0,,,387.19528035
4385996447,3,2023_5_33_1_0,2023,5,33,81,2,1,0,0,,,480.98049281
4385996459,3,2023_5_33_1_0,2023,5,33,43,1,1,0,1.9997665405,,,117.22057372
4385996462,3,2023_5_33_1_0,2023,5,33,45,1,1,0,0,,,281.7822446
4385996464,3,2023_5_33_1_0,2023,5,33,75,1,1,0,0,,,117.22057372
4385996466,3,2023_5_33_1_0,2023,5,33,16,1,1,0,0,,,387.19528035
4385996483,3,2023_5_33_1_0,2023,5,33,26,2,1,0,0,,,226.83821242
4385996486,3,2023_5_33_1_0,2023,5,33,43,2,1,0,0,,,281.7822446
4385996494,3,2023_5_33_1_0,2023,5,33,35,1,1,0,0,,,226.83821242
4385996499,3,2023_5_33_1_0,2023,5,33,16,2,1,0,0,,,930.76455554
4385996525,3,2023_5_33_1_0,2023,5,33,14,2,1,0,0,,,930.76455554
4385996530,3,2023_5_33_1_0,2023,5,33,33,1,1,0,0,,,200.08645113
4385996536,3,2023_5_33_1_0,2023,5,33,6,1,1,0,0,,,387.19528035
4385996550,3,2023_5_33_1_0,2023,5,33,19,1,1,0,0,,,387.19528035
4385996554,3,2023_5_33_1_0,2023,5,33,11,1,1,0,0,,,833.51582364
4385996555,3,2023_5_33_1_0,2023,5,33,23,1,1,0,0,,,545.28807214
4385996577,3,2023_5_33_1_0,2023,5,33,-3,-3,-3,0,0,1,1,226.83821242
4385996580,3,2023_5_33_1_0,2023,5,33,1,2,1,0,0,,,387.19528035
4385996596,3,2023_5_33_1_0,2023,5,33,47,1,1,0,0,,,545.28807214
4385996597,3,2023_5_33_1_0,2023,5,33,8,2,1,0,0,,,387.19528035
4385996602,3,2023_5_33_1_0,2023,5,33,6,1,1,0,0,,,387.19528035
4385996604,3,2023_5_33_1_0,2023,5,33,22,1,5,0,0,,,545.28807214
4385996605,3,2023_5_33_1_0,2023,5,33,1,1,1,0,0,,,387.19528035
4385996607,3,2023_5_33_1_0,2023,5,33,50,2,4,0,0,,,480.98049281
4385996610,3,2023_5_33_1_0,2023,5,33,16,1,1,0,0,,,387.19528035
4385996611,3,2023_5_33_1_0,2023,5,33,23,2,1,0,0,,,226.83821242
4385996622,3,2023_5_33_1_0,2023,5,33,7,2,1,0,0,,,930.76455554
4385996627,3,2023_5_33_1_0,2023,5,33,25,1,1,0,0,,,226.83821242
4385996629,3,2023_5_33_1_0,2023,5,33,39,1,1,0,0,,,281.7822446
4385996632,3,2023_5_33_1_0,2023,5,33,23,2,1,0,0,,,226.83821242
4385996651,3,2023_5_33_1_0,2023,5,33,7,2,1,0,0,,,930.76455554
4385996663,3,2023_5_33_1_0,2023,5,33,16,2,1,0,0,,,387.19528035
4385996666,3,2023_5_33_1_0,2023,5,33,6,2,1,0,0,,,387.19528035
4385996667,3,2023_5_33_1_0,2023,5,33,32,2,1,1.0001167297,0,,,281.7822446
4385996671,3,2023_5_33_1_0,2023,5,33,11,1,1,0,0,,,387.19528035
4385996677,3,2023_5_33_1_0,2023,5,33,26,2,1,0,0,,,226.83821242
4385996678,3,2023_5_33_1_0,2023,5,33,14,2,1,0,0,,,387.19528035
4385996679,3,2023_5_33_1_0,2023,5,33,17,1,1,1.0001167297,0,,,930.76455554
4385996681,3,2023_5_33_1_0,2023,5,33,16,2,1,0,0,,,930.76455554
4385996684,3,2023_5_33_1_0,2023,5,33,20,2,1,0,0,,,545.28807214
4385996685,3,2023_5_33_1_0,2023,5,33,34,2,1,0,0,,,281.7822446
4385996689,3,2023_5_33_1_0,2023,5,33,9,1,3,0,0,,,387.19528035
4385996691,3,2023_5_33_1_0,2023,5,33,35,1,1,0,0,,,545.28807214
4385996696,3,2023_5_33_1_0,2023,5,33,33,2,1,0,0,,,117.22057372
4385996698,3,2023_5_33_1_0,2023,5,33,72,1,1,0,0,,,200.08645113
4385996704,3,2023_5_33_1_0,2023,5,33,14,1,1,0,0,,,930.76455554
4385996710,3,2023_5_33_1_0,2023,5,33,31,2,1,0,0,,,226.83821242
4385996722,3,2023_5_33_1_0,2023,5,33,27,1,1,0,0,,,252.34089362
4385996772,3,2023_5_33_1_0,2023,5,33,19,1,1,0,0,,,387.19528035
4385996787,3,2023_5_33_1_0,2023,5,33,18,1,1,0,0,,,387.19528035
4385996797,3,2023_5_33_1_0,2023,5,33,51,1,1,0,0,,,387.19528035
4385996803,3,2023_5_33_1_0,2023,5,33,19,1,1,0,0,,,545.28807214
4385996828,3,2023_5_33_1_0,2023,5,33,31,2,1,0,0,,,281.7822446
4385996829,3,2023_5_33_1_0,2023,5,33,7,1,1,0,0,1,1,387.19528035
4385996830,3,2023_5_33_1_0,2023,5,33,17,1,1,0,0,,,930.76455554
4385996835,3,2023_5_33_1_0,2023,5,33,13,2,1,0,0,,,387.19528035
4385996901,3,2023_5_33_1_0,2023,5,33,5,2,1,0,0,,,387.19528035
4385996936,3,2023_5_33_1_0,2023,5,33,6,1,1,0,0,,,387.19528035
4385996942,3,2023_5_33_1_0,2023,5,33,39,2,1,0,0,,,200.08645113
4385996943,3,2023_5_33_1_0,2023,5,33,19,1,1,0,0,,,387.19528035
4385996951,3,2023_5_33_1_0,2023,5,33,14,1,4,0,0,,,387.19528035
4385996995,3,2023_5_33_1_0,2023,5,33,24,2,4,0,0,,,488.31493836
4385996997,3,2023_5_33_1_0,2023,5,33,10,1,5,0,0,,,387.19528035
4385997004,3,2023_5_33_1_0,2023,5,33,50,2,1,0,0,,,488.31493836
4385997014,3,2023_5_33_1_0,2023,5,33,20,1,1,0,0,,,545.28807214
4385997017,3,2023_5_33_1_0,2023,5,33,20,2,1,0,0,,,226.83821242
4385997018,3,2023_5_33_1_0,2023,5,33,26,2,1,0,0,,,545.28807214
4385997033,3,2023_5_33_1_0,2023,5,33,14,1,1,0,0,,,387.19528035
4385997042,3,2023_5_33_1_0,2023,5,33,60,1,1,0,0,,,117.22057372
4385997046,3,2023_5_33_1_0,2023,5,33,21,1,1,0,0,,,387.19528035
4385997050,3,2023_5_33_1_0,2023,5,33,22,1,4,0,0,,,545.28807214
4385997053,3,2023_5_33_1_0,2023,5,33,31,2,1,0,0,,,281.7822446
4385997057,3,2023_5_33_1_0,2023,5,33,4,2,5,0,0,,,387.19528035
4385997060,3,2023_5_33_1_0,2023,5,33,50,2,1,0,0,,,117.22057372
4385997064,3,2023_5_33_1_0,2023,5,33,25,2,1,0,0,,,480.98049281
4385997080,3,2023_5_33_1_0,2023,5,33,23,2,1,0,0,,,488.31493836
4385997130,3,2023_5_33_1_0,2023,5,33,7,1,1,0,0,,,387.19528035
4385997135,3,2023_5_33_1_0,2023,5,33,14,1,1,0,0,,,387.19528035
4385997141,3,2023_5_33_1_0,2023,5,33,5,1,3,0,0,,,387.19528035
4385997142,3,2023_5_33_1_0,2023,5,33,9,1,1,0,0,,,387.19528035
4385997152,3,2023_5_33_1_0,2023,5,33,17,2,1,0,0,,,387.19528035
4385997183,3,2023_5_33_1_0,2023,5,33,1,1,1,0,0,,,930.76455554
4385997190,3,2023_5_33_1_0,2023,5,33,29,1,1,0,0,,,488.31493836
4385997199,3,2023_5_33_1_0,2023,5,33,21,2,1,0,0,,,117.22057372
4385997204,3,2023_5_33_1_0,2023,5,33,14,1,1,0,0,,,930.76455554
4385997216,3,2023_5_33_1_0,2023,5,33,-3,-3,-3,0,0,1,1,545.28807214
4385997220,3,2023_5_33_1_0,2023,5,33,10,2,1,0,0,,,387.19528035
4385997221,3,2023_5_33_1_0,2023,5,33,8,2,5,0,0,,,930.76455554
4385997233,3,2023_5_33_1_0,2023,5,33,22,1,1,0,0,,,226.83821242
4385997235,3,2023_5_33_1_0,2023,5,33,37,1,1,0,0,,,281.7822446
4385997252,3,2023_5_33_1_0,2023,5,33,18,1,1,0,2.9996498108,,,109.01237072
4385997276,3,2023_5_33_1_0,2023,5,33,46,2,1,0,0,,,281.7822446
4385997281,3,2023_5_33_1_0,2023,5,33,20,2,1,0,0,,,226.83821242
4385997296,3,2023_5_33_1_0,2023,5,33,22,2,1,0,0,,,387.19528035
4385997331,3,2023_5_33_1_0,2023,5,33,27,2,1,0,0,,,281.7822446
4385997333,3,2023_5_33_1_0,2023,5,33,35,2,4,0,0,,,387.19528035
4385997343,3,2023_5_33_1_0,2023,5,33,28,2,1,0,0,,,226.83821242
4385997344,3,2023_5_33_1_0,2023,5,33,35,1,1,0,0,,,480.98049281
4385997345,3,2023_5_33_1_0,2023,5,33,62,1,1,0,0,,,117.22057372
4385997354,3,2023_5_33_1_0,2023,5,33,55,2,1,0,0,,,226.83821242
4385997355,3,2023_5_33_1_0,2023,5,33,-3,-3,-3,0,0,1,1,226.83821242
4385997380,3,2023_5_33_1_0,2023,5,33,13,1,1,0,0,,,387.19528035
4385997383,3,2023_5_33_1_0,2023,5,33,29,1,1,0,0,,,226.83821242
4385997385,3,2023_5_33_1_0,2023,5,33,18,2,1,0,0,,,226.83821242
4385997391,3,2023_5_33_1_0,2023,5,33,39,2,1,0,0,,,387.19528035
4385997393,3,2023_5_33_1_0,2023,5,33,24,2,1,0,0,,,226.83821242
4385997397,3,2023_5_33_1_0,2023,5,33,1,2,1,0,0,,,387.19528035
4385997404,3,2023_5_33_1_0,2023,5,33,-3,-3,-3,0,0,,,217.51682709
4385997409,3,2023_5_33_1_0,2023,5,33,10,1,1,0,0,,,387.19528035
4385997410,3,2023_5_33_1_0,2023,5,33,20,1,1,0,0,,,387.19528035
4385997420,3,2023_5_33_1_0,2023,5,33,13,1,1,0,0,,,387.19528035
4385997421,3,2023_5_33_1_0,2023,5,33,3,1,1,0,0,,,387.19528035
4385997423,3,2023_5_33_1_0,2023,5,33,28,2,1,0,0,,,226.83821242
4385997462,3,2023_5_33_1_0,2023,5,33,89,2,5,0,0,,,281.7822446
4385997527,3,2023_5_33_1_0,2023,5,33,44,1,4,0,0,,,488.31493836
4385997533,3,2023_5_33_1_0,2023,5,33,18,1,3,0,0,,,2003.6581655
4385997544,3,2023_5_33_1_0,2023,5,33,45,2,1,0,0,,,281.7822446
4385997567,3,2023_5_33_1_0,2023,5,33,16,1,5,0,0,,,387.19528035
4385997577,3,2023_5_33_1_0,2023,5,33,27,2,1,0,0,,,281.7822446
4385997588,3,2023_5_33_1_0,2023,5,33,11,1,1,0,0,,,387.19528035
4385997595,3,2023_5_33_1_0,2023,5,33,4,1,1,0,0,,,387.19528035
4385997610,3,2023_5_33_1_0,2023,5,33,16,1,1,0,0,,,930.76455554
4385997633,3,2023_5_33_1_0,2023,5,33,15,1,1,0,0,,,833.51582364
4385997634,3,2023_5_33_1_0,2023,5,33,39,1,2,0,0,,,488.31493836
4385997663,3,2023_5_33_1_0,2023,5,33,1,2,3,0,0,,,833.51582364
4385997670,3,2023_5_33_1_0,2023,5,33,6,2,1,0,0,,,930.76455554
4385997677,3,2023_5_33_1_0,2023,5,33,19,2,5,0,0,,,545.28807214
4385997734,3,2023_5_33_1_0,2023,5,33,16,2,1,0,0,,,387.19528035
4385997737,3,2023_5_33_1_0,2023,5,33,50,2,1,0,0,1,1,281.7822446
4385997783,3,2023_5_33_1_0,2023,5,33,19,1,4,0,0,,,117.22057372
4385997795,3,2023_5_33_1_0,2023,5,33,6,1,1,0,0,,,387.19528035
4385997808,3,2023_5_33_1_0,2023,5,33,5,1,3,2.0575552681,1.9424447319,,,1388.9742515
4385997870,3,2023_5_33_1_0,2023,5,33,-3,-3,-3,0,0,,,226.83821242
4385997872,3,2023_5_33_1_0,2023,5,33,25,2,1,0,0,1,1,226.83821242
4385997874,3,2023_5_33_1_0,2023,5,33,11,2,-3,0,0,,,930.76455554
4385997905,3,2023_5_33_1_0,2023,5,33,3,1,1,0,0,,,387.19528035
4385997906,3,2023_5_33_1_0,2023,5,33,20,1,1,0,0,,,387.19528035
4385997908,3,2023_5_33_1_0,2023,5,33,32,2,1,0,0,,,292.24649405
4385997909,3,2023_5_33_1_0,2023,5,33,18,1,3,0,0,,,545.28807214
4385997911,3,2023_5_33_1_0,2023,5,33,31,2,1,0,0,,,545.28807214
4385997916,3,2023_5_33_1_0,2023,5,33,20,1,1,0,0,,,226.83821242
4385997917,3,2023_5_33_1_0,2023,5,33,27,1,1,0,0,,,226.83821242
4385997922,3,2023_5_33_1_0,2023,5,33,8,2,1,0,0,,,387.19528035
4385997923,3,2023_5_33_1_0,2023,5,33,27,2,1,0,0,,,545.28807214
4385997931,3,2023_5_33_1_0,2023,5,33,27,2,1,0,0,,,226.83821242
4385997945,3,2023_5_33_1_0,2023,5,33,14,2,3,0,0,,,387.19528035
4385997949,3,2023_5_33_1_0,2023,5,33,78,1,1,0,0,,,117.22057372
4385997953,3,2023_5_33_1_0,2023,5,33,-3,-3,-3,0,0,,,481.22832901
4385997957,3,2023_5_33_1_0,2023,5,33,13,1,1,0,0,,,387.19528035
4385997962,3,2023_5_33_1_0,2023,5,33,15,2,1,0,0,,,387.19528035
4385997963,3,2023_5_33_1_0,2023,5,33,8,2,4,0,0,,,387.19528035
4385997964,3,2023_5_33_1_0,2023,5,33,35,1,1,0,0,,,387.19528035
4385997965,3,2023_5_33_1_0,2023,5,33,22,2,1,0,0,,,545.28807214
4385997970,3,2023_5_33_1_0,2023,5,33,9,1,1,0,0,,,387.19528035
4385997985,3,2023_5_33_1_0,2023,5,33,17,1,1,0,0,,,930.76455554
4385997993,3,2023_5_33_1_0,2023,5,33,15,1,3,0,0,,,387.19528035
4385997997,3,2023_5_33_1_0,2023,5,33,13,2,1,0,0,,,387.19528035
4385998003,3,2023_5_33_1_0,2023,5,33,22,1,1,0,0,,,545.28807214
4385998010,3,2023_5_33_1_0,2023,5,33,10,1,1,0,0,,,387.19528035
4385998011,3,2023_5_33_1_0,2023,5,33,20,1,-3,0,0,,,226.83821242
4385998016,3,2023_5_33_1_0,2023,5,33,33,2,1,0,0,,,281.7822446
4385998021,3,2023_5_33_1_0,2023,5,33,10,1,1,0,0,,,930.76455554
4385998037,3,2023_5_33_1_0,2023,5,33,6,1,1,0,0,,,387.19528035
4385998040,3,2023_5_33_1_0,2023,5,33,13,1,1,0,0,,,387.19528035
4385998041,3,2023_5_33_1_0,2023,5,33,11,1,3,0,0,,,387.19528035
4385998053,3,2023_5_33_1_0,2023,5,33,19,2,1,0,0,,,545.28807214
4385998099,3,2023_5_33_1_0,2023,5,33,25,2,1,0,0,1,1,833.51582364
4385998103,3,2023_5_33_1_0,2023,5,33,30,1,1,0,0,,,117.22057372
4385998104,3,2023_5_33_1_0,2023,5,33,22,1,1,0,0,,,387.19528035
4385998109,3,2023_5_33_1_0,2023,5,33,17,2,1,0,0,,,387.19528035
4385998120,3,2023_5_33_1_0,2023,5,33,0,1,1,0,0,,,387.19528035
4385998126,3,2023_5_33_1_0,2023,5,33,9,1,-3,0,0,,,387.19528035
4385998136,3,2023_5_33_1_0,2023,5,33,1,1,1,0,0,,,387.19528035
4385998164,3,2023_5_33_1_0,2023,5,33,-3,-3,-3,0,0,1,1,109.01237072
4385998203,3,2023_5_33_1_0,2023,5,33,67,1,1,0,0,,,117.22057372
4385998226,3,2023_5_33_1_0,2023,5,33,17,1,1,0,0,,,387.19528035
4385998242,3,2023_5_33_1_0,2023,5,33,21,2,1,0,0,,,226.83821242
4385998243,3,2023_5_33_1_0,2023,5,33,33,2,1,0,0,,,281.7822446
4385998249,3,2023_5_33_1_0,2023,5,33,9,1,1,0,0,,,480.98049281
4385998253,3,2023_5_33_1_0,2023,5,33,7,1,1,0,0,,,387.19528035
4385998261,3,2023_5_33_1_0,2023,5,33,4,2,1,0,0,,,200.08645113
4385998277,3,2023_5_33_1_0,2023,5,33,74,2,1,0,0,,,117.22057372
4385998288,3,2023_5_33_1_0,2023,5,33,44,2,1,0,0,,,387.19528035
4385998296,3,2023_5_33_1_0,2023,5,33,13,2,1,0,0,,,387.19528035
4385998297,3,2023_5_33_1_0,2023,5,33,17,1,1,0,0,,,387.19528035
4385998298,3,2023_5_33_1_0,2023,5,33,61,2,1,0,0,,,545.28807214
4385998309,3,2023_5_33_1_0,2023,5,33,15,1,1,0,0,,,387.19528035
4385998340,3,2023_5_33_1_0,2023,5,33,43,1,1,0,0,1,1,260.43085272
4385998348,3,2023_5_33_1_0,2023,5,33,18,1,3,0,0,,,387.19528035
4385998361,3,2023_5_33_1_0,2023,5,33,35,1,1,0,0,,,545.28807214
4385998370,3,2023_5_33_1_0,2023,5,33,35,2,1,0,0,1,1,387.19528035
4385998379,3,2023_5_33_1_0,2023,5,33,14,1,3,0,0,,,387.19528035
4385998382,3,2023_5_33_1_0,2023,5,33,14,1,1,0,0,,,833.51582364
4385998411,3,2023_5_33_1_0,2023,5,33,21,1,1,0,0,,,226.83821242
4385998416,3,2023_5_33_1_0,2023,5,33,10,1,1,0,0,,,387.19528035
4385998446,3,2023_5_33_1_0,2023,5,33,48,1,1,0,0,,,480.98049281
4385998452,3,2023_5_33_1_0,2023,5,33,3,2,1,0,0,,,387.19528035
4385998455,3,2023_5_33_1_0,2023,5,33,11,2,1,0,0,,,387.19528035
4385998470,3,2023_5_33_1_0,2023,5,33,33,2,1,0,0,,,226.83821242
4385998476,3,2023_5_33_1_0,2023,5,33,33,1,1,0,0,,,117.22057372
4385998492,3,2023_5_33_1_0,2023,5,33,18,1,1,0,0,,,545.28807214
4385998504,3,2023_5_33_1_0,2023,5,33,33,1,1,0,0,,,387.19528035
4385998523,3,2023_5_33_1_0,2023,5,33,16,2,1,0,0,,,930.76455554
4385998561,3,2023_5_33_1_0,2023,5,33,24,1,1,0,0,,,281.7822446
4385998565,3,2023_5_33_1_0,2023,5,33,54,1,1,0,0,,,117.22057372
4385998571,3,2023_5_33_1_0,2023,5,33,10,1,1,0,0,,,930.76455554
4385998584,3,2023_5_33_1_0,2023,5,33,56,2,1,0,0,,,545.28807214
4385998608,3,2023_5_33_1_0,2023,5,33,5,1,1,0,0,,,387.19528035
4385998613,3,2023_5_33_1_0,2023,5,33,6,2,1,0,0,,,930.76455554
4385998623,3,2023_5_33_1_0,2023,5,33,23,2,1,0,0,,,226.83821242
4385998640,3,2023_5_33_1_0,2023,5,33,28,2,1,0,0,,,117.22057372
4385998650,3,2023_5_33_1_0,2023,5,33,5,1,1,0,0,,,387.19528035
4385998663,3,2023_5_33_1_0,2023,5,33,-3,1,1,0,0,,,488.31493836
4385998670,3,2023_5_33_1_0,2023,5,33,8,1,1,0,0,,,833.51582364
4385998707,3,2023_5_33_1_0,2023,5,33,43,2,1,0,0,,,226.83821242
4385998709,3,2023_5_33_1_0,2023,5,33,5,2,4,0,0,,,387.19528035
4385998714,3,2023_5_33_1_0,2023,5,33,40,1,1,0,0,,,281.7822446
4385998716,3,2023_5_33_1_0,2023,5,33,39,2,1,0,0,,,387.19528035
4385998732,3,2023_5_33_1_0,2023,5,33,14,2,1,0,0,,1,387.19528035
4385998736,3,2023_5_33_1_0,2023,5,33,24,2,1,0,0,,,545.28807214
4385998754,3,2023_5_33_1_0,2023,5,33,2,1,1,0,0,,,387.19528035
4385998762,3,2023_5_33_1_0,2023,5,33,-3,2,1,0,0,,,481.22832901
4385998778,3,2023_5_33_1_0,2023,5,33,10,1,1,0,0,,,387.19528035
4385998792,3,2023_5_33_1_0,2023,5,33,5,2,1,0,0,,,387.19528035
4385998832,3,2023_5_33_1_0,2023,5,33,-3,-3,-3,0,0,1,1,109.01237072
4385998833,3,2023_5_33_1_0,2023,5,33,-3,-3,-3,0,0,1,1,117.22057372
4385998845,3,2023_5_33_1_0,2023,5,33,22,2,1,0,0,,,226.83821242
4385998847,3,2023_5_33_1_0,2023,5,33,1,2,1,0,0,,,387.19528035
4385998860,3,2023_5_33_1_0,2023,5,33,35,2,4,0,0,,,833.51582364
4385998872,3,2023_5_33_1_0,2023,5,33,46,2,1,0,0,,,387.19528035
4385998887,3,2023_5_33_1_0,2023,5,33,24,1,1,0,0,,,930.76455554
4385998893,3,2023_5_33_1_0,2023,5,33,14,1,4,0,0,,,200.08645113
4385998899,3,2023_5_33_1_0,2023,5,33,8,2,1,0,0,,,387.19528035
4385998906,3,2023_5_33_1_0,2023,5,33,25,2,1,0,0,,,226.83821242
4385998939,3,2023_5_33_1_0,2023,5,33,10,2,1,0,0,,,200.08645113
4385998944,3,2023_5_33_1_0,2023,5,33,19,2,1,0,0,,,226.83821242
4385998952,3,2023_5_33_1_0,2023,5,33,11,1,1,0,0,,,200.08645113
4385998956,3,2023_5_33_1_0,2023,5,33,46,2,1,0,0,,,281.7822446
4385998973,3,2023_5_33_1_0,2023,5,33,19,2,1,0,0,,,930.76455554
4385998977,3,2023_5_33_1_0,2023,5,33,86,1,1,0,0,,,281.7822446
4385999004,3,2023_5_33_1_0,2023,5,33,0,2,1,0,0,,,387.19528035
4385999006,3,2023_5_33_1_0,2023,5,33,13,2,1,0,0,,,387.19528035
4385999007,3,2023_5_33_1_0,2023,5,33,6,2,1,0,0,,,387.19528035
4385999031,3,2023_5_33_1_0,2023,5,33,10,1,1,0,0,,,387.19528035
4385999040,3,2023_5_33_1_0,2023,5,33,19,2,1,0,0,,,545.28807214
4385999052,3,2023_5_33_1_0,2023,5,33,11,1,3,0,0,,,833.51582364
4385999076,3,2023_5_33_1_0,2023,5,33,15,2,1,0,0,,,387.19528035
4385999077,3,2023_5_33_1_0,2023,5,33,17,2,1,0,0,,,387.19528035
4385999082,3,2023_5_33_1_0,2023,5,33,33,1,1,0,0,,,281.7822446
4385999087,3,2023_5_33_1_0,2023,5,33,-3,-3,-3,0,0,,,481.22832901
4385999107,3,2023_5_33_1_0,2023,5,33,49,1,1,0,0,,,545.28807214
4385999121,3,2023_5_33_1_0,2023,5,33,24,1,1,0,0,,,226.83821242
4385999126,3,2023_5_33_1_0,2023,5,33,8,1,1,0,0,,,387.19528035
4385999149,3,2023_5_33_1_0,2023,5,33,72,1,1,0,0,,,237.11193514
4385999156,3,2023_5_33_1_0,2023,5,33,18,1,1,0,0,,,488.31493836
4385999174,3,2023_5_33_1_0,2023,5,33,0,2,1,0,0,,,387.19528035
4385999175,3,2023_5_33_1_0,2023,5,33,57,1,1,0,0,,,545.28807214
4385999180,3,2023_5_33_1_0,2023,5,33,5,2,1,0,0,,,387.19528035
4385999184,3,2023_5_33_1_0,2023,5,33,23,1,1,0,0,,,117.22057372
4385999220,3,2023_5_33_1_0,2023,5,33,61,1,1,0,0,,,270.45210269
4385999221,3,2023_5_33_1_0,2023,5,33,18,2,1,0,0,,,387.19528035
4385999243,3,2023_5_33_1_0,2023,5,33,0,2,5,0,0,,,387.19528035
4385999248,3,2023_5_33_1_0,2023,5,33,3,1,1,0,0,,,387.19528035
4385999253,3,2023_5_33_1_0,2023,5,33,91,2,1,0,0,,,281.7822446
4385999258,3,2023_5_33_1_0,2023,5,33,9,1,5,0,0,,,387.19528035
4385999271,3,2023_5_33_1_0,2023,5,33,24,2,1,0,0,,,226.83821242
4385999287,3,2023_5_33_1_0,2023,5,33,20,1,1,0,0,,,387.19528035
4385999292,3,2023_5_33_1_0,2023,5,33,19,2,1,0,0,,,387.19528035
4385999294,3,2023_5_33_1_0,2023,5,33,17,2,1,0,0,,,387.19528035
4385999295,3,2023_5_33_1_0,2023,5,33,9,2,1,0,0,,,387.19528035
4385999307,3,2023_5_33_1_0,2023,5,33,46,2,1,0,0,,,200.08645113
4385999310,3,2023_5_33_1_0,2023,5,33,11,2,1,0,0,,,387.19528035
4385999311,3,2023_5_33_1_0,2023,5,33,12,1,1,0,0,,,387.19528035
4385999316,3,2023_5_33_1_0,2023,5,33,26,2,1,0,0,,,545.28807214
4385999333,3,2023_5_33_1_0,2023,5,33,10,2,1,0,0,,,387.19528035
4385999336,3,2023_5_33_1_0,2023,5,33,44,1,1,0,0,,,480.98049281
4385999362,3,2023_5_33_1_0,2023,5,33,63,-3,1,0,0,,,281.7822446
4385999376,3,2023_5_33_1_0,2023,5,33,19,1,1,0,0,,,387.19528035
4385999393,3,2023_5_33_1_0,2023,5,33,24,2,1,0,0,,,387.19528035
4385999400,3,2023_5_33_1_0,2023,5,33,43,2,1,0,0,,,387.19528035
4385999424,3,2023_5_33_1_0,2023,5,33,4,1,1,0,0,,,387.19528035
4385999426,3,2023_5_33_1_0,2023,5,33,8,2,1,0,0,,,387.19528035
4385999467,3,2023_5_33_1_0,2023,5,33,20,1,3,0,0,,,930.76455554
4385999468,3,2023_5_33_1_0,2023,5,33,13,1,1,0,0,,,387.19528035
4385999494,3,2023_5_33_1_0,2023,5,33,23,2,1,0,0,,,281.7822446
4385999506,3,2023_5_33_1_0,2023,5,33,16,2,1,0,0,,,387.19528035
4385999509,3,2023_5_33_1_0,2023,5,33,50,1,2,0,0,,,281.7822446
4385999527,3,2023_5_33_1_0,2023,5,33,31,2,1,0,0,,,226.83821242
4385999529,3,2023_5_33_1_0,2023,5,33,6,2,3,0,0,,,387.19528035
4385999562,3,2023_5_33_1_0,2023,5,33,1,2,1,0,0,,,387.19528035
4385999586,3,2023_5_33_1_0,2023,5,33,19,2,1,0,0,,,226.83821242
4385999588,3,2023_5_33_1_0,2023,5,33,4,1,1,0,0,,,387.19528035
4385999590,3,2023_5_33_1_0,2023,5,33,2,2,1,0,0,,,387.19528035
4385999593,3,2023_5_33_1_0,2023,5,33,21,1,1,0,0,,,545.28807214
4385999598,3,2023_5_33_1_0,2023,5,33,-3,-3,-3,0,0,1,1,226.83821242
4385999609,3,2023_5_33_1_0,2023,5,33,6,1,1,0,0,,,387.19528035
4385999618,3,2023_5_33_1_0,2023,5,33,57,2,1,0,0,,,117.22057372
4385999622,3,2023_5_33_2_1,2023,5,33,5,1,1,0,0,,,151.26589438
4385999640,3,2023_5_33_2_1,2023,5,33,16,2,5,0,0,,,151.26589438
4385999668,3,2023_5_33_2_1,2023,5,33,2,2,1,0,0,,,151.26589438
4385999673,3,2023_5_33_2_1,2023,5,33,25,1,2,0,0,,,151.26589438
4385999685,3,2023_5_33_2_1,2023,5,33,25,2,1,0,0,,,213.02813364
4385999689,3,2023_5_33_2_1,2023,5,33,14,1,3,0,0,,,363.62254422
4385999702,3,2023_5_33_2_1,2023,5,33,9,1,-3,0,0,,,151.26589438
4385999704,3,2023_5_33_2_1,2023,5,33,49,2,1,0,0,,,110.08409816
4385999707,3,2023_5_33_2_1,2023,5,33,84,1,1,3.0003501892,0,,,45.794656658
4385999726,3,2023_5_33_2_0,2023,5,33,55,2,1,7.5010943732,0,,,501.31128699
4385999728,3,2023_5_33_2_0,2023,5,33,15,1,1,0,0,,,1853.6613491
4385999747,3,2023_5_33_2_0,2023,5,33,37,1,1,0,0,,,1069.6556968
4385999751,3,2023_5_33_2_0,2023,5,33,23,2,1,0,0,,,504.46699982
4385999752,3,2023_5_33_2_0,2023,5,33,4,1,1,0,0,,,861.08614303
4385999761,3,2023_5_33_2_0,2023,5,33,4,1,1,0,0,,,861.08614303
4385999776,3,2023_5_33_2_0,2023,5,33,0,1,1,0,0,,,861.08614303
4385999794,3,2023_5_33_2_0,2023,5,33,43,2,1,0,0,,,626.65739613
4385999800,3,2023_5_33_2_0,2023,5,33,19,1,1,0,0,,,504.46699982
4385999802,3,2023_5_33_2_0,2023,5,33,1,1,1,0,0,,,861.08614303
4385999848,3,2023_5_33_2_0,2023,5,33,21,1,1,0,0,,,504.46699982
4385999850,3,2023_5_33_2_0,2023,5,33,44,1,1,0,0,,,1853.6613491
4385999858,3,2023_5_33_2_0,2023,5,33,-3,-3,-3,0,0,1,1,260.68760863
4385999860,3,2023_5_33_2_0,2023,5,33,10,1,1,0,0,,,2069.9334467
4385999874,3,2023_5_33_2_0,2023,5,33,20,1,-3,0,0,,,1212.6697475
4385999885,3,2023_5_33_2_0,2023,5,33,15,2,1,0,0,,,861.08614303
4385999916,3,2023_5_33_2_0,2023,5,33,37,1,1,0,0,,,626.65739613
4385999921,3,2023_5_33_2_0,2023,5,33,4,1,1,0,0,,,861.08614303
4385999922,3,2023_5_33_2_0,2023,5,33,13,1,1,0,0,,,2069.9334467
4385999925,3,2023_5_33_2_0,2023,5,33,16,2,1,0,0,,,4455.9486368
4385999937,3,2023_5_33_2_0,2023,5,33,75,2,1,0,0,,,260.68760863
4385999975,3,2023_5_33_2_0,2023,5,33,11,2,1,0,0,,,861.08614303
4386000023,3,2023_5_33_2_0,2023,5,33,20,2,1,0,0,,,2069.9334467
4386000025,3,2023_5_33_2_0,2023,5,33,87,2,1,0,0,,,626.65739613
4386000053,3,2023_5_33_2_0,2023,5,33,-3,-3,-3,0,0,1,1,504.46699982
4386000055,3,2023_5_33_2_0,2023,5,33,19,1,1,0,0,,,504.46699982
4386000057,3,2023_5_33_2_0,2023,5,33,33,1,1,0,0,,,504.46699982
4386000061,3,2023_5_33_2_0,2023,5,33,29,1,1,0,0,,,1212.6697475
4386000067,3,2023_5_33_2_0,2023,5,33,-3,-3,1,0,0,,,2303.8358131
4386000086,3,2023_5_33_2_0,2023,5,33,28,1,1,0,0,,,626.65739613
4386000099,3,2023_5_33_2_0,2023,5,33,-3,-3,-3,0,0,1,,742.61873819
4386000114,3,2023_5_33_2_0,2023,5,33,1,1,1,0,0,,,861.08614303
4386000120,3,2023_5_33_2_0,2023,5,33,38,2,1,0,0,,,444.97358108
4386000138,3,2023_5_33_2_0,2023,5,33,30,1,1,4.2175141376,5.6737287935,,,594.40753508
4386000143,3,2023_5_33_2_0,2023,5,33,33,2,1,0,0,,,444.97358108
4386000153,3,2023_5_33_2_0,2023,5,33,19,2,1,0,0,,,2069.9334467
4386000158,3,2023_5_33_2_0,2023,5,33,-3,-3,-3,0,0,,,1162.837923
4386000161,3,2023_5_33_2_0,2023,5,33,6,2,5,0,0,,,1853.6613491
4386000164,3,2023_5_33_2_0,2023,5,33,19,1,1,0,0,,,504.46699982
4386000187,3,2023_5_33_2_0,2023,5,33,21,1,1,0,0,,,2069.9334467
4386000192,3,2023_5_33_2_0,2023,5,33,15,2,5,0,0,,,649.92890964
4386000212,3,2023_5_33_2_0,2023,5,33,-3,2,1,0,0,,,504.46699982
4386000220,3,2023_5_33_2_0,2023,5,33,-3,-3,-3,0,0,1,1,504.46699982
4386000255,3,2023_5_34_1_1,2023,5,34,34,2,1,0,0,,,331.62214092
4386000262,3,2023_5_34_1_1,2023,5,34,-3,-3,-3,0,0,1,1,331.62214092
4386000271,3,2023_5_34_1_1,2023,5,34,27,2,1,0,0,,,208.0356558
4386000274,3,2023_5_34_1_1,2023,5,34,21,2,3,0,2.9999117296,,,576.65062878
4386000280,3,2023_5_34_1_1,2023,5,34,28,1,1,0,0.9999705765,,,108.19321725
4386000293,3,2023_5_34_1_1,2023,5,34,9,1,3,0,1.999941153,,,576.65062878
4386000299,3,2023_5_34_1_1,2023,5,34,20,1,1,0,2.9999117296,,,576.65062878
4386000302,3,2023_5_34_1_1,2023,5,34,56,2,1,0,0,,,669.11470803
4386000303,3,2023_5_34_1_1,2023,5,34,91,2,1,0,0,,,331.62214092
4386000311,3,2023_5_34_1_1,2023,5,34,-3,-3,-3,0,0,1,1,103.10523553
4386000315,3,2023_5_34_1_1,2023,5,34,8,2,1,0,0,,,964.57905863
4386000344,3,2023_5_34_1_1,2023,5,34,20,1,1,10.000294235,1.999941153,,,1854.7081058
4386000348,3,2023_5_34_1_1,2023,5,34,2,1,1,0,0,,,576.65062878
4386000355,3,2023_5_34_1_1,2023,5,34,-3,-3,-3,0,0,1,1,175.0550318
4386000365,3,2023_5_34_1_1,2023,5,34,23,1,4,0,0,,,331.62214092
4386000369,3,2023_5_34_1_1,2023,5,34,30,2,1,0,0,1,1,208.0356558
4386000384,3,2023_5_34_1_1,2023,5,34,-3,-3,-3,0,0,1,1,208.0356558
4386000393,3,2023_5_34_1_1,2023,5,34,26,1,2,0,0,,,353.20891473
4386000399,3,2023_5_34_1_1,2023,5,34,25,1,1,0,0,,,208.0356558
4386000401,3,2023_5_34_1_1,2023,5,34,27,1,2,0,0,,,208.0356558
4386000404,3,2023_5_34_1_1,2023,5,34,15,2,1,0,0,,,576.65062878
4386000412,3,2023_5_34_1_1,2023,5,34,19,2,5,0,0,,,669.11470803
4386000414,3,2023_5_34_1_1,2023,5,34,33,1,1,1.0000294235,1.999941153,,,331.62214092
4386000420,3,2023_5_34_1_1,2023,5,34,18,1,1,0,4.9998528826,,,108.19321725
4386000441,3,2023_5_34_1_1,2023,5,34,40,2,1,0,0,,,2289.2499023
4386000448,3,2023_5_34_1_1,2023,5,34,11,2,1,6.0001765409,1.999941153,,,964.57905863
4386000450,3,2023_5_34_1_1,2023,5,34,31,2,1,0,0,,,347.98685204
4386000458,3,2023_5_34_1_1,2023,5,34,43,2,1,0,0,,,576.65062878
4386000469,3,2023_5_34_1_1,2023,5,34,19,1,1,20.00058847,59.998234591,,,208.0356558
4386000475,3,2023_5_34_1_1,2023,5,34,20,1,1,0,0,,,299.89900779
4386000477,3,2023_5_34_1_1,2023,5,34,9,2,1,0,0,,,919.21798377
4386000489,3,2023_5_34_1_1,2023,5,34,26,2,1,0,0,,,669.11470803
4386000492,3,2023_5_34_1_1,2023,5,34,15,2,1,0,0,,,299.89900779
4386000503,3,2023_5_34_1_1,2023,5,34,26,1,1,0,0,,,331.62214092
4386000505,3,2023_5_34_1_1,2023,5,34,19,2,1,0,0,,,208.0356558
4386000519,3,2023_5_34_1_1,2023,5,34,19,2,1,0,0,,,576.65062878
4386000521,3,2023_5_34_1_1,2023,5,34,92,2,1,0,0,,,331.62214092
4386000529,3,2023_5_34_1_1,2023,5,34,25,1,1,0,0,,,108.19321725
4386000530,3,2023_5_34_1_1,2023,5,34,26,1,1,0,0,,,208.0356558
4386000536,3,2023_5_34_1_1,2023,5,34,19,2,2,0,0,,,2289.2499023
4386000557,3,2023_5_34_1_1,2023,5,34,3,1,1,0,0,,,299.89900779
4386000558,3,2023_5_34_1_1,2023,5,34,34,1,1,40.001176939,29.999117296,,,103.10523553
4386000574,3,2023_5_34_1_1,2023,5,34,3,1,1,0,0,,,576.65062878
4386000591,3,2023_5_34_1_1,2023,5,34,20,1,2,0,0,,,208.0356558
4386000592,3,2023_5_34_1_1,2023,5,34,14,2,5,0,0,,,576.65062878
4386000595,3,2023_5_34_1_1,2023,5,34,12,2,4,0,0,,,576.65062878
4386000597,3,2023_5_34_1_1,2023,5,34,26,1,4,0,0,,,825.88239905
4386000598,3,2023_5_34_1_1,2023,5,34,4,1,4,0,0,,,299.89900779
4386000603,3,2023_5_34_1_1,2023,5,34,25,1,1,0,1.999941153,,,103.10523553
4386000604,3,2023_5_34_1_1,2023,5,34,21,2,1,0,0,,,208.0356558
4386000619,3,2023_5_34_1_1,2023,5,34,50,1,1,0,0,,,172.46690814
4386000634,3,2023_5_34_1_0,2023,5,34,14,2,3,0,0,,,9645.3461792
4386000635,3,2023_5_34_1_0,2023,5,34,15,1,4,0,0,,,2429.6145797
4386000669,3,2023_5_34_1_0,2023,5,34,21,1,1,0,0,,,5688.2968061
4386000679,3,2023_5_34_1_0,2023,5,34,41,1,1,0,0,,,2819.1954868
4386000685,3,2023_5_34_1_0,2023,5,34,18,2,4,0,0,,,4902.2385707
4386000688,3,2023_5_34_1_0,2023,5,34,34,1,1,0,0,,,876.52113291
4386000693,3,2023_5_34_1_0,2023,5,34,57,1,1,0,0,,,1025.1974357
4386000715,3,2023_5_34_1_0,2023,5,34,21,1,5,0,0,,,2819.1954868
4386000732,3,2023_5_34_1_0,2023,5,34,18,2,1,0,0,,,19461.435761
4386000765,3,2023_5_34_1_0,2023,5,34,22,1,1,0,0,,,5688.2968061
4386000784,3,2023_5_34_1_0,2023,5,34,7,2,1,0,0,,,4902.2385707
4386000795,3,2023_5_34_1_0,2023,5,34,21,2,5,0,0,,,1768.5585779
4386000841,3,2023_5_34_1_0,2023,5,34,1,2,3,0,0,,,4902.2385707
4386000843,3,2023_5_34_1_0,2023,5,34,30,1,1,0,0,,,2819.1954868
4386000852,3,2023_5_34_1_0,2023,5,34,34,1,1,0,0,,,3479.7081936
4386000870,3,2023_5_34_1_0,2023,5,34,28,1,4,0,0,,,5688.2968061
4386000880,3,2023_5_34_1_0,2023,5,34,69,2,4,0,0,,,876.52113291
4386000882,3,2023_5_34_1_0,2023,5,34,31,2,1,0,0,,,876.52113291
4386000887,3,2023_5_34_1_0,2023,5,34,2,1,1,0,0,,,4902.2385707
4386000892,3,2023_5_34_1_0,2023,5,34,21,2,3,0,0,,,1768.5585779
4386000899,3,2023_5_34_1_0,2023,5,34,71,2,4,0,0,,,876.52113291
4386000900,3,2023_5_34_1_0,2023,5,34,24,2,1,0,24.313023177,,,2647.4988525
4386000941,3,2023_5_34_1_0,2023,5,34,20,1,2,0,0,,,1768.5585779
4386000949,3,2023_5_34_1_0,2023,5,34,5,1,4,0,0,,,4902.2385707
4386000978,3,2023_5_34_1_0,2023,5,34,26,2,1,0,0,,,5688.2968061
4386000990,3,2023_5_34_1_0,2023,5,34,-3,-3,-3,0,0,1,1,1768.5585779
4386001013,3,2023_5_34_1_0,2023,5,34,13,1,3,0,0,,,4902.2385707
4386001031,3,2023_5_34_1_0,2023,5,34,25,2,1,0,0,,,3002.7095765
4386001045,3,2023_5_34_1_0,2023,5,34,27,2,1,0,0,,,7021.0147174
4386001046,3,2023_5_34_1_0,2023,5,34,22,2,5,0,0,,,5688.2968061
4386001049,3,2023_5_34_1_0,2023,5,34,20,1,1,0,0,,,15767.2968
4386001054,3,2023_5_34_1_0,2023,5,34,24,1,1,0,0,,,5688.2968061
4386001055,3,2023_5_34_1_0,2023,5,34,11,2,1,0,0,,,4902.2385707
4386001065,3,2023_5_34_1_0,2023,5,34,17,1,1,0,0,,,15767.2968
4386001073,3,2023_5_34_1_0,2023,5,34,20,2,1,0,0,,,15767.2968
4386001079,3,2023_5_34_1_0,2023,5,34,24,1,3,0,0,,,5688.2968061
4386001098,3,2023_5_34_1_0,2023,5,34,53,1,1,0,0,,,5688.2968061
4386001196,3,2023_5_34_1_0,2023,5,34,45,2,1,0,0,,,4902.2385707
4386001257,3,2023_5_34_1_0,2023,5,34,40,1,2,0,0,,,876.52113291
4386001279,3,2023_5_34_1_0,2023,5,34,-3,-3,-3,0,0,1,1,876.52113291
4386001283,3,2023_5_34_1_0,2023,5,34,6,2,-3,0,0,,,4902.2385707
4386001296,3,2023_5_34_1_0,2023,5,34,63,1,3,0,0,,,2429.6145797
4386001311,3,2023_5_34_1_0,2023,5,34,31,1,1,0,0,,,876.52113291
4386001330,3,2023_5_34_1_0,2023,5,34,12,1,4,0,0,,,4902.2385707
4386001362,3,2023_5_34_1_0,2023,5,34,31,1,1,0,0,,,876.52113291
4386001371,3,2023_5_34_1_0,2023,5,34,16,1,2,0,0,,1,4902.2385707
4386001415,3,2023_5_34_1_0,2023,5,34,7,2,5,0,0,,,19461.435761
4386001423,3,2023_5_34_1_0,2023,5,34,2,2,5,0,0,,,19461.435761
4386001430,3,2023_5_34_1_0,2023,5,34,12,1,1,0,0,,,15767.2968
4386001434,3,2023_5_34_1_0,2023,5,34,28,1,1,0,0,,,5688.2968061
4386001447,3,2023_5_34_1_0,2023,5,34,11,2,3,0,0,,,4902.2385707
4386001450,3,2023_5_34_1_0,2023,5,34,10,2,1,0,0,,,4902.2385707
4386001458,3,2023_5_34_1_0,2023,5,34,11,1,1,0,0,,,7814.4818197
4386001459,3,2023_5_34_1_0,2023,5,34,30,2,4,0,0,,,5688.2968061
4386001481,3,2023_5_34_1_0,2023,5,34,27,1,1,0,0,,,1768.5585779
4386001485,3,2023_5_34_1_0,2023,5,34,9,2,1,0,0,,,19461.435761
4386001500,3,2023_5_34_1_0,2023,5,34,17,1,1,0,0,,,4902.2385707
4386001505,3,2023_5_34_1_0,2023,5,34,7,1,3,0,0,,,4902.2385707
4386001509,3,2023_5_34_1_0,2023,5,34,11,2,1,0,0,,,4902.2385707
4386001510,3,2023_5_34_1_0,2023,5,34,4,2,1,0,0,,,4902.2385707
4386001521,3,2023_5_34_1_0,2023,5,34,29,1,1,0,0,,,5688.2968061
4386001523,3,2023_5_34_1_0,2023,5,34,22,2,1,0,0,,,15767.2968
4386001533,3,2023_5_34_1_0,2023,5,34,13,1,1,0,0,,,4902.2385707
4386001539,3,2023_5_34_1_0,2023,5,34,28,2,1,0,0,,,2819.1954868
4386001546,3,2023_5_34_1_0,2023,5,34,6,-3,1,0,0,,,4902.2385707
4386001560,3,2023_5_34_1_0,2023,5,34,30,1,3,0,0,,,1768.5585779
4386001572,3,2023_5_34_1_0,2023,5,34,25,1,2,0,0,,,7021.0147174
4386001578,3,2023_5_34_1_0,2023,5,34,-3,-3,-3,0,0,1,1,876.52113291
4386001581,3,2023_5_34_1_0,2023,5,34,5,2,3,0,0.9999705765,,,19461.435761
4386001627,3,2023_5_34_1_0,2023,5,34,0,2,1,0,0,,,4902.2385707
4386001630,3,2023_5_34_1_0,2023,5,34,40,1,2,0,0,,,2819.1954868
4386001637,3,2023_5_34_1_0,2023,5,34,24,1,4,0,0,,,876.52113291
4386001641,3,2023_5_34_1_0,2023,5,34,36,1,1,0,0,,,7814.4818197
4386001644,3,2023_5_34_1_0,2023,5,34,3,1,5,0,0,,,4902.2385707
4386001646,3,2023_5_34_1_0,2023,5,34,16,1,4,0,0,,,4902.2385707
4386001656,3,2023_5_34_1_0,2023,5,34,60,2,3,0,0,,,4902.2385707
4386001665,3,2023_5_34_1_0,2023,5,34,2,1,5,0,0,,,2841.7279897
4386001670,3,2023_5_34_1_0,2023,5,34,4,2,3,0,0,,,19461.435761
4386001680,3,2023_5_34_1_0,2023,5,34,17,2,4,0,0,1,1,4902.2385707
4386001694,3,2023_5_34_1_0,2023,5,34,27,1,4,0,0,,,7021.0147174
4386001703,3,2023_5_34_1_0,2023,5,34,34,2,3,0,0,,,5688.2968061
4386001704,3,2023_5_34_1_0,2023,5,34,88,2,1,0,0,,,2819.1954868
4386001706,3,2023_5_34_1_0,2023,5,34,23,1,1,0,0,,,5688.2968061
4386001717,3,2023_5_34_1_0,2023,5,34,-3,-3,-3,0,0,1,1,2819.1954868
4386001725,3,2023_5_34_1_0,2023,5,34,-3,2,5,0,0,,,876.52113291
4386001734,3,2023_5_34_1_0,2023,5,34,20,1,1,0,0,,,5688.2968061
4386001744,3,2023_5_34_1_0,2023,5,34,60,2,1,0,0,,,1768.5585779
4386001745,3,2023_5_34_1_0,2023,5,34,16,2,4,0,0,1,1,4902.2385707
4386001751,3,2023_5_34_1_0,2023,5,34,16,2,1,0,0,,,4902.2385707
4386001756,3,2023_5_34_1_0,2023,5,34,21,2,1,0,0,,,2819.1954868
4386001760,3,2023_5_34_1_0,2023,5,34,38,2,1,0,0,,,4902.2385707
4386001784,3,2023_5_34_1_0,2023,5,34,15,1,1,0,0,,,15767.2968
4386001797,3,2023_5_34_1_0,2023,5,34,24,2,1,0,0,,,5688.2968061
4386001803,3,2023_5_34_1_0,2023,5,34,3,1,1,0,0,,,4902.2385707
4386001819,3,2023_5_34_1_0,2023,5,34,41,1,4,0,0,,,876.52113291
4386001830,3,2023_5_34_1_0,2023,5,34,22,2,1,0,0,,,1768.5585779
4386001856,3,2023_5_34_1_0,2023,5,34,14,1,4,0,0,,,4902.2385707
4386001857,3,2023_5_34_1_0,2023,5,34,58,1,1,0,0,,,1768.5585779
4386001865,3,2023_5_34_1_0,2023,5,34,4,1,5,0,0,,,4902.2385707
4386001881,3,2023_5_34_1_0,2023,5,34,49,2,3,0,0,,,1768.5585779
4386001884,3,2023_5_34_1_0,2023,5,34,-3,2,5,0,0,,,7115.5720735
4386001885,3,2023_5_34_1_0,2023,5,34,57,1,1,0,0,,,3915.5518744
4386001888,3,2023_5_34_1_0,2023,5,34,20,2,4,0,0,,,4902.2385707
4386001893,3,2023_5_34_1_0,2023,5,34,10,1,1,0,0,,,4902.2385707
4386001905,3,2023_5_34_1_0,2023,5,34,26,2,1,0,0,,,2819.1954868
4386001931,3,2023_5_34_1_0,2023,5,34,29,1,1,0,0,,,876.52113291
4386001951,3,2023_5_34_1_0,2023,5,34,22,1,1,0,0,,,1768.5585779
4386001956,3,2023_5_34_1_0,2023,5,34,8,2,1,0,0,,,15767.2968
4386001964,3,2023_5_34_1_0,2023,5,34,28,1,1,0,0,,,2819.1954868
4386001977,3,2023_5_34_1_0,2023,5,34,42,2,1,0,0,,,2429.6145797
4386001989,3,2023_5_34_1_0,2023,5,34,22,1,1,0,0,,,2819.1954868
4386001991,3,2023_5_34_1_0,2023,5,34,11,2,5,0,0,,,4902.2385707
4386001996,3,2023_5_34_1_0,2023,5,34,-3,-3,-3,0,0,,,5764.9054344
4386002008,3,2023_5_34_1_0,2023,5,34,20,1,1,0,0,,,5688.2968061
4386002011,3,2023_5_34_1_0,2023,5,34,19,1,3,0,0,,,4902.2385707
4386002043,3,2023_5_34_1_0,2023,5,34,15,1,4,0,0,,,15767.2968
4386002045,3,2023_5_34_1_0,2023,5,34,24,1,1,0,0,,,1768.5585779
4386002058,3,2023_5_34_1_0,2023,5,34,12,1,1,0,0,,,4902.2385707
4386002060,3,2023_5_34_1_0,2023,5,34,0,1,3,0,0,,,4902.2385707
4386002067,3,2023_5_34_1_0,2023,5,34,4,2,1,0,0,,,4902.2385707
4386002078,3,2023_5_34_1_0,2023,5,34,17,1,1,0,0,,,4902.2385707
4386002081,3,2023_5_34_1_0,2023,5,34,10,2,1,0,2.9999117296,,,4902.2385707
4386002083,3,2023_5_34_1_0,2023,5,34,16,2,4,0,0,,,4902.2385707
4386002088,3,2023_5_34_1_0,2023,5,34,15,1,1,0,0,,,19461.435761
4386002089,3,2023_5_34_1_0,2023,5,34,24,2,1,0,0,,,5688.2968061
4386002101,3,2023_5_34_1_0,2023,5,34,24,2,1,0,0,,,876.52113291
4386002113,3,2023_5_34_1_0,2023,5,34,4,1,3,0,0,,,4902.2385707
4386002114,3,2023_5_34_1_0,2023,5,34,27,2,1,0,0,,,1768.5585779
4386002128,3,2023_5_34_1_0,2023,5,34,80,2,4,0,0,,,876.52113291
4386002129,3,2023_5_34_1_0,2023,5,34,15,1,3,0,0,,,7814.4818197
4386002133,3,2023_5_34_1_0,2023,5,34,31,2,1,0,0,,,1768.5585779
4386002138,3,2023_5_34_1_0,2023,5,34,36,1,1,0,0,,,2819.1954868
4386002156,3,2023_5_34_1_0,2023,5,34,0,2,3,0,0,,,4902.2385707
4386002174,3,2023_5_34_1_0,2023,5,34,1,1,1,0,0,,,4902.2385707
4386002195,3,2023_5_34_1_0,2023,5,34,1,1,1,0,0,,,4902.2385707
4386002207,3,2023_5_34_1_0,2023,5,34,76,2,1,0,0,,,2819.1954868
4386002212,3,2023_5_34_1_0,2023,5,34,-3,-3,-3,0,0,1,,2165.6785798
4386002229,3,2023_5_34_1_0,2023,5,34,23,1,4,0,0,,,4902.2385707
4386002235,3,2023_5_34_1_0,2023,5,34,20,1,3,0,0,,,4902.2385707
4386002246,3,2023_5_34_1_0,2023,5,34,13,2,1,0,0,,,4902.2385707
4386002247,3,2023_5_34_1_0,2023,5,34,27,1,1,0,0,,,5688.2968061
4386002250,3,2023_5_34_1_0,2023,5,34,2,2,1,0,0,,,4902.2385707
4386002271,3,2023_5_34_1_0,2023,5,34,22,1,1,0,0,,,1025.1974357
4386002277,3,2023_5_34_1_0,2023,5,34,24,1,1,0,0,,,15767.2968
4386002294,3,2023_5_34_1_0,2023,5,34,24,1,1,0,0,,,5688.2968061
4386002300,3,2023_5_34_1_0,2023,5,34,8,2,3,0,0,,,4902.2385707
4386002302,3,2023_5_34_1_0,2023,5,34,20,1,1,0,0,,,4902.2385707
4386002304,3,2023_5_34_1_0,2023,5,34,64,1,1,0,0,,,2819.1954868
4386002306,3,2023_5_34_1_0,2023,5,34,9,2,1,0,0,,,4902.2385707
4386002310,3,2023_5_34_1_0,2023,5,34,25,1,1,0,0,,,5688.2968061
4386002319,3,2023_5_34_1_0,2023,5,34,18,1,1,0,0,,,1768.5585779
4386002327,3,2023_5_34_1_0,2023,5,34,17,1,1,0,0,,,4902.2385707
4386002335,3,2023_5_34_1_0,2023,5,34,-3,-3,-3,0,0,1,1,1768.5585779
4386002342,3,2023_5_34_1_0,2023,5,34,25,1,1,10.05809313,9.9419068699,,,4046.5514943
4386002380,3,2023_5_34_1_0,2023,5,34,15,1,5,0,0,,,4902.2385707
4386002387,3,2023_5_34_1_0,2023,5,34,37,2,1,0,0,,,15767.2968
4386002388,3,2023_5_34_1_0,2023,5,34,16,2,1,0,0,,,4902.2385707
4386002401,3,2023_5_34_1_0,2023,5,34,16,1,1,3.0000882704,2.9999117296,,,4902.2385707
4386002410,3,2023_5_34_1_0,2023,5,34,23,2,1,0,0,,,3002.7095765
4386002425,3,2023_5_34_1_0,2023,5,34,6,2,5,0,0,,,4902.2385707
4386002428,3,2023_5_34_1_0,2023,5,34,52,2,1,0,0,,,2819.1954868
4386002429,3,2023_5_34_1_0,2023,5,34,28,1,1,0,0,,,2819.1954868
4386002440,3,2023_5_34_1_0,2023,5,34,21,2,1,0,0,,,508.10147263
4386002449,3,2023_5_34_1_0,2023,5,34,25,1,1,0,0,,,1768.5585779
4386002454,3,2023_5_34_1_0,2023,5,34,13,2,1,0,0,,,4902.2385707
4386002459,3,2023_5_34_1_0,2023,5,34,62,1,1,0,0,,,876.52113291
4386002467,3,2023_5_34_1_0,2023,5,34,-3,-3,-3,0,0,1,1,7021.0147174
4386002492,3,2023_5_34_1_0,2023,5,34,24,1,1,0,0,,,1768.5585779
4386002499,3,2023_5_34_1_0,2023,5,34,59,2,3,0,0,,,7021.0147174
4386002507,3,2023_5_34_1_0,2023,5,34,28,2,3,0,0,,,1768.5585779
4386002526,3,2023_5_34_1_0,2023,5,34,55,1,4,0,0,,,1768.5585779
4386002540,3,2023_5_34_1_0,2023,5,34,28,1,3,0,0,,,1768.5585779
4386002557,3,2023_5_34_1_0,2023,5,34,25,1,5,0,0,,,876.52113291
4386002561,3,2023_5_34_1_0,2023,5,34,31,1,1,0,0,,,3002.7095765
4386002566,3,2023_5_34_1_0,2023,5,34,29,1,1,0,0,,,2819.1954868
4386002582,3,2023_5_34_1_0,2023,5,34,22,2,1,0,0,,,2819.1954868
4386002597,3,2023_5_34_1_0,2023,5,34,2,1,1,0,0,,,15767.2968
4386002605,3,2023_5_34_1_0,2023,5,34,35,1,1,0,0,,,5688.2968061
4386002645,3,2023_5_34_1_0,2023,5,34,-3,-3,-3,0,0,1,1,1768.5585779
4386002651,3,2023_5_34_1_0,2023,5,34,19,2,1,0,0,,,4902.2385707
4386002652,3,2023_5_34_1_0,2023,5,34,14,2,1,0,0,,,4902.2385707
4386002695,3,2023_5_34_1_0,2023,5,34,20,2,1,0,0,,,5688.2968061
4386002707,3,2023_5_34_1_0,2023,5,34,21,2,4,0,0,,,5688.2968061
4386002755,3,2023_5_34_1_0,2023,5,34,16,1,4,0,0,,,15767.2968
4386002763,3,2023_5_34_1_0,2023,5,34,18,2,3,0,0,,,4902.2385707
4386002774,3,2023_5_34_1_0,2023,5,34,18,1,4,0,0,,,4902.2385707
4386002828,3,2023_5_34_1_0,2023,5,34,59,1,1,2.8236173769,3.1763826231,,,5066.1954651
4386002832,3,2023_5_34_1_0,2023,5,34,-3,-3,-3,0,0,,,7021.0147174
4386002835,3,2023_5_34_1_0,2023,5,34,2,1,5,0,0,,,19461.435761
4386002836,3,2023_5_34_1_0,2023,5,34,22,2,1,0,0,,,5688.2968061
4386002851,3,2023_5_34_1_0,2023,5,34,12,1,1,0,0,,,4902.2385707
4386002854,3,2023_5_34_1_0,2023,5,34,80,1,1,0,0,,,7814.4818197
4386002859,3,2023_5_34_1_0,2023,5,34,19,2,1,0,0,,,15767.2968
4386002864,3,2023_5_34_1_0,2023,5,34,5,1,1,0,0,,,19461.435761
4386002879,3,2023_5_34_1_0,2023,5,34,4,1,1,0,0,,,15767.2968
4386002890,3,2023_5_34_1_0,2023,5,34,-3,-3,-3,0,0,1,1,876.52113291
4386002899,3,2023_5_34_1_0,2023,5,34,5,1,3,0,0,,,4902.2385707
4386002900,3,2023_5_34_1_0,2023,5,34,18,2,1,0,0,,,5688.2968061
4386002901,3,2023_5_34_1_0,2023,5,34,27,2,1,0,0,,,508.10147263
4386002902,3,2023_5_34_1_0,2023,5,34,11,1,1,1.0000294235,1.999941153,,,2429.6145797
4386002903,3,2023_5_34_1_0,2023,5,34,44,1,1,0,1.999941153,,,4902.2385707
4386002920,3,2023_5_34_1_0,2023,5,34,-3,-3,-3,0,0,1,1,1768.5585779
4386002943,3,2023_5_34_1_0,2023,5,34,11,1,1,0,0,,,4902.2385707
4386002951,3,2023_5_34_1_0,2023,5,34,35,1,1,0,0,,,508.10147263
4386002961,3,2023_5_34_1_0,2023,5,34,3,2,1,0,0,,,4902.2385707
4386002972,3,2023_5_34_1_0,2023,5,34,9,1,1,0,0,,,15767.2968
4386002981,3,2023_5_34_1_0,2023,5,34,74,2,3,0,0,,,876.52113291
4386002982,3,2023_5_34_1_0,2023,5,34,-3,-3,-3,0,0,,,10232.360043
4386003023,3,2023_5_34_1_0,2023,5,34,14,1,4,0,0,,,4902.2385707
4386003027,3,2023_5_34_1_0,2023,5,34,11,1,4,0,0,,,15767.2968
4386003038,3,2023_5_34_1_0,2023,5,34,16,1,1,0,0,,,4902.2385707
4386003047,3,2023_5_34_1_0,2023,5,34,93,2,2,0,0,,,2819.1954868
4386003049,3,2023_5_34_1_0,2023,5,34,5,1,2,0,0,,,19461.435761
4386003050,3,2023_5_34_1_0,2023,5,34,1,2,3,0,0,,,4902.2385707
4386003054,3,2023_5_34_1_0,2023,5,34,4,1,4,0,0,1,1,19461.435761
4386003110,3,2023_5_34_1_0,2023,5,34,22,1,5,0,0,,,2819.1954868
4386003122,3,2023_5_34_1_0,2023,5,34,15,2,1,0,0,,,15767.2968
4386003124,3,2023_5_34_1_0,2023,5,34,11,1,1,0,0,,,4902.2385707
4386003139,3,2023_5_34_1_0,2023,5,34,48,2,1,0,0,,,2819.1954868
4386003140,3,2023_5_34_1_0,2023,5,34,15,2,4,0,0,,,15767.2968
4386003142,3,2023_5_34_1_0,2023,5,34,24,1,1,0,0,,,5688.2968061
4386003145,3,2023_5_34_1_0,2023,5,34,56,1,1,0,0,,,2456.3329811
4386003146,3,2023_5_34_1_0,2023,5,34,4,2,4,0,0,,,19461.435761
4386003147,3,2023_5_34_1_0,2023,5,34,85,2,4,0,0,,,876.52113291
4386003153,3,2023_5_34_1_0,2023,5,34,-3,-3,-3,0,0,1,1,5764.9054344
4386003155,3,2023_5_34_1_0,2023,5,34,20,1,3,0,0,,,15767.2968
4386003160,3,2023_5_34_1_0,2023,5,34,32,2,1,0,0,,,1634.2302823
4386003208,3,2023_5_34_1_0,2023,5,34,21,1,2,0,0,,,15767.2968
4386003230,3,2023_5_34_1_0,2023,5,34,24,2,1,0,0,,,1768.5585779
4386003249,3,2023_5_34_1_0,2023,5,34,3,2,1,0,0,,,4902.2385707
4386003274,3,2023_5_34_1_0,2023,5,34,29,1,5,0,0,,,22582.014581
4386003279,3,2023_5_34_2_1,2023,5,34,18,2,1,0,0,,,63.740181257
4386003281,3,2023_5_34_2_1,2023,5,34,20,2,5,0,0,,,139.31215104
4386003283,3,2023_5_34_2_1,2023,5,34,56,2,1,0,0,,,43.313791124
4386003285,3,2023_5_34_2_1,2023,5,34,25,2,1,0,0,,,176.680365
4386003287,3,2023_5_34_2_1,2023,5,34,8,2,1,0,0,,,176.680365
4386003295,3,2023_5_34_2_1,2023,5,34,34,1,1,0,0,,,63.740181257
4386003296,3,2023_5_34_2_1,2023,5,34,34,1,1,0,0,,,101.60592563
4386003297,3,2023_5_34_2_1,2023,5,34,40,1,1,1.0000294235,19.99941153,,,31.590480851
4386003306,3,2023_5_34_2_1,2023,5,34,62,2,1,0,0,,,43.313791124
4386003309,3,2023_5_34_2_1,2023,5,34,85,2,1,0,0,,,101.60592563
4386003313,3,2023_5_34_2_1,2023,5,34,19,1,1,0,0,,,63.740181257
4386003315,3,2023_5_34_2_1,2023,5,34,20,2,1,0,0,,,63.740181257
4386003340,3,2023_5_34_2_0,2023,5,34,43,1,1,0,0,,,733.2231736
4386003346,3,2023_5_34_2_0,2023,5,34,23,2,1,0,0,,,1479.4259767
4386003351,3,2023_5_34_2_0,2023,5,34,25,2,1,0,0,,,13189.582047
4386003353,3,2023_5_34_2_0,2023,5,34,15,1,1,0,0,,,2032.4093121
4386003355,3,2023_5_34_2_0,2023,5,34,23,2,1,0,0,,,1479.4259767
4386003356,3,2023_5_34_2_0,2023,5,34,21,1,1,0,0,,,4758.3462395
4386003357,3,2023_5_34_2_0,2023,5,34,41,2,1,0,0,,,2705.108397
4386003358,3,2023_5_34_2_0,2023,5,34,32,1,1,0,0,,,5873.1849122
4386003362,3,2023_5_34_2_0,2023,5,34,20,2,1,0,0,,,733.2231736
4386003381,3,2023_5_34_2_0,2023,5,34,28,1,1,0,0,,,4100.7966467
4386003385,3,2023_5_34_2_0,2023,5,34,26,2,1,0,0,,,4100.7966467
4386003394,3,2023_5_34_2_0,2023,5,34,1,1,1,0,0,,,4100.7966467
4386003403,3,2023_5_34_2_0,2023,5,34,35,1,1,0,0,,,2358.2996282
4386003405,3,2023_5_34_2_0,2023,5,34,24,2,1,0,0,,,4758.3462395
4386003412,3,2023_5_34_2_0,2023,5,34,22,2,1,0,0,,,4758.3462395
4386003414,3,2023_5_34_2_0,2023,5,34,88,2,1,0,0,,,2358.2996282
4386003416,3,2023_5_34_2_0,2023,5,34,16,2,1,0,0,,,13189.582047
4386003423,3,2023_5_34_2_0,2023,5,34,8,2,1,0,0,,,4100.7966467
4386003426,3,2023_5_34_2_0,2023,5,34,28,2,1,0,0,,,4758.3462395
4386003440,3,2023_5_34_2_0,2023,5,34,42,1,1,0,0,,,2358.2996282
4386003465,3,2023_5_34_2_0,2023,5,34,11,1,1,0,0,,,4100.7966467
4386003477,3,2023_5_36_1_1,2023,5,36,32,2,4,0,0,,,526.1436553
4386003480,3,2023_5_36_1_1,2023,5,36,57,2,1,0,0,,,848.07304076
4386003491,3,2023_5_36_1_1,2023,5,36,17,1,1,0,0,,,2107.9996964
4386003496,3,2023_5_36_1_1,2023,5,36,38,1,1,0,0,,,618.8209746
4386003500,3,2023_5_36_1_1,2023,5,36,18,1,1,0,0,,,1715.6852051
4386003506,3,2023_5_36_1_1,2023,5,36,5,2,1,0.9999799835,5.0001000827,,,943.84030969
4386003507,3,2023_5_36_1_1,2023,5,36,10,1,1,0,0,,,2107.9996964
4386003508,3,2023_5_36_1_1,2023,5,36,32,1,1,0,0,,,956.40848974
4386003513,3,2023_5_36_1_1,2023,5,36,24,1,5,0,0,,,428.22439048
4386003526,3,2023_5_36_1_1,2023,5,36,13,1,-3,0,0,,,943.84030969
4386003531,3,2023_5_36_1_1,2023,5,36,34,1,1,0,0,,,526.1436553
4386003533,3,2023_5_36_1_1,2023,5,36,19,2,4,0,0,,,2107.9996964
4386003552,3,2023_5_36_1_1,2023,5,36,-3,-3,-3,0,0,1,1,1175.1041508
4386003591,3,2023_5_36_1_1,2023,5,36,2,1,2,0,1.0000200165,,,943.84030969
4386003593,3,2023_5_36_1_1,2023,5,36,3,2,1,0,0,,,2237.136907
4386003594,3,2023_5_36_1_1,2023,5,36,35,1,1,0,0,,,277.0722317
4386003609,3,2023_5_36_1_1,2023,5,36,5,1,1,0,0,,,768.18457708
4386003617,3,2023_5_36_1_1,2023,5,36,2,1,1,0,0,,,4996.4849694
4386003621,3,2023_5_36_1_1,2023,5,36,15,2,2,0,0,,,2107.9996964
4386003629,3,2023_5_36_1_1,2023,5,36,28,2,3,0,0,1,1,526.1436553
4386003631,3,2023_5_36_1_1,2023,5,36,23,1,1,0,0,,,1175.1041508
4386003642,3,2023_5_36_1_1,2023,5,36,79,1,1,1.9999599669,2.0000400331,,,538.00653479
4386003643,3,2023_5_36_1_1,2023,5,36,38,2,1,0,0,,,618.8209746
4386003645,3,2023_5_36_1_1,2023,5,36,28,2,1,0,0,,,1175.1041508
4386003646,3,2023_5_36_1_1,2023,5,36,2,2,1,0,0,,,943.84030969
4386003647,3,2023_5_36_1_1,2023,5,36,15,1,3,0,0,,,943.84030969
4386003660,3,2023_5_36_1_1,2023,5,36,38,1,1,0,0,,,2107.9996964
4386003661,3,2023_5_36_1_1,2023,5,36,23,2,1,0,0,,,768.18457708
4386003664,3,2023_5_36_1_1,2023,5,36,22,1,1,0,6.0001200992,,,1175.1041508
4386003676,3,2023_5_36_1_1,2023,5,36,38,1,1,9.9997998346,10.000200165,,,329.77564579
4386003684,3,2023_5_36_1_1,2023,5,36,18,2,5,0,0,,,4996.4849694
4386003695,3,2023_5_36_1_1,2023,5,36,26,1,1,0,0,1,1,526.1436553
4386003705,3,2023_5_36_1_1,2023,5,36,30,2,1,0,0,,,1175.1041508
4386003707,3,2023_5_36_1_1,2023,5,36,15,2,1,0,0,,,768.18457708
4386003712,3,2023_5_36_1_1,2023,5,36,28,2,1,0,0,,,428.22439048
4386003717,3,2023_5_36_1_1,2023,5,36,-3,-3,-3,0,0,1,1,526.1436553
4386003725,3,2023_5_36_1_1,2023,5,36,26,1,1,0,0,,,618.8209746
4386003736,3,2023_5_36_1_1,2023,5,36,6,2,1,0,5.0001000827,,,943.84030969
4386003929,3,2023_5_36_1_0,2023,5,36,54,2,4,0,0,,,3618.5764352
4386003938,3,2023_5_36_1_0,2023,5,36,3,1,1,0,0,,,12326.599033
4386003974,3,2023_5_36_1_0,2023,5,36,5,2,5,0,0,,,5200.5494219
4386004139,3,2023_5_36_1_0,2023,5,36,16,1,-3,0,0,,,5200.5494219
4386004181,3,2023_5_36_1_0,2023,5,36,21,1,5,0,0,,,5200.5494219
4386004202,3,2023_5_36_1_0,2023,5,36,58,2,1,0,0,,,6871.4609938
4386004227,3,2023_5_36_1_0,2023,5,36,-3,-3,-3,0,0,1,1,3618.5764352
4386004242,3,2023_5_36_1_0,2023,5,36,13,1,3,0.9999799835,0,,,5200.5494219
4386004261,3,2023_5_36_1_0,2023,5,36,32,1,4,0,0,,,1526.6648601
4386004316,3,2023_5_36_1_0,2023,5,36,11,1,5,0,0,,,11615.054464
4386004327,3,2023_5_36_1_0,2023,5,36,12,2,5,0,0,,,6491.3037891
4386004333,3,2023_5_36_1_0,2023,5,36,47,1,2,0,0,,,2092.2421238
4386004340,3,2023_5_36_1_0,2023,5,36,12,1,1,0,0,,,5200.5494219
4386004431,3,2023_5_36_1_0,2023,5,36,8,1,3,0,0,,,18026.10032
4386004510,3,2023_5_36_1_0,2023,5,36,5,2,1,0,0,,,12326.599033
4386004522,3,2023_5_36_1_0,2023,5,36,2,1,1,0,0,,,11615.054464
4386004594,3,2023_5_36_1_0,2023,5,36,19,1,1,0,0,,,3409.6965649
4386004608,3,2023_5_36_1_0,2023,5,36,19,2,1,0,0,,,11615.054464
4386004609,3,2023_5_36_1_0,2023,5,36,8,1,3,0.9999799835,0,,,11615.054464
4386004626,3,2023_5_36_1_0,2023,5,36,17,2,1,0,0,,,11615.054464
4386004639,3,2023_5_36_1_0,2023,5,36,-3,-3,-3,0,0,1,1,3409.6965649
4386004640,3,2023_5_36_1_0,2023,5,36,19,1,1,0,0,,,2899.0455846
4386004653,3,2023_5_36_1_0,2023,5,36,-3,2,1,0,0,,,5200.5494219
4386004694,3,2023_5_36_1_0,2023,5,36,49,1,3,0,0,,,6871.4609938
4386004703,3,2023_5_36_1_0,2023,5,36,23,1,2,0,0,,,8081.8311622
4386004707,3,2023_5_36_1_0,2023,5,36,53,1,2,0,0,,,6871.4609938
4386004733,3,2023_5_36_1_0,2023,5,36,72,1,2,0,0,,,3618.5764352
4386004741,3,2023_5_36_1_0,2023,5,36,17,1,3,0,0,,,11615.054464
4386004775,3,2023_5_36_1_0,2023,5,36,62,1,2,0,0,,,15346.915723
4386004779,3,2023_5_36_1_0,2023,5,36,6,1,3,0,0,,,12326.599033
4386004788,3,2023_5_36_1_0,2023,5,36,58,1,3,0,0,,,6871.4609938
4386004844,3,2023_5_36_1_0,2023,5,36,36,1,2,0,0,,,6474.8105687
4386004867,3,2023_5_36_1_0,2023,5,36,48,1,3,0,0,,,6871.4609938
4386004871,3,2023_5_36_1_0,2023,5,36,43,1,3,0,0,,,6871.4609938
4386004877,3,2023_5_36_1_0,2023,5,36,89,2,3,0,0,,,8081.8311622
4386004899,3,2023_5_36_1_0,2023,5,36,28,2,2,0,0,1,,6871.4609938
4386004929,3,2023_5_36_1_0,2023,5,36,29,1,3,0,0,,,3409.6965649
4386004971,3,2023_5_36_1_0,2023,5,36,30,2,2,0,0,,,12326.599033
4386005043,3,2023_5_36_1_0,2023,5,36,30,1,4,0,2.0000400331,,,6474.8105687
4386005052,3,2023_5_36_1_0,2023,5,36,19,2,2,0,0,,,2899.0455846
4386005056,3,2023_5_36_1_0,2023,5,36,9,2,1,0.9999799835,0,,,5200.5494219
4386005098,3,2023_5_36_1_0,2023,5,36,20,2,3,0,0,,,11615.054464
4386005130,3,2023_5_36_1_0,2023,5,36,13,2,1,0,0,,,5200.5494219
4386005145,3,2023_5_36_1_0,2023,5,36,26,1,1,0,0,,,2899.0455846
4386005158,3,2023_5_36_1_0,2023,5,36,38,1,4,0,0,,,6116.5976807
4386005162,3,2023_5_36_1_0,2023,5,36,9,2,1,0,0,,,27530.57562
4386005163,3,2023_5_36_1_0,2023,5,36,0,1,1,0,0,,,5200.5494219
4386005167,3,2023_5_36_1_0,2023,5,36,0,1,5,0,0,,,5200.5494219
4386005171,3,2023_5_36_1_0,2023,5,36,8,1,3,0,3.0000600496,,,12326.599033
4386005196,3,2023_5_36_1_0,2023,5,36,21,2,1,0,0,,,6474.8105687
4386005200,3,2023_5_36_1_0,2023,5,36,19,1,1,0,0,,,5200.5494219
4386005226,3,2023_5_36_1_0,2023,5,36,10,1,2,0,0,,,2738.6585771
4386005264,3,2023_5_36_1_0,2023,5,36,43,1,1,0,0,,,3409.6965649
4386005271,3,2023_5_36_1_0,2023,5,36,23,2,1,0,0,,,5200.5494219
4386005273,3,2023_5_36_1_0,2023,5,36,15,1,1,0,0,,,11615.054464
4386005274,3,2023_5_36_1_0,2023,5,36,10,1,1,0,0,,,5200.5494219
4386005285,3,2023_5_36_1_0,2023,5,36,53,2,3,0,0,,,5200.5494219
4386005286,3,2023_5_36_1_0,2023,5,36,18,1,1,0,0,,,6474.8105687
4386005287,3,2023_5_36_1_0,2023,5,36,5,1,1,0,0,,,5200.5494219
4386005309,3,2023_5_36_1_0,2023,5,36,11,1,1,0,0,,,5200.5494219
4386005311,3,2023_5_36_1_0,2023,5,36,57,2,4,0,0,,,6871.4609938
4386005328,3,2023_5_36_1_0,2023,5,36,16,1,1,0.9999799835,1.0000200165,,,11615.054464
4386005337,3,2023_5_36_1_0,2023,5,36,18,1,1,0,0,,,11615.054464
4386005361,3,2023_5_36_1_0,2023,5,36,8,2,1,0,0,,,5200.5494219
4386005364,3,2023_5_36_1_0,2023,5,36,23,1,3,0,0,,,6474.8105687
4386005365,3,2023_5_36_1_0,2023,5,36,18,2,1,0,0,,,11615.054464
4386005373,3,2023_5_36_1_0,2023,5,36,26,1,4,0,0,,,1526.6648601
4386005404,3,2023_5_36_1_0,2023,5,36,7,1,2,0,0,,,12326.599033
4386005406,3,2023_5_36_1_0,2023,5,36,8,2,1,0,0,,,5200.5494219
4386005438,3,2023_5_36_1_0,2023,5,36,7,2,1,0,0,,,5200.5494219
4386005445,3,2023_5_36_1_0,2023,5,36,28,2,1,0,0,,,6474.8105687
4386005465,3,2023_5_36_1_0,2023,5,36,5,2,1,0,0,,,5200.5494219
4386005473,3,2023_5_36_1_0,2023,5,36,21,2,1,0,0,,,11615.054464
4386005492,3,2023_5_36_1_0,2023,5,36,13,2,3,0,0,,,5200.5494219
4386005500,3,2023_5_36_1_0,2023,5,36,45,1,1,0,0,,,1048.5335578
4386005517,3,2023_5_36_1_0,2023,5,36,19,1,4,0,0,,,5200.5494219
4386005541,3,2023_5_36_1_0,2023,5,36,19,2,1,0,0,,,6871.4609938
4386005548,3,2023_5_36_1_0,2023,5,36,-3,1,2,0,0,,,2597.8472735
4386005549,3,2023_5_36_1_0,2023,5,36,10,1,1,0,0,,,11615.054464
4386005558,3,2023_5_36_1_0,2023,5,36,43,1,2,0,0,,,3409.6965649
4386005560,3,2023_5_36_1_0,2023,5,36,22,1,1,0,0,,,11615.054464
4386005573,3,2023_5_36_1_0,2023,5,36,27,2,1,0,0,,,2899.0455846
4386005574,3,2023_5_36_1_0,2023,5,36,4,2,1,0,0,,,11615.054464
4386005596,3,2023_5_36_1_0,2023,5,36,27,2,2,0,0,,,1526.6648601
4386005597,3,2023_5_36_1_0,2023,5,36,14,1,3,0,0,,,5200.5494219
4386005606,3,2023_5_36_1_0,2023,5,36,94,1,1,0,0,,,3409.6965649
4386005616,3,2023_5_36_1_0,2023,5,36,50,2,1,0,0,,,6474.8105687
4386005625,3,2023_5_36_1_0,2023,5,36,6,2,4,0,0,,,5200.5494219
4386005635,3,2023_5_36_1_0,2023,5,36,27,2,1,0,0,,,3409.6965649
4386005637,3,2023_5_36_1_0,2023,5,36,36,1,1,0,0,,,5200.5494219
4386005715,3,2023_5_36_1_0,2023,5,36,38,1,4,0,0,,,6871.4609938
4386005726,3,2023_5_36_1_0,2023,5,36,25,2,1,0,0,,,6871.4609938
4386005765,3,2023_5_36_1_0,2023,5,36,17,1,1,0,0,,,5200.5494219
4386005794,3,2023_5_36_1_0,2023,5,36,41,1,2,0,0,,,3409.6965649
4386005796,3,2023_5_36_1_0,2023,5,36,38,2,2,0,0,,,6491.3037891
4386005797,3,2023_5_36_1_0,2023,5,36,45,2,2,0,0,,,3409.6965649
4386005815,3,2023_5_36_1_0,2023,5,36,18,2,4,0,0,,,11615.054464
4386005862,3,2023_5_36_1_0,2023,5,36,21,1,2,0,0,,,2899.0455846
4386005872,3,2023_5_36_1_0,2023,5,36,17,1,1,0,0,,,27530.57562
4386005879,3,2023_5_36_1_0,2023,5,36,18,1,3,0,0,,,6871.4609938
4386005900,3,2023_5_36_1_0,2023,5,36,15,2,3,0,0,,,12326.599033
4386005923,3,2023_5_36_1_0,2023,5,36,-3,-3,-3,0,0,1,1,5200.5494219
4386005931,3,2023_5_36_1_0,2023,5,36,18,1,3,0,0,,,12326.599033
4386005957,3,2023_5_36_1_0,2023,5,36,31,2,2,0,0,,,1526.6648601
4386005958,3,2023_5_36_1_0,2023,5,36,-3,-3,-3,0,0,,,5802.1057246
4386005959,3,2023_5_36_1_0,2023,5,36,96,2,1,0,0,,,3409.6965649
4386005968,3,2023_5_36_1_0,2023,5,36,18,1,1,1.9999599669,3.0000600496,,,11615.054464
4386005975,3,2023_5_36_1_0,2023,5,36,5,2,1,0,0,,,15918.036011
4386005995,3,2023_5_36_1_0,2023,5,36,-3,-3,-3,0,0,1,1,13752.437485
4386006030,3,2023_5_36_1_0,2023,5,36,20,1,2,0,0,,,12326.599033
4386006045,3,2023_5_36_1_0,2023,5,36,29,1,4,0,0,,,6871.4609938
4386006046,3,2023_5_36_1_0,2023,5,36,23,2,4,0,0,,,10048.647229
4386006058,3,2023_5_36_1_0,2023,5,36,-3,-3,-3,0,0,1,1,2899.0455846
4386006071,3,2023_5_36_1_0,2023,5,36,13,1,1,0,0,,,5200.5494219
4386006077,3,2023_5_36_1_0,2023,5,36,22,2,4,0,0,,,1526.6648601
4386006084,3,2023_5_36_1_0,2023,5,36,22,1,4,0,0,,,6474.8105687
4386006134,3,2023_5_36_1_0,2023,5,36,50,2,4,0,0,,,15346.915723
4386006140,3,2023_5_36_1_0,2023,5,36,22,1,1,0,0,,,6474.8105687
4386006151,3,2023_5_36_1_0,2023,5,36,19,1,1,0,0,,,15346.915723
4386006162,3,2023_5_36_1_0,2023,5,36,20,1,1,0,0,,,6116.5976807
4386006204,3,2023_5_36_1_0,2023,5,36,18,2,3,0,0,,,1526.6648601
4386006205,3,2023_5_36_1_0,2023,5,36,8,2,3,0,0,,,12326.599033
4386006206,3,2023_5_36_1_0,2023,5,36,14,1,3,0,0,,,11615.054464
4386006245,3,2023_5_36_1_0,2023,5,36,17,2,4,0,0,,,12326.599033
4386006310,3,2023_5_36_1_0,2023,5,36,22,2,2,0,0,,,6871.4609938
4386006318,3,2023_5_36_1_0,2023,5,36,-3,-3,-3,0,0,1,1,15346.915723
4386006327,3,2023_5_36_1_0,2023,5,36,30,1,1,0,0,,,6871.4609938
4386006329,3,2023_5_36_1_0,2023,5,36,67,1,2,0,0,,,8081.8311622
4386006333,3,2023_5_36_1_0,2023,5,36,0,1,1,0,0,,,5200.5494219
4386006384,3,2023_5_36_1_0,2023,5,36,30,1,1,0,0,,,6474.8105687
4386006397,3,2023_5_36_1_0,2023,5,36,38,2,1,0,0,,,1526.6648601
4386006490,3,2023_5_36_1_0,2023,5,36,37,2,1,0,0,,,6491.3037891
4386006500,3,2023_5_36_1_0,2023,5,36,11,2,1,0,0,,,12326.599033
4386006535,3,2023_5_36_1_0,2023,5,36,24,1,3,0,0,,,6871.4609938
4386006539,3,2023_5_36_1_0,2023,5,36,7,1,1,0,0,,,5200.5494219
4386006545,3,2023_5_36_1_0,2023,5,36,15,2,1,0,0,,,5200.5494219
4386006553,3,2023_5_36_1_0,2023,5,36,47,1,3,0,0,,,6871.4609938
4386006591,3,2023_5_36_1_0,2023,5,36,70,2,1,0,0,,,6491.3037891
4386006602,3,2023_5_36_1_0,2023,5,36,17,1,4,0,0,,,11615.054464
4386006623,3,2023_5_36_1_0,2023,5,36,63,1,4,0,0,,,3409.6965649
4386006647,3,2023_5_36_1_0,2023,5,36,32,1,1,0,0,,,1526.6648601
4386006669,3,2023_5_36_1_0,2023,5,36,27,1,1,0,0,,,3409.6965649
4386006671,3,2023_5_36_1_0,2023,5,36,20,1,1,0,0,,,2899.0455846
4386006680,3,2023_5_36_1_0,2023,5,36,8,1,4,0,0,,,5200.5494219
4386006684,3,2023_5_36_1_0,2023,5,36,55,1,4,0,0,,,2899.0455846
4386006702,3,2023_5_36_1_0,2023,5,36,3,1,2,0,0,,,12326.599033
4386006751,3,2023_5_36_1_0,2023,5,36,41,2,4,0,0,,,1526.6648601
4386006754,3,2023_5_36_1_0,2023,5,36,-3,-3,-3,0,0,1,1,3973.0431015
4386006767,3,2023_5_36_1_0,2023,5,36,-3,-3,-3,0,0,1,1,2899.0455846
4386006769,3,2023_5_36_1_0,2023,5,36,8,1,5,0,0,,,11615.054464
4386006787,3,2023_5_36_1_0,2023,5,36,9,1,5,0,0,,,27530.57562
4386006796,3,2023_5_36_1_0,2023,5,36,66,2,3,0,0,,,3618.5764352
4386006799,3,2023_5_36_1_0,2023,5,36,83,1,4,0,0,,,3618.5764352
4386006802,3,2023_5_36_1_0,2023,5,36,13,1,4,0,0,,,12326.599033
4386006804,3,2023_5_36_1_0,2023,5,36,31,1,4,0,0,,,6871.4609938
4386006841,3,2023_5_36_1_0,2023,5,36,67,2,4,0,0,,,3618.5764352
4386006856,3,2023_5_36_1_0,2023,5,36,15,1,4,0,0,,,11615.054464
4386006882,3,2023_5_36_1_0,2023,5,36,27,1,3,0,0,,,5200.5494219
4386006891,3,2023_5_36_1_0,2023,5,36,25,1,1,0,0,,,6474.8105687
4386006912,3,2023_5_36_1_0,2023,5,36,8,1,5,0,0,,,5200.5494219
4386006973,3,2023_5_36_1_0,2023,5,36,31,1,1,0,0,1,1,1526.6648601
4386006985,3,2023_5_36_1_0,2023,5,36,24,1,4,0,0,,,2899.0455846
4386006990,3,2023_5_36_1_0,2023,5,36,-3,-3,-3,0,0,1,1,6474.8105687
4386007011,3,2023_5_36_1_0,2023,5,36,59,2,2,0,0,,,2899.0455846
4386007028,3,2023_5_36_1_0,2023,5,36,79,1,1,0,0,,,2738.6585771
4386007029,3,2023_5_36_1_0,2023,5,36,-3,-3,-3,0,0,,,3897.5030752
4386007036,3,2023_5_36_1_0,2023,5,36,68,1,2,0,0,,,3618.5764352
4386007113,3,2023_5_36_1_0,2023,5,36,17,1,1,0,0,,,5200.5494219
4386007116,3,2023_5_36_1_0,2023,5,36,70,1,4,0,0,,,1526.6648601
4386007121,3,2023_5_36_1_0,2023,5,36,17,2,1,0,0,,,11615.054464
4386007128,3,2023_5_36_1_0,2023,5,36,-3,-3,-3,0,0,1,1,1526.6648601
4386007129,3,2023_5_36_1_0,2023,5,36,25,2,1,0,0,,,6474.8105687
4386007136,3,2023_5_36_1_0,2023,5,36,49,2,1,0,0,,,2341.8245638
4386007151,3,2023_5_36_1_0,2023,5,36,20,2,1,0,0,,,6474.8105687
4386007153,3,2023_5_36_1_0,2023,5,36,19,2,4,0,0,,,11615.054464
4386007156,3,2023_5_36_1_0,2023,5,36,11,1,3,0,0,,,11615.054464
4386007165,3,2023_5_36_1_0,2023,5,36,17,2,1,0,0,,,5200.5494219
4386007181,3,2023_5_36_1_0,2023,5,36,17,2,1,0,0,,,2738.6585771
4386007204,3,2023_5_36_1_0,2023,5,36,-3,-3,-3,0,0,1,1,8081.8311622
4386007214,3,2023_5_36_1_0,2023,5,36,20,1,1,0,0,,,11615.054464
4386007218,3,2023_5_36_1_0,2023,5,36,33,1,4,0,0,,,6474.8105687
4386007227,3,2023_5_36_1_0,2023,5,36,37,1,1,0,0,,,10048.647229
4386007233,3,2023_5_36_1_0,2023,5,36,4,2,1,0,0,,,2738.6585771
4386007236,3,2023_5_36_1_0,2023,5,36,22,1,1,0,0,,,6474.8105687
4386007237,3,2023_5_36_1_0,2023,5,36,21,2,1,0,0,,,5200.5494219
4386007240,3,2023_5_36_1_0,2023,5,36,15,2,4,0,0,,,6116.5976807
4386007241,3,2023_5_36_1_0,2023,5,36,10,2,3,0,1.0000200165,,,5200.5494219
4386007250,3,2023_5_36_1_0,2023,5,36,25,2,4,0,0,,,2899.0455846
4386007254,3,2023_5_36_1_0,2023,5,36,24,2,5,0,0,,,6474.8105687
4386007265,3,2023_5_36_1_0,2023,5,36,23,1,1,0,0,,,1526.6648601
4386007279,3,2023_5_36_1_0,2023,5,36,60,2,4,0,0,,,3409.6965649
4386007280,3,2023_5_36_1_0,2023,5,36,41,2,1,0,0,,,3409.6965649
4386007282,3,2023_5_36_1_0,2023,5,36,43,2,5,10.588035821,7.5295713431,,,2599.5509535
4386007287,3,2023_5_36_1_0,2023,5,36,50,2,4,0,0,,,2899.0455846
4386007289,3,2023_5_36_1_0,2023,5,36,41,1,4,0,0,,,1526.6648601
4386007303,3,2023_5_36_1_0,2023,5,36,51,2,4,0,0,,,5200.5494219
4386007341,3,2023_5_36_1_0,2023,5,36,68,1,3,0,0,,,8081.8311622
4386007344,3,2023_5_36_1_0,2023,5,36,22,1,3,0,0,,,1526.6648601
4386007346,3,2023_5_36_1_0,2023,5,36,20,2,2,0,0,,,2899.0455846
4386007362,3,2023_5_36_1_0,2023,5,36,54,1,1,0,0,,,5200.5494219
4386007373,3,2023_5_36_1_0,2023,5,36,21,1,1,0,0,,,4446.9852807
4386007388,3,2023_5_36_1_0,2023,5,36,35,1,1,0,0,,,2341.8245638
4386007389,3,2023_5_36_1_0,2023,5,36,10,1,1,0,0,,,7977.3725716
4386007390,3,2023_5_36_1_0,2023,5,36,24,2,1,0,0,,,6474.8105687
4386007392,3,2023_5_36_1_0,2023,5,36,28,1,1,0,0,,,6474.8105687
4386007395,3,2023_5_36_1_0,2023,5,36,50,2,2,0,0,,,3973.0431015
4386007396,3,2023_5_36_1_0,2023,5,36,67,2,1,0,0,,,6116.5976807
4386007398,3,2023_5_36_1_0,2023,5,36,5,1,3,0,0,,,5200.5494219
4386007411,3,2023_5_36_1_0,2023,5,36,13,1,1,0,0,,,11615.054464
4386007413,3,2023_5_36_1_0,2023,5,36,19,1,1,0,0,,,11615.054464
4386007421,3,2023_5_36_1_0,2023,5,36,10,2,4,0,0,,,11615.054464
4386007423,3,2023_5_36_1_0,2023,5,36,37,1,1,0,0,,,1526.6648601
4386007424,3,2023_5_36_1_0,2023,5,36,30,2,1,0,0,,,3409.6965649
4386007427,3,2023_5_36_1_0,2023,5,36,16,1,1,0,0,,,11615.054464
4386007464,3,2023_5_36_1_0,2023,5,36,10,2,1,0,0,,,11615.054464
4386007465,3,2023_5_36_1_0,2023,5,36,23,1,1,0,0,,,4446.9852807
4386007516,3,2023_5_36_1_0,2023,5,36,7,2,1,0,0,,,5200.5494219
4386007520,3,2023_5_36_1_0,2023,5,36,7,2,3,0,0,,,11615.054464
4386007530,3,2023_5_36_1_0,2023,5,36,27,2,1,0,0,,,6474.8105687
4386007536,3,2023_5_36_1_0,2023,5,36,57,2,1,0,0,,,6474.8105687
4386007545,3,2023_5_36_1_0,2023,5,36,17,2,1,0,0,,,12326.599033
4386007554,3,2023_5_36_1_0,2023,5,36,25,1,1,0,0,,,3409.6965649
4386007559,3,2023_5_36_1_0,2023,5,36,23,1,3,0,0,,,1526.6648601
4386007567,3,2023_5_36_1_0,2023,5,36,26,2,1,0,0,,,6474.8105687
4386007576,3,2023_5_36_1_0,2023,5,36,26,2,4,0,0,,,1526.6648601
4386007578,3,2023_5_36_1_0,2023,5,36,4,1,1,0,0,,,5200.5494219
4386007581,3,2023_5_36_1_0,2023,5,36,8,2,1,0,0,,,5200.5494219
4386007593,3,2023_5_36_1_0,2023,5,36,19,1,1,0,0,,,6474.8105687
4386007598,3,2023_5_36_1_0,2023,5,36,34,2,1,0,0,,,3409.6965649
4386007600,3,2023_5_36_1_0,2023,5,36,44,2,1,0,0,,,6116.5976807
4386007615,3,2023_5_36_1_0,2023,5,36,2,2,1,0,0,,,5200.5494219
4386007617,3,2023_5_36_1_0,2023,5,36,21,1,1,0,0,,,11615.054464
4386007683,3,2023_5_36_1_0,2023,5,36,18,1,1,0,0,,,3571.8059216
4386007693,3,2023_5_36_1_0,2023,5,36,28,2,-3,0,0,,,27530.57562
4386007702,3,2023_5_36_1_0,2023,5,36,-3,-3,-3,0,0,,,2899.0455846
4386007716,3,2023_5_36_1_0,2023,5,36,50,1,1,0,0,,,2899.0455846
4386007730,3,2023_5_36_1_0,2023,5,36,22,2,1,0,0,,,1991.1027367
4386007733,3,2023_5_36_1_0,2023,5,36,27,2,1,1.9999599669,0,,,6474.8105687
4386007737,3,2023_5_36_1_0,2023,5,36,27,1,1,0,0,,,1526.6648601
4386007762,3,2023_5_36_1_0,2023,5,36,28,1,1,0.9999799835,0,,,6474.8105687
4386007763,3,2023_5_36_1_0,2023,5,36,-3,-3,-3,0,0,1,1,4446.9852807
4386007771,3,2023_5_36_1_0,2023,5,36,-3,2,5,0,0,,,11615.054464
4386007782,3,2023_5_36_1_0,2023,5,36,47,1,4,0,0,,,5200.5494219
4386007811,3,2023_5_36_1_0,2023,5,36,81,1,4,0,0,,,6116.5976807
4386007816,3,2023_5_36_1_0,2023,5,36,21,2,1,0,0,,,5200.5494219
4386007817,3,2023_5_36_1_0,2023,5,36,16,2,4,0,0,,,5200.5494219
4386007818,3,2023_5_36_1_0,2023,5,36,82,1,4,0,0,,,3409.6965649
4386007820,3,2023_5_36_1_0,2023,5,36,24,1,4,0,0,,,2899.0455846
4386007823,3,2023_5_36_1_0,2023,5,36,1,2,1,0,0,,,5200.5494219
4386007838,3,2023_5_36_1_0,2023,5,36,34,1,1,0,0,,,3409.6965649
4386007861,3,2023_5_36_1_0,2023,5,36,42,1,3,0,0,,,1991.1027367
4386007888,3,2023_5_36_1_0,2023,5,36,17,1,5,0,0,,,5200.5494219
4386007900,3,2023_5_36_1_0,2023,5,36,25,1,1,0,0,,,3409.6965649
4386007901,3,2023_5_36_1_0,2023,5,36,18,2,1,0,0,,,3409.6965649
4386007922,3,2023_5_36_1_0,2023,5,36,8,1,1,0,0,,,5200.5494219
4386007936,3,2023_5_36_1_0,2023,5,36,11,2,1,0,0,,,11615.054464
4386007962,3,2023_5_36_2_1,2023,5,36,20,2,1,0,0,,,6079.534275
4386007967,3,2023_5_36_2_1,2023,5,36,81,1,1,0,0,,,2571.4680778
4386007978,3,2023_5_36_2_1,2023,5,36,5,1,1,0,0,,,4883.0646277
4386007982,3,2023_5_36_2_1,2023,5,36,8,1,1,0,0,,,4883.0646277
4386007996,3,2023_5_36_2_1,2023,5,36,42,2,1,0,0,,,4883.0646277
4386008002,3,2023_5_36_2_1,2023,5,36,22,2,1,0,0,,,1203.989726
4386008017,3,2023_5_36_2_1,2023,5,36,17,1,1,0,0,,,4883.0646277
4386008038,3,2023_5_36_2_1,2023,5,36,51,2,1,0,0,,,3201.5403252
4386008054,3,2023_5_36_2_0,2023,5,36,9,1,1,0,0,,,27752.930005
4386008055,3,2023_5_36_2_0,2023,5,36,2,1,1,0,0,,,65781.365083
4386008060,3,2023_5_36_2_0,2023,5,36,32,1,3,0,0,,,5334.4520241
4386008061,3,2023_5_36_2_0,2023,5,36,7,1,1,0,0,,,29453.089626
4386008069,3,2023_5_36_2_0,2023,5,36,18,2,1,0,0,,,27752.930005
4386008081,3,2023_5_36_2_0,2023,5,36,18,1,5,0,0,,,3647.8023529
4386008082,3,2023_5_36_2_0,2023,5,36,23,2,1,0,0,,,3647.8023529
4386008094,3,2023_5_36_2_0,2023,5,36,-3,1,1,0,0,,,6207.2781291
4386008108,3,2023_5_36_2_0,2023,5,36,36,1,1,0,0,,,12426.156462
4386008115,3,2023_5_36_2_0,2023,5,36,3,2,1,0,0,,,10094.265847
4386008121,3,2023_5_36_2_0,2023,5,36,25,2,3,0,0,,,12426.156462
4386008128,3,2023_5_36_2_0,2023,5,36,21,2,1,0,0,,,6926.9592698
4386008207,3,2023_5_36_2_0,2023,5,36,58,2,1,0,0,,,8147.1051551
4386008223,3,2023_5_36_2_0,2023,5,36,22,1,3,0,0,,,6926.9592698
4386008233,3,2023_5_36_2_0,2023,5,36,11,1,1,0,0,,,12426.156462
4386008260,3,2023_5_36_2_0,2023,5,36,35,1,1,0,0,,,15470.867146
4386008312,3,2023_5_36_2_0,2023,5,36,5,2,1,0,0,,,29453.089626
4386008325,3,2023_5_36_2_0,2023,5,36,-3,-3,-3,0,0,1,1,8147.1051551
4386008326,3,2023_5_36_2_0,2023,5,36,46,2,1,0,0,,,8147.1051551
4386008327,3,2023_5_36_2_0,2023,5,36,12,2,1,0,0,,,27752.930005
4386008332,3,2023_5_36_2_0,2023,5,36,7,1,1,0,0,,,12426.156462
4386008356,3,2023_5_36_2_0,2023,5,36,7,1,1,0,0,,,12426.156462
4386008365,3,2023_5_36_2_0,2023,5,36,3,1,1,0,0,,,12426.156462
4386008398,3,2023_5_36_2_0,2023,5,36,13,2,1,0,0,,,12426.156462
4386008402,3,2023_5_36_2_0,2023,5,36,12,2,1,0,0,,,12426.156462
4386008404,3,2023_5_36_2_0,2023,5,36,32,1,3,0,0,,,8147.1051551
4386008407,3,2023_5_36_2_0,2023,5,36,1,1,1,0,0,,,12426.156462
4386008423,3,2023_5_36_2_0,2023,5,36,23,1,1,0,0,,,15470.867146
4386008451,3,2023_5_36_2_0,2023,5,36,92,1,1,0,0,,,2963.2563232
4386008462,3,2023_5_36_2_0,2023,5,36,20,1,1,0,0,,,12426.156462
4386008472,3,2023_5_36_2_0,2023,5,36,20,1,1,0,0,,,10094.265847
4386008486,3,2023_5_36_2_0,2023,5,36,9,2,1,0,0,,,12426.156462
4386008489,3,2023_5_36_2_0,2023,5,36,7,2,5,0,0,,,29453.089626
4386008495,3,2023_5_36_2_0,2023,5,36,23,1,1,0,0,,,8147.1051551
4386008523,3,2023_5_36_2_0,2023,5,36,7,1,1,0,0,,,27752.930005
4386008526,3,2023_5_36_2_0,2023,5,36,19,1,1,0,0,,,6926.9592698
4386008527,3,2023_5_36_2_0,2023,5,36,31,1,1,0,0,,,6618.2206519
4386008545,3,2023_5_36_2_0,2023,5,36,7,1,1,0,0,,,22544.819419
4386008548,3,2023_5_36_2_0,2023,5,36,22,1,1,0,0,,,27752.930005
4386008561,3,2023_5_36_2_0,2023,5,36,2,1,1,0,0,,,12426.156462
4386008564,3,2023_5_36_2_0,2023,5,36,6,1,1,0,0,,,12426.156462
4386008572,3,2023_5_36_2_0,2023,5,36,43,2,1,0,0,,,15470.867146
4386008584,3,2023_5_36_2_0,2023,5,36,41,1,1,0,0,,,6543.7316744
4386008605,3,2023_5_36_2_0,2023,5,36,35,1,4,0,0,,,36669.81323
4386008620,3,2023_5_36_2_0,2023,5,36,21,1,2,0,0,,,12426.156462
4386008625,3,2023_5_36_2_0,2023,5,36,-3,-3,-3,0,0,1,1,6926.9592698
4386008666,3,2023_5_36_2_0,2023,5,36,-3,-3,-3,0,0,1,1,6926.9592698
4386008674,3,2023_5_36_2_0,2023,5,36,4,1,1,0,0,,,29453.089626
4386008676,3,2023_5_36_2_0,2023,5,36,56,1,1,0,0,,,8147.1051551
4386008677,3,2023_5_36_2_0,2023,5,36,36,1,1,0,0,,,8147.1051551
4386008693,3,2023_5_36_2_0,2023,5,36,52,2,1,0,0,,,6926.9592698
4386008696,3,2023_5_36_2_0,2023,5,36,41,2,1,0,0,,,6543.7316744
4386008703,3,2023_5_36_2_0,2023,5,36,11,1,1,0,0,,,12426.156462
4386008705,3,2023_5_36_2_0,2023,5,36,26,1,1,0,0,,,6926.9592698
4386008709,3,2023_5_36_2_0,2023,5,36,8,2,1,0,0,,,12426.156462
4386008712,3,2023_5_36_2_0,2023,5,36,14,2,1,0,0,,,12426.156462
4386008733,3,2023_5_36_2_0,2023,5,36,5,2,1,0,0,,,12426.156462
4386008737,3,2023_5_36_2_0,2023,5,36,4,2,1,0,0,,,12426.156462
4386008749,3,2023_5_36_2_0,2023,5,36,27,1,1,0,0,,,6618.2206519
4386008769,3,2023_5_36_2_0,2023,5,36,11,1,1,0,0,,,12426.156462
4386008781,3,2023_5_36_2_0,2023,5,36,21,1,1,0,0,,,12426.156462
4386008789,3,2023_5_36_2_0,2023,5,36,20,2,1,0,0,,,12426.156462
4386008793,3,2023_5_36_2_0,2023,5,36,60,1,1,0,0,,,5698.2995641
4386008832,3,2023_5_36_2_0,2023,5,36,20,2,1,0,0,,,12426.156462
4386008837,3,2023_5_36_2_0,2023,5,36,37,2,1,0,0,,,12426.156462
4386008859,3,2023_5_36_2_0,2023,5,36,17,2,4,0,0,,,12426.156462
4386008883,3,2023_5_44_1_1,2023,5,44,20,2,1,0,0,,,166.42543784
4386008890,3,2023_5_44_1_1,2023,5,44,19,1,3,0,0,,,223.79712386
4386008892,3,2023_5_44_1_1,2023,5,44,53,2,1,1.0000726392,0.9999273608,,,121.22382975
4386008894,3,2023_5_44_1_1,2023,5,44,5,2,1,0,0,,,223.79712386
4386008895,3,2023_5_44_1_1,2023,5,44,34,1,1,0,0.9999273608,,,34.296669918
4386008902,3,2023_5_44_1_1,2023,5,44,32,1,4,0,0,,,166.42543784
4386008911,3,2023_5_44_1_1,2023,5,44,37,2,1,0,0,,,223.79712386
4386008929,3,2023_5_44_1_1,2023,5,44,18,1,1,0,0,,,97.077847059
4386008932,3,2023_5_44_1_1,2023,5,44,9,1,1,0,0,,,223.79712386
4386008938,3,2023_5_44_1_1,2023,5,44,19,1,3,0,0,,,223.79712386
4386008941,3,2023_5_44_1_1,2023,5,44,9,1,1,0,0,,,223.79712386
4386008942,3,2023_5_44_1_1,2023,5,44,27,1,1,0,0,,,154.54422448
4386008952,3,2023_5_44_1_1,2023,5,44,13,1,1,0,0,,,588.24162785
4386008958,3,2023_5_44_1_1,2023,5,44,20,1,1,0,4.9996368039,,,166.42543784
4386008963,3,2023_5_44_1_1,2023,5,44,18,1,1,0,0,,,166.42543784
4386008970,3,2023_5_44_1_1,2023,5,44,28,2,1,0,0,,,166.42543784
4386008974,3,2023_5_44_1_1,2023,5,44,20,1,1,0,0,,,130.54340277
4386008976,3,2023_5_44_1_1,2023,5,44,12,1,5,14.038409507,0,,,322.43318219
4386009001,3,2023_5_44_1_1,2023,5,44,45,1,1,0,9.9992736078,,,166.42543784
4386009018,3,2023_5_44_1_1,2023,5,44,34,1,1,0,0,1,,90.147400441
4386009023,3,2023_5_44_1_1,2023,5,44,21,2,1,0,0,,,166.42543784
4386009024,3,2023_5_44_1_1,2023,5,44,18,2,1,0,0,,,58.79650693
4386009035,3,2023_5_44_1_1,2023,5,44,8,2,5,0,0,,,223.79712386
4386009037,3,2023_5_44_1_1,2023,5,44,3,1,1,0,0,,,130.54340277
4386009044,3,2023_5_44_1_1,2023,5,44,44,2,1,0,0,,,223.79712386
4386009046,3,2023_5_44_1_1,2023,5,44,58,2,1,0,0,,,437.4424871
4386009086,3,2023_5_44_1_1,2023,5,44,25,2,1,0,0,,,97.077847059
4386009097,3,2023_5_44_1_1,2023,5,44,40,2,1,0,0,,,34.296669918
4386009098,3,2023_5_44_1_1,2023,5,44,22,1,1,0,0,,,255.16516833
4386009100,3,2023_5_44_1_1,2023,5,44,33,1,1,0,0,,,34.296669918
4386009102,3,2023_5_44_1_1,2023,5,44,11,1,1,1.0000726392,1.9998547216,,,223.79712386
4386009118,3,2023_5_44_1_1,2023,5,44,20,2,1,0,0,,,97.077847059
4386009120,3,2023_5_44_1_1,2023,5,44,14,1,1,0,19.998547216,,,207.82011091
4386009127,3,2023_5_44_1_1,2023,5,44,23,1,1,0,0.9999273608,,,588.24162785
4386009129,3,2023_5_44_1_1,2023,5,44,6,1,1,0,0,,,223.79712386
4386009130,3,2023_5_44_1_1,2023,5,44,66,2,1,0,0,,,154.54422448
4386009133,3,2023_5_44_1_1,2023,5,44,10,1,1,3.0002179177,0,,,223.79712386
4386009147,3,2023_5_44_1_1,2023,5,44,67,2,1,0,0,,,90.147400441
4386009153,3,2023_5_44_1_1,2023,5,44,26,1,1,0,0.9999273608,,,166.42543784
4386009154,3,2023_5_44_1_1,2023,5,44,9,1,5,0,0,,,223.79712386
4386009159,3,2023_5_44_1_1,2023,5,44,55,1,-3,0,0,1,1,34.296669918
4386009166,3,2023_5_44_1_1,2023,5,44,26,1,1,0,0,,,166.42543784
4386009171,3,2023_5_44_1_1,2023,5,44,4,1,1,0,0,,,130.54340277
4386009174,3,2023_5_44_1_1,2023,5,44,66,2,1,0,0,,,42.308247136
4386009201,3,2023_5_44_1_1,2023,5,44,17,1,1,0,0,,,207.82011091
4386009213,3,2023_5_44_1_1,2023,5,44,1,1,1,0,0,,,223.79712386
4386009222,3,2023_5_44_1_1,2023,5,44,21,1,1,0,0,,,166.42543784
4386009224,3,2023_5_44_1_1,2023,5,44,24,1,1,0,0,,,166.42543784
4386009232,3,2023_5_44_1_1,2023,5,44,54,2,1,0,0,,,294.37243083
4386009241,3,2023_5_44_1_1,2023,5,44,55,2,1,0,0,,,223.79712386
4386009242,3,2023_5_44_1_1,2023,5,44,18,1,1,0,0,1,1,97.077847059
4386009245,3,2023_5_44_1_1,2023,5,44,-3,-3,-3,0,0,1,1,154.54422448
4386009246,3,2023_5_44_1_1,2023,5,44,7,1,1,0,0,,,223.79712386
4386009247,3,2023_5_44_1_1,2023,5,44,19,2,2,0,0,,,223.79712386
4386009251,3,2023_5_44_1_1,2023,5,44,27,2,1,0,0,,,154.54422448
4386009272,3,2023_5_44_1_1,2023,5,44,65,2,4,0,0,,,90.147400441
4386009276,3,2023_5_44_1_1,2023,5,44,30,2,1,0,0.9999273608,,,154.54422448
4386009278,3,2023_5_44_1_1,2023,5,44,12,2,1,0,0,,,130.54340277
4386009285,3,2023_5_44_1_1,2023,5,44,64,2,3,0,0,,,58.79650693
4386009294,3,2023_5_44_1_1,2023,5,44,7,1,1,0,0,,,223.79712386
4386009306,3,2023_5_44_1_1,2023,5,44,94,1,4,0,0,,,79.065371948
4386009362,3,2023_5_44_1_1,2023,5,44,25,1,3,0,0,,,166.42543784
4386009363,3,2023_5_44_1_1,2023,5,44,6,2,1,0,0,,,159.82738159
4386009369,3,2023_5_44_1_1,2023,5,44,5,2,5,0,0,,,130.54340277
4386009371,3,2023_5_44_1_1,2023,5,44,16,1,3,0,0,,,223.79712386
4386009378,3,2023_5_44_1_1,2023,5,44,-3,-3,-3,0,0,1,1,90.147400441
4386009381,3,2023_5_44_1_1,2023,5,44,60,2,-3,0,0,,,437.4424871
4386009382,3,2023_5_44_1_1,2023,5,44,11,2,3,0,0,,,452.39663628
4386009385,3,2023_5_44_1_1,2023,5,44,29,2,1,0,0,,,97.077847059
4386009399,3,2023_5_44_1_1,2023,5,44,51,2,1,0,3.9997094431,,,58.79650693
4386009401,3,2023_5_44_1_1,2023,5,44,76,2,1,0,0,,,312.40476243
4386009404,3,2023_5_44_1_1,2023,5,44,28,2,1,0,0,,,58.79650693
4386009407,3,2023_5_44_1_1,2023,5,44,21,1,3,0,0,,,49.587428866
4386009408,3,2023_5_44_1_1,2023,5,44,23,2,1,0,0,,,97.077847059
4386009409,3,2023_5_44_1_1,2023,5,44,-3,-3,-3,0,0,1,1,58.79650693
4386009413,3,2023_5_44_1_1,2023,5,44,10,1,3,0,2.9997820823,,,223.79712386
4386009414,3,2023_5_44_1_1,2023,5,44,22,1,1,0,0,,,166.42543784
4386009415,3,2023_5_44_1_1,2023,5,44,15,2,1,0,0,,,343.12801892
4386009416,3,2023_5_44_1_1,2023,5,44,19,1,1,0,0,,,336.42214417
4386009429,3,2023_5_44_1_1,2023,5,44,10,2,1,1.0000726392,1.9998547216,,,130.54340277
4386009441,3,2023_5_44_1_0,2023,5,44,14,1,1,0,0,,,2424.038969
4386009442,3,2023_5_44_1_0,2023,5,44,-3,-3,-3,0,0,,,938.52351895
4386009448,3,2023_5_44_1_0,2023,5,44,12,1,1,0,1.9998547216,,,1359.085821
4386009449,3,2023_5_44_1_0,2023,5,44,11,2,4,0,0,,,1359.085821
4386009465,3,2023_5_44_1_0,2023,5,44,20,2,4,0,0,,,1933.4373708
4386009470,3,2023_5_44_1_0,2023,5,44,70,2,3,0,0,,,357.06222456
4386009477,3,2023_5_44_1_0,2023,5,44,11,2,1,0,0,,,2747.3358158
4386009509,3,2023_5_44_1_0,2023,5,44,18,1,1,0,0,,,2656.5215472
4386009519,3,2023_5_44_1_0,2023,5,44,12,2,1,0,0,,,1359.085821
4386009522,3,2023_5_44_1_0,2023,5,44,21,2,1,0,0,,,1359.085821
4386009537,3,2023_5_44_1_0,2023,5,44,29,2,1,0,0,,,2656.5215472
4386009540,3,2023_5_44_1_0,2023,5,44,88,1,1,0,0,,,357.06222456
4386009567,3,2023_5_44_1_0,2023,5,44,39,1,1,0,0,,,357.06222456
4386009578,3,2023_5_44_1_0,2023,5,44,28,1,1,0,0,,,1010.6763167
4386009593,3,2023_5_44_1_0,2023,5,44,61,1,1,0,0,,,938.52351895
4386009605,3,2023_5_44_1_0,2023,5,44,26,1,1,0,0,,,1010.6763167
4386009614,3,2023_5_44_1_0,2023,5,44,0,-3,1,0,0,,,1359.085821
4386009626,3,2023_5_44_1_0,2023,5,44,31,2,1,0,0,,,2656.5215472
4386009636,3,2023_5_44_1_0,2023,5,44,30,2,1,0,0,,,357.06222456
4386009638,3,2023_5_44_1_0,2023,5,44,-3,-3,-3,0,0,,,2043.0404025
4386009648,3,2023_5_44_1_0,2023,5,44,12,1,1,0,0,,,989.15339849
4386009654,3,2023_5_44_1_0,2023,5,44,20,1,1,0,0,,,735.57820847
4386009670,3,2023_5_44_1_0,2023,5,44,65,1,1,0,0,,,357.06222456
4386009673,3,2023_5_44_1_0,2023,5,44,17,2,3,0,0,,,2747.3358158
4386009683,3,2023_5_44_1_0,2023,5,44,5,2,5,0,0,,,2747.3358158
4386009692,3,2023_5_44_1_0,2023,5,44,9,1,1,0,0,,,1359.085821
4386009706,3,2023_5_44_1_0,2023,5,44,26,1,5,0,0,,,2043.0404025
4386009715,3,2023_5_44_1_0,2023,5,44,15,1,3,0,0,,,1359.085821
4386009735,3,2023_5_44_1_0,2023,5,44,16,1,1,0,0,,,1359.085821
4386009737,3,2023_5_44_1_0,2023,5,44,6,2,3,0,0,,,2747.3358158
4386009742,3,2023_5_44_1_0,2023,5,44,-3,-3,-3,0,0,1,1,516.25413497
4386009744,3,2023_5_44_1_0,2023,5,44,8,1,1,0,0,,,3572.3017435
4386009755,3,2023_5_44_1_0,2023,5,44,21,1,1,0,0,,,1010.6763167
4386009760,3,2023_5_44_1_0,2023,5,44,21,1,1,0,0,,,2656.5215472
4386009794,3,2023_5_44_1_0,2023,5,44,17,1,1,0,0,,,3572.3017435
4386009797,3,2023_5_44_1_0,2023,5,44,38,1,1,0,0,,,357.06222456
4386009842,3,2023_5_44_1_0,2023,5,44,51,1,1,0,0,,,357.06222456
4386009850,3,2023_5_44_1_0,2023,5,44,11,2,3,0,0,,,2747.3358158
4386009892,3,2023_5_44_1_0,2023,5,44,24,2,1,0,0,,,1010.6763167
4386009922,3,2023_5_44_1_0,2023,5,44,24,2,1,0,0,,,2747.3358158
4386009950,3,2023_5_44_1_0,2023,5,44,18,2,1,0,0,,,1359.085821
4386009961,3,2023_5_44_1_0,2023,5,44,2,1,1,0,0,,,7221.26033
4386009967,3,2023_5_44_1_0,2023,5,44,20,1,1,0,0,,,1359.085821
4386009968,3,2023_5_44_1_0,2023,5,44,23,2,1,0,0,,,2599.9494331
4386009975,3,2023_5_44_1_0,2023,5,44,-3,-3,-3,0,0,1,1,1354.7563116
4386009993,3,2023_5_44_1_0,2023,5,44,56,2,1,0,0,,,938.52351895
4386010005,3,2023_5_44_1_0,2023,5,44,14,2,1,0,0,,,1359.085821
4386010023,3,2023_5_44_1_0,2023,5,44,20,2,1,0,0,,,2043.0404025
4386010071,3,2023_5_44_1_0,2023,5,44,20,2,1,0,0,,,1010.6763167
4386010078,3,2023_5_44_1_0,2023,5,44,28,2,1,0,0,1,1,938.52351895
4386010125,3,2023_5_44_1_0,2023,5,44,34,1,1,0,0,,,683.06483223
4386010126,3,2023_5_44_1_0,2023,5,44,34,1,-3,0,0,,,2656.5215472
4386010127,3,2023_5_44_1_0,2023,5,44,7,1,1,0,0,,,1359.085821
4386010155,3,2023_5_44_1_0,2023,5,44,3,1,1,0,0,,,1359.085821
4386010169,3,2023_5_44_1_0,2023,5,44,8,2,1,0,0,,,1359.085821
4386010172,3,2023_5_44_1_0,2023,5,44,11,2,1,0,0,,,1359.085821
4386010174,3,2023_5_44_1_0,2023,5,44,60,2,1,0,0,,,938.52351895
4386010176,3,2023_5_44_1_0,2023,5,44,4,2,1,0,0,,,3572.3017435
4386010209,3,2023_5_44_1_0,2023,5,44,14,2,1,0,0,,,1359.085821
4386010215,3,2023_5_44_1_0,2023,5,44,34,2,1,0,0,,,938.52351895
4386010258,3,2023_5_44_1_0,2023,5,44,12,1,3,0,0,,,2747.3358158
4386010276,3,2023_5_44_1_0,2023,5,44,22,2,3,0,0,,,1010.6763167
4386010295,3,2023_5_44_1_0,2023,5,44,23,2,1,0,0,,,1010.6763167
4386010303,3,2023_5_44_1_0,2023,5,44,19,1,1,0,0,,,3300.0702966
4386010369,3,2023_5_44_1_0,2023,5,44,14,1,3,0,0,,,1359.085821
4386010428,3,2023_5_44_1_0,2023,5,44,30,1,1,0,0,,,1359.085821
4386010479,3,2023_5_44_1_0,2023,5,44,29,1,2,0,0,,,357.06222456
4386010489,3,2023_5_44_1_0,2023,5,44,-3,-3,-3,0,0,1,1,1010.6763167
4386010519,3,2023_5_44_1_0,2023,5,44,24,2,1,0,0,,,2043.0404025
4386010545,3,2023_5_44_1_0,2023,5,44,32,1,1,0,0,,,1010.6763167
4386010564,3,2023_5_44_1_0,2023,5,44,42,2,4,0,0,,,480.15195234
4386010571,3,2023_5_44_1_0,2023,5,44,20,1,3,0,0,,,7221.26033
4386010592,3,2023_5_44_1_0,2023,5,44,25,1,1,2.0001452784,0,,,2656.5215472
4386010609,3,2023_5_44_1_0,2023,5,44,18,1,2,0,0,,,1965.0179342
4386010614,3,2023_5_44_1_0,2023,5,44,28,1,1,0,0,,,1010.6763167
4386010617,3,2023_5_44_1_0,2023,5,44,40,1,1,0,0,,,357.06222456
4386010634,3,2023_5_44_1_0,2023,5,44,17,-5,1,0,0,,,1359.085821
4386010679,3,2023_5_44_1_0,2023,5,44,15,1,1,0,0,,,2747.3358158
4386010684,3,2023_5_44_1_0,2023,5,44,59,1,1,0,0,,,938.52351895
4386010690,3,2023_5_44_1_0,2023,5,44,-3,2,-3,0,0,,,1850.2969821
4386010706,3,2023_5_44_1_0,2023,5,44,9,1,1,0,0,,,1262.0598566
4386010711,3,2023_5_44_1_0,2023,5,44,7,2,3,0,0,,,1359.085821
4386010713,3,2023_5_44_1_0,2023,5,44,12,2,-3,0,0,1,1,1359.085821
4386010728,3,2023_5_44_1_0,2023,5,44,10,2,3,0,0,,,1359.085821
4386010747,3,2023_5_44_1_0,2023,5,44,82,1,4,0,0,,,790.30936407
4386010762,3,2023_5_44_1_0,2023,5,44,-3,-3,-3,0,0,1,,636.84922122
4386010772,3,2023_5_44_1_0,2023,5,44,-3,-3,-3,0,0,1,1,1010.6763167
4386010780,3,2023_5_44_1_0,2023,5,44,13,1,1,0,0,,,1359.085821
4386010789,3,2023_5_45_1_1,2023,5,45,17,1,1,0,0,,,169.01364309
4386010791,3,2023_5_45_1_1,2023,5,45,59,2,1,0,0,,,93.002216155
4386010792,3,2023_5_45_1_1,2023,5,45,18,1,1,0,0,,,310.47278065
4386010811,3,2023_5_45_1_1,2023,5,45,20,2,1,0,0,,,195.05374777
4386010839,3,2023_5_45_1_1,2023,5,45,7,1,1,0,0,,,354.47267679
4386010840,3,2023_5_45_1_1,2023,5,45,9,2,1,0,0,,,310.47278065
4386010869,3,2023_5_45_1_1,2023,5,45,9,1,1,0,0,,,354.47267679
4386010870,3,2023_5_45_1_1,2023,5,45,5,2,1,2.0017491751,11.98950495,,,319.21837588
4386010874,3,2023_5_45_1_1,2023,5,45,18,1,2,0,0,,,1106.828258
4386010881,3,2023_5_45_1_1,2023,5,45,12,1,1,0,0,,,319.21837588
4386010897,3,2023_5_45_1_1,2023,5,45,15,2,2,0,0,,,364.45768914
4386010899,3,2023_5_45_1_1,2023,5,45,2,2,5,0,0,,,354.47267679
4386010901,3,2023_5_45_1_1,2023,5,45,15,1,1,0,0,,,354.47267679
4386010907,3,2023_5_45_1_1,2023,5,45,16,1,1,6.0052475252,5.9947524748,,,319.21837588
4386010926,3,2023_5_45_1_1,2023,5,45,15,1,1,0,0,,,354.47267679
4386010936,3,2023_5_45_1_1,2023,5,45,1,2,1,0,0,,,319.21837588
4386010938,3,2023_5_45_1_1,2023,5,45,12,2,2,0,0,,,1106.828258
4386010940,3,2023_5_45_1_1,2023,5,45,3,2,1,1.0008745875,0.9991254125,,,364.45768914
4386010941,3,2023_5_45_1_1,2023,5,45,18,1,1,0,0,,,354.47267679
4386010942,3,2023_5_45_1_1,2023,5,45,29,1,2,0,0,1,,378.91854364
4386010946,3,2023_5_45_1_1,2023,5,45,6,2,1,0,0.9991254125,,,319.21837588
4386010965,3,2023_5_45_1_1,2023,5,45,17,1,1,0,2.9973762374,,,319.21837588
4386010969,3,2023_5_45_1_1,2023,5,45,4,1,1,0,0,,,354.47267679
4386010970,3,2023_5_45_1_1,2023,5,45,16,2,1,0,0,,,319.21837588
4386010979,3,2023_5_45_1_1,2023,5,45,5,2,1,0,0,,,354.47267679
4386010999,3,2023_5_45_1_1,2023,5,45,11,2,4,0,0,,,364.45768914
4386011009,3,2023_5_45_1_1,2023,5,45,8,1,1,0,0,,,354.47267679
4386011013,3,2023_5_45_1_1,2023,5,45,19,2,1,3.0026237626,0,,,200.54814609
4386011022,3,2023_5_45_1_1,2023,5,45,18,1,1,0,0,,,331.88423703
4386011026,3,2023_5_45_1_1,2023,5,45,10,1,1,0,0,,,942.88049673
4386011035,3,2023_5_45_1_1,2023,5,45,-3,-3,-3,0,0,1,1,175.65455576
4386011058,3,2023_5_45_1_1,2023,5,45,20,1,1,1.0008745875,0.9991254125,,,175.65455576
4386011060,3,2023_5_45_1_1,2023,5,45,14,1,1,0,0,,,169.01364309
4386011082,3,2023_5_45_1_1,2023,5,45,22,2,1,0,0,,,123.33269874
4386011090,3,2023_5_45_1_1,2023,5,45,12,2,1,0,0,,,354.47267679
4386011105,3,2023_5_45_1_1,2023,5,45,69,2,2,0,0,,,341.23296381
4386011120,3,2023_5_45_1_1,2023,5,45,5,2,1,0,0,,,364.45768914
4386011125,3,2023_5_45_1_1,2023,5,45,1,2,1,0,0,,,319.21837588
4386011145,3,2023_5_45_1_1,2023,5,45,25,1,1,0,0,,,195.05374777
4386011150,3,2023_5_45_1_1,2023,5,45,15,2,5,0,0,,,354.47267679
4386011152,3,2023_5_45_1_1,2023,5,45,18,1,1,0,0,,,195.05374777
4386011173,3,2023_5_45_1_1,2023,5,45,38,2,2,0,0,,,817.09248003
4386011174,3,2023_5_45_1_1,2023,5,45,4,2,1,0,0,,,354.47267679
4386011182,3,2023_5_45_1_1,2023,5,45,34,1,1,0,0,,,81.458060231
4386011190,3,2023_5_45_1_1,2023,5,45,7,1,1,0,0,,,319.21837588
4386011191,3,2023_5_45_1_1,2023,5,45,19,1,1,0,0,,,1076.5045904
4386011193,3,2023_5_45_1_1,2023,5,45,40,2,1,0,0,,,319.21837588
4386011202,3,2023_5_45_1_1,2023,5,45,5,1,1,1.0008745875,0.9991254125,,,364.45768914
4386011210,3,2023_5_45_1_1,2023,5,45,0,1,1,0,0,,,364.45768914
4386011222,3,2023_5_45_1_1,2023,5,45,8,1,1,5.0043729377,2.9973762374,,,1300.5901052
4386011227,3,2023_5_45_1_1,2023,5,45,89,1,1,2.0017491751,1.9982508249,,,83.752622805
4386011235,3,2023_5_45_1_1,2023,5,45,4,2,1,0,0,,,364.45768914
4386011245,3,2023_5_45_1_1,2023,5,45,52,1,1,3.0026237626,2.9973762374,,,319.21837588
4386011249,3,2023_5_45_1_1,2023,5,45,12,1,2,0,0,,,310.47278065
4386011252,3,2023_5_45_1_1,2023,5,45,14,1,1,1.0008745875,0,,,319.21837588
4386011255,3,2023_5_45_1_1,2023,5,45,4,1,1,3.0026237626,2.9973762374,,,364.45768914
4386011265,3,2023_5_45_1_1,2023,5,45,7,2,1,0,1.9982508249,,,364.45768914
4386011266,3,2023_5_45_1_1,2023,5,45,7,2,1,0,0,,,354.47267679
4386011290,3,2023_5_45_1_1,2023,5,45,23,2,1,0,0,,,200.54814609
4386011302,3,2023_5_45_1_1,2023,5,45,9,1,1,0,0,,,354.47267679
4386011303,3,2023_5_45_1_1,2023,5,45,13,1,1,0,0,,,1076.5045904
4386011306,3,2023_5_45_1_1,2023,5,45,57,1,2,0,0,,,93.002216155
4386011307,3,2023_5_45_1_1,2023,5,45,62,1,1,0,0,,,93.002216155
4386011321,3,2023_5_45_1_1,2023,5,45,46,2,1,0,0,,,319.21837588
4386011324,3,2023_5_45_1_1,2023,5,45,15,2,1,0,0,,,354.47267679
4386011325,3,2023_5_45_1_1,2023,5,45,10,1,1,0,0,,,354.47267679
4386011338,3,2023_5_45_1_1,2023,5,45,20,1,1,0,0,,,195.05374777
4386011345,3,2023_5_45_1_1,2023,5,45,7,1,3,1.0008745875,0,,,364.45768914
4386011349,3,2023_5_45_1_1,2023,5,45,29,1,1,0,0,,,200.54814609
4386011355,3,2023_5_45_1_1,2023,5,45,97,2,1,0,0,,,93.002216155
4386011363,3,2023_5_45_1_1,2023,5,45,30,1,1,0,0,,,170.84216474
4386011368,3,2023_5_45_1_1,2023,5,45,19,2,1,0,0,,,310.47278065
4386011369,3,2023_5_45_1_1,2023,5,45,-3,-3,-3,0,0,1,1,170.84216474
4386011378,3,2023_5_45_1_1,2023,5,45,-3,-3,-3,0,0,1,1,195.05374777
4386011381,3,2023_5_45_1_1,2023,5,45,25,1,1,0,4.9956270623,,,200.54814609
4386011386,3,2023_5_45_1_1,2023,5,45,9,2,1,0,0,,,310.47278065
4386011387,3,2023_5_45_1_1,2023,5,45,47,1,2,0,9.9912541246,,,83.752622805
4386011399,3,2023_5_45_1_1,2023,5,45,4,2,1,0,0,,,354.47267679
4386011415,3,2023_5_45_1_1,2023,5,45,-3,1,1,0,0,,,126.80681283
4386011440,3,2023_5_45_1_1,2023,5,45,32,1,3,0,0,,,354.47267679
4386011458,3,2023_5_45_1_1,2023,5,45,35,1,2,0,0,,,378.91854364
4386011460,3,2023_5_45_1_1,2023,5,45,57,1,2,0,0,,,488.64401085
4386011461,3,2023_5_45_1_1,2023,5,45,25,2,1,0,0,,,715.66862817
4386011473,3,2023_5_45_1_1,2023,5,45,56,1,1,0,0,,,794.70667573
4386011484,3,2023_5_45_1_1,2023,5,45,20,2,1,0,0,,,319.21837588
4386011485,3,2023_5_45_1_1,2023,5,45,18,1,1,0,0,,,310.47278065
4386011486,3,2023_5_45_1_1,2023,5,45,9,1,1,0,0,,,354.47267679
4386011504,3,2023_5_45_1_1,2023,5,45,18,1,1,4.0034983501,0,,,364.45768914
4386011507,3,2023_5_45_1_1,2023,5,45,22,2,1,0,0,,,175.65455576
4386011519,3,2023_5_45_1_1,2023,5,45,15,2,1,0,0,,,319.21837588
4386011520,3,2023_5_45_1_1,2023,5,45,23,2,4,0,0,,,95.621961872
4386011524,3,2023_5_45_1_1,2023,5,45,31,1,2,0,0,,,95.621961872
4386011551,3,2023_5_45_1_1,2023,5,45,28,1,1,0,0,,,696.06152341
4386011587,3,2023_5_45_1_1,2023,5,45,19,1,1,0,1.9982508249,,,95.621961872
4386011588,3,2023_5_45_1_1,2023,5,45,22,2,1,0,0,,,83.752622805
4386011589,3,2023_5_45_1_1,2023,5,45,20,2,1,0,0,,,195.05374777
4386011606,3,2023_5_45_1_1,2023,5,45,5,1,1,0,0,,,319.21837588
4386011619,3,2023_5_45_1_1,2023,5,45,1,1,1,0,0,,,364.45768914
4386011620,3,2023_5_45_1_1,2023,5,45,10,1,2,0,0,,,354.47267679
4386011638,3,2023_5_45_1_1,2023,5,45,21,1,1,1.0008745875,0,,,200.54814609
4386011645,3,2023_5_45_1_1,2023,5,45,82,2,1,0,0,,,378.91854364
4386011652,3,2023_5_45_1_1,2023,5,45,5,1,1,0,0,,,354.47267679
4386011664,3,2023_5_45_1_1,2023,5,45,39,2,1,0,0,,,95.621961872
4386011680,3,2023_5_45_1_1,2023,5,45,15,1,1,1.0008745875,0.9991254125,,,364.45768914
4386011690,3,2023_5_45_1_1,2023,5,45,11,1,1,0,0,,,310.47278065
4386011691,3,2023_5_45_1_1,2023,5,45,48,1,1,0,0,,,175.65455576
4386011710,3,2023_5_45_1_1,2023,5,45,18,1,1,0,0,,,195.05374777
4386011717,3,2023_5_45_1_1,2023,5,45,51,2,1,0,0,,,1076.5045904
4386011728,3,2023_5_45_1_1,2023,5,45,23,2,1,0,0,,,200.54814609
4386011737,3,2023_5_45_1_1,2023,5,45,-3,-3,-3,0,0,,,200.54814609
4386011739,3,2023_5_45_1_1,2023,5,45,23,2,1,0,0,,,175.65455576
4386011746,3,2023_5_45_1_1,2023,5,45,23,1,3,0,0,,,200.54814609
4386011748,3,2023_5_45_1_1,2023,5,45,52,1,1,0,0,,,378.91854364
4386011751,3,2023_5_45_1_1,2023,5,45,23,1,1,1.0008745875,3.9965016499,,,200.54814609
4386011755,3,2023_5_45_1_1,2023,5,45,18,1,5,0,0,,,170.84216474
4386011785,3,2023_5_45_1_1,2023,5,45,10,1,1,0,1.9982508249,,,364.45768914
4386011789,3,2023_5_45_1_1,2023,5,45,13,2,1,2.0017491751,1.9982508249,,,364.45768914
4386011793,3,2023_5_45_1_1,2023,5,45,17,1,1,0,0,,,354.47267679
4386011800,3,2023_5_45_1_1,2023,5,45,43,2,1,0,0,,,341.23296381
4386011811,3,2023_5_45_1_1,2023,5,45,18,1,1,1.0008745875,0,,,200.54814609
4386011822,3,2023_5_45_1_1,2023,5,45,21,2,1,0,0,,,170.84216474
4386011841,3,2023_5_45_1_1,2023,5,45,11,2,1,0,0,,,364.45768914
4386011854,3,2023_5_45_1_1,2023,5,45,-3,-3,-3,0,0,1,1,140.81128712
4386011863,3,2023_5_45_1_1,2023,5,45,3,1,1,0,0,,,354.47267679
4386011890,3,2023_5_45_1_1,2023,5,45,5,2,1,0,0,,,364.45768914
4386011902,3,2023_5_45_1_1,2023,5,45,14,1,5,0,2.9973762374,,,319.21837588
4386011939,3,2023_5_45_1_1,2023,5,45,52,1,2,0,0,,,93.002216155
4386011946,3,2023_5_45_1_0,2023,5,45,12,1,1,0,0,,,2159.5470635
4386011956,3,2023_5_45_1_0,2023,5,45,-3,-3,-3,0,0,,,1221.7956089
4386011981,3,2023_5_45_1_0,2023,5,45,0,1,1,0,0,,,6558.3681882
4386011994,3,2023_5_45_1_0,2023,5,45,12,1,2,0,0,,,4195.2151015
4386012011,3,2023_5_45_1_0,2023,5,45,24,1,1,0,0,,,6558.3681882
4386012016,3,2023_5_45_1_0,2023,5,45,12,1,1,2.0017491751,0,,,1165.6670555
4386012052,3,2023_5_45_1_0,2023,5,45,34,1,2,0,0,,,6558.3681882
4386012132,3,2023_5_45_1_0,2023,5,45,50,2,1,0,0,,,1558.99902
4386012138,3,2023_5_45_1_0,2023,5,45,1,1,1,0,0,,,2159.5470635
4386012147,3,2023_5_45_1_0,2023,5,45,28,1,1,0,0,,,1188.3221918
4386012150,3,2023_5_45_1_0,2023,5,45,13,1,3,0,0,,,2159.5470635
4386012155,3,2023_5_45_1_0,2023,5,45,18,2,1,0,0,,,2159.5470635
4386012157,3,2023_5_45_1_0,2023,5,45,11,2,1,0,0,,,2159.5470635
4386012158,3,2023_5_45_1_0,2023,5,45,14,1,4,0,11.98950495,,,2220.378562
4386012174,3,2023_5_45_1_0,2023,5,45,86,2,4,0,0,,,566.59561074
4386012181,3,2023_5_45_1_0,2023,5,45,50,1,2,0,0,,,1188.3221918
4386012204,3,2023_5_45_1_0,2023,5,45,-3,-3,-3,0,0,1,1,3608.8375158
4386012210,3,2023_5_45_1_0,2023,5,45,22,1,1,0,0,,,1211.9180805
4386012249,3,2023_5_45_1_0,2023,5,45,0,2,1,0,0,,,2159.5470635
4386012271,3,2023_5_45_1_0,2023,5,45,17,1,1,0,0,,,2159.5470635
4386012297,3,2023_5_45_1_0,2023,5,45,14,1,1,0,0,,,2159.5470635
4386012302,3,2023_5_45_1_0,2023,5,45,17,1,2,0,0,,,8798.6336462
4386012305,3,2023_5_45_1_0,2023,5,45,5,1,1,0,0,,,6558.3681882
4386012310,3,2023_5_45_1_0,2023,5,45,57,2,1,0,0,,,1188.3221918
4386012319,3,2023_5_45_1_0,2023,5,45,5,1,1,0,0,,,2159.5470635
4386012340,3,2023_5_45_1_0,2023,5,45,11,1,1,0,0.9991254125,,,2220.378562
4386012354,3,2023_5_45_1_0,2023,5,45,16,1,1,0,3.9965016499,,,2220.378562
4386012356,3,2023_5_45_1_0,2023,5,45,21,1,4,0,0,,,2159.5470635
4386012374,3,2023_5_45_1_0,2023,5,45,59,1,1,0,0,,,2308.4781474
4386012391,3,2023_5_45_1_0,2023,5,45,15,1,2,0,0,,,2159.5470635
4386012395,3,2023_5_45_1_0,2023,5,45,16,1,1,0,0,,,1133.731387
4386012398,3,2023_5_45_1_0,2023,5,45,10,2,1,0,0,,,6558.3681882
4386012408,3,2023_5_45_1_0,2023,5,45,3,2,1,0,0,,,2159.5470635
4386012409,3,2023_5_45_1_0,2023,5,45,16,2,1,0,0,,,8798.6336462
4386012419,3,2023_5_45_1_0,2023,5,45,20,2,1,0,0,,,1188.3221918
4386012429,3,2023_5_45_1_0,2023,5,45,5,2,1,0,0,,,2159.5470635
4386012457,3,2023_5_45_1_0,2023,5,45,41,1,4,0,0,,,8798.6336462
4386012482,3,2023_5_45_1_0,2023,5,45,10,1,1,0,0,,,2159.5470635
4386012502,3,2023_5_45_1_0,2023,5,45,21,2,2,0,2.9973762374,,,3710.4935518
4386012514,3,2023_5_45_1_0,2023,5,45,8,2,1,0,0,,,1133.731387
4386012515,3,2023_5_45_1_0,2023,5,45,17,1,2,0,0,,,2159.5470635
4386012523,3,2023_5_45_1_0,2023,5,45,6,1,1,4.7869735329,5.2130264671,,,5201.5277233
4386012525,3,2023_5_45_1_0,2023,5,45,55,2,1,0,0,,,4841.5761786
4386012557,3,2023_5_45_1_0,2023,5,45,12,1,1,6.0052475252,2.9973762374,,,1165.6670555
4386012559,3,2023_5_45_1_0,2023,5,45,20,1,1,0,0,,,297.45460911
4386012567,3,2023_5_45_1_0,2023,5,45,20,2,3,0,0,,,4841.5761786
4386012592,3,2023_5_45_1_0,2023,5,45,27,1,1,0,0,,,1188.3221918
4386012601,3,2023_5_45_1_0,2023,5,45,46,2,3,0,0,,,2708.6010439
4386012605,3,2023_5_45_1_0,2023,5,45,14,2,2,0,0,,,2159.5470635
4386012613,3,2023_5_45_1_0,2023,5,45,23,2,2,0,0,,,2308.4781474
4386012620,3,2023_5_45_1_0,2023,5,45,31,2,1,0,0,,,4841.5761786
4386012628,3,2023_5_45_1_0,2023,5,45,7,2,1,0,0,,,2159.5470635
4386012629,3,2023_5_45_1_0,2023,5,45,17,2,2,0,0,,,2159.5470635
4386012651,3,2023_5_45_1_0,2023,5,45,28,1,1,0,0,,,1188.3221918
4386012653,3,2023_5_45_1_0,2023,5,45,23,1,1,0,0,,,2159.5470635
4386012745,3,2023_5_45_1_0,2023,5,45,-3,-3,-3,0,0,1,1,566.59561074
4386012802,3,2023_5_45_1_0,2023,5,45,20,1,1,0,0,,,12220.883807
4386012807,3,2023_5_45_1_0,2023,5,45,19,1,1,0,0,,,3269.6919942
4386012812,3,2023_5_45_1_0,2023,5,45,8,1,1,0,0,,,2159.5470635
4386012818,3,2023_5_45_1_0,2023,5,45,91,2,1,0,0,,,2308.4781474
4386012833,3,2023_5_45_1_0,2023,5,45,70,2,1,0,0,,,582.55583713
4386012862,3,2023_5_45_1_0,2023,5,45,20,2,1,0,0,,,1188.3221918
4386012869,3,2023_5_45_1_0,2023,5,45,20,1,-3,0,0,,,566.59561074
4386012874,3,2023_5_45_1_0,2023,5,45,72,2,1,0,0,,,566.59561074
4386012900,3,2023_5_45_1_0,2023,5,45,-3,-3,-3,0,0,1,1,566.59561074
4386012915,3,2023_5_45_1_0,2023,5,45,26,1,1,0,0,,,5408.1805884
4386012928,3,2023_5_45_1_0,2023,5,45,28,1,1,0,0,,,1188.3221918
4386012961,3,2023_5_45_1_0,2023,5,45,22,1,1,0,0,,,566.59561074
4386012972,3,2023_5_45_1_0,2023,5,45,16,1,1,0,0,,,1029.6785635
4386012987,3,2023_5_45_1_0,2023,5,45,40,1,1,0,0,,,566.59561074
4386012999,3,2023_5_45_1_0,2023,5,45,-3,-3,-3,0,0,1,1,2220.378562
4386013017,3,2023_5_45_1_0,2023,5,45,20,1,5,0,0,,,1133.731387
4386013046,3,2023_5_45_1_0,2023,5,45,0,2,2,0,0,1,1,11346.501001
4386013049,3,2023_5_45_1_0,2023,5,45,28,1,-3,0,0,,,4977.9567831
4386013062,3,2023_5_45_2_1,2023,5,45,16,1,1,0,0,,,5695.173242
4386013065,3,2023_5_45_2_1,2023,5,45,44,2,1,0,0,,,666.48959808
4386013070,3,2023_5_45_2_1,2023,5,45,14,1,1,0,0,,,1397.8300661
4386013081,3,2023_5_45_2_1,2023,5,45,11,2,1,0,0,,,2755.8322534
4386013087,3,2023_5_45_2_1,2023,5,45,13,1,1,1.0008745875,1.9982508249,,,685.26370199
4386013105,3,2023_5_45_2_1,2023,5,45,60,1,1,0,0,,,6178.4121382
4386013114,3,2023_5_45_2_1,2023,5,45,13,1,1,0,0,,,2755.8322534
4386013149,3,2023_5_45_2_1,2023,5,45,8,1,1,0,0,,,2755.8322534
4386013154,3,2023_5_45_2_1,2023,5,45,14,1,3,0,0,,,2755.8322534
4386013179,3,2023_5_45_2_1,2023,5,45,84,1,1,0,0,,,723.04164382
4386013184,3,2023_5_45_2_1,2023,5,45,3,2,1,0,0,,,1437.2050345
4386013193,3,2023_5_45_2_1,2023,5,45,8,2,1,0,0,,,2755.8322534
4386013200,3,2023_5_45_2_1,2023,5,45,22,1,1,0,0,,,2755.8322534
4386013203,3,2023_5_45_2_1,2023,5,45,52,2,1,0,0,,,1494.2300707
4386013204,3,2023_5_45_2_1,2023,5,45,-3,-3,-3,0,0,1,1,1559.1527515
4386013209,3,2023_5_45_2_1,2023,5,45,17,2,1,0,0,,,1397.8300661
4386013212,3,2023_5_45_2_1,2023,5,45,24,1,2,0,0.9991254125,,,6352.4495903
4386013238,3,2023_5_45_2_1,2023,5,45,8,2,1,0,0,,,2755.8322534
4386013243,3,2023_5_45_2_1,2023,5,45,17,1,1,0,0,,,1397.8300661
4386013247,3,2023_5_45_2_1,2023,5,45,22,1,1,0,0,,,6178.4121382
4386013252,3,2023_5_45_2_1,2023,5,45,1,2,1,0,0,,,2755.8322534
4386013259,3,2023_5_45_2_1,2023,5,45,2,1,1,0,0,,,2833.4602933
4386013263,3,2023_5_45_2_1,2023,5,45,18,2,3,0,0,1,1,5353.5805179
4386013266,3,2023_5_45_2_1,2023,5,45,21,1,1,0,0,,,1397.8300661
4386013267,3,2023_5_45_2_1,2023,5,45,5,1,1,0,0,,,2755.8322534
4386013268,3,2023_5_45_2_1,2023,5,45,21,2,3,0,0,,,1494.2300707
4386013269,3,2023_5_45_2_1,2023,5,45,18,1,1,0,0,,,723.04164382
4386013275,3,2023_5_45_2_1,2023,5,45,16,1,1,0,0,,,2755.8322534
4386013309,3,2023_5_45_2_1,2023,5,45,11,2,5,4.0034983501,0,,,2833.4602933
4386013311,3,2023_5_45_2_0,2023,5,45,2,1,1,0,0,,,10658.261467
4386013347,3,2023_5_45_2_0,2023,5,45,14,2,1,0,0,,,10658.261467
4386013351,3,2023_5_45_2_0,2023,5,45,15,1,2,0,0,,,10658.261467
4386013356,3,2023_5_45_2_0,2023,5,45,43,1,1,0,0,,,5081.8912639
4386013366,3,2023_5_45_2_0,2023,5,45,26,1,5,0,0,,,5864.8634432
4386013432,3,2023_5_45_2_0,2023,5,45,23,1,2,0,3.9965016499,,,2875.1549508
4386013435,3,2023_5_45_2_0,2023,5,45,8,1,1,0,0,,,10658.261467
4386013480,3,2023_5_45_2_0,2023,5,45,13,1,1,0,0,,,5081.8912639
4386013495,3,2023_5_45_2_0,2023,5,45,6,2,1,0,0,,,10658.261467
4386013524,3,2023_5_45_2_0,2023,5,45,1,1,1,0,0,,,8322.308846
4386013535,3,2023_5_45_2_0,2023,5,45,24,2,1,0,0,,,4708.4690006
4386013536,3,2023_5_45_2_0,2023,5,45,44,1,1,0,0,,,2796.3846064
4386013579,3,2023_5_45_2_0,2023,5,45,6,1,1,0,0,,,10658.261467
4386013586,3,2023_5_45_2_0,2023,5,45,22,2,1,0,0,,,5864.8634432
4386013587,3,2023_5_45_2_0,2023,5,45,7,1,5,0,0,,,10658.261467
4386013625,3,2023_5_45_2_0,2023,5,45,7,2,1,0,0,,,10658.261467
4386013642,3,2023_5_45_2_0,2023,5,45,25,1,1,0,0,,,5864.8634432
4386013646,3,2023_5_45_2_0,2023,5,45,20,1,1,0,0,,,17811.111638
4386013668,3,2023_5_45_2_0,2023,5,45,38,1,1,0,0,,,10658.261467
4386013670,3,2023_5_45_2_0,2023,5,45,31,1,1,0,0,,,2796.3846064
4386013678,3,2023_5_45_2_0,2023,5,45,20,2,4,0,0,,,10658.261467
4386013711,3,2023_5_45_2_0,2023,5,45,12,1,1,0,0,,,33280.040311
4386013724,3,2023_5_45_2_0,2023,5,45,23,1,2,0,0,,,23895.188808
4386013745,3,2023_5_45_2_0,2023,5,45,35,2,1,0,0,,,8492.3918328
4386013755,3,2023_5_45_2_0,2023,5,45,30,2,1,0,0,,,5864.8634432
4386013768,3,2023_5_45_2_0,2023,5,45,50,2,1,0,0,,,10958.490171
4386013783,3,2023_5_45_2_0,2023,5,45,23,1,1,0,0,,,18658.121854
4386013789,3,2023_5_45_2_0,2023,5,45,28,2,2,0,0,,,32368.270239
4386013790,3,2023_5_45_2_0,2023,5,45,10,2,1,0,0,,,10658.261467
4386013794,3,2023_5_45_2_0,2023,5,45,14,2,2,0,0,,,32368.270239
4386013826,3,2023_5_45_2_0,2023,5,45,21,2,2,0,0,,,20240.111898
4386013840,3,2023_5_45_2_0,2023,5,45,17,1,1,0,0,1,,9931.4786463
4386013853,3,2023_5_45_2_0,2023,5,45,13,2,1,0,0,,,10658.261467
4386013869,3,2023_5_51_1_1,2023,5,51,15,1,1,0,0,,,518.04583493
4386013884,3,2023_5_51_1_1,2023,5,51,23,1,1,0,0,,,875.31794439
4386013888,3,2023_5_51_1_1,2023,5,51,-3,-3,-3,0,0,1,1,158.26309791
4386013909,3,2023_5_51_1_1,2023,5,51,26,2,1,0,0,1,1,220.70478361
4386013912,3,2023_5_51_1_1,2023,5,51,30,1,4,0,0,,,328.6982213
4386013917,3,2023_5_51_1_1,2023,5,51,27,1,1,0,0,,,297.43934771
4386013919,3,2023_5_51_1_1,2023,5,51,16,1,1,0,0,,,518.04583493
4386013930,3,2023_5_51_1_1,2023,5,51,-3,-3,-3,0,0,1,1,328.6982213
4386013931,3,2023_5_51_1_1,2023,5,51,42,2,2,0,0,,,345.48821791
4386013953,3,2023_5_51_1_1,2023,5,51,10,2,1,0,0,,,1379.5475179
4386013954,3,2023_5_51_1_1,2023,5,51,17,2,2,0,0,,,347.84244784
4386013958,3,2023_5_51_1_1,2023,5,51,8,2,1,2.9826093391,3.0173906609,,,365.61033687
4386013986,3,2023_5_51_1_1,2023,5,51,8,1,1,0,0,,,518.04583493
4386013988,3,2023_5_51_1_1,2023,5,51,44,2,1,0,0,,,468.78019181
4386013992,3,2023_5_51_1_1,2023,5,51,21,1,-3,0,0,,,617.75477562
4386014025,3,2023_5_51_1_1,2023,5,51,-3,-3,-3,0,0,1,1,1450.015189
4386014028,3,2023_5_51_1_1,2023,5,51,24,1,1,1.988406226,0,,,973.61429962
4386014035,3,2023_5_51_1_1,2023,5,51,18,1,1,0,0,,,220.70478361
4386014037,3,2023_5_51_1_1,2023,5,51,41,2,1,0,0,,,664.23074342
4386014048,3,2023_5_51_1_1,2023,5,51,46,1,2,0,0,,,421.4520206
4386014051,3,2023_5_51_1_1,2023,5,51,35,2,1,0,0,,,664.23074342
4386014060,3,2023_5_51_1_1,2023,5,51,16,1,1,0,0,,,518.04583493
4386014074,3,2023_5_51_1_1,2023,5,51,3,1,1,0,0,,,518.04583493
4386014075,3,2023_5_51_1_1,2023,5,51,11,1,1,0,0,,,897.89728599
4386014092,3,2023_5_51_1_1,2023,5,51,13,2,1,0,0,,,518.04583493
4386014094,3,2023_5_51_1_1,2023,5,51,24,1,1,0,0,,,220.70478361
4386014096,3,2023_5_51_1_1,2023,5,51,23,2,2,0,0,,,875.31794439
4386014127,3,2023_5_51_1_1,2023,5,51,-3,-3,-3,0,0,1,1,166.34722099
4386014131,3,2023_5_51_1_1,2023,5,51,20,1,1,0,0,,,518.04583493
4386014136,3,2023_5_51_1_1,2023,5,51,24,1,1,0,0,,,231.97844537
4386014144,3,2023_5_51_1_1,2023,5,51,5,2,1,0,0,,,518.04583493
4386014151,3,2023_5_51_1_1,2023,5,51,19,2,1,0,0,,,328.6982213
4386014187,3,2023_5_51_1_1,2023,5,51,20,1,1,0,0,,,544.50776033
4386014203,3,2023_5_51_1_1,2023,5,51,18,2,1,0,0,,,365.61033687
4386014208,3,2023_5_51_1_1,2023,5,51,0,2,1,0,0,,,1405.5560017
4386014212,3,2023_5_51_1_1,2023,5,51,23,1,2,0.994203113,0,,,920.02942857
4386014216,3,2023_5_51_1_1,2023,5,51,28,1,1,0,0,,,231.97844537
4386014217,3,2023_5_51_1_1,2023,5,51,29,1,1,0,0,,,220.70478361
4386014227,3,2023_5_51_1_1,2023,5,51,25,1,5,1.988406226,6.0347813219,,,166.34722099
4386014233,3,2023_5_51_1_1,2023,5,51,49,1,1,0,0,,,158.26309791
4386014235,3,2023_5_51_1_1,2023,5,51,14,1,3,0,0,,,518.04583493
4386014270,3,2023_5_51_1_1,2023,5,51,18,1,2,0,2.011593774,,,345.48821791
4386014273,3,2023_5_51_1_1,2023,5,51,-3,-3,-3,0,0,1,1,345.48821791
4386014280,3,2023_5_51_1_1,2023,5,51,29,2,1,0,0,,,442.97990709
4386014288,3,2023_5_51_1_1,2023,5,51,28,2,3,0,0,,,347.84244784
4386014290,3,2023_5_51_1_1,2023,5,51,-3,1,-3,0,0,,,288.41284283
4386014304,3,2023_5_51_1_1,2023,5,51,17,2,1,0,0,,,365.61033687
4386014305,3,2023_5_51_1_1,2023,5,51,10,2,1,0,0,,,518.04583493
4386014347,3,2023_5_51_1_1,2023,5,51,10,1,1,0,1.005796887,,,365.61033687
4386014360,3,2023_5_51_1_1,2023,5,51,0,-3,-3,0,0,1,1,365.61033687
4386014364,3,2023_5_51_1_1,2023,5,51,21,1,1,0,0,,,347.84244784
4386014375,3,2023_5_51_1_1,2023,5,51,24,2,2,0,0,,,328.6982213
4386014382,3,2023_5_51_1_1,2023,5,51,10,2,1,0,0,,,365.61033687
4386014386,3,2023_5_51_1_1,2023,5,51,58,2,1,0.994203113,0,,,231.97844537
4386014388,3,2023_5_51_1_1,2023,5,51,15,2,3,0,0,,,544.50776033
4386014396,3,2023_5_51_1_1,2023,5,51,25,1,5,0,0,,,106.26593183
4386014415,3,2023_5_51_1_1,2023,5,51,7,1,1,0,0,,,544.50776033
4386014426,3,2023_5_51_1_1,2023,5,51,1,2,1,0,0,,,365.61033687
4386014440,3,2023_5_51_1_1,2023,5,51,19,1,4,0,0,,,518.04583493
4386014442,3,2023_5_51_1_1,2023,5,51,16,1,3,1.988406226,1.005796887,,,544.50776033
4386014445,3,2023_5_51_1_1,2023,5,51,26,1,1,0.994203113,0,,,920.02942857
4386014452,3,2023_5_51_1_1,2023,5,51,13,2,1,0,0,,,365.61033687
4386014473,3,2023_5_51_1_1,2023,5,51,21,2,1,0,0,,,176.03570932
4386014479,3,2023_5_51_1_1,2023,5,51,13,1,1,0,0,,,544.50776033
4386014498,3,2023_5_51_1_1,2023,5,51,1,2,1,0,0,,,544.50776033
4386014502,3,2023_5_51_1_1,2023,5,51,20,1,1,0,0,,,220.70478361
4386014510,3,2023_5_51_1_1,2023,5,51,28,2,4,0,0,,,920.02942857
4386014530,3,2023_5_51_1_1,2023,5,51,20,2,2,0,0,,,587.7332002
4386014536,3,2023_5_51_1_1,2023,5,51,21,1,1,0,0,,,848.47965694
4386014561,3,2023_5_51_1_1,2023,5,51,35,1,1,4.9710155651,0,,,111.6940252
4386014589,3,2023_5_51_1_1,2023,5,51,50,-3,-3,0,0,,,2261.5533144
4386014594,3,2023_5_51_1_1,2023,5,51,34,1,1,0,0,,,421.4520206
4386014595,3,2023_5_51_1_1,2023,5,51,17,1,2,0,0,,,1450.015189
4386014597,3,2023_5_51_1_1,2023,5,51,6,2,1,0,0,,,365.61033687
4386014603,3,2023_5_51_1_1,2023,5,51,17,1,1,50.935489468,34.532255266,,,319.46630984
4386014614,3,2023_5_51_1_1,2023,5,51,14,1,1,0,10.05796887,,,1450.015189
4386014630,3,2023_5_51_1_1,2023,5,51,92,2,1,0,0,,,158.26309791
4386014655,3,2023_5_51_1_1,2023,5,51,24,1,3,0,0,1,1,415.42234368
4386014657,3,2023_5_51_1_1,2023,5,51,68,2,1,0,0,,,176.03570932
4386014665,3,2023_5_51_1_1,2023,5,51,51,2,1,0,0,,,408.52980126
4386014669,3,2023_5_51_1_1,2023,5,51,16,1,1,0,0,,,518.04583493
4386014676,3,2023_5_51_1_1,2023,5,51,64,1,2,0,5.0289844349,,,345.80411716
4386014702,3,2023_5_51_1_1,2023,5,51,19,1,1,0,0,,,328.6982213
4386014707,3,2023_5_51_1_0,2023,5,51,18,2,4,0,0,,,3957.793539
4386014713,3,2023_5_51_1_0,2023,5,51,21,2,4,0,0,,,3957.793539
4386014727,3,2023_5_51_1_0,2023,5,51,17,1,1,0,0,,,3957.793539
4386014737,3,2023_5_51_1_0,2023,5,51,-3,2,1,0,0,,,2203.4314513
4386014742,3,2023_5_51_1_0,2023,5,51,12,2,3,0,0,,,3957.793539
4386014763,3,2023_5_51_1_0,2023,5,51,12,1,1,0,0,,,3957.793539
4386014766,3,2023_5_51_1_0,2023,5,51,36,1,1,0,0,,,3219.8310877
4386014784,3,2023_5_51_1_0,2023,5,51,7,2,-3,0,0,,,3957.793539
4386014787,3,2023_5_51_1_0,2023,5,51,12,1,1,0,0,,,10539.538946
4386014798,3,2023_5_51_1_0,2023,5,51,27,2,1,0,0,,,2511.205783
4386014853,3,2023_5_51_1_0,2023,5,51,5,1,4,0,0,,,10539.538946
4386014860,3,2023_5_51_1_0,2023,5,51,50,2,1,0,0,,,3219.8310877
4386014875,3,2023_5_51_1_0,2023,5,51,62,2,1,0,0,,,3121.1072436
4386014885,3,2023_5_51_1_0,2023,5,51,-3,-3,-3,0,0,1,1,3957.793539
4386014908,3,2023_5_51_1_0,2023,5,51,23,1,1,0,0,,,7028.8887248
4386014911,3,2023_5_51_1_0,2023,5,51,20,1,1,0,0,,,10539.538946
4386014925,3,2023_5_51_1_0,2023,5,51,72,2,3,0,0,,,1209.1066545
4386014933,3,2023_5_51_1_0,2023,5,51,16,2,5,0,0,,,10539.538946
4386014942,3,2023_5_51_1_0,2023,5,51,0,2,1,0,0,,,3957.793539
4386014951,3,2023_5_51_1_0,2023,5,51,5,1,1,0,0,,,3957.793539
4386014959,3,2023_5_51_1_0,2023,5,51,76,2,1,0,0,,,3222.7751598
4386014965,3,2023_5_51_1_0,2023,5,51,67,2,1,0,0,,,4919.0305975
4386014992,3,2023_5_51_1_0,2023,5,51,55,2,1,0,0,,,1209.1066545
4386014997,3,2023_5_51_1_0,2023,5,51,2,2,5,0,0,,,3957.793539
4386015006,3,2023_5_51_1_0,2023,5,51,57,2,3,0,0,,,6482.2590548
4386015009,3,2023_5_51_1_0,2023,5,51,23,2,1,0,0,,,1209.1066545
4386015019,3,2023_5_51_1_0,2023,5,51,22,2,5,0,0,,,6687.2996004
4386015025,3,2023_5_51_1_0,2023,5,51,15,2,3,0,0,,,10216.384168
4386015036,3,2023_5_51_1_0,2023,5,51,-3,-3,-3,0,0,1,1,6482.2590548
4386015042,3,2023_5_51_1_0,2023,5,51,24,1,1,0,0,,,2511.205783
4386015043,3,2023_5_51_1_0,2023,5,51,14,1,1,0,5.0264887722,,,7447.0588009
4386015052,3,2023_5_51_1_0,2023,5,51,26,2,1,0,0,,,6687.2996004
4386015084,3,2023_5_51_1_0,2023,5,51,21,1,1,0,0,,,10539.538946
4386015097,3,2023_5_51_1_0,2023,5,51,13,2,1,0,0,,,3957.793539
4386015118,3,2023_5_51_1_0,2023,5,51,25,2,3,0,0,,,2511.205783
4386015120,3,2023_5_51_1_0,2023,5,51,47,2,1,0,0,,,1209.1066545
4386015135,3,2023_5_51_1_0,2023,5,51,7,2,1,0,0,,,3957.793539
4386015142,3,2023_5_51_1_0,2023,5,51,23,1,1,0,0,,,6687.2996004
4386015154,3,2023_5_51_1_0,2023,5,51,23,1,1,0,0,,,1440.4502979
4386015181,3,2023_5_51_1_0,2023,5,51,3,1,1,0,0,,,3957.793539
4386015184,3,2023_5_51_1_0,2023,5,51,12,1,1,0,0,,,3957.793539
4386015185,3,2023_5_51_1_0,2023,5,51,0,2,1,0,0,,,3957.793539
4386015192,3,2023_5_51_1_0,2023,5,51,33,1,1,0,0,,,1209.1066545
4386015223,3,2023_5_51_1_0,2023,5,51,12,2,1,0,0,,,2159.8979026
4386015232,3,2023_5_51_1_0,2023,5,51,14,1,1,0,0,,,3957.793539
4386015243,3,2023_5_51_1_0,2023,5,51,13,1,1,0,0,,,3957.793539
4386015252,3,2023_5_51_1_0,2023,5,51,6,2,5,0,0,,,10216.384168
4386015295,3,2023_5_51_1_0,2023,5,51,0,1,1,0,0,,,3957.793539
4386015321,3,2023_5_51_1_0,2023,5,51,25,2,2,0,0,,,3649.4789934
4386015323,3,2023_5_51_1_0,2023,5,51,6,2,4,0,0,,,3957.793539
4386015366,3,2023_5_51_1_0,2023,5,51,10,2,2,0,0,,,1905.6162333
4386015384,3,2023_5_51_1_0,2023,5,51,21,2,2,0,0,,,2511.205783
4386015392,3,2023_5_51_1_0,2023,5,51,29,1,1,0,0,,,659.84920673
4386015414,3,2023_5_51_1_0,2023,5,51,18,2,1,0,0,,,1440.4502979
4386015435,3,2023_5_51_1_0,2023,5,51,15,2,2,0,0,,,10539.538946
4386015443,3,2023_5_51_1_0,2023,5,51,4,1,5,0,0,,,3957.793539
4386015446,3,2023_5_51_1_0,2023,5,51,29,2,1,0,0,,,2511.205783
4386015447,3,2023_5_51_1_0,2023,5,51,20,1,1,0,0,,,6687.2996004
4386015491,3,2023_5_51_1_0,2023,5,51,12,1,1,0,0,1,1,3957.793539
4386015493,3,2023_5_51_1_0,2023,5,51,78,2,4,0,0,,,1209.1066545
4386015498,3,2023_5_51_1_0,2023,5,51,6,1,4,0,0,,,3957.793539
4386015507,3,2023_5_51_1_0,2023,5,51,12,2,1,0,0,,,10216.384168
4386015553,3,2023_5_51_1_0,2023,5,51,-3,-3,-3,0,0,1,1,6687.2996004
4386015566,3,2023_5_51_1_0,2023,5,51,16,1,1,0,0,,,3957.793539
4386015573,3,2023_5_51_1_0,2023,5,51,15,1,1,0,0,,,5751.7725065
4386015578,3,2023_5_51_1_0,2023,5,51,45,2,2,0,0,,,2511.205783
4386015583,3,2023_5_51_1_0,2023,5,51,55,1,1,0,0,,,1209.1066545
4386015593,3,2023_5_51_1_0,2023,5,51,19,1,5,0,0,,,10539.538946
4386015601,3,2023_5_51_1_0,2023,5,51,8,2,2,0,0,,,3957.793539
4386015609,3,2023_5_51_1_0,2023,5,51,7,2,3,0,0,,,3957.793539
4386015625,3,2023_5_51_1_0,2023,5,51,11,1,2,0,0,,,10539.538946
4386015638,3,2023_5_51_1_0,2023,5,51,25,1,1,0.994203113,0,,,2639.4788732
4386015659,3,2023_5_51_1_0,2023,5,51,14,1,1,0,0,,,10216.384168
4386015665,3,2023_5_51_1_0,2023,5,51,54,2,1,0,0,,,6482.2590548
4386015669,3,2023_5_51_1_0,2023,5,51,37,1,2,0,0,,,8311.4571351
4386015673,3,2023_5_51_1_0,2023,5,51,13,2,3,0,0,,,1905.6162333
4386015677,3,2023_5_51_1_0,2023,5,51,18,2,1,0,0,,,3957.793539
4386015685,3,2023_5_51_1_0,2023,5,51,10,2,1,0,0,,,3957.793539
4386015746,3,2023_5_51_1_0,2023,5,51,18,1,5,0,0,,,2511.205783
4386015747,3,2023_5_51_1_0,2023,5,51,8,2,5,0,0,,,10216.384168
4386015748,3,2023_5_51_1_0,2023,5,51,5,2,5,0,1.005796887,,,10738.239915
4386015756,3,2023_5_51_1_0,2023,5,51,24,1,1,0,0,,,6482.2590548
4386015760,3,2023_5_51_1_0,2023,5,51,4,2,1,0,0,,,3957.793539
4386015763,3,2023_5_51_1_0,2023,5,51,17,2,1,0,0,,,3957.793539
4386015766,3,2023_5_51_1_0,2023,5,51,38,2,3,0,0,,,2511.205783
4386015776,3,2023_5_51_1_0,2023,5,51,10,1,1,0,2.011593774,,,4159.9587343
4386015781,3,2023_5_51_1_0,2023,5,51,87,1,1,0,0,,,1209.1066545
4386015795,3,2023_5_51_1_0,2023,5,51,20,1,2,0,0,,,10539.538946
4386015796,3,2023_5_51_1_0,2023,5,51,19,2,1,0,0,,,2511.205783
4386015807,3,2023_5_51_1_0,2023,5,51,62,2,2,0,0,,,1742.4164507
4386015808,3,2023_5_51_1_0,2023,5,51,58,2,1,0,0,,,2511.205783
4386015819,3,2023_5_51_1_0,2023,5,51,81,2,4,0,0,,,1209.1066545
4386015834,3,2023_5_51_1_0,2023,5,51,-3,-3,-3,0,0,1,1,2511.205783
4386015836,3,2023_5_51_1_0,2023,5,51,22,2,1,0,0,,,2511.205783
4386015855,3,2023_5_51_1_0,2023,5,51,16,2,1,0,0,,,10539.538946
4386015857,3,2023_5_51_1_0,2023,5,51,17,1,2,0,0,,,5074.6246133
4386015874,3,2023_5_51_1_0,2023,5,51,49,1,1,0,0,,,1905.6162333
4386015908,3,2023_5_51_1_0,2023,5,51,5,2,5,2.9826093391,15.086953305,,,1.0068889643
4386015931,3,2023_5_51_1_0,2023,5,51,1,2,1,0,0,,,3957.793539
4386015935,3,2023_5_51_1_0,2023,5,51,64,1,2,0,0,,,1209.1066545
4386015937,3,2023_5_51_1_0,2023,5,51,26,2,1,0,0,,,10216.384168
4386015940,3,2023_5_51_1_0,2023,5,51,7,2,2,0,0,,,3957.793539
4386015949,3,2023_5_51_1_0,2023,5,51,16,2,1,0,0,,,4159.9587343
4386015955,3,2023_5_51_1_0,2023,5,51,45,2,2,0,0,,,3219.8310877
4386015963,3,2023_5_51_1_0,2023,5,51,30,2,2,0,0,,,1209.1066545
4386015985,3,2023_5_51_1_0,2023,5,51,3,1,2,0,0,,,10216.384168
4386015992,3,2023_5_51_1_0,2023,5,51,64,1,2,0,0,,,1209.1066545
4386016000,3,2023_5_51_1_0,2023,5,51,19,1,1,0,0,,,3957.793539
4386016018,3,2023_5_51_1_0,2023,5,51,7,2,1,0,0,,,3957.793539
4386016019,3,2023_5_51_1_0,2023,5,51,31,2,2,0,0,,,3957.793539
4386016044,3,2023_5_51_1_0,2023,5,51,5,1,5,0,0,,,3957.793539
4386016046,3,2023_5_51_1_0,2023,5,51,-3,-3,-3,0,0,1,1,6482.2590548
4386016047,3,2023_5_51_1_0,2023,5,51,24,1,3,0,0,,,2511.205783
4386016098,3,2023_5_51_1_0,2023,5,51,31,2,1,0,0,,,1757.1675593
4386016123,3,2023_5_51_1_0,2023,5,51,70,2,1,0,0,,,3219.8310877
4386016125,3,2023_5_51_1_0,2023,5,51,17,1,3,0,0,,,3957.793539
4386016137,3,2023_5_51_1_0,2023,5,51,14,2,5,1.988406226,1.005796887,,,5333.8378507
4386016138,3,2023_5_51_1_0,2023,5,51,-3,-3,-3,0,0,,,1742.4164507
4386016142,3,2023_5_51_1_0,2023,5,51,10,1,1,0,1.005796887,,,4159.9587343
4386016186,3,2023_5_51_1_0,2023,5,51,2,1,1,0,0,,,10216.384168
4386016273,3,2023_5_51_1_0,2023,5,51,71,1,2,0,0,,,5074.6246133
4386016288,3,2023_5_51_1_0,2023,5,51,23,1,1,0,0,,,2511.205783
4386016306,3,2023_5_51_1_0,2023,5,51,17,2,1,0,0,,,3957.793539
4386016310,3,2023_5_51_2_1,2023,5,51,-3,-3,-3,0,0,,,649.8145451
4386016318,3,2023_5_51_2_1,2023,5,51,13,1,1,0,0,,,798.74743058
4386016320,3,2023_5_51_2_1,2023,5,51,22,1,1,0,0,,,1349.6063705
4386016325,3,2023_5_51_2_1,2023,5,51,36,2,1,0,0,,,798.74743058
4386016337,3,2023_5_51_2_1,2023,5,51,14,1,1,0,0,,,2167.1523429
4386016338,3,2023_5_51_2_1,2023,5,51,20,2,4,0,0,,,683.00725289
4386016343,3,2023_5_51_2_1,2023,5,51,18,1,4,0,0,,,506.80237538
4386016348,3,2023_5_51_2_1,2023,5,51,9,1,1,0,0,,,505.2318085
4386016349,3,2023_5_51_2_1,2023,5,51,22,1,1,0,0,,,532.68998174
4386016354,3,2023_5_51_2_1,2023,5,51,8,1,1,0,0,,,798.74743058
4386016377,3,2023_5_51_2_1,2023,5,51,24,2,1,0,0,,,629.89045962
4386016390,3,2023_5_51_2_1,2023,5,51,52,1,3,0,0,,,798.74743058
4386016391,3,2023_5_51_2_1,2023,5,51,83,1,1,0,0,,,244.01748704
4386016393,3,2023_5_51_2_1,2023,5,51,4,2,1,0,0,,,798.74743058
4386016399,3,2023_5_51_2_1,2023,5,51,26,2,1,0,0,,,506.80237538
4386016408,3,2023_5_51_2_1,2023,5,51,20,1,1,0,0,,,506.80237538
4386016412,3,2023_5_51_2_1,2023,5,51,9,1,1,0,0,,,1009.489885
4386016414,3,2023_5_51_2_1,2023,5,51,28,2,1,0,5.0289844349,,,162.23257023
4386016420,3,2023_5_51_2_1,2023,5,51,23,2,2,0.994203113,1.005796887,,,532.68998174
4386016450,3,2023_5_51_2_1,2023,5,51,11,2,1,0,0,,,798.74743058
4386016455,3,2023_5_51_2_1,2023,5,51,95,2,1,0,0,,,411.02727251
4386016474,3,2023_5_51_2_1,2023,5,51,13,1,1,0,0,,,505.2318085
4386016485,3,2023_5_51_2_1,2023,5,51,27,1,1,0,4.0231875479,,,2235.7016087
4386016495,3,2023_5_51_2_1,2023,5,51,66,1,1,0,0,,,244.01748704
4386016498,3,2023_5_51_2_1,2023,5,51,23,2,1,9.9420311302,10.05796887,,,1.0068889643
4386016501,3,2023_5_51_2_1,2023,5,51,15,2,1,0,0,,,798.74743058
4386016503,3,2023_5_51_2_1,2023,5,51,13,2,2,0,0,,,1024.1421972
4386016514,3,2023_5_51_2_1,2023,5,51,63,1,1,0,3.0173906609,,,1418.5446394
4386016550,3,2023_5_51_2_0,2023,5,51,-3,1,2,0,0,,,6850.9820313
4386016555,3,2023_5_51_2_0,2023,5,51,65,1,2,0,0,,,15778.190885
4386016557,3,2023_5_51_2_0,2023,5,51,14,2,1,0,0,,,12305.702727
4386016579,3,2023_5_51_2_0,2023,5,51,70,1,1,0,0,,,10522.580597
4386016580,3,2023_5_51_2_0,2023,5,51,6,1,3,0,0,,,12305.702727
4386016583,3,2023_5_51_2_0,2023,5,51,71,1,1,0,0,,,10011.205437
4386016584,3,2023_5_51_2_0,2023,5,51,16,1,4,0,0,,,31765.119955
4386016600,3,2023_5_51_2_0,2023,5,51,27,1,1,0,0,,,3759.3944478
4386016602,3,2023_5_51_2_0,2023,5,51,0,1,1,0,0,,,12305.702727
4386016606,3,2023_5_51_2_0,2023,5,51,17,2,1,0,0,,,5925.0050939
4386016610,3,2023_5_51_2_0,2023,5,51,45,2,4,0,0,,,5925.0050939
4386016614,3,2023_5_51_2_0,2023,5,51,1,2,1,0,0,,,12305.702727
4386016618,3,2023_5_51_2_0,2023,5,51,22,1,1,0,0,,,20792.373356
4386016630,3,2023_5_51_2_0,2023,5,51,37,2,1,0,0,,,12305.702727
4386016631,3,2023_5_51_2_0,2023,5,51,41,1,1,0,0,,,10011.205437
4386016644,3,2023_5_51_2_0,2023,5,51,6,1,-3,0,0,,,12305.702727
4386016647,3,2023_5_51_2_0,2023,5,51,-3,1,-3,0,0,,,20792.373356
4386016651,3,2023_5_51_2_0,2023,5,51,16,1,1,0,0,,,12305.702727
4386016667,3,2023_5_51_2_0,2023,5,51,-3,-3,4,0,0,,,7807.9241748
4386016670,3,2023_5_51_2_0,2023,5,51,8,1,4,0,0,,,12305.702727
4386016678,3,2023_5_51_2_0,2023,5,51,59,2,1,0,0,,,10011.205437
4386016685,3,2023_5_51_2_0,2023,5,51,30,2,3,0,0,,,31765.119955
4386016698,3,2023_5_51_2_0,2023,5,51,82,2,1,0,0,,,15778.190885
4386016715,3,2023_5_51_2_0,2023,5,51,22,2,2,0,0,,,31765.119955
4386016719,3,2023_5_51_2_0,2023,5,51,16,2,3,0,0,,,12305.702727
4386016759,3,2023_5_51_2_0,2023,5,51,23,2,1,0,0,,,20792.373356
4386016771,3,2023_5_51_2_0,2023,5,51,12,2,1,0,0,,,12305.702727
4386016783,3,2023_5_51_2_0,2023,5,51,26,2,1,0,0,,,3759.3944478
4386016786,3,2023_5_51_2_0,2023,5,51,16,1,1,0,0,,,12305.702727
4386016788,3,2023_5_51_2_0,2023,5,51,10,1,1,0,0,,,17870.984501
4386016799,3,2023_5_51_2_0,2023,5,51,47,2,1,0,1.005796887,,,8206.7551144
4386016803,3,2023_5_51_2_0,2023,5,51,7,1,1,0,0,,,12305.702727
4386016807,3,2023_5_51_2_0,2023,5,51,7,1,1,0,0,,,12305.702727
4386016834,3,2023_5_51_2_0,2023,5,51,10,1,1,0,0,,1,31765.119955
4386016867,3,2023_5_51_2_0,2023,5,51,0,1,1,0,0,,,12305.702727
4386016887,3,2023_5_51_2_0,2023,5,51,10,1,3,0,0,,,12305.702727
4386016905,3,2023_5_51_2_0,2023,5,51,22,2,1,0,0,,,7807.9241748
4386016921,3,2023_5_51_2_0,2023,5,51,11,2,1,0,0,,,12305.702727
4386016929,3,2023_5_51_2_0,2023,5,51,8,1,1,0,0,,,12305.702727
4386016989,3,2023_5_51_2_0,2023,5,51,26,1,1,0,0,,,15778.190885
4386017010,3,2023_5_51_2_0,2023,5,51,49,2,1,0,0,,,3759.3944478
4386017016,3,2023_5_51_2_0,2023,5,51,81,2,1,0,0,,,3759.3944478
4386017025,3,2023_5_51_2_0,2023,5,51,59,2,1,0,0,,,3759.3944478
4386017037,3,2023_5_51_2_0,2023,5,51,84,2,1,0,0,,,5417.5789257
4386017040,3,2023_5_51_2_0,2023,5,51,8,1,1,0,0,,,12305.702727
4386017044,3,2023_5_51_2_0,2023,5,51,-3,1,1,0,0,,,23057.584233
4386017055,3,2023_5_51_2_0,2023,5,51,11,1,1,0,0,,,12305.702727
4386017085,3,2023_5_51_2_0,2023,5,51,18,2,1,0,0,,,32769.88349
4385944832,4,2023_5_1_1_1,2023,5,1,-3,-3,-3,0,0,1,1,151.81310985
4385944839,4,2023_5_1_1_1,2023,5,1,8,1,1,0,0,,,674.86422834
4385944862,4,2023_5_1_1_1,2023,5,1,-3,-3,-3,0,0,,,129.05689636
4385944865,4,2023_5_1_1_1,2023,5,1,15,2,4,0,0,,,91.591353102
4385944872,4,2023_5_1_1_1,2023,5,1,44,2,1,0,0,,,151.81310985
4385944916,4,2023_5_1_1_1,2023,5,1,13,1,1,0,0,,,226.8070854
4385944928,4,2023_5_1_1_1,2023,5,1,-3,-3,-3,0,0,1,1,134.0075932
4385944929,4,2023_5_1_1_1,2023,5,1,9,1,1,0,0,,,82.480728049
4385944934,4,2023_5_1_1_1,2023,5,1,10,2,1,0,0,,,251.85965663
4385944971,4,2023_5_1_1_1,2023,5,1,23,2,1,0,0,,,153.09042061
4385944973,4,2023_5_1_1_1,2023,5,1,18,2,1,1.9999668228,0,,,137.86246105
4385944979,4,2023_5_1_1_1,2023,5,1,36,2,1,0,0,,,55.672905135
4385944993,4,2023_5_1_1_1,2023,5,1,12,2,1,0,1.0000165886,,,253.97872956
4385944995,4,2023_5_1_1_1,2023,5,1,18,2,1,0,0,,,151.81310985
4385945010,4,2023_5_1_1_1,2023,5,1,8,2,1,0,0,,,253.97872956
4385945014,4,2023_5_1_1_1,2023,5,1,10,1,1,0,0,,,253.97872956
4385945048,4,2023_5_1_1_1,2023,5,1,13,2,1,0,0,,,253.97872956
4385945061,4,2023_5_1_1_1,2023,5,1,37,2,1,0,0,,,50.135101105
4385945133,4,2023_5_1_1_1,2023,5,1,-3,-3,-3,0,0,1,1,137.86246105
4385945140,4,2023_5_1_1_1,2023,5,1,4,2,1,0,0,,,251.85965663
4385945171,4,2023_5_1_1_1,2023,5,1,14,1,1,0,0,,,611.34007989
4385945191,4,2023_5_1_1_1,2023,5,1,21,1,5,0,0,,,253.97872956
4385945193,4,2023_5_1_1_1,2023,5,1,-3,-3,-3,0,0,1,1,115.15996605
4385945200,4,2023_5_1_1_1,2023,5,1,51,2,1,0,0,,,136.71220485
4385945216,4,2023_5_1_1_1,2023,5,1,9,2,4,9.999834114,10.000165886,,,83.174696588
4385945219,4,2023_5_1_1_1,2023,5,1,-3,-3,-3,0,0,1,1,151.81310985
4385945241,4,2023_5_1_1_1,2023,5,1,10,2,1,0,0,,,253.97872956
4385945249,4,2023_5_1_1_1,2023,5,1,23,2,1,0,0,,,368.49664588
4385945268,4,2023_5_1_1_1,2023,5,1,30,2,1,0,0,,,153.09042061
4385945275,4,2023_5_1_1_1,2023,5,1,22,1,1,0,0,,,55.208397944
4385945299,4,2023_5_1_1_1,2023,5,1,8,1,1,0,0,,,226.8070854
4385945341,4,2023_5_1_1_1,2023,5,1,19,1,1,0,0,,,550.52986081
4385945353,4,2023_5_1_1_1,2023,5,1,7,2,1,0,0,,,253.97872956
4385945354,4,2023_5_1_1_1,2023,5,1,10,1,1,0,0,,,253.97872956
4385945358,4,2023_5_1_1_1,2023,5,1,-3,-3,-3,0,0,1,1,153.09042061
4385945365,4,2023_5_1_1_1,2023,5,1,-3,-3,-3,0,0,1,1,153.09042061
4385945383,4,2023_5_1_1_1,2023,5,1,13,1,1,0,0,,,251.85965663
4385945385,4,2023_5_1_1_1,2023,5,1,24,1,4,0,0,,,368.49664588
4385945398,4,2023_5_1_1_1,2023,5,1,-3,-3,-3,0,0,1,1,137.86246105
4385945402,4,2023_5_1_1_1,2023,5,1,14,1,1,0,1.0000165886,,,228.71537338
4385945441,4,2023_5_1_1_0,2023,5,1,15,2,1,0,0,,,682.15433653
4385945496,4,2023_5_1_1_0,2023,5,1,12,2,2,0,0,,,248.07243662
4385945500,4,2023_5_1_1_0,2023,5,1,2,2,2,0,0,,,682.15433653
4385945522,4,2023_5_1_1_0,2023,5,1,12,2,1,0,0,,,687.89378208
4385945543,4,2023_5_1_1_0,2023,5,1,10,1,5,2.7635872441,0,,,1547.7834589
4385945607,4,2023_5_1_1_0,2023,5,1,4,1,5,0,0,,,248.07243662
4385945622,4,2023_5_1_1_0,2023,5,1,18,2,1,0,0,1,1,998.06212851
4385945640,4,2023_5_1_1_0,2023,5,1,25,1,1,0,0,,,411.18126106
4385945657,4,2023_5_1_1_0,2023,5,1,15,1,1,0,0,,,456.02397255
4385945706,4,2023_5_1_1_0,2023,5,1,15,1,1,0,0,,,682.15433653
4385945720,4,2023_5_1_1_0,2023,5,1,21,2,1,0,0,,,682.15433653
4385945729,4,2023_5_1_1_0,2023,5,1,14,2,1,0,0,,,459.86082386
4385945736,4,2023_5_1_1_0,2023,5,1,0,2,1,0,0,,,682.15433653
4385945758,4,2023_5_1_1_0,2023,5,1,49,1,1,0,0,,,664.71627791
4385945764,4,2023_5_1_1_0,2023,5,1,3,1,1,0,0,,,682.15433653
4385945767,4,2023_5_1_1_0,2023,5,1,49,1,1,0,0,,,682.15433653
4385945786,4,2023_5_1_1_0,2023,5,1,16,2,1,0,0,,,682.15433653
4385945794,4,2023_5_1_1_0,2023,5,1,25,2,1,0,0,,,414.64081901
4385945811,4,2023_5_1_1_0,2023,5,1,-3,2,2,0,0,,,663.96918049
4385945842,4,2023_5_1_1_0,2023,5,1,-3,-3,-3,0,0,1,1,411.18126106
4385945843,4,2023_5_1_1_0,2023,5,1,7,1,1,0.9999834114,1.0000165886,,,687.89378208
4385945856,4,2023_5_1_1_0,2023,5,1,15,1,2,0,0,,,248.07243662
4385945874,4,2023_5_1_1_0,2023,5,1,18,2,4,0,0,,,998.06212851
4385945903,4,2023_5_1_1_0,2023,5,1,49,1,1,11.999800937,12.000199063,,,777.72828754
4385945905,4,2023_5_1_1_0,2023,5,1,28,2,1,0,0,,,687.89378208
4385945942,4,2023_5_1_1_0,2023,5,1,20,1,1,0,0,,,411.18126106
4385945955,4,2023_5_1_1_0,2023,5,1,42,1,1,0,0,,,149.53029228
4385945972,4,2023_5_1_1_0,2023,5,1,10,2,1,0,0,,,682.15433653
4385945991,4,2023_5_1_1_0,2023,5,1,4,2,1,0,0,,,682.15433653
4385946000,4,2023_5_1_1_0,2023,5,1,14,1,1,0,3.0000497658,,,687.89378208
4385946058,4,2023_5_1_1_0,2023,5,1,15,1,1,0,0,,,682.15433653
4385946076,4,2023_5_1_1_0,2023,5,1,16,1,1,0,0,,,459.86082386
4385946119,4,2023_5_1_1_0,2023,5,1,23,2,1,0,0,,,1111.0404108
4385946161,4,2023_5_1_1_0,2023,5,1,12,1,1,0,0,,,456.02397255
4385946226,4,2023_5_1_1_0,2023,5,1,21,1,1,0,0,,,274.87696268
4385946250,4,2023_5_1_1_0,2023,5,1,6,1,1,0,2.0000331772,,,687.89378208
4385946274,4,2023_5_1_1_0,2023,5,1,18,2,1,0,0,,,998.06212851
4385946395,4,2023_5_1_1_0,2023,5,1,-3,-3,-3,0,0,1,1,682.15433653
4385946415,4,2023_5_1_1_0,2023,5,1,45,2,1,0,0,,,150.78839609
4385946523,4,2023_5_1_1_0,2023,5,1,11,2,1,0,0,,,682.15433653
4385946541,4,2023_5_1_1_0,2023,5,1,5,2,2,0,0,,,250.15964499
4385946577,4,2023_5_1_1_0,2023,5,1,18,1,1,0,0,,,682.15433653
4385946616,4,2023_5_1_1_0,2023,5,1,7,2,1,0,0,,,682.15433653
4385946646,4,2023_5_1_1_0,2023,5,1,16,1,1,0,0,,,248.07243662
4385946681,4,2023_5_1_1_0,2023,5,1,21,1,1,0,0,1,1,411.18126106
4385946885,4,2023_5_1_1_0,2023,5,1,18,1,3,0,0,,,682.15433653
4385946910,4,2023_5_1_1_0,2023,5,1,79,2,2,0,0,,,248.07243662
4385946918,4,2023_5_1_1_0,2023,5,1,24,1,1,0,0,,,411.18126106
4385946919,4,2023_5_1_1_0,2023,5,1,20,2,2,0,0,,,682.15433653
4385946973,4,2023_5_1_1_0,2023,5,1,24,2,1,0,0,,,682.15433653
4385947042,4,2023_5_1_1_0,2023,5,1,82,1,1,3.9999336456,10.000165886,,,266.85168233
4385947127,4,2023_5_1_1_0,2023,5,1,22,1,1,0,0,,,149.53029228
4385947161,4,2023_5_1_1_0,2023,5,1,22,1,1,0,0,,,411.18126106
4385947162,4,2023_5_1_1_0,2023,5,1,49,1,1,0,0,,,362.95555252
4385947270,4,2023_5_1_1_0,2023,5,1,-3,-3,-3,0,0,1,1,366.00935357
4385947274,4,2023_5_1_1_0,2023,5,1,0,2,2,0,0,,,682.15433653
4385947307,4,2023_5_1_1_0,2023,5,1,27,1,2,0,0,,,362.95555252
4385947495,4,2023_5_1_1_0,2023,5,1,4,1,1,0,0,,,687.89378208
4385947504,4,2023_5_1_1_0,2023,5,1,75,1,2,0,2.0000331772,,1,214.43134383
4385947571,4,2023_5_1_1_0,2023,5,1,25,1,1,0,0,,,150.78839609
4385947574,4,2023_5_1_1_0,2023,5,1,8,1,1,0,0,,,456.02397255
4385947583,4,2023_5_1_1_0,2023,5,1,15,1,1,0,0,,,682.15433653
4385947615,4,2023_5_1_1_0,2023,5,1,32,1,2,0,0,,,682.15433653
4385957637,4,2023_5_1_1_0,2023,5,1,3,1,1,0,0,,,682.15433653
4385957647,4,2023_5_1_1_0,2023,5,1,8,1,1,0,0,,,682.15433653
4385957668,4,2023_5_1_1_0,2023,5,1,9,2,1,0,0,,,682.15433653
4385957684,4,2023_5_1_2_1,2023,5,1,20,1,1,0,0,,,941.75443036
4385957689,4,2023_5_1_2_1,2023,5,1,10,1,1,0,0,,,6125.1924161
4385957690,4,2023_5_1_2_1,2023,5,1,12,2,1,0,0,,,972.70410647
4385957708,4,2023_5_1_2_1,2023,5,1,21,2,1,0,0,,,567.66006393
4385957726,4,2023_5_1_2_1,2023,5,1,15,1,1,2.9999502342,0,,,949.6780746
4385957756,4,2023_5_1_2_1,2023,5,1,7,2,5,0,0,,,941.75443036
4385957803,4,2023_5_1_2_0,2023,5,1,21,2,1,0,0,,,1602.5616949
4385957870,4,2023_5_1_2_0,2023,5,1,7,2,2,0,0,,,4493.8083149
4385957876,4,2023_5_1_2_0,2023,5,1,12,1,1,0,0,,,2658.6678753
4385957922,4,2023_5_1_2_0,2023,5,1,8,2,1,0,0,,,4493.8083149
4385957937,4,2023_5_1_2_0,2023,5,1,16,1,1,0,4.0000663544,,,2681.0371233
4385958011,4,2023_5_1_2_0,2023,5,1,2,1,1,0,0,,,4493.8083149
4385958039,4,2023_5_1_2_0,2023,5,1,11,2,1,0,0,,,4493.8083149
4385958042,4,2023_5_1_2_0,2023,5,1,27,2,2,0,0,,,2391.0317541
4385958043,4,2023_5_1_2_0,2023,5,1,14,1,1,0,0,,,4493.8083149
4385958075,4,2023_5_1_2_0,2023,5,1,5,2,1,0,0,,,966.85190238
4385958117,4,2023_5_1_2_0,2023,5,1,19,2,1,0,0,,,4493.8083149
4385958136,4,2023_5_1_2_0,2023,5,1,12,2,1,0,0,,,4493.8083149
4385958166,4,2023_5_1_2_0,2023,5,1,28,1,4,0,0,,,7319.1686526
4385958182,4,2023_5_1_2_0,2023,5,1,-3,-3,-3,0,0,1,1,2639.4830844
4385958232,4,2023_5_1_2_0,2023,5,1,9,1,2,0,0,,,10999.616541
4385958247,4,2023_5_1_2_0,2023,5,1,-3,-3,-3,0,0,1,1,4493.8083149
4385958285,4,2023_5_1_2_0,2023,5,1,9,1,1,0,0,,,4493.8083149
4385958362,4,2023_5_1_2_0,2023,5,1,17,1,1,0,0,,,1634.2195874
4385958373,4,2023_5_1_2_0,2023,5,1,-3,2,1,0,0,,,3421.7156399
4385958414,4,2023_5_1_2_0,2023,5,1,1,2,1,0,0,,,4493.8083149
4385958429,4,2023_5_1_2_0,2023,5,1,8,2,2,0,0,,,12041.271402
4385958462,4,2023_5_1_2_0,2023,5,1,-3,1,-3,0,0,,,2054.7427877
4385958487,4,2023_5_1_2_0,2023,5,1,14,1,1,0,0,,,7123.9668476
4385958511,4,2023_5_1_2_0,2023,5,1,8,1,1,0,0,,,4493.8083149
4385958537,4,2023_5_1_2_0,2023,5,1,5,1,1,0,0,,,4493.8083149
4385958548,4,2023_5_1_2_0,2023,5,1,12,1,1,0,0,,,2658.6678753
4385958575,4,2023_5_1_2_0,2023,5,1,87,2,1,0,0,,,3237.7798805
4385958629,4,2023_5_1_2_0,2023,5,1,13,1,3,0,0,,,4493.8083149
4385958749,4,2023_5_1_2_0,2023,5,1,14,2,1,0,0,,,4493.8083149
4385958772,4,2023_5_1_2_0,2023,5,1,7,2,4,0,0,,,12041.271402
4385958776,4,2023_5_1_2_0,2023,5,1,5,1,1,0,0,,,4493.8083149
4385958787,4,2023_5_1_2_0,2023,5,1,2,1,1,0,0,,,4493.8083149
4385958812,4,2023_5_1_2_0,2023,5,1,6,1,1,0,0,,,4493.8083149
4385958847,4,2023_5_1_2_0,2023,5,1,9,1,1,0,0,,,4493.8083149
4385958859,4,2023_5_1_2_0,2023,5,1,18,1,1,0,0,,,6574.9049031
4385958889,4,2023_5_1_2_0,2023,5,1,13,2,1,0,0,,,10907.84118
4385958905,4,2023_5_1_2_0,2023,5,1,14,1,1,0,0,,,4493.8083149
4385958913,4,2023_5_1_2_0,2023,5,1,6,1,-3,0,0,,,2658.6678753
4385958919,4,2023_5_1_2_0,2023,5,1,1,2,1,0,0,,,4493.8083149
4385958960,4,2023_5_1_2_0,2023,5,1,7,2,3,0,0,,,4493.8083149
4385958976,4,2023_5_1_2_0,2023,5,1,19,1,1,0,0,,,6574.9049031
4385958986,4,2023_5_1_2_0,2023,5,1,-3,-3,-3,0,0,1,1,2639.4830844
4385959031,4,2023_5_1_2_0,2023,5,1,1,2,5,0,0,,,4493.8083149
4385959091,4,2023_5_1_2_0,2023,5,1,31,1,1,0,0,,,4493.8083149
4385959121,4,2023_5_1_2_0,2023,5,1,10,2,1,0,0,,,4493.8083149
4385959133,4,2023_5_1_2_0,2023,5,1,11,2,1,0,0,,,12041.271402
4385959142,4,2023_5_1_2_0,2023,5,1,15,1,1,0,0,,,3966.7485713
4385959144,4,2023_5_1_2_0,2023,5,1,5,2,1,0,0,,,4493.8083149
4385959148,4,2023_5_1_2_0,2023,5,1,-3,-3,-3,0,0,,,3649.3084971
4385959149,4,2023_5_1_2_0,2023,5,1,-3,-3,-3,0,0,,,7258.1011287
4385959152,4,2023_5_1_2_0,2023,5,1,23,1,1,0,0,,,2708.7268539
4385959182,4,2023_5_1_2_0,2023,5,1,8,1,3,0,0,,,4493.8083149
4385959219,4,2023_5_1_2_0,2023,5,1,16,1,1,0,0,,,4493.8083149
4385959266,4,2023_5_1_2_0,2023,5,1,13,1,1,0,0,,,1634.2195874
4385959353,4,2023_5_1_2_0,2023,5,1,10,1,1,0,0,,,10907.84118
4385959368,4,2023_5_1_2_0,2023,5,1,20,2,1,0,0,,,6574.9049031
4385959426,4,2023_5_1_2_0,2023,5,1,2,2,1,0,0,,,4493.8083149
4385959442,4,2023_5_1_2_0,2023,5,1,72,1,2,15.999734582,0,,,1.0007758839
4385959462,4,2023_5_1_2_0,2023,5,1,9,2,1,0,0,,,4493.8083149
4385959478,4,2023_5_1_2_0,2023,5,1,76,2,1,0,0,,,1634.2195874
4385959555,4,2023_5_1_2_0,2023,5,1,16,1,5,0,0,1,1,1634.2195874
4385959562,4,2023_5_1_2_0,2023,5,1,12,2,2,0,0,,,4493.8083149
4385959581,4,2023_5_1_2_0,2023,5,1,6,1,2,0,0,,,3966.7485713
4385959596,4,2023_5_1_2_0,2023,5,1,20,1,1,0,0,,,1602.5616949
4385959762,4,2023_5_1_2_0,2023,5,1,24,2,1,0,0,,,4330.233336
4385959773,4,2023_5_1_2_0,2023,5,1,0,1,1,0,0,,,4493.8083149
4385959799,4,2023_5_1_2_0,2023,5,1,5,2,1,0,0,,,4493.8083149
4385959817,4,2023_5_1_2_0,2023,5,1,20,2,2,0,0,,,993.34433849
4385959883,4,2023_5_1_2_0,2023,5,1,2,1,1,0,0,,,4493.8083149
4385959904,4,2023_5_9_1_1,2023,5,9,3,2,1,0,0,,,379.62749625
4385959915,4,2023_5_9_1_1,2023,5,9,20,1,1,4.000081779,11.999754663,,,214.34223904
4385959989,4,2023_5_9_1_1,2023,5,9,18,1,1,0,0,,,69.243417649
4385960001,4,2023_5_9_1_1,2023,5,9,19,1,1,0,0,,,142.27815029
4385960027,4,2023_5_9_1_1,2023,5,9,17,1,3,1.0000204448,0.9999795552,,,2085.277246
4385960057,4,2023_5_9_1_1,2023,5,9,8,2,1,0,0,,,184.75574232
4385960069,4,2023_5_9_1_1,2023,5,9,26,2,-3,0,0,,,429.16603427
4385960071,4,2023_5_9_1_1,2023,5,9,8,1,5,0,0,,,379.62749625
4385960092,4,2023_5_9_1_1,2023,5,9,23,2,1,0,0,,,440.42045202
4385960133,4,2023_5_9_1_1,2023,5,9,18,1,1,0,0,,,142.27815029
4385960138,4,2023_5_9_1_1,2023,5,9,13,1,1,1.0000204448,0.9999795552,,,379.62749625
4385960148,4,2023_5_9_1_1,2023,5,9,-3,-3,-3,0,0,1,1,189.60076299
4385960150,4,2023_5_9_1_1,2023,5,9,14,2,1,0,0,,,379.62749625
4385960153,4,2023_5_9_1_1,2023,5,9,18,1,1,0,0,,,330.49554378
4385960185,4,2023_5_9_1_1,2023,5,9,41,2,3,0,0,,,92.274216322
4385960191,4,2023_5_9_1_1,2023,5,9,24,1,1,0,0,,,69.243417649
4385960211,4,2023_5_9_1_1,2023,5,9,8,1,1,3.0000613343,2.9999386657,,,284.87595258
4385960232,4,2023_5_9_1_1,2023,5,9,-3,-3,-3,0,0,,,225.91922931
4385960241,4,2023_5_9_1_1,2023,5,9,8,1,3,0,0,,,897.71071045
4385960249,4,2023_5_9_1_1,2023,5,9,19,1,5,0,0,,,184.75574232
4385960267,4,2023_5_9_1_1,2023,5,9,21,1,1,0,0,,,189.60076299
4385960295,4,2023_5_9_1_1,2023,5,9,12,1,1,0,0,,,379.62749625
4385960296,4,2023_5_9_1_1,2023,5,9,-3,-3,-3,0,0,1,1,189.60076299
4385960302,4,2023_5_9_1_1,2023,5,9,34,1,3,0,0,,,379.62749625
4385960311,4,2023_5_9_1_1,2023,5,9,53,2,2,0,0,,,402.42800304
4385960317,4,2023_5_9_1_1,2023,5,9,53,2,1,0,0,,,142.27815029
4385960346,4,2023_5_9_1_1,2023,5,9,10,2,1,0,0,,,429.16603427
4385960355,4,2023_5_9_1_1,2023,5,9,5,2,1,0,0,,,284.87595258
4385960356,4,2023_5_9_1_1,2023,5,9,60,2,1,0,0,,,160.84438069
4385960376,4,2023_5_9_1_1,2023,5,9,10,2,3,0,0,,,379.62749625
4385960384,4,2023_5_9_1_1,2023,5,9,60,1,1,0,0,,,379.62749625
4385960410,4,2023_5_9_1_1,2023,5,9,9,2,1,0,0,,,284.87595258
4385960440,4,2023_5_9_1_0,2023,5,9,28,1,1,0,0,,,2964.3245731
4385960443,4,2023_5_9_1_0,2023,5,9,21,1,1,0,0,,,1442.6668047
4385960444,4,2023_5_9_1_0,2023,5,9,25,2,1,0,0,,,2555.1472703
4385960555,4,2023_5_9_1_0,2023,5,9,-3,-3,-3,0,0,,,1276.1401026
4385960620,4,2023_5_9_1_0,2023,5,9,3,2,3,0,0,,,2555.1472703
4385960662,4,2023_5_9_1_0,2023,5,9,12,1,1,0,0,,,2555.1472703
4385960692,4,2023_5_9_1_0,2023,5,9,18,1,1,0,0,,,1276.1401026
4385960726,4,2023_5_9_1_0,2023,5,9,14,1,1,0,0,,,2555.1472703
4385960737,4,2023_5_9_1_0,2023,5,9,43,2,1,0,0,,,2555.1472703
4385960743,4,2023_5_9_1_0,2023,5,9,9,1,5,0,0,,,2555.1472703
4385960755,4,2023_5_9_1_0,2023,5,9,9,2,1,0,0,,,2555.1472703
4385960771,4,2023_5_9_1_0,2023,5,9,18,2,1,0,0,,,2964.3245731
4385960790,4,2023_5_9_1_0,2023,5,9,10,2,1,0,0,,,2555.1472703
4385960867,4,2023_5_9_1_0,2023,5,9,7,1,3,0,0,,,2555.1472703
4385960877,4,2023_5_9_1_0,2023,5,9,22,1,3,0,0,,,621.06726801
4385960907,4,2023_5_9_1_0,2023,5,9,4,1,1,0,0,,,2555.1472703
4385960910,4,2023_5_9_1_0,2023,5,9,68,2,4,0,0,,,1243.529869
4385960912,4,2023_5_9_1_0,2023,5,9,9,2,4,0,0,,,6042.1942404
4385960925,4,2023_5_9_1_0,2023,5,9,7,1,4,0,0,,,3206.5435423
4385960981,4,2023_5_9_1_0,2023,5,9,15,1,1,0,0,,,5935.3090041
4385961024,4,2023_5_9_1_0,2023,5,9,8,2,1,0,0,,,2555.1472703
4385961095,4,2023_5_9_1_0,2023,5,9,10,2,1,0,0,,,5935.3090041
4385961115,4,2023_5_9_1_0,2023,5,9,13,2,1,0,0,,,5935.3090041
4385961145,4,2023_5_9_1_0,2023,5,9,22,2,1,0,0,,,2964.3245731
4385961146,4,2023_5_9_1_0,2023,5,9,0,2,5,0,0,,,6042.1942404
4385961189,4,2023_5_9_1_0,2023,5,9,6,2,5,0,0,,,1243.529869
4385961200,4,2023_5_9_1_0,2023,5,9,46,1,4,0,0,,,3440.7970479
4385961208,4,2023_5_9_1_0,2023,5,9,5,2,1,0,0,,,2555.1472703
4385961210,4,2023_5_9_1_0,2023,5,9,19,1,1,0,0,,,1575.1006329
4385961222,4,2023_5_9_1_0,2023,5,9,6,1,1,0,0,,,2555.1472703
4385961254,4,2023_5_9_1_0,2023,5,9,0,1,1,0,0,,,2555.1472703
4385961262,4,2023_5_9_1_0,2023,5,9,39,2,1,0,0,,,1468.6468813
4385961266,4,2023_5_9_1_0,2023,5,9,20,2,1,0,0,,,2964.3245731
4385961274,4,2023_5_9_1_0,2023,5,9,3,2,1,0,0,,,1976.6487911
4385961278,4,2023_5_9_1_0,2023,5,9,15,2,1,0,0,,,1128.2416345
4385961282,4,2023_5_9_1_0,2023,5,9,14,2,1,0,0,,,2555.1472703
4385961299,4,2023_5_9_1_0,2023,5,9,23,2,1,0,0,,,2964.3245731
4385961354,4,2023_5_9_1_0,2023,5,9,3,1,1,0,0,,,5935.3090041
4385961359,4,2023_5_9_1_0,2023,5,9,1,2,1,0,0,,,2555.1472703
4385961371,4,2023_5_9_1_0,2023,5,9,15,1,1,0,0,,,6042.1942404
4385961469,4,2023_5_9_1_0,2023,5,9,2,2,1,0,0,,,6042.1942404
4385961479,4,2023_5_9_1_0,2023,5,9,15,2,2,0,0,,,5935.3090041
4385961481,4,2023_5_9_1_0,2023,5,9,3,1,1,0,0,,,2555.1472703
4385961490,4,2023_5_9_1_0,2023,5,9,17,2,1,0,0,,,5935.3090041
4385961492,4,2023_5_9_1_0,2023,5,9,70,2,1,0,0,,1,2158.3668607
4385961510,4,2023_5_9_1_0,2023,5,9,3,1,1,0,0,,,2555.1472703
4385961516,4,2023_5_9_1_0,2023,5,9,12,2,1,0,0,,,2555.1472703
4385961551,4,2023_5_9_1_0,2023,5,9,16,2,5,0,0,,,2555.1472703
4385961575,4,2023_5_9_1_0,2023,5,9,16,1,3,0,0,,,2555.1472703
4385961609,4,2023_5_9_1_0,2023,5,9,11,1,1,0,0,,,2555.1472703
4385961616,4,2023_5_9_1_0,2023,5,9,1,1,3,0,0,,,2555.1472703
4385961624,4,2023_5_9_1_0,2023,5,9,11,2,1,0,0,,,2555.1472703
4385961626,4,2023_5_9_1_0,2023,5,9,15,2,1,0,0,,,3669.4097145
4385961654,4,2023_5_9_1_0,2023,5,9,14,2,1,0,0.9999795552,,,2555.1472703
4385961658,4,2023_5_9_1_0,2023,5,9,11,1,1,1.0000204448,2.9999386657,,,5935.3090041
4385961675,4,2023_5_9_1_0,2023,5,9,-3,-3,2,0,0,,,2964.3245731
4385961765,4,2023_5_9_1_0,2023,5,9,18,1,1,0,0,,,2964.3245731
4385961779,4,2023_5_9_1_0,2023,5,9,6,1,3,0,0,,,2555.1472703
4385961800,4,2023_5_9_1_0,2023,5,9,11,2,5,0,0,,,1243.529869
4385961810,4,2023_5_9_1_0,2023,5,9,6,2,1,0,0,,,2555.1472703
4385961857,4,2023_5_9_1_0,2023,5,9,-3,-3,-3,0,0,1,1,621.06726801
4385961937,4,2023_5_9_1_0,2023,5,9,77,2,1,0,0,,,2110.3081691
4385961939,4,2023_5_9_1_0,2023,5,9,1,2,1,0,0,,,2555.1472703
4385961989,4,2023_5_9_1_0,2023,5,9,21,2,1,0,0,,,2964.3245731
4385962024,4,2023_5_9_1_0,2023,5,9,-3,2,-3,0,0,1,1,6042.1942404
4385962151,4,2023_5_9_1_0,2023,5,9,16,2,1,0,0,,,2555.1472703
4385962165,4,2023_5_9_1_0,2023,5,9,18,1,1,0,0,,,5935.3090041
4385962167,4,2023_5_9_1_0,2023,5,9,14,2,1,0,0,,,8682.0678462
4385962238,4,2023_5_9_1_0,2023,5,9,19,2,1,0,0,,,889.32071491
4385962249,4,2023_5_9_1_0,2023,5,9,17,2,1,0,0,,,2555.1472703
4385962250,4,2023_5_9_1_0,2023,5,9,25,1,1,0,3.999918221,,,2555.1472703
4385962295,4,2023_5_9_1_0,2023,5,9,50,1,4,0,0,,,5935.3090041
4385962314,4,2023_5_9_1_0,2023,5,9,6,2,1,0,0,,,5935.3090041
4385962359,4,2023_5_9_1_0,2023,5,9,14,1,4,0,0,,,3206.5435423
4385962391,4,2023_5_9_1_0,2023,5,9,8,2,3,0,0,,,2555.1472703
4385962396,4,2023_5_9_1_0,2023,5,9,14,2,1,0,0,,,2555.1472703
4385962398,4,2023_5_9_1_0,2023,5,9,18,1,1,0,0,,,2555.1472703
4385962420,4,2023_5_9_1_0,2023,5,9,1,1,1,0,0,,,5935.3090041
4385962425,4,2023_5_9_1_0,2023,5,9,12,1,1,0,0,,,2555.1472703
4385962470,4,2023_5_9_1_0,2023,5,9,-3,-3,-3,0,0,,,1614.7010912
4385962481,4,2023_5_9_1_0,2023,5,9,8,2,3,0,0,,,5935.3090041
4385962492,4,2023_5_9_1_0,2023,5,9,24,1,4,0,0,,,1276.1401026
4385962509,4,2023_5_10_1_1,2023,5,10,34,1,2,0,0,,,124.59657265
4385962523,4,2023_5_10_1_1,2023,5,10,27,2,4,0,2.000328745,,,124.59657265
4385962530,4,2023_5_10_1_1,2023,5,10,-3,-3,-3,0,0,1,1,95.291784089
4385962541,4,2023_5_10_1_1,2023,5,10,78,1,1,0,0,,,85.471678741
4385962547,4,2023_5_10_1_1,2023,5,10,6,1,5,0,0,,,181.3604443
4385962557,4,2023_5_10_1_1,2023,5,10,12,2,5,0,0,,,163.84379624
4385962564,4,2023_5_10_1_1,2023,5,10,11,1,3,0,0,,,181.3604443
4385962571,4,2023_5_10_1_1,2023,5,10,0,2,3,0,0,,,432.28563568
4385962580,4,2023_5_10_1_1,2023,5,10,4,1,4,0,0,,,181.3604443
4385962581,4,2023_5_10_1_1,2023,5,10,3,2,1,0,0,,,181.3604443
4385962592,4,2023_5_10_1_1,2023,5,10,31,2,1,0,0,,,163.84379624
4385962607,4,2023_5_10_1_1,2023,5,10,9,2,1,0,0,,,181.3604443
4385962616,4,2023_5_10_1_1,2023,5,10,39,1,1,0,0,,,347.65648834
4385962619,4,2023_5_10_1_1,2023,5,10,4,2,1,0,0,,,181.3604443
4385962622,4,2023_5_10_1_1,2023,5,10,22,1,1,1.999671255,4.00065749,,,182.66831641
4385962624,4,2023_5_10_1_1,2023,5,10,18,1,1,0,0,,,95.291784089
4385962625,4,2023_5_10_1_1,2023,5,10,25,1,1,3.99934251,0,,,95.291784089
4385962631,4,2023_5_10_1_1,2023,5,10,21,2,1,0,0,,,182.66831641
4385962654,4,2023_5_10_1_1,2023,5,10,21,1,1,0.9998356275,0,,,95.291784089
4385962676,4,2023_5_10_1_1,2023,5,10,28,2,1,0,0,,,95.291784089
4385962724,4,2023_5_10_1_1,2023,5,10,55,1,3,0,0,,,95.291784089
4385962731,4,2023_5_10_1_1,2023,5,10,-3,-3,-3,0,0,1,1,86.088053632
4385962737,4,2023_5_10_1_1,2023,5,10,6,2,5,0,0,,,181.3604443
4385962760,4,2023_5_10_1_1,2023,5,10,17,2,1,0,0,,,163.84379624
4385962763,4,2023_5_10_1_1,2023,5,10,-3,-3,-3,0,0,1,1,95.291784089
4385962784,4,2023_5_10_1_1,2023,5,10,23,1,1,0,0,,,181.3604443
4385962813,4,2023_5_10_1_1,2023,5,10,23,2,1,0,0,,,95.291784089
4385962837,4,2023_5_10_1_1,2023,5,10,5,1,1,0,0,,,181.3604443
4385962876,4,2023_5_10_1_1,2023,5,10,33,1,4,0,0,,,86.088053632
4385962888,4,2023_5_10_1_1,2023,5,10,11,1,1,0,0,,,347.65648834
4385962935,4,2023_5_10_1_1,2023,5,10,2,1,1,0,0,,,347.65648834
4385962937,4,2023_5_10_1_1,2023,5,10,7,1,2,0,0,,,181.3604443
4385962944,4,2023_5_10_1_1,2023,5,10,19,2,1,0,0,,,181.3604443
4385962949,4,2023_5_10_1_1,2023,5,10,-3,-3,-3,0,0,,,182.66831641
4385962959,4,2023_5_10_1_1,2023,5,10,-3,2,3,0.9998356275,1.0001643725,,,95.291784089
4385962965,4,2023_5_10_1_1,2023,5,10,36,2,1,0,0,,,85.471678741
4385962985,4,2023_5_10_1_1,2023,5,10,30,2,1,0,0,,,95.291784089
4385962986,4,2023_5_10_1_1,2023,5,10,12,1,1,0,0,,,181.3604443
4385962987,4,2023_5_10_1_1,2023,5,10,4,2,1,0,0,,,181.3604443
4385963002,4,2023_5_10_1_1,2023,5,10,14,1,1,0,0,,,181.3604443
4385963082,4,2023_5_10_1_1,2023,5,10,4,1,1,1.999671255,0,,,181.3604443
4385963085,4,2023_5_10_1_1,2023,5,10,18,2,1,0,0,,,181.3604443
4385963089,4,2023_5_10_1_1,2023,5,10,19,2,1,0,0,,,181.3604443
4385963090,4,2023_5_10_1_1,2023,5,10,21,1,1,0,2.000328745,,,86.088053632
4385963100,4,2023_5_10_1_1,2023,5,10,16,1,1,0,0,,,181.3604443
4385963101,4,2023_5_10_1_1,2023,5,10,22,1,1,0,0,,,95.291784089
4385963124,4,2023_5_10_1_1,2023,5,10,19,2,1,0,0,,,432.28563568
4385963131,4,2023_5_10_1_1,2023,5,10,13,1,1,0,3.0004931175,,,347.65648834
4385963167,4,2023_5_10_1_1,2023,5,10,10,1,1,0,0,,,347.65648834
4385963186,4,2023_5_10_1_1,2023,5,10,9,2,1,0,0,,,181.3604443
4385963197,4,2023_5_10_1_1,2023,5,10,18,1,1,0,0,,,182.66831641
4385963220,4,2023_5_10_1_1,2023,5,10,13,1,1,8.6245880395,11.37541196,,,159.45818543
4385963224,4,2023_5_10_1_1,2023,5,10,12,1,1,0,6.000986235,,,181.3604443
4385963252,4,2023_5_10_1_1,2023,5,10,18,1,1,0,0,,,95.291784089
4385963255,4,2023_5_10_1_1,2023,5,10,6,1,1,0,0,,,181.3604443
4385963266,4,2023_5_10_1_1,2023,5,10,6,1,1,0,0,,,181.3604443
4385963268,4,2023_5_10_1_1,2023,5,10,22,2,1,0,0,,,95.291784089
4385963275,4,2023_5_10_1_1,2023,5,10,7,1,1,0,0,,,203.72788079
4385963296,4,2023_5_10_1_1,2023,5,10,3,1,1,0,0,,,181.3604443
4385963332,4,2023_5_10_1_1,2023,5,10,19,1,1,0,0,,,95.291784089
4385963336,4,2023_5_10_1_1,2023,5,10,5,2,1,0,0,,,181.3604443
4385963372,4,2023_5_10_1_1,2023,5,10,14,2,1,0,0,,,85.471678741
4385963392,4,2023_5_10_1_1,2023,5,10,13,2,1,1.999671255,0,,,181.3604443
4385963398,4,2023_5_10_1_1,2023,5,10,-3,-3,-3,0,0,1,1,182.66831641
4385963399,4,2023_5_10_1_1,2023,5,10,1,1,1,0,0,,,181.3604443
4385963401,4,2023_5_10_1_1,2023,5,10,23,1,1,0,0,,,227.1348067
4385963409,4,2023_5_10_1_1,2023,5,10,16,2,3,0,0,,,181.3604443
4385963420,4,2023_5_10_1_1,2023,5,10,1,1,1,0,0,,,181.3604443
4385963439,4,2023_5_10_1_1,2023,5,10,11,2,1,0,0,,,181.3604443
4385963487,4,2023_5_10_1_1,2023,5,10,5,1,1,1.999671255,0,,,181.3604443
4385963503,4,2023_5_10_1_1,2023,5,10,39,1,1,0,0,,,227.1348067
4385963512,4,2023_5_10_1_1,2023,5,10,5,2,2,0,0,,,347.65648834
4385963530,4,2023_5_10_1_1,2023,5,10,6,2,1,0,0,,,181.3604443
4385963541,4,2023_5_10_1_1,2023,5,10,15,1,1,2.9995068825,0,,,181.3604443
4385963550,4,2023_5_10_1_1,2023,5,10,20,1,1,0,0,,,86.088053632
4385963553,4,2023_5_10_1_1,2023,5,10,18,1,1,0,0,,,181.3604443
4385963571,4,2023_5_10_1_1,2023,5,10,20,2,3,0,0,,,95.291784089
4385963583,4,2023_5_10_1_1,2023,5,10,-3,-3,-3,0,0,1,1,44.909179549
4385963585,4,2023_5_10_1_1,2023,5,10,20,1,1,0,3.0004931175,,,85.471678741
4385963591,4,2023_5_10_1_0,2023,5,10,8,1,1,0,0,,,1449.0635555
4385963610,4,2023_5_10_1_0,2023,5,10,70,2,2,0,0,,,358.82276117
4385963615,4,2023_5_10_1_0,2023,5,10,20,2,3,0,0,,,358.82276117
4385963623,4,2023_5_10_1_0,2023,5,10,30,2,1,0,0,,,3453.9469874
4385963666,4,2023_5_10_1_0,2023,5,10,26,1,1,0,0,,,687.84051319
4385963668,4,2023_5_10_1_0,2023,5,10,40,2,2,0,0,,,682.91569954
4385963712,4,2023_5_10_1_0,2023,5,10,22,2,1,0,0,,,1459.5134075
4385963736,4,2023_5_10_1_0,2023,5,10,12,1,3,0,0,,,4516.1286553
4385963746,4,2023_5_10_1_0,2023,5,10,-3,-3,-3,0,0,1,1,761.37799503
4385963787,4,2023_5_10_1_0,2023,5,10,93,2,1,0,0,,,358.82276117
4385963790,4,2023_5_10_1_0,2023,5,10,25,2,1,0,0,,,358.82276117
4385963792,4,2023_5_10_1_0,2023,5,10,0,2,-3,0,0,,,682.91569954
4385963799,4,2023_5_10_1_0,2023,5,10,11,1,1,0,0,,,1449.0635555
4385963806,4,2023_5_10_1_0,2023,5,10,55,1,2,0,0,,,1449.0635555
4385963841,4,2023_5_10_1_0,2023,5,10,13,1,1,0,1.0001643725,,,2777.763084
4385963854,4,2023_5_10_1_0,2023,5,10,20,1,1,0,0,,,1814.7990971
4385963860,4,2023_5_10_1_0,2023,5,10,30,2,1,0,0,,,855.27980483
4385963871,4,2023_5_10_1_0,2023,5,10,15,2,1,0,0,,,1245.9675108
4385963885,4,2023_5_10_1_0,2023,5,10,18,1,1,0,0,,,3453.9469874
4385963921,4,2023_5_10_1_0,2023,5,10,6,2,1,0,0,,,2777.763084
4385963988,4,2023_5_10_1_0,2023,5,10,-3,-3,-3,0,0,1,1,614.7495304
4385964014,4,2023_5_10_1_0,2023,5,10,12,1,2,0,0,,,1449.0635555
4385964017,4,2023_5_10_1_0,2023,5,10,5,1,2,0,0,,,1449.0635555
4385964038,4,2023_5_10_1_0,2023,5,10,18,2,1,0,0,,,1449.0635555
4385964118,4,2023_5_10_1_0,2023,5,10,12,1,1,0,0,,,1449.0635555
4385964119,4,2023_5_10_1_0,2023,5,10,5,2,2,0,0,,,6620.9976775
4385964129,4,2023_5_10_1_0,2023,5,10,18,2,1,0,0,,,1459.5134075
4385964131,4,2023_5_10_1_0,2023,5,10,0,1,1,0,0,,,1449.0635555
4385964147,4,2023_5_10_1_0,2023,5,10,42,2,1,0,0,,,1309.1061551
4385964156,4,2023_5_10_1_0,2023,5,10,8,1,1,0,0,,,1449.0635555
4385964179,4,2023_5_10_1_0,2023,5,10,1,1,1,0,0,,,1449.0635555
4385964200,4,2023_5_10_1_0,2023,5,10,25,1,3,0,0,,,1459.5134075
4385964201,4,2023_5_10_1_0,2023,5,10,9,1,1,0,0,,,1449.0635555
4385964281,4,2023_5_10_1_0,2023,5,10,18,2,1,0,0,,,1449.0635555
4385964381,4,2023_5_10_1_0,2023,5,10,26,2,1,0,0,,,687.84051319
4385964456,4,2023_5_10_1_0,2023,5,10,7,1,1,0,0,,,1449.0635555
4385964469,4,2023_5_10_1_0,2023,5,10,12,1,1,0,0,,,1449.0635555
4385964482,4,2023_5_10_1_0,2023,5,10,20,2,1,0,0,,,1459.5134075
4385964505,4,2023_5_10_1_0,2023,5,10,10,1,1,0,0,,,1449.0635555
4385964533,4,2023_5_10_1_0,2023,5,10,15,1,4,0,0,,,1449.0635555
4385964561,4,2023_5_10_1_0,2023,5,10,16,1,1,0,2.000328745,,,1449.0635555
4385964624,4,2023_5_10_1_0,2023,5,10,15,2,1,0,0,,,1449.0635555
4385964628,4,2023_5_10_1_0,2023,5,10,1,2,1,0,0,,,1449.0635555
4385964635,4,2023_5_10_1_0,2023,5,10,53,2,3,0,0,,,1459.5134075
4385964649,4,2023_5_10_1_0,2023,5,10,86,2,1,0,0,,,687.84051319
4385964675,4,2023_5_10_1_0,2023,5,10,32,2,1,0,0,,,1814.7990971
4385964716,4,2023_5_10_1_0,2023,5,10,11,2,3,0,0,,,1449.0635555
4385964734,4,2023_5_10_1_0,2023,5,10,28,1,1,0,0,,,687.84051319
4385964802,4,2023_5_10_1_0,2023,5,10,41,2,1,0,0,,,1459.5134075
4385964896,4,2023_5_10_1_0,2023,5,10,49,1,3,0,0,1,1,816.96261608
4385964921,4,2023_5_10_1_0,2023,5,10,35,2,1,0,0,,,358.82276117
4385964939,4,2023_5_10_1_0,2023,5,10,3,2,1,0,0,,,3453.9469874
4385964947,4,2023_5_10_1_0,2023,5,10,43,1,1,0,0,,,687.84051319
4385964962,4,2023_5_10_1_0,2023,5,10,22,1,1,0,0,,,358.82276117
4385965000,4,2023_5_10_1_0,2023,5,10,20,1,1,0,0,,,761.37799503
4385965070,4,2023_5_12_1_1,2023,5,12,44,1,1,0,0,,,1104.3879312
4385965073,4,2023_5_12_1_1,2023,5,12,12,1,1,0,5.0002115792,,,3923.6645223
4385965078,4,2023_5_12_1_1,2023,5,12,14,1,2,0,30.001269475,,,3923.6645223
4385965088,4,2023_5_12_1_1,2023,5,12,6,2,1,0.9999576842,0,,,2997.4348099
4385965091,4,2023_5_12_1_1,2023,5,12,66,2,3,0,0,,,1104.3879312
4385965105,4,2023_5_12_1_1,2023,5,12,0,1,1,0,2.0000846317,,,3923.6645223
4385965108,4,2023_5_12_1_1,2023,5,12,22,1,1,0,0,,,10639.766999
4385965119,4,2023_5_12_1_1,2023,5,12,36,1,2,0,0,,,3126.8484219
4385965120,4,2023_5_12_1_1,2023,5,12,21,2,1,0,0,,,3923.6645223
4385965151,4,2023_5_12_1_1,2023,5,12,20,1,1,0,0,,,2388.7170404
4385965152,4,2023_5_12_1_1,2023,5,12,17,2,-3,0,0,,,1814.0481569
4385965163,4,2023_5_12_1_1,2023,5,12,3,1,1,0,0,,,2997.4348099
4385965169,4,2023_5_12_1_1,2023,5,12,20,1,3,0,3.0001269475,,,2388.7170404
4385965188,4,2023_5_12_1_1,2023,5,12,11,2,1,0,0,,,2997.4348099
4385965213,4,2023_5_12_1_1,2023,5,12,14,2,3,0,0,,,2997.4348099
4385965222,4,2023_5_12_1_1,2023,5,12,14,2,1,0,0,,,2997.4348099
4385965227,4,2023_5_12_1_1,2023,5,12,7,1,1,0,2.0000846317,,,10639.766999
4385965231,4,2023_5_12_1_1,2023,5,12,19,2,2,0,0,,,9891.419247
4385965239,4,2023_5_12_1_1,2023,5,12,19,2,1,0,0,,,3126.8484219
4385965266,4,2023_5_12_1_1,2023,5,12,13,2,1,0,0,,,1814.0481569
4385965286,4,2023_5_12_1_1,2023,5,12,6,1,1,0,0,,,3923.6645223
4385965289,4,2023_5_12_1_1,2023,5,12,16,2,1,0,0,,,3923.6645223
4385965303,4,2023_5_12_1_1,2023,5,12,9,2,1,0,0,,,3923.6645223
4385965306,4,2023_5_12_1_1,2023,5,12,29,1,2,0,0,,,1445.6520389
4385965314,4,2023_5_12_1_1,2023,5,12,26,1,5,0,0,,,4573.1511326
4385965315,4,2023_5_12_1_1,2023,5,12,20,2,2,0,0,,,3126.8484219
4385965346,4,2023_5_12_1_1,2023,5,12,6,2,1,2.9998730525,1.0000423158,,,2997.4348099
4385965347,4,2023_5_12_1_1,2023,5,12,12,1,1,2.9998730525,42.001777266,,,2997.4348099
4385965348,4,2023_5_12_1_1,2023,5,12,1,1,1,0,0,,,3923.6645223
4385965354,4,2023_5_12_1_1,2023,5,12,13,2,1,0,0,,,3923.6645223
4385965363,4,2023_5_12_1_1,2023,5,12,60,1,3,0,16.949130551,,,9231.163095
4385965368,4,2023_5_12_1_1,2023,5,12,31,2,3,0,0,,1,1445.6520389
4385965375,4,2023_5_12_1_1,2023,5,12,1,2,3,0,0,,,3923.6645223
4385965379,4,2023_5_12_1_1,2023,5,12,10,1,3,0,0,,,3923.6645223
4385965383,4,2023_5_12_1_1,2023,5,12,15,2,3,0,0,,,3923.6645223
4385965431,4,2023_5_12_1_1,2023,5,12,36,1,3,17.740966767,0,,,7348.6669565
4385965439,4,2023_5_12_1_1,2023,5,12,18,1,3,0,0,,,2388.7170404
4385965481,4,2023_5_12_1_1,2023,5,12,35,2,1,0,0,,,1445.6520389
4385965522,4,2023_5_12_1_1,2023,5,12,-3,-3,-3,0,0,1,1,4573.1511326
4385965526,4,2023_5_12_1_1,2023,5,12,17,2,1,0,0,,,10639.766999
4385965548,4,2023_5_12_1_1,2023,5,12,3,1,1,1.9999153683,0,,,2997.4348099
4385965551,4,2023_5_12_1_1,2023,5,12,2,1,1,0,0,,,2997.4348099
4385965574,4,2023_5_12_1_1,2023,5,12,10,1,1,0,2.0000846317,,,3923.6645223
4385965578,4,2023_5_12_1_1,2023,5,12,17,2,1,0,0,,,10639.766999
4385965582,4,2023_5_12_1_1,2023,5,12,16,1,1,2.9998730525,0,,,2997.4348099
4385965634,4,2023_5_12_1_1,2023,5,12,22,1,1,17.999238315,4.0001692634,,,7556.4269581
4385965646,4,2023_5_12_1_1,2023,5,12,13,2,1,0,0,,,12412.05378
4385965647,4,2023_5_12_1_1,2023,5,12,6,2,1,0,0,,,2997.4348099
4385965651,4,2023_5_12_1_1,2023,5,12,-3,2,-3,0,0,,,1787.1938259
4385965665,4,2023_5_12_1_1,2023,5,12,16,2,1,0,3.7501983576,,,7585.5472899
4385965711,4,2023_5_12_1_1,2023,5,12,5,2,1,0,0,,,3923.6645223
4385965726,4,2023_5_12_1_1,2023,5,12,34,2,5,0,0,,,1445.6520389
4385965733,4,2023_5_12_1_1,2023,5,12,11,2,1,0,0,,,3923.6645223
4385965745,4,2023_5_12_1_1,2023,5,12,25,1,1,0,0,,,3126.8484219
4385965763,4,2023_5_12_1_1,2023,5,12,18,2,1,0,0,,,3126.8484219
4385965773,4,2023_5_12_1_1,2023,5,12,79,2,1,0,0,,,1104.3879312
4385965787,4,2023_5_12_1_1,2023,5,12,12,2,3,0,1.0000423158,,,2997.4348099
4385965802,4,2023_5_12_1_0,2023,5,12,1,1,1,0,0,,,30903.685617
4385965805,4,2023_5_12_1_0,2023,5,12,-3,-3,-3,0,0,,,11386.288473
4385965844,4,2023_5_12_1_0,2023,5,12,11,1,1,0,0,,,14287.86116
4385965926,4,2023_5_12_1_0,2023,5,12,29,1,1,0,0,,,11386.288473
4385965965,4,2023_5_12_1_0,2023,5,12,13,2,1,0,0,,,30903.685617
4385966010,4,2023_5_12_1_0,2023,5,12,23,1,1,0,0,,,66782.932899
4385966101,4,2023_5_12_1_0,2023,5,12,16,1,3,0,0,,,30903.685617
4385966135,4,2023_5_12_1_0,2023,5,12,40,2,3,0,0,1,,16487.45935
4385966141,4,2023_5_12_1_0,2023,5,12,2,1,1,0,0,,,30903.685617
4385966147,4,2023_5_12_1_0,2023,5,12,18,1,2,0,0,,,83801.255818
4385966268,4,2023_5_12_1_0,2023,5,12,-3,-3,-3,0,0,1,1,66782.932899
4385966282,4,2023_5_12_1_0,2023,5,12,5,2,1,0,0,,,30903.685617
4385966288,4,2023_5_12_1_0,2023,5,12,39,1,3,0,0,,,38744.268985
4385966356,4,2023_5_12_1_0,2023,5,12,87,1,1,0,0,,,30876.099536
4385966357,4,2023_5_12_1_0,2023,5,12,17,2,3,0,0,,,30903.685617
4385966363,4,2023_5_12_1_0,2023,5,12,51,2,3,0,0,,,14287.86116
4385966369,4,2023_5_12_1_0,2023,5,12,7,1,3,0,0,,,56102.088179
4385966432,4,2023_5_12_1_0,2023,5,12,8,2,1,0,0,,,30903.685617
4385966450,4,2023_5_12_1_0,2023,5,12,24,2,3,0,0,,,11386.288473
4385966498,4,2023_5_12_1_0,2023,5,12,16,2,4,0,0,,,97760.19476
4385966513,4,2023_5_12_1_0,2023,5,12,22,2,3,0,0,,,30903.685617
4385966533,4,2023_5_12_1_0,2023,5,12,5,1,2,0,0,,,30903.685617
4385966540,4,2023_5_12_1_0,2023,5,12,81,1,4,0,0,,,14287.86116
4385966649,4,2023_5_12_1_0,2023,5,12,11,2,3,0,0,,,14287.86116
4385966654,4,2023_5_12_1_0,2023,5,12,4,1,4,0,0,,,83801.255818
4385966691,4,2023_5_12_1_0,2023,5,12,1,2,1,0,0,,,30903.685617
4385966721,4,2023_5_12_1_0,2023,5,12,8,1,5,0,0,,,14287.86116
4385966746,4,2023_5_12_1_0,2023,5,12,-3,-3,-3,0,0,1,1,11386.288473
4385966902,4,2023_5_12_1_0,2023,5,12,14,1,1,0,0,,,14287.86116
4385966908,4,2023_5_12_1_0,2023,5,12,99,2,1,0,0,,,11386.288473
4385966951,4,2023_5_12_1_0,2023,5,12,97,2,1,0,0,,,45197.977583
4385966975,4,2023_5_13_1_1,2023,5,13,5,2,1,0,0,,,209.53876726
4385967002,4,2023_5_13_1_1,2023,5,13,5,1,1,0,0,,,209.53876726
4385967014,4,2023_5_13_1_1,2023,5,13,21,2,1,0,0,,,96.373595979
4385967017,4,2023_5_13_1_1,2023,5,13,13,1,1,0,0,,,713.21848071
4385967029,4,2023_5_13_1_1,2023,5,13,16,2,1,0,0,,,209.53876726
4385967037,4,2023_5_13_1_1,2023,5,13,-3,-3,-3,0,0,1,1,129.25438182
4385967059,4,2023_5_13_1_1,2023,5,13,39,2,1,0,0,1,1,285.3355288
4385967064,4,2023_5_13_1_1,2023,5,13,7,2,3,0,0,,,209.53876726
4385967066,4,2023_5_13_1_1,2023,5,13,21,1,1,0,0,,,328.03204201
4385967067,4,2023_5_13_1_1,2023,5,13,9,1,1,0,0,,,239.11626112
4385967070,4,2023_5_13_1_1,2023,5,13,13,1,1,0,0,,,685.73284948
4385967082,4,2023_5_13_1_1,2023,5,13,13,1,2,0,0,,,209.53876726
4385967091,4,2023_5_13_1_1,2023,5,13,12,1,1,0,0,,,209.53876726
4385967097,4,2023_5_13_1_1,2023,5,13,15,1,3,0,0,,,209.53876726
4385967119,4,2023_5_13_1_1,2023,5,13,19,2,1,0,0,,,96.373595979
4385967120,4,2023_5_13_1_1,2023,5,13,7,1,3,0,0,,,685.73284948
4385967139,4,2023_5_13_1_1,2023,5,13,10,2,1,0,0,,,281.02929599
4385967143,4,2023_5_13_1_1,2023,5,13,49,1,1,4.9990495985,0,,,96.373595979
4385967162,4,2023_5_13_1_1,2023,5,13,9,1,5,0,0,,,713.21848071
4385967189,4,2023_5_13_1_1,2023,5,13,26,2,1,0,0,,,96.373595979
4385967194,4,2023_5_13_1_1,2023,5,13,15,1,2,0,0,1,1,713.21848071
4385967197,4,2023_5_13_1_1,2023,5,13,12,2,1,0,0,,,209.53876726
4385967203,4,2023_5_13_1_1,2023,5,13,21,2,1,0,0,,,209.53876726
4385967212,4,2023_5_13_1_1,2023,5,13,65,2,1,0,0,,,95.662642874
4385967213,4,2023_5_13_1_1,2023,5,13,36,2,1,0,0,,,83.829649086
4385967214,4,2023_5_13_1_1,2023,5,13,16,2,1,0,0,,,209.53876726
4385967224,4,2023_5_13_1_1,2023,5,13,12,1,1,0.9998099197,1.0001900803,,,713.21848071
4385967226,4,2023_5_13_1_1,2023,5,13,13,2,5,0,1.0001900803,,,209.53876726
4385967228,4,2023_5_13_1_1,2023,5,13,16,1,1,0,0,,,209.53876726
4385967235,4,2023_5_13_1_1,2023,5,13,-3,-3,-3,0,0,1,1,328.03204201
4385967250,4,2023_5_13_1_1,2023,5,13,27,2,5,0,0,,,813.89300271
4385967254,4,2023_5_13_1_1,2023,5,13,21,2,1,0,0,,,96.373595979
4385967288,4,2023_5_13_1_1,2023,5,13,16,1,1,0,0,,,209.53876726
4385967298,4,2023_5_13_1_1,2023,5,13,34,2,2,0,0,,,274.33942125
4385967355,4,2023_5_13_1_1,2023,5,13,20,1,1,0,0,,,209.53876726
4385967366,4,2023_5_13_1_1,2023,5,13,49,1,1,0,0,,,83.829649086
4385967383,4,2023_5_13_1_1,2023,5,13,5,2,1,0,1.0001900803,,,685.73284948
4385967388,4,2023_5_13_1_1,2023,5,13,10,1,1,0,0,,,209.53876726
4385967416,4,2023_5_13_1_1,2023,5,13,6,2,1,0.9998099197,0,,,209.53876726
4385967439,4,2023_5_13_1_1,2023,5,13,2,2,1,0,0,,,239.11626112
4385967449,4,2023_5_13_1_1,2023,5,13,17,1,1,0,0,,,209.53876726
4385967472,4,2023_5_13_1_1,2023,5,13,12,2,1,0,0,,,209.53876726
4385967476,4,2023_5_13_1_1,2023,5,13,11,2,1,0.9998099197,2.0003801606,,,209.53876726
4385967497,4,2023_5_13_1_1,2023,5,13,7,2,1,0.9998099197,0,,,209.53876726
4385967578,4,2023_5_13_1_1,2023,5,13,44,1,1,0,0,,,95.662642874
4385967609,4,2023_5_13_1_1,2023,5,13,40,1,2,0,0,,,209.53876726
4385967617,4,2023_5_13_1_1,2023,5,13,13,2,1,0,0,,,209.53876726
4385967619,4,2023_5_13_1_1,2023,5,13,15,2,-3,0,0,,,285.3355288
4385967656,4,2023_5_13_1_0,2023,5,13,23,2,2,0,0,,,1106.0081197
4385967662,4,2023_5_13_1_0,2023,5,13,12,1,1,0,0,,,844.76221795
4385967722,4,2023_5_13_1_0,2023,5,13,17,2,1,0,0,,,844.76221795
4385967730,4,2023_5_13_1_0,2023,5,13,0,1,1,0,0,,,844.76221795
4385967735,4,2023_5_13_1_0,2023,5,13,4,2,2,0,0,,,2764.5538362
4385967746,4,2023_5_13_1_0,2023,5,13,20,1,1,0,0,,,1271.5069291
4385967848,4,2023_5_13_1_0,2023,5,13,1,2,1,0,0,,,566.30257056
4385967870,4,2023_5_13_1_0,2023,5,13,20,2,2,0,0,,,1322.4716314
4385967920,4,2023_5_13_1_0,2023,5,13,30,2,2,0,0,,,2764.5538362
4385967934,4,2023_5_13_1_0,2023,5,13,11,2,-3,0,0,,,844.76221795
4385967956,4,2023_5_13_1_0,2023,5,13,12,1,3,0,0,,,844.76221795
4385967973,4,2023_5_13_1_0,2023,5,13,15,2,1,0,0,,,844.76221795
4385968082,4,2023_5_13_1_0,2023,5,13,17,2,1,0,0,,,844.76221795
4385968099,4,2023_5_13_1_0,2023,5,13,12,2,5,0,2.0003801606,,,844.76221795
4385968133,4,2023_5_13_1_0,2023,5,13,49,2,1,0,0,,,508.68858813
4385968148,4,2023_5_13_1_0,2023,5,13,11,2,2,0,0,,,2764.5538362
4385968167,4,2023_5_13_1_0,2023,5,13,27,1,1,0,0,,,508.68858813
4385968180,4,2023_5_13_1_0,2023,5,13,47,2,-3,0,0,,,844.76221795
4385968189,4,2023_5_13_1_0,2023,5,13,16,2,5,0,0,,,844.76221795
4385968210,4,2023_5_13_1_0,2023,5,13,15,2,1,0.9998099197,1.0001900803,,,844.76221795
4385968217,4,2023_5_13_1_0,2023,5,13,14,1,1,0,0,,,844.76221795
4385968231,4,2023_5_13_1_0,2023,5,13,23,1,1,0,0,,,155.43951227
4385968243,4,2023_5_13_1_0,2023,5,13,10,1,1,0,0,,,844.76221795
4385968284,4,2023_5_13_1_0,2023,5,13,82,2,1,0,0,,,155.43951227
4385968300,4,2023_5_13_1_0,2023,5,13,16,2,1,0,0,,,844.76221795
4385968446,4,2023_5_13_1_0,2023,5,13,5,2,2,0,0,,,2764.5538362
4385968459,4,2023_5_13_1_0,2023,5,13,10,-3,-3,0,0,,,1170.7192628
4385968482,4,2023_5_13_1_0,2023,5,13,49,2,1,3.9992396788,0,,,566.30257056
4385968600,4,2023_5_13_1_0,2023,5,13,2,2,1,0,0,,,844.76221795
4385968628,4,2023_5_13_1_0,2023,5,13,20,2,4,0,0,,,388.5332235
4385968631,4,2023_5_13_1_0,2023,5,13,17,2,1,0,0,,,337.96190185
4385968645,4,2023_5_13_1_0,2023,5,13,56,1,1,0,0,,,155.43951227
4385968687,4,2023_5_13_1_0,2023,5,13,14,2,1,0,0,,,844.76221795
4385968727,4,2023_5_13_1_0,2023,5,13,9,2,2,0,0,,,468.36671927
4385968755,4,2023_5_13_1_0,2023,5,13,48,2,1,0,0,,,844.76221795
4385968779,4,2023_5_13_1_0,2023,5,13,-3,-3,-3,0,0,,,226.5592491
4385968789,4,2023_5_13_1_0,2023,5,13,20,1,1,0,0,,,529.07790877
4385968878,4,2023_5_13_1_0,2023,5,13,20,2,3,0,0,,,155.43951227
4385968899,4,2023_5_13_1_0,2023,5,13,16,1,2,0,0,,,337.96190185
4385968920,4,2023_5_13_1_0,2023,5,13,30,2,1,0,0,,,1150.3392777
4385968979,4,2023_5_13_1_0,2023,5,13,2,1,1,0,0,,,844.76221795
4385969010,4,2023_5_13_1_0,2023,5,13,11,2,1,0,0,,,2764.5538362
4385969066,4,2023_5_13_1_0,2023,5,13,8,1,1,0,0,,,1150.3392777
4385969069,4,2023_5_13_1_0,2023,5,13,-3,2,-3,0,0,,,552.36902104
4385969075,4,2023_5_13_1_0,2023,5,13,2,1,4,0,0,,,9409.862016
4385969103,4,2023_5_13_1_0,2023,5,13,18,2,1,0,0,,,155.43951227
4385969145,4,2023_5_13_1_0,2023,5,13,14,1,1,0,0,,,844.76221795
4385969148,4,2023_5_13_1_0,2023,5,13,22,2,2,0,0,,,1132.9785629
4385969152,4,2023_5_13_1_0,2023,5,13,12,1,2,0,0,,,1132.9785629
4385969206,4,2023_5_13_1_0,2023,5,13,6,2,1,0,0,,,844.76221795
4385969246,4,2023_5_13_1_0,2023,5,13,11,1,1,0,0,,,844.76221795
4385969258,4,2023_5_13_1_0,2023,5,13,12,1,1,0,0,,,844.76221795
4385969282,4,2023_5_13_1_0,2023,5,13,11,2,1,0,0,,,844.76221795
4385969297,4,2023_5_13_1_0,2023,5,13,18,1,1,0,0,,,1271.5069291
4385969327,4,2023_5_13_1_0,2023,5,13,8,2,1,0.9998099197,1.0001900803,,,844.76221795
4385969328,4,2023_5_13_1_0,2023,5,13,1,2,5,0,0,,,2875.3630344
4385969386,4,2023_5_13_1_0,2023,5,13,44,2,1,0,0,,,405.6372658
4385969406,4,2023_5_13_1_0,2023,5,13,7,2,5,0,0,,,337.96190185
4385969416,4,2023_5_13_1_0,2023,5,13,16,2,1,0,0,,,844.76221795
4385969435,4,2023_5_13_1_0,2023,5,13,-3,-3,-3,0,0,1,1,388.5332235
4385969436,4,2023_5_13_1_0,2023,5,13,51,2,1,0,0,,,155.43951227
4385969478,4,2023_5_13_1_0,2023,5,13,21,2,1,0,0,,,2764.5538362
4385969502,4,2023_5_13_1_0,2023,5,13,18,2,1,0,0,,,388.5332235
4385969529,4,2023_5_13_1_0,2023,5,13,14,2,3,0,0,,,566.30257056
4385969530,4,2023_5_13_1_0,2023,5,13,12,1,5,0,0,,,1150.3392777
4385969537,4,2023_5_13_2_1,2023,5,13,15,1,1,0,0,,,737.26498384
4385969587,4,2023_5_13_2_1,2023,5,13,13,2,5,0,0,,,218.14435899
4385969607,4,2023_5_13_2_1,2023,5,13,16,1,1,0,0,,,1855.9613453
4385969618,4,2023_5_13_2_1,2023,5,13,17,2,1,0,0,,,737.26498384
4385969622,4,2023_5_13_2_1,2023,5,13,20,2,3,0,0,,,737.26498384
4385969635,4,2023_5_13_2_1,2023,5,13,7,2,1,0,0,,,737.26498384
4385969652,4,2023_5_13_2_1,2023,5,13,8,1,5,0,0,,,737.26498384
4385969655,4,2023_5_13_2_1,2023,5,13,75,2,1,0,0,,,135.65960583
4385969664,4,2023_5_13_2_1,2023,5,13,30,1,1,0,0,,,294.955753
4385969672,4,2023_5_13_2_1,2023,5,13,4,1,1,0,0,,,737.26498384
4385969722,4,2023_5_13_2_1,2023,5,13,11,1,1,0,0,,,2412.7602964
4385969729,4,2023_5_13_2_1,2023,5,13,7,2,1,0,0,,,737.26498384
4385969739,4,2023_5_13_2_1,2023,5,13,11,2,1,0,0,,,1003.9569135
4385969767,4,2023_5_13_2_1,2023,5,13,0,2,1,0,0,,,737.26498384
4385969772,4,2023_5_13_2_1,2023,5,13,5,2,1,0,0,,,737.26498384
4385969775,4,2023_5_13_2_1,2023,5,13,17,2,1,0,0,,,2509.4688612
4385969794,4,2023_5_13_2_1,2023,5,13,15,1,1,0,0,,,737.26498384
4385969797,4,2023_5_13_2_1,2023,5,13,5,1,5,0,0,,,737.26498384
4385969800,4,2023_5_13_2_1,2023,5,13,8,1,1,0,0,,,737.26498384
4385969802,4,2023_5_13_2_1,2023,5,13,-3,2,-3,0,0,,,1020.2509092
4385969808,4,2023_5_13_2_1,2023,5,13,16,1,1,0,0,,,218.14435899
4385969872,4,2023_5_13_2_1,2023,5,13,4,2,1,0,0,,,737.26498384
4385969874,4,2023_5_13_2_1,2023,5,13,15,1,1,0.9998099197,2.0003801606,,,545.2688943
4385969895,4,2023_5_13_2_1,2023,5,13,17,1,1,0,0,,,545.2688943
4385969924,4,2023_5_13_2_1,2023,5,13,19,2,3,0,0,,,250.78664348
4385969934,4,2023_5_13_2_1,2023,5,13,3,1,1,0,0,,,737.26498384
4385969953,4,2023_5_13_2_1,2023,5,13,17,2,1,0,0,,,737.26498384
4385969978,4,2023_5_13_2_1,2023,5,13,21,2,1,0,0,,,1154.1851721
4385969981,4,2023_5_13_2_1,2023,5,13,17,2,1,0,0,,,737.26498384
4385969985,4,2023_5_13_2_1,2023,5,13,34,1,1,0,0,,,737.26498384
4385969999,4,2023_5_13_2_1,2023,5,13,21,2,1,0,0,,,339.09179963
4385970013,4,2023_5_13_2_1,2023,5,13,19,1,1,0,0,,,100.33158348
4385970054,4,2023_5_13_2_1,2023,5,13,10,1,1,0,0,,,545.2688943
4385970059,4,2023_5_13_2_1,2023,5,13,13,1,1,0,0,,,2509.4688612
4385970071,4,2023_5_13_2_1,2023,5,13,-3,2,-3,0,0,,,1020.2509092
4385970082,4,2023_5_13_2_1,2023,5,13,10,2,1,0,0,,,545.2688943
4385970110,4,2023_5_13_2_1,2023,5,13,17,1,1,0,0,,,8212.4432412
4385970112,4,2023_5_13_2_1,2023,5,13,23,2,1,0,1.0001900803,,,454.78328891
4385970117,4,2023_5_13_2_1,2023,5,13,11,1,3,0,0,,,737.26498384
4385970128,4,2023_5_13_2_1,2023,5,13,21,2,1,0,0,,,250.78664348
4385970131,4,2023_5_13_2_1,2023,5,13,8,1,1,0,0,,,737.26498384
4385970144,4,2023_5_13_2_1,2023,5,13,8,1,1,0,0,,,737.26498384
4385970158,4,2023_5_13_2_1,2023,5,13,7,1,1,0,0,,,737.26498384
4385970175,4,2023_5_13_2_1,2023,5,13,-3,-3,-3,0,0,,,339.09179963
4385970186,4,2023_5_13_2_1,2023,5,13,20,2,1,0,0,,,339.09179963
4385970200,4,2023_5_13_2_1,2023,5,13,16,1,1,0,0,,,737.26498384
4385970204,4,2023_5_13_2_1,2023,5,13,4,2,1,0,0,,,737.26498384
4385970219,4,2023_5_13_2_1,2023,5,13,25,2,1,0,0,,,339.09179963
4385970236,4,2023_5_13_2_1,2023,5,13,10,2,1,0,0,,,1855.9613453
4385970295,4,2023_5_13_2_1,2023,5,13,15,1,1,3.9992396788,4.0007603212,,,545.2688943
4385970391,4,2023_5_13_2_1,2023,5,13,17,1,3,0,0,,,3343.7396885
4385970418,4,2023_5_13_2_1,2023,5,13,7,1,1,0,0,,,2509.4688612
4385970475,4,2023_5_13_2_0,2023,5,13,21,1,-3,0,0,,,3613.4187685
4385970512,4,2023_5_13_2_0,2023,5,13,23,2,2,0,0,,,3613.4187685
4385970515,4,2023_5_13_2_0,2023,5,13,13,1,2,0,0,,,7856.4186243
4385970518,4,2023_5_13_2_0,2023,5,13,21,1,4,0,0,,,3613.4187685
4385970525,4,2023_5_13_2_0,2023,5,13,16,1,2,0,0,,,7856.4186243
4385970544,4,2023_5_13_2_0,2023,5,13,-3,-3,-3,0,0,1,1,3613.4187685
4385970547,4,2023_5_13_2_0,2023,5,13,9,1,1,0,0,,,7856.4186243
4385970564,4,2023_5_13_2_0,2023,5,13,-3,-3,-3,0,0,1,1,10534.149523
4385970624,4,2023_5_13_2_0,2023,5,13,16,1,1,0,0,,,2186.0882937
4385970630,4,2023_5_13_2_0,2023,5,13,44,2,2,0,0,,,1445.6113841
4385970640,4,2023_5_13_2_0,2023,5,13,45,1,1,0,0,,,1445.6113841
4385970686,4,2023_5_13_2_0,2023,5,13,23,2,5,0,0,,,1445.6113841
4385970732,4,2023_5_13_2_0,2023,5,13,14,1,1,0,0,,,7856.4186243
4385970738,4,2023_5_13_2_0,2023,5,13,11,2,3,0,0,,,7856.4186243
4385970796,4,2023_5_13_2_0,2023,5,13,9,1,2,0,0,,,25710.776104
4385970828,4,2023_5_13_2_0,2023,5,13,3,2,1,0,0,,,7856.4186243
4385970885,4,2023_5_13_2_0,2023,5,13,1,1,1,0,0,,,7856.4186243
4385970888,4,2023_5_13_2_0,2023,5,13,19,2,1,0,0,,,3613.4187685
4385970890,4,2023_5_13_2_0,2023,5,13,7,2,1,0,0,,,7856.4186243
4385970911,4,2023_5_13_2_0,2023,5,13,7,2,1,0,0,,,7856.4186243
4385970912,4,2023_5_13_2_0,2023,5,13,10,2,1,0,0,,,7856.4186243
4385970937,4,2023_5_13_2_0,2023,5,13,8,2,1,0,0,,,7856.4186243
4385970951,4,2023_5_13_2_0,2023,5,13,3,2,1,0,0,,,7856.4186243
4385970956,4,2023_5_13_2_0,2023,5,13,56,1,1,0,0,,,3143.0976949
4385971011,4,2023_5_13_2_0,2023,5,13,1,2,1,0,0,,,7856.4186243
4385971060,4,2023_5_13_2_0,2023,5,13,25,2,2,0,0,,,7856.4186243
4385971062,4,2023_5_13_2_0,2023,5,13,16,2,2,0,0,,,26741.318699
4385971143,4,2023_5_13_2_0,2023,5,13,21,1,3,0,0,,,3613.4187685
4385971145,4,2023_5_13_2_0,2023,5,13,19,1,-3,0,0,,,7856.4186243
4385971151,4,2023_5_13_2_0,2023,5,13,8,2,2,0,0,,,7856.4186243
4385971190,4,2023_5_13_2_0,2023,5,13,13,2,1,0,0,,,7856.4186243
4385971204,4,2023_5_13_2_0,2023,5,13,6,1,1,0,0,,,7856.4186243
4385971225,4,2023_5_13_2_0,2023,5,13,24,2,4,0,0,,,3613.4187685
4385971315,4,2023_5_13_2_0,2023,5,13,3,1,1,0,0,,,3143.0976949
4385971338,4,2023_5_13_2_0,2023,5,13,48,1,1,0,0,,,7856.4186243
4385971498,4,2023_5_13_2_0,2023,5,13,16,2,1,0,0,,,7856.4186243
4385971529,4,2023_5_13_2_0,2023,5,13,35,1,2,0,0,,,3613.4187685
4385971571,4,2023_5_13_2_0,2023,5,13,7,1,1,0,0,,,3143.0976949
4385971599,4,2023_5_13_2_0,2023,5,13,17,1,2,0,0,,,7856.4186243
4385971655,4,2023_5_13_2_0,2023,5,13,26,1,2,0,0,,,3613.4187685
4385971659,4,2023_5_13_2_0,2023,5,13,13,2,5,0,0,,,7856.4186243
4385971673,4,2023_5_13_2_0,2023,5,13,45,2,3,0,0,,,4730.8821498
4385971714,4,2023_5_13_2_0,2023,5,13,1,1,1,0,0,,,7856.4186243
4385971715,4,2023_5_13_2_0,2023,5,13,22,1,1,0,0,,,3613.4187685
4385971743,4,2023_5_13_2_0,2023,5,13,25,2,2,0,0,,,11825.210108
4385971775,4,2023_5_13_2_0,2023,5,13,59,1,4,0,0,,,7856.4186243
4385971822,4,2023_5_13_2_0,2023,5,13,28,1,2,0,0,,,25710.776104
4385971974,4,2023_5_13_2_0,2023,5,13,10,2,1,0,0,,,7856.4186243
4385971975,4,2023_5_13_2_0,2023,5,13,8,2,3,0,0,,,26741.318699
4385972002,4,2023_5_13_2_0,2023,5,13,8,1,1,0,0,,,7856.4186243
4385972118,4,2023_5_13_2_0,2023,5,13,17,2,1,0,0,,,3143.0976949
4385972149,4,2023_5_13_2_0,2023,5,13,19,1,1,0,0,,,26741.318699
4385972174,4,2023_5_13_2_0,2023,5,13,43,2,2,0,0,,,3143.0976949
4385972224,4,2023_5_13_2_0,2023,5,13,87,1,3,0,0,,,1445.6113841
4385972229,4,2023_5_13_2_0,2023,5,13,16,1,1,0,0,,,7856.4186243
4385972243,4,2023_5_13_2_0,2023,5,13,32,2,3,0,0,,,7856.4186243
4385972292,4,2023_5_13_2_0,2023,5,13,40,1,1,0,0,,,3143.0976949
4385972315,4,2023_5_13_2_0,2023,5,13,13,2,3,0,0,,,7856.4186243
4385972340,4,2023_5_13_2_0,2023,5,13,26,1,1,0,0,,,3613.4187685
4385972343,4,2023_5_13_2_0,2023,5,13,8,1,1,0,0,,,7856.4186243
4385972395,4,2023_5_13_2_0,2023,5,13,-3,-3,-3,0,0,,,16593.083222
4385972414,4,2023_5_13_2_0,2023,5,13,4,1,2,0,0,,,7856.4186243
4385972456,4,2023_5_13_2_0,2023,5,13,0,2,1,0,0,,,7856.4186243
4385972505,4,2023_5_13_2_0,2023,5,13,15,2,1,0,0,,,7856.4186243
4385972517,4,2023_5_13_2_0,2023,5,13,84,1,1,0,0,,1,1509.2502103
4385972535,4,2023_5_13_2_0,2023,5,13,2,1,4,0,0,,,7856.4186243
4385972542,4,2023_5_13_2_0,2023,5,13,21,2,2,0,0,,,3613.4187685
4385972556,4,2023_5_13_2_0,2023,5,13,25,2,2,0,0,,,2003.4100224
4385972559,4,2023_5_13_2_0,2023,5,13,17,2,3,0,0,,,7856.4186243
4385972576,4,2023_5_13_2_0,2023,5,13,18,2,1,0,0,,,1445.6113841
4385972582,4,2023_5_13_2_0,2023,5,13,-3,-3,1,0,0,1,1,2024.1768605
4385972585,4,2023_5_13_2_0,2023,5,13,22,2,3,0,0,,,3613.4187685
4385972596,4,2023_5_13_2_0,2023,5,13,6,1,1,0,0,,,7856.4186243
4385972605,4,2023_5_13_2_0,2023,5,13,14,2,1,0,0,1,1,26741.318699
4385972606,4,2023_5_13_2_0,2023,5,13,19,2,1,0,0,,,1445.6113841
4385972640,4,2023_5_13_2_0,2023,5,13,10,1,1,0,0,,,7856.4186243
4385972693,4,2023_5_13_2_0,2023,5,13,0,2,3,0,0,,,7856.4186243
4385972696,4,2023_5_13_2_0,2023,5,13,11,2,4,0,0,,,7856.4186243
4385972699,4,2023_5_13_2_0,2023,5,13,18,2,5,0,0,,,3613.4187685
4385972720,4,2023_5_13_2_0,2023,5,13,25,2,2,0,0,,,3613.4187685
4385972872,4,2023_5_13_2_0,2023,5,13,20,2,1,0,0,,,18599.130362
4385972909,4,2023_5_13_2_0,2023,5,13,13,2,3,0,0,,,7856.4186243
4385972944,4,2023_5_13_2_0,2023,5,13,6,2,1,0,0,,,7856.4186243
4385972989,4,2023_5_13_2_0,2023,5,13,0,2,1,0,0,,,10698.332304
4385973002,4,2023_5_13_2_0,2023,5,13,-3,-3,-3,0,0,1,1,4730.8821498
4385973055,4,2023_5_13_2_0,2023,5,13,8,1,1,0,3.1042619957,,,5695.4928312
4385973090,4,2023_5_13_2_0,2023,5,13,26,1,1,0,0,,,4920.5059693
4385973155,4,2023_5_13_2_0,2023,5,13,-3,-3,-3,0,0,1,1,3613.4187685
4385973162,4,2023_5_13_2_0,2023,5,13,38,2,2,0,0,,,25710.776104
4385973169,4,2023_5_13_2_0,2023,5,13,12,1,2,0,0,,,3143.0976949
4385973174,4,2023_5_13_2_0,2023,5,13,9,2,3,0,0,,,7856.4186243
4385973197,4,2023_5_13_2_0,2023,5,13,26,1,2,0,0,,,4730.8821498
4385973201,4,2023_5_13_2_0,2023,5,13,11,2,-3,0,0,,,7856.4186243
4385973232,4,2023_5_13_2_0,2023,5,13,27,2,4,0,0,1,1,3613.4187685
4385973270,4,2023_5_13_2_0,2023,5,13,14,1,2,0,0,,,7856.4186243
4385973312,4,2023_5_13_2_0,2023,5,13,3,2,1,0,0,,,10536.874984
4385973331,4,2023_5_15_1_0,2023,5,15,10,2,4,0,0,,,559.10998631
4385973337,4,2023_5_15_1_0,2023,5,15,24,2,4,0,0,,,1079.5111189
4385973339,4,2023_5_15_1_0,2023,5,15,7,1,5,0,0,,,423.45530802
4385973354,4,2023_5_15_1_0,2023,5,15,68,2,4,0,0,,,231.85444442
4385973355,4,2023_5_15_1_0,2023,5,15,64,1,4,0,0,,,1083.3728158
4385973377,4,2023_5_15_1_0,2023,5,15,3,1,4,0,0,,,423.45530802
4385973399,4,2023_5_15_1_0,2023,5,15,23,1,4,0,0,,,620.89889304
4385973407,4,2023_5_15_1_0,2023,5,15,-3,-3,-3,0,0,1,1,339.96071169
4385973410,4,2023_5_15_1_0,2023,5,15,9,2,4,0,0,,,1304.261775
4385973411,4,2023_5_15_1_0,2023,5,15,13,1,3,0,0,,,231.85444442
4385973420,4,2023_5_15_1_0,2023,5,15,47,1,4,0,0,,,133.35496538
4385973422,4,2023_5_15_1_0,2023,5,15,29,2,5,0,0,,,231.85444442
4385973435,4,2023_5_15_1_0,2023,5,15,58,2,1,0,0,,,423.45530802
4385973459,4,2023_5_15_1_0,2023,5,15,5,1,4,0,0,,,776.15873783
4385973469,4,2023_5_15_1_0,2023,5,15,5,1,4,0,3.0029698172,,,729.72509747
4385973477,4,2023_5_15_1_0,2023,5,15,1,2,4,0,0,,,591.06461998
4385973483,4,2023_5_15_1_0,2023,5,15,8,1,4,0,0,,,1079.5111189
4385973499,4,2023_5_15_1_0,2023,5,15,67,1,4,0,0,,,133.35496538
4385973501,4,2023_5_15_1_0,2023,5,15,19,2,5,0,0,,,243.55740983
4385973518,4,2023_5_15_1_0,2023,5,15,-3,-3,-3,0,0,1,1,423.45530802
4385973521,4,2023_5_15_1_0,2023,5,15,25,1,4,0,0,,,243.55740983
4385973542,4,2023_5_15_1_0,2023,5,15,9,1,4,0,0,,,231.85444442
4385973546,4,2023_5_15_1_0,2023,5,15,9,1,5,0,1.0009899391,,,776.15873783
4385973585,4,2023_5_15_1_0,2023,5,15,20,1,4,0,0,,,243.55740983
4385973586,4,2023_5_15_1_0,2023,5,15,28,1,4,0,0,,,339.96071169
4385973587,4,2023_5_15_1_0,2023,5,15,19,1,4,0,0,1,1,243.55740983
4385973598,4,2023_5_15_1_0,2023,5,15,22,1,4,0,0,,,243.55740983
4385973620,4,2023_5_15_1_0,2023,5,15,22,1,4,0,0,,,620.89889304
4385973627,4,2023_5_15_1_0,2023,5,15,12,2,5,0,0,,,423.45530802
4385973642,4,2023_5_15_1_0,2023,5,15,24,2,3,0,0,,,339.96071169
4385973665,4,2023_5_15_1_0,2023,5,15,8,1,1,0,0,,,776.15873783
4385973673,4,2023_5_15_1_0,2023,5,15,42,2,5,0,0,,,190.205577
4385973674,4,2023_5_15_1_0,2023,5,15,5,1,3,0,0,,,776.15873783
4385973676,4,2023_5_15_1_0,2023,5,15,22,1,4,0,0,,,620.89889304
4385973685,4,2023_5_15_1_0,2023,5,15,65,2,4,0,0,,,133.35496538
4385973690,4,2023_5_15_1_0,2023,5,15,85,2,4,0,0,,,339.96071169
4385973697,4,2023_5_15_1_0,2023,5,15,44,2,4,0,0,,,231.85444442
4385973705,4,2023_5_15_1_0,2023,5,15,20,2,4,0,0,,,243.55740983
4385973712,4,2023_5_15_1_0,2023,5,15,6,2,4,0,0,,,423.45530802
4385973732,4,2023_5_15_1_0,2023,5,15,12,1,3,0,1.0009899391,,,423.45530802
4385973736,4,2023_5_15_1_0,2023,5,15,18,1,5,0,0,,,423.45530802
4385973752,4,2023_5_15_1_0,2023,5,15,-3,-3,-3,0,0,,,133.35496538
4385973763,4,2023_5_15_1_0,2023,5,15,28,1,-3,0,0,,,339.96071169
4385973764,4,2023_5_15_1_0,2023,5,15,5,2,4,0,0,,,423.45530802
4385973775,4,2023_5_15_1_0,2023,5,15,29,2,5,0,0,,,423.45530802
4385973790,4,2023_5_15_1_0,2023,5,15,23,1,5,3.9960402437,2.0019798781,,,137.01557732
4385973800,4,2023_5_15_1_0,2023,5,15,17,2,1,0,0,,,305.03823501
4385973813,4,2023_5_15_1_0,2023,5,15,51,2,3,0,0,,,776.15873783
4385973834,4,2023_5_15_1_0,2023,5,15,11,2,4,0,10.009899391,,,231.85444442
4385973839,4,2023_5_15_1_0,2023,5,15,25,2,4,0,0,,,339.96071169
4385973840,4,2023_5_15_1_0,2023,5,15,4,1,3,0,0,,,1079.5111189
4385973848,4,2023_5_15_1_0,2023,5,15,16,2,1,0,0,,,1079.5111189
4385973865,4,2023_5_15_1_0,2023,5,15,12,1,3,0,6.0059396344,,,1079.5111189
4385973892,4,2023_5_15_1_0,2023,5,15,8,1,4,0,0,1,1,399.54631303
4385973916,4,2023_5_15_1_0,2023,5,15,26,1,4,0,0,,,244.42867913
4385973920,4,2023_5_15_1_0,2023,5,15,10,2,5,0,0,,,776.15873783
4385973922,4,2023_5_15_1_0,2023,5,15,3,1,3,0,0,,,231.85444442
4385973924,4,2023_5_15_1_0,2023,5,15,12,2,3,0,1.0009899391,,,423.45530802
4385973926,4,2023_5_15_1_0,2023,5,15,75,2,1,0,0,,,231.85444442
4385973937,4,2023_5_15_1_0,2023,5,15,17,1,4,1.9980201219,2.0019798781,,,305.03823501
4385973938,4,2023_5_15_1_0,2023,5,15,16,1,5,0,0,,,1079.5111189
4385973954,4,2023_5_15_1_0,2023,5,15,0,1,4,0,0,,,423.45530802
4385973975,4,2023_5_15_1_0,2023,5,15,28,2,1,0,0,,,133.35496538
4385974047,4,2023_5_15_1_0,2023,5,15,-3,-3,-3,0,0,,,446.42069239
4385974091,4,2023_5_15_1_0,2023,5,15,25,1,4,0,10.009899391,,,776.15873783
4385974105,4,2023_5_15_1_0,2023,5,15,28,2,1,0,0,,,133.35496538
4385974106,4,2023_5_15_1_0,2023,5,15,33,1,1,0,0,,1,133.35496538
4385974136,4,2023_5_15_1_0,2023,5,15,2,1,1,0,0,,,776.15873783
4385974137,4,2023_5_15_1_0,2023,5,15,20,1,3,0,0,,,620.89889304
4385974141,4,2023_5_15_1_0,2023,5,15,8,2,1,0,0,,,776.15873783
4385974152,4,2023_5_15_1_0,2023,5,15,7,2,1,0,0,,,776.15873783
4385974157,4,2023_5_15_1_0,2023,5,15,12,2,3,0,0,,,776.15873783
4385974163,4,2023_5_15_1_0,2023,5,15,16,2,5,0,2.0019798781,,,423.45530802
4385974167,4,2023_5_15_1_0,2023,5,15,16,2,1,0,0,,,423.45530802
4385974169,4,2023_5_15_1_0,2023,5,15,8,1,1,0,2.0019798781,,,423.45530802
4385974179,4,2023_5_15_1_0,2023,5,15,4,2,1,0,0,,,559.10998631
4385974195,4,2023_5_15_1_0,2023,5,15,20,2,5,0,0,,,133.35496538
4385974196,4,2023_5_15_1_0,2023,5,15,12,2,5,0,0,,,1079.5111189
4385974197,4,2023_5_15_1_0,2023,5,15,18,1,4,0,2.0019798781,,,231.85444442
4385974213,4,2023_5_15_1_0,2023,5,15,9,1,3,0,0,,,231.85444442
4385974223,4,2023_5_15_1_0,2023,5,15,6,2,1,0,0,,,423.45530802
4385974252,4,2023_5_15_1_0,2023,5,15,17,2,1,0,0,,,423.45530802
4385974272,4,2023_5_15_1_0,2023,5,15,60,1,4,0,0,,,243.55740983
4385974290,4,2023_5_15_1_0,2023,5,15,75,2,1,0,0,,,133.35496538
4385974295,4,2023_5_15_1_0,2023,5,15,25,2,5,0,0,,,620.89889304
4385974309,4,2023_5_15_1_0,2023,5,15,13,2,1,0,0,,,423.45530802
4385974343,4,2023_5_15_1_0,2023,5,15,19,2,5,0,0,,,1079.5111189
4385974345,4,2023_5_15_1_0,2023,5,15,52,2,1,0,0,,,305.03823501
4385974349,4,2023_5_15_1_0,2023,5,15,-3,-3,-3,0,0,,,214.08825004
4385974367,4,2023_5_15_1_0,2023,5,15,54,1,1,0,0,,,244.42867913
4385974390,4,2023_5_15_1_0,2023,5,15,19,2,3,0,2.0019798781,,,243.55740983
4385974432,4,2023_5_15_1_0,2023,5,15,86,2,4,0,0,,,339.96071169
4385974441,4,2023_5_15_1_0,2023,5,15,14,1,5,0,0,,,423.45530802
4385974458,4,2023_5_15_1_0,2023,5,15,6,1,1,0,0,,,1978.6550591
4385974470,4,2023_5_15_1_0,2023,5,15,7,2,5,0,0,,,777.63145281
4385974475,4,2023_5_15_1_0,2023,5,15,8,1,4,0,1.0009899391,,,423.45530802
4385974479,4,2023_5_15_1_0,2023,5,15,20,2,5,0,0,,,423.45530802
4385974487,4,2023_5_15_1_0,2023,5,15,46,2,4,0,0,,,591.06461998
4385974506,4,2023_5_15_1_0,2023,5,15,-3,-3,-3,0,0,1,1,339.96071169
4385974530,4,2023_5_15_1_0,2023,5,15,22,1,4,0,4.0039597563,,,776.15873783
4385974563,4,2023_5_15_1_0,2023,5,15,76,2,4,0,0,,,231.85444442
4385974581,4,2023_5_15_1_0,2023,5,15,30,1,3,0,0,,,243.55740983
4385974620,4,2023_5_15_1_0,2023,5,15,14,1,5,0,2.0019798781,,,511.61730713
4385974637,4,2023_5_15_1_0,2023,5,15,22,2,1,0,0,,,243.55740983
4385974666,4,2023_5_15_1_0,2023,5,15,-3,-3,-3,0,0,,,243.55740983
4385974675,4,2023_5_15_1_0,2023,5,15,12,1,1,0,0,,,423.45530802
4385974683,4,2023_5_15_1_0,2023,5,15,80,1,1,5.9940603656,0,,,174.24764131
4385974691,4,2023_5_15_1_0,2023,5,15,18,2,1,0,0,,,776.15873783
4385974701,4,2023_5_15_1_0,2023,5,15,2,1,5,0,0,,,776.15873783
4385974710,4,2023_5_15_1_0,2023,5,15,37,1,1,11.988120731,0,,,244.42867913
4385974719,4,2023_5_15_1_0,2023,5,15,-3,-3,-3,0,0,1,1,446.42069239
4385974772,4,2023_5_15_1_0,2023,5,15,10,2,5,0,0,,,776.15873783
4385974802,4,2023_5_15_1_0,2023,5,15,2,2,3,0,0,,,423.45530802
4385974826,4,2023_5_15_1_0,2023,5,15,25,2,4,0,10.009899391,,,620.89889304
4385974833,4,2023_5_15_1_0,2023,5,15,20,2,1,0.9990100609,0,,,175.44784777
4385974858,4,2023_5_15_1_0,2023,5,15,28,2,5,0,0,,,133.35496538
4385974878,4,2023_5_15_1_0,2023,5,15,37,1,4,0,0,,,244.89246799
4385974883,4,2023_5_15_1_0,2023,5,15,15,2,5,0,1.0009899391,,,776.15873783
4385974884,4,2023_5_15_1_0,2023,5,15,12,2,4,0,0,,,423.45530802
4385974888,4,2023_5_15_1_0,2023,5,15,46,1,4,0,0,,,133.35496538
4385974895,4,2023_5_15_1_0,2023,5,15,10,1,1,0,0,,,776.15873783
4385974897,4,2023_5_15_1_0,2023,5,15,5,1,5,0,0,,,423.45530802
4385974911,4,2023_5_15_1_0,2023,5,15,39,1,5,0,0,,,339.96071169
4385974914,4,2023_5_15_1_0,2023,5,15,30,1,4,0,0,,,133.35496538
4385974932,4,2023_5_15_1_0,2023,5,15,0,2,4,0,0,,,511.61730713
4385974953,4,2023_5_15_1_0,2023,5,15,74,1,-3,0,0,,,324.4826823
4385974995,4,2023_5_15_1_0,2023,5,15,18,2,5,0,11.01088933,,,231.85444442
4385975024,4,2023_5_15_1_0,2023,5,15,58,1,4,0,0,,,133.35496538
4385975027,4,2023_5_15_1_0,2023,5,15,21,2,4,0,0,,,339.96071169
4385975039,4,2023_5_15_1_0,2023,5,15,29,2,4,0,0,,,231.85444442
4385975045,4,2023_5_15_1_0,2023,5,15,52,1,5,0,0,,,339.96071169
4385975047,4,2023_5_15_1_0,2023,5,15,15,2,4,0,0,,,423.45530802
4385975055,4,2023_5_15_1_0,2023,5,15,-3,2,5,0,0,,,545.77340741
4385975056,4,2023_5_15_1_0,2023,5,15,1,2,5,0,0,,,423.45530802
4385975059,4,2023_5_15_1_0,2023,5,15,79,2,4,0,0,,,133.35496538
4385975069,4,2023_5_15_1_0,2023,5,15,43,1,4,0,4.0039597563,,,446.42069239
4385975084,4,2023_5_15_1_0,2023,5,15,18,2,5,0,0,,,243.55740983
4385975116,4,2023_5_15_1_0,2023,5,15,34,2,4,0,0,,,1079.5111189
4385975120,4,2023_5_15_1_0,2023,5,15,43,1,3,0,0,,,339.96071169
4385975123,4,2023_5_15_1_0,2023,5,15,8,1,1,0,0,,,776.15873783
4385975134,4,2023_5_15_1_0,2023,5,15,90,1,4,0,10.009899391,,,133.35496538
4385975171,4,2023_5_15_1_0,2023,5,15,71,1,4,0,0,,,133.35496538
4385975181,4,2023_5_15_1_0,2023,5,15,20,1,4,0,0,,,133.35496538
4385975185,4,2023_5_15_1_0,2023,5,15,15,1,4,0,0,,,1978.6550591
4385975187,4,2023_5_15_1_0,2023,5,15,2,1,1,0,0,,,776.15873783
4385975189,4,2023_5_15_1_0,2023,5,15,0,2,1,0,0,,,776.15873783
4385975199,4,2023_5_15_1_0,2023,5,15,1,2,3,0,0,,,776.15873783
4385975201,4,2023_5_15_1_0,2023,5,15,28,1,4,0,0,,,339.96071169
4385975222,4,2023_5_15_1_0,2023,5,15,10,1,4,0,0,,,330.69641057
4385975229,4,2023_5_15_1_0,2023,5,15,21,2,3,0,0,,,243.55740983
4385975232,4,2023_5_15_1_0,2023,5,15,8,2,4,0,0,,,423.45530802
4385975241,4,2023_5_15_1_0,2023,5,15,9,1,3,0,6.8668443354,,,1384.470917
4385975265,4,2023_5_15_1_0,2023,5,15,23,1,4,0,0,,,776.15873783
4385975268,4,2023_5_15_1_0,2023,5,15,0,1,4,0,0,,,423.45530802
4385975273,4,2023_5_15_1_0,2023,5,15,19,2,4,0,0,,,620.89889304
4385975277,4,2023_5_15_1_0,2023,5,15,10,1,5,0,1.0009899391,,,423.45530802
4385975278,4,2023_5_15_1_0,2023,5,15,72,1,5,0,0,,,410.73941111
4385975297,4,2023_5_15_1_0,2023,5,15,-3,2,5,0,0,,,620.89889304
4385975310,4,2023_5_15_1_0,2023,5,15,14,1,4,0,0,,,1079.5111189
4385975312,4,2023_5_15_1_0,2023,5,15,8,2,4,0,0,,,1079.5111189
4385975345,4,2023_5_15_1_0,2023,5,15,42,2,4,0,0,,,339.96071169
4385975355,4,2023_5_15_1_0,2023,5,15,14,1,4,0,0,,,231.85444442
4385975356,4,2023_5_15_1_0,2023,5,15,57,2,4,0,0,,,133.35496538
4385975359,4,2023_5_15_1_0,2023,5,15,47,1,1,0,0,,,231.85444442
4385975360,4,2023_5_15_1_0,2023,5,15,32,1,5,0,0,,,133.35496538
4385975371,4,2023_5_15_1_0,2023,5,15,5,2,1,0,0,,,423.45530802
4385975386,4,2023_5_15_1_0,2023,5,15,28,1,4,0,0,,,591.06461998
4385975395,4,2023_5_15_1_0,2023,5,15,16,1,1,1.9980201219,2.0019798781,,,511.61730713
4385975396,4,2023_5_15_1_0,2023,5,15,56,1,1,23.976241462,0,,,423.45530802
4385975447,4,2023_5_15_1_0,2023,5,15,15,2,5,7.4381095563,11.041260296,,,307.12037693
4385975476,4,2023_5_15_1_0,2023,5,15,20,2,3,0,0,,,133.35496538
4385975486,4,2023_5_15_1_0,2023,5,15,30,2,2,0,0,1,1,175.44784777
4385975488,4,2023_5_15_1_0,2023,5,15,15,2,4,0,0,,,231.85444442
4385975494,4,2023_5_15_1_0,2023,5,15,20,2,5,0,0,,,231.85444442
4385975495,4,2023_5_15_1_0,2023,5,15,10,1,5,0,0,,,231.85444442
4385975500,4,2023_5_15_1_0,2023,5,15,25,2,4,0,0,,,330.69641057
4385975521,4,2023_5_15_1_0,2023,5,15,84,2,4,0,0,,,339.96071169
4385975533,4,2023_5_15_1_0,2023,5,15,84,1,4,0,0,,,231.85444442
4385975537,4,2023_5_15_1_0,2023,5,15,40,2,4,0,0,,,511.61730713
4385975572,4,2023_5_15_1_0,2023,5,15,7,1,1,0,0,,,423.45530802
4385975584,4,2023_5_15_1_0,2023,5,15,64,1,4,0,0,,,161.11902953
4385975615,4,2023_5_15_1_0,2023,5,15,21,2,5,0,0,,,243.55740983
4385975624,4,2023_5_15_1_0,2023,5,15,19,2,4,0,0,,,133.35496538
4385975640,4,2023_5_15_1_0,2023,5,15,11,1,4,0,0,,,776.15873783
4385975647,4,2023_5_15_1_0,2023,5,15,26,2,4,0,0,,,339.96071169
4385975655,4,2023_5_15_1_0,2023,5,15,-3,-3,-3,0,0,1,1,244.89246799
4385975665,4,2023_5_15_1_0,2023,5,15,-3,-3,-3,0,0,,,243.55740983
4385975671,4,2023_5_15_1_0,2023,5,15,-3,1,-3,0,0,,,659.40163156
4385975724,4,2023_5_15_1_0,2023,5,15,7,1,4,0,0,,,423.45530802
4385975726,4,2023_5_15_1_0,2023,5,15,7,1,4,0,0,,,231.85444442
4385975736,4,2023_5_15_1_0,2023,5,15,43,1,1,0,0,,,244.42867913
4385975747,4,2023_5_15_1_0,2023,5,15,15,2,5,0,0,,,423.45530802
4385975763,4,2023_5_15_1_0,2023,5,15,-3,1,4,0,0,,,347.38847211
4385975781,4,2023_5_15_1_0,2023,5,15,36,1,3,0,0,,,243.55740983
4385975782,4,2023_5_15_1_0,2023,5,15,1,2,4,0,0,,,776.15873783
4385975787,4,2023_5_15_1_0,2023,5,15,60,2,4,0,0,,,339.96071169
4385975817,4,2023_5_15_1_0,2023,5,15,10,2,3,0,0,,,423.45530802
4385975820,4,2023_5_15_1_0,2023,5,15,40,2,1,0,0,,,167.01755572
4385975850,4,2023_5_15_1_0,2023,5,15,30,1,1,0,0,,,133.35496538
4385975880,4,2023_5_15_1_0,2023,5,15,-3,1,-3,0,0,,,392.40614721
4385975886,4,2023_5_15_1_0,2023,5,15,11,1,5,0,0,,,423.45530802
4385975891,4,2023_5_15_1_0,2023,5,15,4,2,4,0,0,,,423.45530802
4385975914,4,2023_5_15_1_0,2023,5,15,17,2,4,0,0,,,423.45530802
4385975953,4,2023_5_15_1_0,2023,5,15,31,2,4,0,0,,,133.35496538
4385976027,4,2023_5_15_1_0,2023,5,15,79,2,4,0,0,,,133.35496538
4385976073,4,2023_5_15_1_0,2023,5,15,0,1,5,0,0,,,1083.3728158
4385976079,4,2023_5_15_1_0,2023,5,15,-3,-3,-3,0,0,1,1,446.42069239
4385976128,4,2023_5_15_1_0,2023,5,15,41,2,4,0,0,,,339.96071169
4385976130,4,2023_5_15_1_0,2023,5,15,19,2,5,0,0,,,446.42069239
4385976150,4,2023_5_15_1_0,2023,5,15,26,1,1,0,0,,,133.35496538
4385976154,4,2023_5_15_1_0,2023,5,15,4,1,4,0,0,,,1978.6550591
4385976157,4,2023_5_15_1_0,2023,5,15,11,2,4,0,0,,,1978.6550591
4385976162,4,2023_5_15_1_0,2023,5,15,76,2,4,0,0,,,133.35496538
4385976167,4,2023_5_15_1_0,2023,5,15,-3,-3,-3,0,0,,,243.55740983
4385976169,4,2023_5_15_1_0,2023,5,15,-3,-3,-3,0,0,1,1,133.35496538
4385976222,4,2023_5_15_1_0,2023,5,15,60,2,1,0,0,,,424.97011971
4385976225,4,2023_5_15_1_0,2023,5,15,14,2,4,0,0,,,330.69641057
4385976236,4,2023_5_15_1_0,2023,5,15,3,1,5,0,0,,,423.45530802
4385976237,4,2023_5_15_1_0,2023,5,15,12,2,4,0,0,,,423.45530802
4385976243,4,2023_5_15_1_0,2023,5,15,10,2,3,0,3.0029698172,,,776.15873783
4385976270,4,2023_5_15_1_0,2023,5,15,82,2,4,0,0,,,339.96071169
4385976287,4,2023_5_15_1_0,2023,5,15,38,2,5,0,1.0009899391,,,591.06461998
4385976288,4,2023_5_15_1_0,2023,5,15,16,1,4,0,0,,,1079.5111189
4385976292,4,2023_5_15_1_0,2023,5,15,36,2,4,0,0,,,243.55740983
4385976293,4,2023_5_15_1_0,2023,5,15,14,1,5,0,0,,,231.85444442
4385976294,4,2023_5_15_1_0,2023,5,15,7,1,5,0,0,,,423.45530802
4385976296,4,2023_5_15_1_0,2023,5,15,30,2,1,0,0,,,339.96071169
4385976313,4,2023_5_15_1_0,2023,5,15,19,2,1,0,0,,,175.44784777
4385976319,4,2023_5_15_1_0,2023,5,15,11,2,4,0,0,,,423.45530802
4385976336,4,2023_5_15_1_0,2023,5,15,6,1,4,0,0,,,423.45530802
4385976373,4,2023_5_15_1_0,2023,5,15,54,2,4,0,0,,,423.45530802
4385976399,4,2023_5_15_1_0,2023,5,15,15,1,4,0,0,,,231.85444442
4385976408,4,2023_5_15_1_0,2023,5,15,13,1,5,0,0,,,776.15873783
4385976409,4,2023_5_15_1_0,2023,5,15,-3,-3,-3,0,0,1,1,339.96071169
4385976450,4,2023_5_15_1_0,2023,5,15,4,2,4,0,0,,,776.15873783
4385976456,4,2023_5_15_1_0,2023,5,15,4,1,5,0,0,,,1079.5111189
4385976483,4,2023_5_15_1_0,2023,5,15,28,2,4,0,0,,,620.89889304
4385976485,4,2023_5_15_1_0,2023,5,15,26,2,4,0,0,,,243.55740983
4385976494,4,2023_5_15_1_0,2023,5,15,15,1,4,0,0,,,231.85444442
4385976510,4,2023_5_15_1_0,2023,5,15,78,1,4,0,0,,,133.35496538
4385976527,4,2023_5_15_1_0,2023,5,15,36,2,4,0,0,,,231.85444442
4385976528,4,2023_5_15_1_0,2023,5,15,11,1,3,0,0,,,423.45530802
4385976542,4,2023_5_15_1_0,2023,5,15,24,1,4,0,0,,,339.96071169
4385976547,4,2023_5_15_1_0,2023,5,15,-3,1,3,0,0,1,1,446.42069239
4385976579,4,2023_5_15_1_0,2023,5,15,8,2,5,0,0,,,776.15873783
4385976580,4,2023_5_15_1_0,2023,5,15,15,1,1,0,0,,,776.15873783
4385976586,4,2023_5_15_1_0,2023,5,15,21,2,4,0,0,,,243.55740983
4385976600,4,2023_5_15_1_0,2023,5,15,32,1,4,0,0,,,133.35496538
4385976604,4,2023_5_15_1_0,2023,5,15,25,2,4,0,0,,,133.35496538
4385976605,4,2023_5_15_1_0,2023,5,15,-3,-3,-3,0,0,1,1,243.55740983
4385976607,4,2023_5_15_1_0,2023,5,15,22,1,3,0,0,,,1083.3728158
4385976620,4,2023_5_15_1_0,2023,5,15,16,1,2,0,0,,,776.15873783
4385976655,4,2023_5_15_1_0,2023,5,15,57,2,4,0,0,,,339.96071169
4385976660,4,2023_5_15_1_0,2023,5,15,11,2,1,0,0,,,776.15873783
4385976668,4,2023_5_15_1_0,2023,5,15,64,2,4,0,0,,,244.42867913
4385976669,4,2023_5_15_1_0,2023,5,15,21,1,4,0,0,,,231.85444442
4385976670,4,2023_5_15_1_0,2023,5,15,19,1,4,0,0,,,243.55740983
4385976679,4,2023_5_15_1_0,2023,5,15,73,1,2,0,0,,,190.205577
4385976700,4,2023_5_15_1_0,2023,5,15,10,2,3,0,0,,,776.15873783
4385976744,4,2023_5_15_1_0,2023,5,15,25,2,4,0,0,,,243.55740983
4385976745,4,2023_5_15_1_0,2023,5,15,-3,-3,-3,0,0,1,1,244.42867913
4385976746,4,2023_5_15_1_0,2023,5,15,43,2,4,0,0,,,231.85444442
4385976764,4,2023_5_15_1_0,2023,5,15,56,2,4,0,0,,,339.96071169
4385976771,4,2023_5_15_1_0,2023,5,15,23,1,5,0,0,,,339.96071169
4385976787,4,2023_5_15_1_0,2023,5,15,0,2,4,0,0,,,423.45530802
4385976788,4,2023_5_15_1_0,2023,5,15,10,2,5,0,0,,,776.15873783
4385976794,4,2023_5_15_1_0,2023,5,15,14,1,5,0,0,,,423.45530802
4385976798,4,2023_5_15_1_0,2023,5,15,34,2,4,0,0,,,591.06461998
4385976844,4,2023_5_15_1_0,2023,5,15,19,2,4,0,0,,,446.42069239
4385976847,4,2023_5_15_1_0,2023,5,15,-3,-3,-3,0,0,1,1,133.35496538
4385976849,4,2023_5_15_1_0,2023,5,15,4,1,4,0,0,,,423.45530802
4385976908,4,2023_5_15_1_0,2023,5,15,-3,2,4,0,0,,,214.08825004
4385976910,4,2023_5_15_1_0,2023,5,15,7,1,4,0,2.0019798781,,,423.45530802
4385976917,4,2023_5_15_1_0,2023,5,15,22,2,5,0,0,,,243.55740983
4385976943,4,2023_5_15_1_0,2023,5,15,10,1,5,0,0,,,776.15873783
4385976952,4,2023_5_15_1_0,2023,5,15,13,2,4,0,0,,,423.45530802
4385976970,4,2023_5_15_1_0,2023,5,15,10,2,4,0,0,,,423.45530802
4385976976,4,2023_5_15_1_0,2023,5,15,8,1,4,0,0,,,423.45530802
4385976979,4,2023_5_15_1_0,2023,5,15,22,1,4,0,2.0019798781,,,620.89889304
4385976993,4,2023_5_15_1_0,2023,5,15,15,1,1,0,0,,,423.45530802
4385977009,4,2023_5_15_1_0,2023,5,15,20,2,4,0,0,,,243.55740983
4385977022,4,2023_5_15_1_0,2023,5,15,12,1,4,0,0,,,776.15873783
4385977025,4,2023_5_15_1_0,2023,5,15,40,1,5,0,0,,,96.062943356
4385977027,4,2023_5_15_1_0,2023,5,15,15,2,4,0,3.0029698172,,,231.85444442
4385977029,4,2023_5_15_1_0,2023,5,15,-3,-3,-3,0,0,,,339.96071169
4385977033,4,2023_5_15_1_0,2023,5,15,5,2,5,0,0,,,423.45530802
4385977042,4,2023_5_15_1_0,2023,5,15,-3,-3,-3,0,0,1,1,423.45530802
4385977135,4,2023_5_15_1_0,2023,5,15,7,2,4,0,0,,,776.15873783
4385977171,4,2023_5_25_1_1,2023,5,25,-3,-3,-3,0,0,1,1,125.90015239
4385977172,4,2023_5_25_1_1,2023,5,25,22,1,1,0,0,,,598.16675213
4385977186,4,2023_5_25_1_1,2023,5,25,19,1,1,0,0,,,126.2549537
4385977191,4,2023_5_25_1_1,2023,5,25,3,2,1,0,0,,,242.45771066
4385977193,4,2023_5_25_1_1,2023,5,25,8,2,5,0,0,,,317.41390251
4385977216,4,2023_5_25_1_1,2023,5,25,15,2,1,0,0,,,1148.7085224
4385977220,4,2023_5_25_1_1,2023,5,25,23,1,1,0,4.0069138336,,,159.83859762
4385977254,4,2023_5_25_1_1,2023,5,25,10,2,1,0,0,,,317.41390251
4385977274,4,2023_5_25_1_1,2023,5,25,19,2,1,0,0,,,164.35920391
4385977275,4,2023_5_25_1_1,2023,5,25,14,2,1,0,0,,,1148.7085224
4385977276,4,2023_5_25_1_1,2023,5,25,-3,-3,-3,0,0,,,164.35920391
4385977287,4,2023_5_25_1_1,2023,5,25,76,1,4,0,0,,,57.49675889
4385977310,4,2023_5_25_1_1,2023,5,25,-3,2,1,0,0,,,100.5993695
4385977315,4,2023_5_25_1_1,2023,5,25,15,2,1,0,0,,,317.41390251
4385977336,4,2023_5_25_1_1,2023,5,25,1,2,1,0,0,,,317.41390251
4385977349,4,2023_5_25_1_1,2023,5,25,5,2,3,0,2.0034569168,,,317.41390251
4385977363,4,2023_5_25_1_1,2023,5,25,22,1,1,0,0,,,125.90015239
4385977373,4,2023_5_25_1_1,2023,5,25,-3,-3,-3,0,0,1,1,126.2549537
4385977385,4,2023_5_25_1_1,2023,5,25,-3,2,-3,0,0,,,57.33518166
4385977404,4,2023_5_25_1_1,2023,5,25,20,2,1,0,0,,,317.41390251
4385977412,4,2023_5_25_1_1,2023,5,25,4,1,3,0,0,,,243.14098477
4385977435,4,2023_5_25_1_1,2023,5,25,1,1,3,0,0,,,316.52190685
4385977450,4,2023_5_25_1_1,2023,5,25,22,1,1,0,0,,,125.90015239
4385977464,4,2023_5_25_1_1,2023,5,25,2,2,1,0,0,,,317.41390251
4385977469,4,2023_5_25_1_1,2023,5,25,18,1,1,0,0,,,879.91773249
4385977472,4,2023_5_25_1_1,2023,5,25,5,2,4,0,0,,,243.14098477
4385977479,4,2023_5_25_1_1,2023,5,25,55,2,1,0,0,,,126.2549537
4385977494,4,2023_5_25_1_1,2023,5,25,24,1,2,0,0,,,208.07852595
4385977507,4,2023_5_25_1_1,2023,5,25,25,1,4,0,0,,,57.49675889
4385977517,4,2023_5_25_1_1,2023,5,25,10,2,3,0,0,,,316.52190685
4385977552,4,2023_5_25_1_1,2023,5,25,67,1,4,0,0,,,400.71629845
4385977553,4,2023_5_25_1_1,2023,5,25,7,2,1,0,1.0017284584,,,882.3974433
4385977569,4,2023_5_25_1_1,2023,5,25,18,1,1,0,0,,,125.90015239
4385977574,4,2023_5_25_1_1,2023,5,25,-3,-3,-3,0,0,1,1,1151.945717
4385977575,4,2023_5_25_1_1,2023,5,25,19,2,1,0,0,,,1148.7085224
4385977589,4,2023_5_25_1_1,2023,5,25,19,1,4,0,0,,,243.14098477
4385977601,4,2023_5_25_1_1,2023,5,25,-3,1,1,4.9913577079,4.0069138336,,,131.32972416
4385977606,4,2023_5_25_1_1,2023,5,25,46,2,1,0,0,,,100.99505739
4385977608,4,2023_5_25_1_1,2023,5,25,13,2,2,0,2.0034569168,,,1151.945717
4385977612,4,2023_5_25_1_1,2023,5,25,18,1,1,0,0,,,164.35920391
4385977615,4,2023_5_25_1_1,2023,5,25,25,1,1,0,0,,,126.2549537
4385977643,4,2023_5_25_1_1,2023,5,25,19,1,1,0,0,,,596.48578561
4385977663,4,2023_5_25_1_1,2023,5,25,19,2,1,0,0,,,164.82238732
4385977677,4,2023_5_25_1_1,2023,5,25,75,2,1,0,0,,,159.83859762
4385977702,4,2023_5_25_1_1,2023,5,25,2,1,1,0,0,,,316.52190685
4385977703,4,2023_5_25_1_1,2023,5,25,22,2,5,0,0,,,164.82238732
4385977710,4,2023_5_25_1_1,2023,5,25,-3,-3,-3,0,0,1,1,164.82238732
4385977715,4,2023_5_25_1_1,2023,5,25,20,1,1,0,0,,,164.35920391
4385977724,4,2023_5_25_1_1,2023,5,25,1,1,1,0,0,,,243.14098477
4385977728,4,2023_5_25_1_1,2023,5,25,7,1,1,0,0,,,316.52190685
4385977729,4,2023_5_25_1_1,2023,5,25,8,2,1,2.9948146248,2.0034569168,,,317.41390251
4385977754,4,2023_5_25_1_1,2023,5,25,12,1,1,0,3.0051853752,,,882.3974433
4385977755,4,2023_5_25_1_1,2023,5,25,52,1,3,0,0,,,317.41390251
4385977757,4,2023_5_25_1_1,2023,5,25,27,1,1,0,0,,,316.52190685
4385977773,4,2023_5_25_1_1,2023,5,25,6,2,5,0,0,,,2717.9051807
4385977776,4,2023_5_25_1_1,2023,5,25,65,1,1,0,20.034569168,,1,331.62927333
4385977793,4,2023_5_25_1_1,2023,5,25,30,1,1,4.9913577079,3.0051853752,,,164.82238732
4385977797,4,2023_5_25_1_1,2023,5,25,16,1,1,0,2.0034569168,,,317.41390251
4385977808,4,2023_5_25_1_1,2023,5,25,14,1,1,0,1.0017284584,,,243.14098477
4385977832,4,2023_5_25_1_1,2023,5,25,-3,-3,-3,0,0,1,1,164.82238732
4385977859,4,2023_5_25_1_1,2023,5,25,16,1,1,0,0,,,400.71629845
4385977860,4,2023_5_25_1_1,2023,5,25,-3,-3,-3,0,0,1,1,126.2549537
4385977877,4,2023_5_25_1_1,2023,5,25,8,1,1,0,0,,,316.52190685
4385977880,4,2023_5_25_1_1,2023,5,25,7,2,1,0,0,,,879.91773249
4385977886,4,2023_5_25_1_1,2023,5,25,9,1,1,0.9982715416,0,,,317.41390251
4385977900,4,2023_5_25_1_1,2023,5,25,21,1,1,0,0,,,208.07852595
4385977914,4,2023_5_25_1_1,2023,5,25,9,2,3,0,2.0034569168,,,243.14098477
4385977925,4,2023_5_25_1_1,2023,5,25,44,1,1,0,0,,,1148.7085224
4385977961,4,2023_5_25_1_0,2023,5,25,17,2,4,0,0,,,1104.7996075
4385977964,4,2023_5_25_1_0,2023,5,25,76,2,3,0,0,,,1104.7996075
4385978021,4,2023_5_25_1_0,2023,5,25,16,1,1,0,0,,,3167.0604107
4385978041,4,2023_5_25_1_0,2023,5,25,19,2,1,0,0,,,5968.3278669
4385978063,4,2023_5_25_1_0,2023,5,25,14,1,3,0,0,1,1,7493.4326069
4385978065,4,2023_5_25_1_0,2023,5,25,62,2,1,0,0,,,7493.4326069
4385978169,4,2023_5_25_1_0,2023,5,25,20,2,1,0,0,,,1644.5481863
4385978179,4,2023_5_25_1_0,2023,5,25,7,2,1,0,0,,,4009.4941211
4385978259,4,2023_5_25_1_0,2023,5,25,14,1,2,0,0,,,3167.0604107
4385978270,4,2023_5_25_1_0,2023,5,25,10,2,3,0,0,,,1104.7996075
4385978285,4,2023_5_25_1_0,2023,5,25,20,2,3,0,0,,,5342.5567191
4385978323,4,2023_5_25_1_0,2023,5,25,31,1,1,0,0,,,573.68535967
4385978339,4,2023_5_25_1_0,2023,5,25,3,1,1,0,1.0017284584,,,3175.9855564
4385978352,4,2023_5_25_1_0,2023,5,25,0,1,5,0,0,,,3167.0604107
4385978358,4,2023_5_25_1_0,2023,5,25,2,1,5,0,0,,,3167.0604107
4385978389,4,2023_5_25_1_0,2023,5,25,11,2,1,0,0,,,3167.0604107
4385978413,4,2023_5_25_1_0,2023,5,25,8,1,1,0,0,,,3167.0604107
4385978459,4,2023_5_25_1_0,2023,5,25,17,1,1,0,0,,,3167.0604107
4385978482,4,2023_5_25_1_0,2023,5,25,11,2,1,0,0,,,3167.0604107
4385978485,4,2023_5_25_1_0,2023,5,25,88,2,1,0,0,,,2178.8773738
4385978508,4,2023_5_25_1_0,2023,5,25,8,2,1,0,0,,,3167.0604107
4385978514,4,2023_5_25_1_0,2023,5,25,12,2,1,0,0,,,3167.0604107
4385978516,4,2023_5_25_1_0,2023,5,25,22,2,1,0,0,,,3733.7049392
4385978523,4,2023_5_25_1_0,2023,5,25,77,1,1,0,0,,,575.30207193
4385978527,4,2023_5_25_1_0,2023,5,25,14,1,1,0,3.0051853752,,,3175.9855564
4385978535,4,2023_5_25_1_0,2023,5,25,18,2,1,0,0,,,5968.3278669
4385978540,4,2023_5_25_1_0,2023,5,25,18,1,1,0.9982715416,0,,,4003.0357754
4385978555,4,2023_5_25_1_0,2023,5,25,10,2,1,0,0,,,3167.0604107
4385978632,4,2023_5_25_1_0,2023,5,25,24,1,1,1.9965430832,0,,,1396.4218487
4385978634,4,2023_5_25_1_0,2023,5,25,9,1,1,0,0,,,3167.0604107
4385978636,4,2023_5_25_1_0,2023,5,25,14,1,1,0,0,,,3167.0604107
4385978658,4,2023_5_25_1_0,2023,5,25,12,1,3,0,0,,,3167.0604107
4385978677,4,2023_5_25_1_0,2023,5,25,4,1,1,0,0,,,3167.0604107
4385978684,4,2023_5_25_1_0,2023,5,25,10,1,1,0,0,,,3167.0604107
4385978685,4,2023_5_25_1_0,2023,5,25,6,1,3,0,0,,,3167.0604107
4385978692,4,2023_5_25_1_0,2023,5,25,15,1,1,0,0,,,1940.6189483
4385978740,4,2023_5_25_1_0,2023,5,25,16,1,1,0,0,,,11493.767749
4385978773,4,2023_5_25_1_0,2023,5,25,26,1,1,0,0,,,5968.3278669
4385978780,4,2023_5_25_1_0,2023,5,25,10,2,1,0,0,,,11493.767749
4385978794,4,2023_5_25_1_0,2023,5,25,10,2,1,0,0,,,1104.7996075
4385978913,4,2023_5_25_1_0,2023,5,25,7,1,2,0,0,,,4009.4941211
4385978995,4,2023_5_25_1_0,2023,5,25,1,1,1,0,0,,,3167.0604107
4385979089,4,2023_5_25_1_0,2023,5,25,20,2,1,0,0,,,3891.0880769
4385979144,4,2023_5_25_1_0,2023,5,25,22,2,3,0,0,,,3891.0880769
4385979147,4,2023_5_25_1_0,2023,5,25,40,2,1,0,0,,,2081.9957405
4385979183,4,2023_5_25_1_0,2023,5,25,6,2,1,0,0,,,7493.4326069
4385979285,4,2023_5_25_1_0,2023,5,25,25,1,3,0,0,,,3891.0880769
4385979311,4,2023_5_25_1_0,2023,5,25,23,2,4,0,0,,,5968.3278669
4385979319,4,2023_5_25_1_0,2023,5,25,2,2,5,0,0,,,3167.0604107
4385979349,4,2023_5_25_1_0,2023,5,25,26,1,1,0,0,,,1644.5481863
4385979410,4,2023_5_25_1_0,2023,5,25,7,2,1,0,0,,,4009.4941211
4385979507,4,2023_5_25_1_0,2023,5,25,4,2,1,0,0,,,4009.4941211
4385979538,4,2023_5_25_1_0,2023,5,25,7,1,5,0,0,,,1104.7996075
4385979539,4,2023_5_25_1_0,2023,5,25,8,2,1,0,0,,,11493.767749
4385979546,4,2023_5_25_1_0,2023,5,25,-3,-3,-3,0,0,1,1,2081.9957405
4385979559,4,2023_5_25_1_0,2023,5,25,3,1,1,0,0,,,3167.0604107
4385979579,4,2023_5_25_1_0,2023,5,25,2,1,1,0,0,,,3167.0604107
4385979589,4,2023_5_25_1_0,2023,5,25,30,2,3,0,0,,,573.68535967
4385979593,4,2023_5_25_1_0,2023,5,25,7,2,1,0,0,,,3167.0604107
4385979595,4,2023_5_25_1_0,2023,5,25,20,2,1,0,0,,,573.68535967
4385979613,4,2023_5_25_1_0,2023,5,25,0,1,1,0,0,,,3167.0604107
4385979622,4,2023_5_25_1_0,2023,5,25,42,2,1,0,0,,,4009.4941211
4385979637,4,2023_5_25_1_0,2023,5,25,-3,-3,-3,0,0,1,1,573.68535967
4385979645,4,2023_5_25_1_0,2023,5,25,9,1,1,0,0,,,7493.4326069
4385979662,4,2023_5_25_1_0,2023,5,25,9,1,1,0,0,,,3167.0604107
4385979669,4,2023_5_25_1_0,2023,5,25,12,1,1,0,0,,,3167.0604107
4385979679,4,2023_5_25_1_0,2023,5,25,9,2,1,0,0,,,3167.0604107
4385979680,4,2023_5_25_1_0,2023,5,25,2,1,1,0,0,,,7493.4326069
4385979704,4,2023_5_25_1_0,2023,5,25,13,2,5,0,0,,,3167.0604107
4385979710,4,2023_5_25_1_0,2023,5,25,68,1,1,0,0,,,4009.4941211
4385979738,4,2023_5_25_1_0,2023,5,25,14,1,1,0,0,,,7493.4326069
4385979741,4,2023_5_25_1_0,2023,5,25,13,2,1,0,0,,,11493.767749
4385979764,4,2023_5_25_1_0,2023,5,25,1,1,1,0,0,,,11493.767749
4385979797,4,2023_5_25_1_0,2023,5,25,11,1,1,0,0,,,7493.4326069
4385979800,4,2023_5_25_1_0,2023,5,25,11,2,1,0,0,,,3167.0604107
4385979834,4,2023_5_25_1_0,2023,5,25,16,1,1,0,4.9273711495,,,7394.1555829
4385979862,4,2023_5_25_1_0,2023,5,25,6,2,1,0,0,,,3175.9855564
4385979869,4,2023_5_25_1_0,2023,5,25,20,2,1,0,0,,,1099.9203331
4385979874,4,2023_5_25_1_0,2023,5,25,2,2,3,0,0,,,2118.2195639
4385979891,4,2023_5_25_1_0,2023,5,25,10,2,2,0,0,,,11493.767749
4385979918,4,2023_5_25_1_0,2023,5,25,18,1,1,0,0,,,1644.5481863
4385979931,4,2023_5_25_1_0,2023,5,25,19,1,1,0,0,,,573.68535967
4385979962,4,2023_5_25_1_0,2023,5,25,13,2,1,0,0,,,3167.0604107
4385979966,4,2023_5_25_1_0,2023,5,25,59,2,1,0,1.1529783737,,,1845.5337711
4385979985,4,2023_5_25_1_0,2023,5,25,22,1,1,0,0,,,1644.5481863
4385980024,4,2023_5_25_1_0,2023,5,25,5,1,1,0,0,,,3167.0604107
4385980042,4,2023_5_25_1_0,2023,5,25,23,2,1,0,0,,,1644.5481863
4385980060,4,2023_5_25_1_0,2023,5,25,23,2,1,0,0,,,2081.9957405
4385980094,4,2023_5_25_1_0,2023,5,25,15,1,1,0,0,,,3167.0604107
4385980096,4,2023_5_25_1_0,2023,5,25,42,1,1,0,0,,,11493.767749
4385980117,4,2023_5_25_1_0,2023,5,25,31,1,1,0,0,,,2125.6083041
4385980120,4,2023_5_25_1_0,2023,5,25,25,2,1,0,0,,,2081.9957405
4385980124,4,2023_5_25_1_0,2023,5,25,54,1,1,0,1.0017284584,,,11526.158527
4385980134,4,2023_5_25_1_0,2023,5,25,11,2,3,0,0,,,7493.4326069
4385980171,4,2023_5_25_1_0,2023,5,25,45,2,1,0,0,,,383.69699178
4385980186,4,2023_5_25_1_0,2023,5,25,10,2,1,0,0,,,7493.4326069
4385980198,4,2023_5_25_1_0,2023,5,25,26,1,1,0,0,,,1644.5481863
4385980210,4,2023_5_25_1_0,2023,5,25,5,1,1,0,0,,,3167.0604107
4385980249,4,2023_5_25_2_1,2023,5,25,20,1,5,0,0,,,304.96663447
4385980252,4,2023_5_25_2_1,2023,5,25,16,2,1,0,0,,,1555.4641869
4385980285,4,2023_5_25_2_1,2023,5,25,14,1,1,0,0,,,701.33225835
4385980289,4,2023_5_25_2_1,2023,5,25,24,1,1,0,0,,,200.48219852
4385980321,4,2023_5_25_2_1,2023,5,25,12,2,1,0,0,,,1106.7725945
4385980324,4,2023_5_25_2_1,2023,5,25,0,1,1,0,0,,,428.60175656
4385980346,4,2023_5_25_2_1,2023,5,25,-3,-3,-3,0,0,1,1,77.637468498
4385980352,4,2023_5_25_2_1,2023,5,25,12,1,1,0,0,,,428.60175656
4385980353,4,2023_5_25_2_1,2023,5,25,14,1,5,0,0,,,1106.7725945
4385980361,4,2023_5_25_2_1,2023,5,25,9,2,1,0,0,,,428.60175656
4385980362,4,2023_5_25_2_1,2023,5,25,24,1,1,0,0,,,158.80521272
4385980363,4,2023_5_25_2_1,2023,5,25,8,1,1,0,2.0034569168,,,305.82606602
4385980375,4,2023_5_25_2_1,2023,5,25,37,1,3,0,2.0034569168,,,184.212033
4385980410,4,2023_5_25_2_0,2023,5,25,8,1,1,0,0,,,2985.5882419
4385980413,4,2023_5_25_2_0,2023,5,25,6,2,1,0,0,,,2985.5882419
4385980451,4,2023_5_25_2_0,2023,5,25,2,2,1,0,0,,,2985.5882419
4385980505,4,2023_5_25_2_0,2023,5,25,3,2,1,0,0,,,2994.0019778
4385980563,4,2023_5_25_2_0,2023,5,25,1,2,1,0,0,,,2985.5882419
4385980568,4,2023_5_25_2_0,2023,5,25,19,2,1,0,0,,,1041.494727
4385980574,4,2023_5_25_2_0,2023,5,25,13,2,1,0,0,,,2985.5882419
4385980577,4,2023_5_25_2_0,2023,5,25,25,1,4,0,0,,,540.8132597
4385980620,4,2023_5_25_2_0,2023,5,25,4,1,1,0,0,,,2985.5882419
4385980666,4,2023_5_25_2_0,2023,5,25,14,2,1,4.9913577079,6.0103707505,,,1044.4297807
4385980721,4,2023_5_25_2_0,2023,5,25,19,1,1,0,0,,,2985.5882419
4385980782,4,2023_5_25_2_0,2023,5,25,70,1,1,0,0,,,1041.494727
4385980809,4,2023_5_25_2_0,2023,5,25,1,1,1,0,0,,,2985.5882419
4385980819,4,2023_5_25_2_0,2023,5,25,22,2,1,0,0,,,5626.3434202
4385980820,4,2023_5_25_2_0,2023,5,25,26,2,1,0,0,,,1550.3157792
4385980839,4,2023_5_25_2_0,2023,5,25,8,2,1,0,0,,,2985.5882419
4385980852,4,2023_5_25_2_0,2023,5,25,19,1,1,0,0,,,1554.6847499
4385980878,4,2023_5_25_2_0,2023,5,25,18,1,1,0,0,,,1550.3157792
4385980895,4,2023_5_25_2_0,2023,5,25,-3,-3,-3,0,0,,,3452.2882329
4385980925,4,2023_5_25_2_0,2023,5,25,4,2,1,0,0,,,10835.176282
4385980934,4,2023_5_25_2_0,2023,5,25,21,2,4,0,0,,,1550.3157792
4385980997,4,2023_5_25_2_0,2023,5,25,11,2,1,0,0,,,2985.5882419
4385981003,4,2023_5_25_2_0,2023,5,25,21,1,1,0,0,,,2985.5882419
4385981013,4,2023_5_25_2_0,2023,5,25,5,1,1,0,0,,,2985.5882419
4385981023,4,2023_5_25_2_0,2023,5,25,2,2,1,0,0,,,10835.176282
4385981084,4,2023_5_25_2_0,2023,5,25,8,1,5,0,0,,,1041.494727
4385981103,4,2023_5_25_2_0,2023,5,25,12,2,1,0,0,,,7064.0598478
4385981110,4,2023_5_25_2_0,2023,5,25,6,2,1,0,0,,,2985.5882419
4385981118,4,2023_5_25_2_0,2023,5,25,11,1,3,0,0,,,2985.5882419
4385981148,4,2023_5_24_1_1,2023,5,24,7,2,4,0,0,,,2467.650916
4385981153,4,2023_5_24_1_1,2023,5,24,21,2,1,0,0,,,373.27138562
4385981157,4,2023_5_24_1_1,2023,5,24,18,2,1,0,0,,,1449.5237087
4385981158,4,2023_5_24_1_1,2023,5,24,-3,-3,-3,0,0,1,1,77.248111172
4385981159,4,2023_5_24_1_1,2023,5,24,31,1,1,0,0,,,189.11145094
4385981184,4,2023_5_24_1_1,2023,5,24,10,1,1,0,0,,,148.86117868
4385981185,4,2023_5_24_1_1,2023,5,24,-3,-3,-3,0,0,,,1232.0132751
4385981189,4,2023_5_24_1_1,2023,5,24,3,2,1,0,0,,,358.5941184
4385981217,4,2023_5_24_1_1,2023,5,24,-3,-3,-3,0,0,1,1,192.1879152
4385981232,4,2023_5_24_1_1,2023,5,24,17,1,1,0,0,,,364.42772595
4385981249,4,2023_5_24_1_1,2023,5,24,32,1,2,0,0,,,1449.5237087
4385981264,4,2023_5_24_1_1,2023,5,24,-3,-3,-3,0,0,,,1632.2236818
4385981282,4,2023_5_24_1_1,2023,5,24,17,1,3,0,0,,,719.31361928
4385981302,4,2023_5_24_1_1,2023,5,24,17,2,3,0,0,,,707.79914588
4385981333,4,2023_5_24_1_1,2023,5,24,23,1,1,0,0,,,373.27138562
4385981334,4,2023_5_24_1_1,2023,5,24,16,1,1,0,0,,,707.79914588
4385981342,4,2023_5_24_1_1,2023,5,24,11,2,4,0,0,,,707.79914588
4385981355,4,2023_5_24_1_1,2023,5,24,17,1,1,0,0,,,2704.5960506
4385981357,4,2023_5_24_1_1,2023,5,24,15,1,4,0,0,,,2428.1497859
4385981368,4,2023_5_24_1_1,2023,5,24,25,1,1,0,4.9990853606,,,379.34376289
4385981370,4,2023_5_24_1_1,2023,5,24,10,1,3,0,0,,,1249.035536
4385981371,4,2023_5_24_1_1,2023,5,24,18,1,1,0,0,,,2704.5960506
4385981381,4,2023_5_24_1_1,2023,5,24,23,2,3,0,0,,,1280.5311229
4385981394,4,2023_5_24_1_1,2023,5,24,2,2,3,0,0,,,707.79914588
4385981403,4,2023_5_24_1_1,2023,5,24,8,1,1,0,0,,,2428.1497859
4385981406,4,2023_5_24_1_1,2023,5,24,9,1,2,0,0,,,707.79914588
4385981409,4,2023_5_24_1_1,2023,5,24,14,2,1,0,0,,,707.79914588
4385981424,4,2023_5_24_1_1,2023,5,24,72,1,1,1.0001829279,0,,,154.95407085
4385981440,4,2023_5_24_1_1,2023,5,24,11,2,1,0,0,,,358.5941184
4385981445,4,2023_5_24_1_1,2023,5,24,5,2,1,0,0,,,707.79914588
4385981446,4,2023_5_24_1_1,2023,5,24,5,1,1,0,0,,,358.5941184
4385981521,4,2023_5_24_1_1,2023,5,24,2,1,1,0,0,,,358.5941184
4385981538,4,2023_5_24_1_1,2023,5,24,14,2,1,1.0001829279,0.9998170721,,,364.42772595
4385981549,4,2023_5_24_1_1,2023,5,24,17,1,1,0,0,,,358.5941184
4385981573,4,2023_5_24_1_1,2023,5,24,22,1,1,0,0,,,373.27138562
4385981574,4,2023_5_24_1_1,2023,5,24,11,1,1,0,0,,,289.12129243
4385981581,4,2023_5_24_1_1,2023,5,24,4,1,1,0,0,,,364.42772595
4385981589,4,2023_5_24_1_1,2023,5,24,27,2,1,0,0,,,373.27138562
4385981590,4,2023_5_24_1_1,2023,5,24,45,2,1,4.0007317115,3.9992682885,,,364.42772595
4385981595,4,2023_5_24_1_1,2023,5,24,49,2,1,0,0,,,2428.1497859
4385981638,4,2023_5_24_1_1,2023,5,24,11,2,1,1.0001829279,2.9994512164,,,1392.5275187
4385981654,4,2023_5_24_1_1,2023,5,24,11,1,1,0,0,,,2748.5944073
4385981726,4,2023_5_24_1_1,2023,5,24,16,1,4,0,0,,,2748.5944073
4385981741,4,2023_5_24_1_1,2023,5,24,4,2,1,0,0,,,719.31361928
4385981746,4,2023_5_24_1_1,2023,5,24,14,2,1,0,0,,,364.42772595
4385981753,4,2023_5_24_1_1,2023,5,24,13,2,3,0,0,,,1750.2910674
4385981755,4,2023_5_24_1_1,2023,5,24,13,1,1,2.0003658558,7.998536577,,,364.42772595
4385981801,4,2023_5_24_1_1,2023,5,24,15,1,1,0,0,,,2428.1497859
4385981824,4,2023_5_24_1_1,2023,5,24,60,1,1,0,4.9990853606,,,592.10041507
4385981827,4,2023_5_24_1_1,2023,5,24,10,2,1,3.9402674581,0,,,1148.7906248
4385981839,4,2023_5_24_1_1,2023,5,24,14,1,1,3.0005487836,2.9994512164,,,719.31361928
4385981865,4,2023_5_24_1_1,2023,5,24,23,2,1,1.0001829279,0,,,364.42772595
4385981871,4,2023_5_24_1_1,2023,5,24,-3,-3,-3,0,0,1,1,373.27138562
4385981879,4,2023_5_24_1_1,2023,5,24,17,2,1,0,0.9998170721,,,2467.650916
4385981895,4,2023_5_24_1_1,2023,5,24,33,2,1,1.0001829279,0.9998170721,,,719.31361928
4385981913,4,2023_5_24_1_1,2023,5,24,7,2,1,0,0,,,707.79914588
4385981927,4,2023_5_24_1_1,2023,5,24,6,2,1,0,0,,,2748.5944073
4385981970,4,2023_5_24_1_0,2023,5,24,27,1,2,0,0,,,2740.8469189
4385981987,4,2023_5_24_1_0,2023,5,24,0,1,4,0,0,,,3276.4190985
4385982006,4,2023_5_24_1_0,2023,5,24,5,1,1,0,0,,,3276.4190985
4385982022,4,2023_5_24_1_0,2023,5,24,16,1,1,0,0,,,12519.639513
4385982055,4,2023_5_24_1_0,2023,5,24,14,1,1,0,0,,,3276.4190985
4385982066,4,2023_5_24_1_0,2023,5,24,32,1,2,0,0,,,3276.4190985
4385982067,4,2023_5_24_1_0,2023,5,24,9,1,2,0,0,,,3276.4190985
4385982084,4,2023_5_24_1_0,2023,5,24,-3,2,2,0,0,,,8125.357416
4385982125,4,2023_5_24_1_0,2023,5,24,3,2,2,0,0,,,3276.4190985
4385982134,4,2023_5_24_1_0,2023,5,24,22,1,2,0,0,,,6602.4707938
4385982153,4,2023_5_24_1_0,2023,5,24,4,1,2,0,0,,,3276.4190985
4385982154,4,2023_5_24_1_0,2023,5,24,11,1,2,0,0,,,3276.4190985
4385982157,4,2023_5_24_1_0,2023,5,24,11,1,2,0,0,,,3276.4190985
4385982167,4,2023_5_24_1_0,2023,5,24,15,2,4,0,0,,,1338.3493464
4385982168,4,2023_5_24_1_0,2023,5,24,18,2,2,0,0.9998170721,,,6709.8797598
4385982172,4,2023_5_24_1_0,2023,5,24,9,1,1,0,0,,,3276.4190985
4385982181,4,2023_5_24_1_0,2023,5,24,20,2,1,0,0,,,1727.8821314
4385982184,4,2023_5_24_1_0,2023,5,24,27,2,4,0,0,,,705.80406589
4385982203,4,2023_5_24_1_0,2023,5,24,36,2,1,0,0,,,1245.514868
4385982213,4,2023_5_24_1_0,2023,5,24,33,1,4,0,0,,,5927.6090568
4385982386,4,2023_5_24_1_0,2023,5,24,12,1,5,0,0,,,1338.3493464
4385982405,4,2023_5_24_1_0,2023,5,24,18,2,2,0,0,,,11239.963172
4385982411,4,2023_5_24_1_0,2023,5,24,18,2,3,0,0,,,745.13838195
4385982472,4,2023_5_24_1_0,2023,5,24,52,1,1,0,0,,,11239.963172
4385982480,4,2023_5_24_1_0,2023,5,24,13,2,1,0,0,,,3276.4190985
4385982487,4,2023_5_24_1_0,2023,5,24,14,2,1,0,0,,,3276.4190985
4385982498,4,2023_5_24_1_0,2023,5,24,22,2,1,0,0,,,6602.4707938
4385982520,4,2023_5_24_1_0,2023,5,24,19,1,4,0,0,,,5927.6090568
4385982583,4,2023_5_24_1_0,2023,5,24,3,1,1,0,0,,,12519.639513
4385982592,4,2023_5_24_1_0,2023,5,24,21,2,2,0,0,,,1727.8821314
4385982602,4,2023_5_24_1_0,2023,5,24,20,1,2,0,0,,,1727.8821314
4385982619,4,2023_5_24_1_0,2023,5,24,5,2,5,0,0,,,12519.639513
4385982671,4,2023_5_24_1_0,2023,5,24,-3,-3,-3,0,0,,,1492.4934255
4385982680,4,2023_5_24_1_0,2023,5,24,15,2,4,0,0,,,11239.963172
4385982699,4,2023_5_24_1_0,2023,5,24,10,2,5,0,0,,,3276.4190985
4385982701,4,2023_5_24_1_0,2023,5,24,24,2,1,0,0,,,1727.8821314
4385982711,4,2023_5_24_1_0,2023,5,24,12,2,1,0,0,,,3276.4190985
4385982725,4,2023_5_24_1_0,2023,5,24,8,2,1,0,0,,,11239.963172
4385982726,4,2023_5_24_1_0,2023,5,24,16,2,1,0,0,,,5114.0134568
4385982763,4,2023_5_24_1_0,2023,5,24,22,2,1,0,0,,,705.80406589
4385982764,4,2023_5_24_1_0,2023,5,24,18,2,2,0,0,,,2696.9725808
4385982833,4,2023_5_24_1_0,2023,5,24,16,1,1,0,0,,,3276.4190985
4385982836,4,2023_5_24_1_0,2023,5,24,-3,-3,-3,0,0,,,1727.8821314
4385982857,4,2023_5_24_1_0,2023,5,24,8,2,1,0,0,,,3276.4190985
4385982916,4,2023_5_24_1_0,2023,5,24,8,1,1,0,0,,,3276.4190985
4385982925,4,2023_5_24_1_0,2023,5,24,80,2,1,0,0,,,705.80406589
4385982973,4,2023_5_24_1_0,2023,5,24,6,2,1,0,0,,,3276.4190985
4385983005,4,2023_5_24_1_0,2023,5,24,20,1,3,0,0,,,3276.4190985
4385983014,4,2023_5_24_1_0,2023,5,24,22,1,1,0,0,,,1727.8821314
4385983026,4,2023_5_24_1_0,2023,5,24,21,2,2,0,0,,,3276.4190985
4385983046,4,2023_5_24_1_0,2023,5,24,4,1,1,0,0,,,3276.4190985
4385983060,4,2023_5_24_1_0,2023,5,24,22,2,1,0,0,,,6602.4707938
4385983069,4,2023_5_24_1_0,2023,5,24,13,1,1,0,0,,,11239.963172
4385983087,4,2023_5_24_1_0,2023,5,24,5,2,2,0,0,,,12519.639513
4385983096,4,2023_5_24_1_0,2023,5,24,25,1,5,0,0,,,705.80406589
4385983119,4,2023_5_24_1_0,2023,5,24,-3,-3,-3,0,0,,,5793.6878079
4385983122,4,2023_5_24_1_0,2023,5,24,17,1,1,0,0,,,12519.639513
4385983124,4,2023_5_24_1_0,2023,5,24,17,2,5,0,0,,,3276.4190985
4385983138,4,2023_5_24_1_0,2023,5,24,15,1,1,0,0,,,1824.1766488
4385983161,4,2023_5_24_1_0,2023,5,24,4,2,1,0,0,,,3276.4190985
4385983187,4,2023_5_24_1_0,2023,5,24,68,2,4,0,0,,,1338.3493464
4385983195,4,2023_5_24_1_0,2023,5,24,53,2,1,0,0,,,1245.514868
4385983231,4,2023_5_24_1_0,2023,5,24,15,2,2,0,0,,,3276.4190985
4385983267,4,2023_5_24_1_0,2023,5,24,9,2,1,0,0,,,3276.4190985
4385983271,4,2023_5_24_1_0,2023,5,24,10,2,1,0,0,,,3276.4190985
4385983279,4,2023_5_24_1_0,2023,5,24,18,1,1,0,0,,,1727.8821314
4385983282,4,2023_5_24_1_0,2023,5,24,13,1,5,0,0,,,3276.4190985
4385983283,4,2023_5_24_1_0,2023,5,24,11,2,4,0,0,,,3276.4190985
4385983313,4,2023_5_24_1_0,2023,5,24,14,2,1,0,0,,,12519.639513
4385983553,4,2023_5_24_1_0,2023,5,24,9,2,1,0,0,,,12519.639513
4385983613,4,2023_5_24_1_0,2023,5,24,8,2,1,0,0,,,3329.7198701
4385983641,4,2023_5_24_1_0,2023,5,24,25,2,1,0,0,,,6602.4707938
4385983649,4,2023_5_24_1_0,2023,5,24,4,1,1,0,0,,,3276.4190985
4385983657,4,2023_5_24_1_0,2023,5,24,21,2,1,0,0,,,1727.8821314
4385983672,4,2023_5_24_1_0,2023,5,24,67,2,2,0,0,1,,3321.8515045
4385983744,4,2023_5_24_1_0,2023,5,24,0,2,1,0,0,,,3276.4190985
4385983750,4,2023_5_24_1_0,2023,5,24,22,1,1,0,0,,,6602.4707938
4385983783,4,2023_5_24_1_0,2023,5,24,20,2,4,0,0,,,1338.3493464
4385983785,4,2023_5_24_1_0,2023,5,24,10,2,4,0,0,,,3276.4190985
4385983798,4,2023_5_24_1_0,2023,5,24,3,1,2,0,0,,,3276.4190985
4385983803,4,2023_5_24_1_0,2023,5,24,-3,1,1,0,0,1,1,4039.6446248
4385983826,4,2023_5_24_1_0,2023,5,24,10,1,1,0,0,,,3276.4190985
4385983827,4,2023_5_24_1_0,2023,5,24,59,2,1,0,0,,,1824.1766488
4385983835,4,2023_5_24_1_0,2023,5,24,11,2,1,0,0,,,1338.3493464
4385983838,4,2023_5_24_1_0,2023,5,24,11,1,1,0,0,,,3276.4190985
4385983840,4,2023_5_24_1_0,2023,5,24,18,2,1,0,0,,,1853.8523465
4385983847,4,2023_5_24_1_0,2023,5,24,2,2,1,0,0,,,3276.4190985
4385983853,4,2023_5_24_1_0,2023,5,24,12,2,2,0,0,,,12723.308954
4385983907,4,2023_5_24_1_0,2023,5,24,5,1,1,0,0,,,3276.4190985
4385984013,4,2023_5_24_1_0,2023,5,24,29,2,1,0,0,,,1755.9913103
4385984022,4,2023_5_24_2_1,2023,5,24,-3,-3,-3,0,0,1,1,871.61485451
4385984109,4,2023_5_24_2_0,2023,5,24,9,2,5,0,0,,,4648.7919286
4385984146,4,2023_5_24_2_0,2023,5,24,10,2,1,0,0,,,4648.7919286
4385984166,4,2023_5_24_2_0,2023,5,24,2,2,1,0,0,,,4648.7919286
4385984168,4,2023_5_24_2_0,2023,5,24,12,2,1,0,0,,,4648.7919286
4385984178,4,2023_5_24_2_0,2023,5,24,13,1,1,0,0,,,4648.7919286
4385984195,4,2023_5_24_2_0,2023,5,24,17,2,3,0,0,,,4648.7919286
4385984197,4,2023_5_24_2_0,2023,5,24,22,1,1,0,0,,,2451.6291306
4385984204,4,2023_5_24_2_0,2023,5,24,27,1,1,0,0,,,17763.661292
4385984206,4,2023_5_24_2_0,2023,5,24,-3,-3,-3,0,0,1,1,2451.6291306
4385984216,4,2023_5_24_2_0,2023,5,24,8,1,1,0,0,,,4724.4184554
4385984268,4,2023_5_23_1_1,2023,5,23,25,1,1,0,0,,,118.15493342
4385984272,4,2023_5_23_1_1,2023,5,23,16,2,1,0,0,,,200.55263944
4385984276,4,2023_5_23_1_1,2023,5,23,1,1,1,0,0,,,200.55263944
4385984280,4,2023_5_23_1_1,2023,5,23,29,1,1,0,0,,,129.09078577
4385984334,4,2023_5_23_1_1,2023,5,23,17,1,1,0,0,,,200.55263944
4385984335,4,2023_5_23_1_1,2023,5,23,11,1,1,0,0,,,200.55263944
4385984340,4,2023_5_23_1_1,2023,5,23,83,2,1,0,0,,,129.09078577
4385984342,4,2023_5_23_1_1,2023,5,23,17,2,1,0,0,,,219.11482716
4385984347,4,2023_5_23_1_1,2023,5,23,7,1,1,0,0,,,200.55263944
4385984351,4,2023_5_23_1_1,2023,5,23,12,1,1,0,0,,,398.36935802
4385984365,4,2023_5_23_1_1,2023,5,23,2,1,1,0,0,,,200.55263944
4385984369,4,2023_5_23_1_1,2023,5,23,17,2,1,0,0,,,200.55263944
4385984415,4,2023_5_23_1_1,2023,5,23,-3,-3,-3,0,0,1,1,182.82244223
4385984418,4,2023_5_23_1_1,2023,5,23,-3,-3,-3,0,0,1,1,54.161586147
4385984422,4,2023_5_23_1_1,2023,5,23,6,1,3,0,2.0005634678,,,200.55263944
4385984428,4,2023_5_23_1_1,2023,5,23,51,2,1,0,0,,,118.15493342
4385984429,4,2023_5_23_1_1,2023,5,23,-3,2,-3,0,0,,,90.39433502
4385984432,4,2023_5_23_1_1,2023,5,23,28,2,1,0,0,,,338.88588592
4385984435,4,2023_5_23_1_1,2023,5,23,25,2,1,0,0,,,49.373338999
4385984457,4,2023_5_23_1_1,2023,5,23,24,2,1,0,0,,,118.15493342
4385984500,4,2023_5_23_1_1,2023,5,23,13,1,1,0,0,,,182.82244223
4385984513,4,2023_5_23_1_1,2023,5,23,33,1,1,0,0,,,141.61006438
4385984518,4,2023_5_23_1_1,2023,5,23,1,2,1,0,0,,,200.55263944
4385984544,4,2023_5_23_1_1,2023,5,23,-3,1,-3,0,0,,,338.88588592
4385984569,4,2023_5_23_1_1,2023,5,23,30,1,1,0,0,,,129.09078577
4385984582,4,2023_5_23_1_1,2023,5,23,1,1,1,0,0,,,182.82244223
4385984605,4,2023_5_23_1_1,2023,5,23,16,1,1,0,0,,,200.55263944
4385984616,4,2023_5_23_1_1,2023,5,23,14,2,1,0,0,,,200.55263944
4385984646,4,2023_5_23_1_1,2023,5,23,22,1,1,0,0,,,118.15493342
4385984679,4,2023_5_23_1_1,2023,5,23,21,2,1,0,0,,,118.15493342
4385984699,4,2023_5_23_1_1,2023,5,23,16,1,1,0,0,,,200.55263944
4385984734,4,2023_5_23_1_1,2023,5,23,8,2,1,0,0,,,200.55263944
4385984740,4,2023_5_23_1_1,2023,5,23,50,1,1,0,0,,,141.61006438
4385984759,4,2023_5_23_1_1,2023,5,23,20,1,1,0,0,,,129.61364847
4385984764,4,2023_5_23_1_1,2023,5,23,31,2,1,0,0,,,129.61364847
4385984766,4,2023_5_23_1_1,2023,5,23,18,2,1,0,0,,,118.15493342
4385984770,4,2023_5_23_1_1,2023,5,23,2,2,1,0,0,,,76.395916409
4385984774,4,2023_5_23_1_1,2023,5,23,18,1,1,0,0,,,118.15493342
4385984779,4,2023_5_23_1_1,2023,5,23,8,2,1,0,0,,,182.82244223
4385984781,4,2023_5_23_1_1,2023,5,23,-3,-3,-3,0,0,,,199.74360816
4385984789,4,2023_5_23_1_1,2023,5,23,18,1,-3,0,0,,,398.36935802
4385984793,4,2023_5_23_1_1,2023,5,23,17,2,1,0,0,,,182.82244223
4385984807,4,2023_5_23_1_1,2023,5,23,13,2,1,0,0,,,398.36935802
4385984913,4,2023_5_23_1_1,2023,5,23,24,1,1,0,0,,,118.15493342
4385984918,4,2023_5_23_1_1,2023,5,23,83,1,1,0,0,,,199.74360816
4385984930,4,2023_5_23_1_1,2023,5,23,20,1,4,0,12.003380807,,,129.61364847
4385984938,4,2023_5_23_1_1,2023,5,23,5,1,1,0,0,,,200.55263944
4385984965,4,2023_5_23_1_1,2023,5,23,-3,-3,-3,0,0,1,1,182.82244223
4385984973,4,2023_5_23_1_1,2023,5,23,15,2,1,0,0,,,524.36189932
4385985017,4,2023_5_23_1_1,2023,5,23,19,1,1,0,0,,,200.55263944
4385985088,4,2023_5_23_1_0,2023,5,23,9,2,1,0,0,,,813.72192957
4385985131,4,2023_5_23_1_0,2023,5,23,-3,-3,-3,0,0,,,463.32974904
4385985162,4,2023_5_23_1_0,2023,5,23,5,2,1,0,0,,,813.72192957
4385985167,4,2023_5_23_1_0,2023,5,23,-3,-3,-3,0,0,1,1,1051.9388004
4385985229,4,2023_5_23_1_0,2023,5,23,0,1,1,0,0,,,813.72192957
4385985262,4,2023_5_23_1_0,2023,5,23,16,2,1,0,0,,,2127.545056
4385985268,4,2023_5_23_1_0,2023,5,23,20,1,1,0,0,,,525.89419131
4385985273,4,2023_5_23_1_0,2023,5,23,60,1,1,0,0,,,219.75512519
4385985312,4,2023_5_23_1_0,2023,5,23,17,1,1,0,0,,,813.72192957
4385985317,4,2023_5_23_1_0,2023,5,23,21,2,1,0,0,,,569.30515212
4385985348,4,2023_5_23_1_0,2023,5,23,15,1,1,0,0,,,1616.3431386
4385985397,4,2023_5_23_1_0,2023,5,23,-3,-3,-3,0,0,1,1,525.89419131
4385985453,4,2023_5_23_1_0,2023,5,23,17,2,1,0,0,,,569.30515212
4385985512,4,2023_5_23_1_0,2023,5,23,1,2,1,0,0,,,813.72192957
4385985533,4,2023_5_23_1_0,2023,5,23,18,1,2,0,0,,,340.02954864
4385985551,4,2023_5_23_1_0,2023,5,23,11,2,1,0,0,,,1616.3431386
4385985582,4,2023_5_23_1_0,2023,5,23,9,1,1,0,0,,,813.72192957
4385985662,4,2023_5_23_1_0,2023,5,23,7,2,1,0,0,,,813.72192957
4385985672,4,2023_5_23_1_0,2023,5,23,30,2,1,0,0,,,525.89419131
4385985696,4,2023_5_23_1_0,2023,5,23,17,1,1,0,0,,,340.02954864
4385985717,4,2023_5_23_1_0,2023,5,23,12,2,1,0,0,,,813.72192957
4385985735,4,2023_5_23_1_0,2023,5,23,17,2,1,0,0,,,813.72192957
4385985737,4,2023_5_23_1_0,2023,5,23,9,2,1,0,0,,,2127.545056
4385985745,4,2023_5_23_1_0,2023,5,23,-3,-3,-3,0,0,1,1,1374.9950026
4385985749,4,2023_5_23_1_0,2023,5,23,8,1,1,0,0,,,813.72192957
4385985776,4,2023_5_23_1_0,2023,5,23,-3,-3,-3,0,0,1,1,525.89419131
4385985798,4,2023_5_23_1_0,2023,5,23,0,2,1,0,0,,,813.72192957
4385985807,4,2023_5_23_1_0,2023,5,23,22,1,1,0,0,,,525.89419131
4385985836,4,2023_5_23_1_0,2023,5,23,-3,-3,-3,0,0,,,219.75512519
4385985842,4,2023_5_23_1_0,2023,5,23,11,2,5,0,0,,,1616.3431386
4385985845,4,2023_5_23_1_0,2023,5,23,50,1,1,0,0,,,2127.545056
4385985850,4,2023_5_23_1_0,2023,5,23,11,2,1,0,0,,,813.72192957
4385985863,4,2023_5_23_1_0,2023,5,23,13,1,1,0,0,,,813.72192957
4385985873,4,2023_5_23_1_0,2023,5,23,2,2,1,0,0,,,813.72192957
4385985883,4,2023_5_23_1_0,2023,5,23,12,2,1,0,0,,,1488.4966445
4385985948,4,2023_5_23_1_0,2023,5,23,0,2,5,0,0,,,813.72192957
4385985977,4,2023_5_23_1_0,2023,5,23,12,1,1,0,0,,,813.72192957
4385986044,4,2023_5_23_1_0,2023,5,23,18,2,1,0,0,,,525.89419131
4385986060,4,2023_5_23_1_0,2023,5,23,13,2,1,0,0,,,813.72192957
4385986113,4,2023_5_23_1_0,2023,5,23,9,1,1,0,0,,,2127.545056
4385986142,4,2023_5_23_1_0,2023,5,23,14,1,1,0,0,,,340.02954864
4385986146,4,2023_5_23_1_0,2023,5,23,17,2,1,0,0,1,1,813.72192957
4385986188,4,2023_5_23_1_0,2023,5,23,33,1,1,0,0,,,219.75512519
4385986304,4,2023_5_23_1_0,2023,5,23,22,2,1,0,0,,,1374.9950026
4385986334,4,2023_5_23_1_0,2023,5,23,0,1,1,0,0,,,569.30515212
4385986345,4,2023_5_23_1_0,2023,5,23,8,1,1,0,0,,,813.72192957
4385986352,4,2023_5_23_1_0,2023,5,23,-3,-3,-3,0,0,1,1,1374.9950026
4385986443,4,2023_5_23_1_0,2023,5,23,41,1,1,0,0,,,1488.4966445
4385986454,4,2023_5_23_1_0,2023,5,23,2,2,5,0,0,,,813.72192957
4385986486,4,2023_5_23_1_0,2023,5,23,3,2,1,0,0,,,813.72192957
4385986507,4,2023_5_23_1_0,2023,5,23,13,2,1,0,0,,,2127.545056
4385986526,4,2023_5_23_1_0,2023,5,23,4,2,1,0,0,,,813.72192957
4385986530,4,2023_5_23_1_0,2023,5,23,12,1,1,0,0,,,340.02954864
4385986541,4,2023_5_23_1_0,2023,5,23,6,2,1,0,0,,,1616.3431386
4385986582,4,2023_5_23_1_0,2023,5,23,22,2,1,0,0,,,1044.6141819
4385986590,4,2023_5_23_1_0,2023,5,23,13,2,1,0,0,,,813.72192957
4385986620,4,2023_5_23_1_0,2023,5,23,2,2,1,0,0,,,569.30515212
4385986628,4,2023_5_23_1_0,2023,5,23,-3,2,1,0,0,,,813.72192957
4385986633,4,2023_5_23_1_0,2023,5,23,21,2,1,0,0,,,401.98592981
4385986743,4,2023_5_23_1_0,2023,5,23,8,1,1,0,0,,,569.30515212
4385986792,4,2023_5_23_1_0,2023,5,23,13,2,1,0,0,,,813.72192957
4385986813,4,2023_5_23_1_0,2023,5,23,4,1,1,0,0,,,2127.545056
4385986866,4,2023_5_23_1_0,2023,5,23,14,1,1,0,0,,,813.72192957
4385986873,4,2023_5_23_1_0,2023,5,23,13,2,1,4.9985913306,0,,,1488.4966445
4385986892,4,2023_5_23_1_0,2023,5,23,13,2,1,0,0,,,569.30515212
4385986938,4,2023_5_23_1_0,2023,5,23,12,1,1,0,0,,,813.72192957
4385986947,4,2023_5_23_1_0,2023,5,23,4,1,1,0,0,,,813.72192957
4385986973,4,2023_5_23_1_0,2023,5,23,23,2,1,0,0,,,525.89419131
4385986978,4,2023_5_23_1_0,2023,5,23,20,1,1,0,0,1,1,574.56842827
4385986982,4,2023_5_23_1_0,2023,5,23,-3,-3,-3,0,0,1,1,153.7475155
4385986992,4,2023_5_23_1_0,2023,5,23,14,2,1,0,0,,,813.72192957
4385987018,4,2023_5_23_1_0,2023,5,23,25,2,1,0,0,,,574.56842827
4385987042,4,2023_5_23_1_0,2023,5,23,10,2,1,0,0,,,340.02954864
4385987096,4,2023_5_23_2_1,2023,5,23,15,2,1,0,0,,,422.58245618
4385987104,4,2023_5_23_2_1,2023,5,23,17,2,1,0,0,,,532.14087074
4385987106,4,2023_5_23_2_1,2023,5,23,18,2,1,0,0,,,273.10761942
4385987167,4,2023_5_23_2_0,2023,5,23,10,2,1,0,0,1,1,4603.891239
4385987179,4,2023_5_23_2_0,2023,5,23,22,2,1,0,0,,,1094.1345191
4385987182,4,2023_5_23_2_0,2023,5,23,3,2,1,0,0,,,4603.891239
4385987194,4,2023_5_23_2_0,2023,5,23,8,1,1,0,0,,,12037.264436
4385987198,4,2023_5_23_2_0,2023,5,23,75,1,1,0,0,,,1243.3346808
4385987250,4,2023_5_28_1_1,2023,5,28,23,1,1,0,2.0000176174,,,110.21308114
4385987276,4,2023_5_28_1_1,2023,5,28,-3,-3,-3,0,0,1,1,222.58358335
4385987325,4,2023_5_28_1_1,2023,5,28,15,2,1,9.9999119131,0,,,214.00397376
4385987349,4,2023_5_28_1_1,2023,5,28,32,2,1,0,2.0000176174,,,31.732960975
4385987373,4,2023_5_28_1_1,2023,5,28,8,1,1,0,0,,,213.73621414
4385987374,4,2023_5_28_1_1,2023,5,28,-3,-3,-3,0,0,1,1,31.732960975
4385987399,4,2023_5_28_1_1,2023,5,28,17,1,1,0,0,,,311.13629444
4385987425,4,2023_5_28_1_1,2023,5,28,-3,-3,-3,0,0,1,1,81.932422821
4385987432,4,2023_5_28_1_1,2023,5,28,20,2,1,9.6113419928,16.927680885,,,401.90946044
4385987458,4,2023_5_28_1_1,2023,5,28,14,1,1,0,0,,,311.13629444
4385987474,4,2023_5_28_1_1,2023,5,28,9,2,1,0,0,,,130.57030437
4385987499,4,2023_5_28_1_1,2023,5,28,26,1,1,0,0,,,75.616549539
4385987567,4,2023_5_28_1_1,2023,5,28,11,2,1,1.9999823826,5.0000440434,,,214.00397376
4385987583,4,2023_5_28_1_1,2023,5,28,23,2,1,0,0,,,629.15026834
4385987585,4,2023_5_28_1_1,2023,5,28,18,1,1,0,0,,,75.616549539
4385987629,4,2023_5_28_1_1,2023,5,28,9,1,3,0,0,,,369.03435696
4385987634,4,2023_5_28_1_1,2023,5,28,0,1,1,0,0,,,629.15026834
4385987639,4,2023_5_28_1_1,2023,5,28,45,2,1,0,0,,,46.135946524
4385987649,4,2023_5_28_1_1,2023,5,28,1,1,-3,0,0,,,311.13629444
4385987664,4,2023_5_28_1_1,2023,5,28,37,1,5,0,0,,,629.15026834
4385987685,4,2023_5_28_1_1,2023,5,28,-3,1,1,0,0,,,46.193743671
4385987697,4,2023_5_28_1_1,2023,5,28,9,1,1,0,2.0000176174,,,311.52607272
4385987700,4,2023_5_28_1_1,2023,5,28,31,2,1,0,0,,,31.732960975
4385987701,4,2023_5_28_1_1,2023,5,28,7,1,1,0,0,,,213.73621414
4385987718,4,2023_5_28_1_1,2023,5,28,26,1,1,0,0,,,46.193743671
4385987741,4,2023_5_28_1_1,2023,5,28,19,1,1,0,0,,,110.07518364
4385987783,4,2023_5_28_1_1,2023,5,28,4,2,1,0,0,,,311.13629444
4385987789,4,2023_5_28_1_1,2023,5,28,17,1,1,0,0,,,311.52607272
4385987802,4,2023_5_28_1_1,2023,5,28,11,1,1,0,0,,,214.00397376
4385987805,4,2023_5_28_1_1,2023,5,28,18,1,1,0,0,,,379.57226823
4385987851,4,2023_5_28_1_1,2023,5,28,73,2,1,0,0,,,81.829909799
4385987891,4,2023_5_28_1_1,2023,5,28,5,1,1,2.9999735739,10.000088087,,,214.00397376
4385987903,4,2023_5_28_1_1,2023,5,28,4,2,1,0,0,,,311.52607272
4385987921,4,2023_5_28_1_1,2023,5,28,3,1,2,0,0,,,130.57030437
4385987942,4,2023_5_28_1_1,2023,5,28,11,1,1,0,0,,,253.50949971
4385987961,4,2023_5_28_1_1,2023,5,28,2,1,1,0,0,,,233.64524057
4385987989,4,2023_5_28_1_1,2023,5,28,14,1,1,0,0,,,311.52607272
4385988084,4,2023_5_28_1_0,2023,5,28,14,1,2,0,0,,,883.84568129
4385988096,4,2023_5_28_1_0,2023,5,28,14,2,2,0,0,,,883.84568129
4385988123,4,2023_5_28_1_0,2023,5,28,25,2,-3,0,0,,,883.84568129
4385988174,4,2023_5_28_1_0,2023,5,28,1,1,2,0,0,,,883.84568129
4385988250,4,2023_5_28_1_0,2023,5,28,3,1,1,0,0,,,883.84568129
4385988256,4,2023_5_28_1_0,2023,5,28,-3,2,2,0,0,,,154.63630959
4385988262,4,2023_5_28_1_0,2023,5,28,23,1,5,0,0,,,286.36970866
4385988276,4,2023_5_28_1_0,2023,5,28,67,1,1,0,0,,,183.42835636
4385988278,4,2023_5_28_1_0,2023,5,28,48,2,1,0,0,,,75.221978128
4385988334,4,2023_5_28_1_0,2023,5,28,16,1,1,0,0,,,437.0918745
4385988346,4,2023_5_28_1_0,2023,5,28,8,2,1,0,0,,,437.0918745
4385988356,4,2023_5_28_1_0,2023,5,28,41,1,2,0,0,,,437.0918745
4385988367,4,2023_5_28_1_0,2023,5,28,42,2,1,0,0,,1,437.0918745
4385988380,4,2023_5_28_1_0,2023,5,28,-3,-3,-3,0,0,,,322.69480969
4385988420,4,2023_5_28_1_0,2023,5,28,14,1,1,0,0,,,437.63944456
4385988430,4,2023_5_28_1_0,2023,5,28,31,2,1,0,0,,,437.0918745
4385988493,4,2023_5_28_1_0,2023,5,28,21,2,1,0,0,,,437.0918745
4385988502,4,2023_5_28_1_0,2023,5,28,7,2,1,0,0,,,437.0918745
4385988523,4,2023_5_28_1_0,2023,5,28,15,1,1,0,0,,,437.0918745
4385988531,4,2023_5_28_1_0,2023,5,28,45,2,1,0,0,,,183.19885265
4385988535,4,2023_5_28_1_0,2023,5,28,2,1,1,0,0,,,437.0918745
4385988544,4,2023_5_28_1_0,2023,5,28,-3,2,-3,0,0,,,293.56052625
4385988556,4,2023_5_28_1_0,2023,5,28,23,1,1,0,0,,,154.63630959
4385988584,4,2023_5_28_1_0,2023,5,28,8,2,1,0,0,,,437.0918745
4385988588,4,2023_5_28_1_0,2023,5,28,3,2,1,0,0,,,437.63944456
4385988591,4,2023_5_28_1_0,2023,5,28,29,1,3,0,0,,,114.95665824
4385988623,4,2023_5_28_1_0,2023,5,28,13,2,1,0,0,,,183.19885265
4385988637,4,2023_5_28_1_0,2023,5,28,16,2,1,0,0,,,437.63944456
4385988682,4,2023_5_28_1_0,2023,5,28,37,1,-3,0,0,,,64.894100664
4385988694,4,2023_5_28_1_0,2023,5,28,5,2,1,0,0,,,437.0918745
4385988695,4,2023_5_28_1_0,2023,5,28,49,2,2,0,0,,,64.894100664
4385988707,4,2023_5_28_1_0,2023,5,28,10,2,1,0,0,,,437.0918745
4385988727,4,2023_5_28_1_0,2023,5,28,18,2,1,0,0,,,437.0918745
4385988752,4,2023_5_28_1_0,2023,5,28,74,2,1,0,0,,,114.95665824
4385988783,4,2023_5_28_1_0,2023,5,28,-3,-3,-3,0,0,,,550.83723641
4385988820,4,2023_5_28_1_0,2023,5,28,8,1,2,0,0,,,517.77983598
4385988877,4,2023_5_28_1_0,2023,5,28,16,1,1,0,0,,,437.0918745
4385988900,4,2023_5_28_1_0,2023,5,28,20,1,1,0,0,,,64.812905818
4385988908,4,2023_5_28_1_0,2023,5,28,14,1,3,1.9999823826,2.0000176174,,,183.42835636
4385988927,4,2023_5_28_1_0,2023,5,28,19,1,1,0,0,,,154.63630959
4385988939,4,2023_5_28_1_0,2023,5,28,65,2,1,0,0,,,64.812905818
4385988955,4,2023_5_28_1_0,2023,5,28,21,1,2,0,0,,,131.22268786
4385988996,4,2023_5_28_1_0,2023,5,28,52,2,1,0,0,,,183.19885265
4385989031,4,2023_5_28_1_0,2023,5,28,64,2,1,0,0,,,114.95665824
4385989075,4,2023_5_28_1_0,2023,5,28,26,2,1,0,0,,,312.69086062
4385989083,4,2023_5_28_1_0,2023,5,28,65,1,1,0,0,,,64.812905818
4385989090,4,2023_5_28_1_0,2023,5,28,52,1,1,0,0,,,64.812905818
4385989091,4,2023_5_28_1_0,2023,5,28,8,1,1,0,5.0000440434,,,884.95292548
4385989120,4,2023_5_28_1_0,2023,5,28,15,1,2,0,1.0000088087,,,884.95292548
4385989323,4,2023_5_28_1_0,2023,5,28,16,1,1,0,0,,,286.36970866
4385989345,4,2023_5_28_1_0,2023,5,28,4,2,-3,0,0,,,883.84568129
4385989384,4,2023_5_28_1_0,2023,5,28,13,1,1,0,0,,,437.0918745
4385989419,4,2023_5_28_1_0,2023,5,28,13,2,3,0,0,,,1003.1816509
4385989426,4,2023_5_28_1_0,2023,5,28,77,2,1,0,0,,,370.44732282
4385989428,4,2023_5_28_1_0,2023,5,28,21,2,1,0,0,,,579.06963047
4385989471,4,2023_5_28_1_0,2023,5,28,18,2,2,0,0,,,131.05850335
4385989576,4,2023_5_28_1_0,2023,5,28,15,2,1,0,1.0000088087,,,884.95292548
4385989586,4,2023_5_28_1_0,2023,5,28,9,1,2,0,0,,,883.84568129
4385989629,4,2023_5_28_1_0,2023,5,28,20,1,1,0,3.0000264261,,,274.61726605
4385989652,4,2023_5_28_1_0,2023,5,28,3,2,1,0,0,,,437.0918745
4385989665,4,2023_5_28_1_0,2023,5,28,19,2,3,0,0,,,154.63630959
4385989675,4,2023_5_28_1_0,2023,5,28,26,1,3,0,0,,,154.83003137
4385989689,4,2023_5_28_1_0,2023,5,28,9,2,1,0,3.0000264261,,,884.95292548
4385989696,4,2023_5_28_1_0,2023,5,28,33,1,1,0,0,,,114.95665824
4385989702,4,2023_5_28_1_0,2023,5,28,15,1,1,0,6.0000528521,,,437.63944456
4385989735,4,2023_5_28_1_0,2023,5,28,35,-3,3,11.999894296,12.000105704,,,1.0003281115
4385989748,4,2023_5_28_1_0,2023,5,28,17,1,1,0,1.0000088087,,,183.42835636
4385989828,4,2023_5_28_1_0,2023,5,28,2,2,1,0,0,,,437.0918745
4385989854,4,2023_5_28_1_0,2023,5,28,20,2,1,0,0,,,154.63630959
4385989893,4,2023_5_28_1_0,2023,5,28,19,2,1,0,0,,,154.83003137
4385989904,4,2023_5_28_1_0,2023,5,28,60,1,4,0,0,,,154.63630959
4385989913,4,2023_5_28_1_0,2023,5,28,12,2,2,0,0,,,437.0918745
4385989924,4,2023_5_28_1_0,2023,5,28,19,2,1,0,0,,,286.01140576
4385989938,4,2023_5_28_1_0,2023,5,28,5,1,1,0,0,,,437.63944456
4385989954,4,2023_5_28_1_0,2023,5,28,8,1,1,0,0,,,437.0918745
4385989979,4,2023_5_28_1_0,2023,5,28,22,2,2,0,0,,,437.0918745
4385989980,4,2023_5_28_1_0,2023,5,28,47,2,1,0,0,,,183.42835636
4385990022,4,2023_5_28_1_0,2023,5,28,16,2,5,0,0,,,437.63944456
4385990081,4,2023_5_28_1_0,2023,5,28,66,2,1,0,6.0000528521,,,42.463504904
4385990086,4,2023_5_28_1_0,2023,5,28,10,1,1,0,0,,,437.0918745
4385990122,4,2023_5_28_1_0,2023,5,28,-3,-3,-3,0,0,1,1,64.812905818
4385990135,4,2023_5_28_1_0,2023,5,28,52,2,1,0,0,,,64.812905818
4385990201,4,2023_5_28_1_0,2023,5,28,-3,-3,-3,0,0,1,1,101.18638865
4385990211,4,2023_5_28_1_0,2023,5,28,6,1,1,0,0,,,437.0918745
4385990236,4,2023_5_28_1_0,2023,5,28,8,1,1,0,0,,,2046.189156
4385990321,4,2023_5_28_2_1,2023,5,28,13,2,1,0,0,,,348.59945443
4385990323,4,2023_5_28_2_1,2023,5,28,13,1,1,0,0,,,618.30013386
4385990328,4,2023_5_28_2_1,2023,5,28,0,1,1,0,0,,,267.41057678
4385990346,4,2023_5_28_2_1,2023,5,28,19,2,1,0,0,,,94.605704549
4385990351,4,2023_5_28_2_1,2023,5,28,4,1,1,0,0,,,349.03616496
4385990363,4,2023_5_28_2_1,2023,5,28,11,1,1,0,0,,,618.30013386
4385990364,4,2023_5_28_2_1,2023,5,28,9,1,1,0,0,,,348.59945443
4385990380,4,2023_5_28_2_1,2023,5,28,16,1,1,0,0,,,348.59945443
4385990386,4,2023_5_28_2_1,2023,5,28,16,1,1,0,1.0000088087,,,349.03616496
4385990409,4,2023_5_28_2_1,2023,5,28,68,2,1,0,0,,,112.08012253
4385990413,4,2023_5_28_2_1,2023,5,28,9,2,1,0,0,,,267.41057678
4385990414,4,2023_5_28_2_1,2023,5,28,0,2,1,0,0,,,267.74557735
4385990415,4,2023_5_28_2_1,2023,5,28,2,1,1,0,0,,,267.41057678
4385990429,4,2023_5_28_2_1,2023,5,28,3,2,2,0,0,,,348.59945443
4385990436,4,2023_5_28_2_1,2023,5,28,38,2,1,0,0,,,146.10891625
4385990446,4,2023_5_28_2_1,2023,5,28,20,2,1,0,0,,,704.90471288
4385990450,4,2023_5_28_2_1,2023,5,28,14,2,1,0,0,,,618.30013386
4385990459,4,2023_5_28_2_1,2023,5,28,8,1,1,0,0,,,348.59945443
4385990473,4,2023_5_28_2_1,2023,5,28,3,1,1,0,0,,,316.77505957
4385990503,4,2023_5_28_2_1,2023,5,28,24,1,2,0,0,,,94.724222542
4385990515,4,2023_5_28_2_1,2023,5,28,27,1,1,0.9999911913,0,,,349.03616496
4385990517,4,2023_5_28_2_1,2023,5,28,8,2,1,0,0,,,348.59945443
4385990549,4,2023_5_28_2_1,2023,5,28,15,1,1,0,0,,,267.41057678
4385990565,4,2023_5_28_2_1,2023,5,28,37,1,1,0.9999911913,1.0000088087,,,123.48356859
4385990573,4,2023_5_28_2_1,2023,5,28,23,2,2,0,0,,,123.48356859
4385990576,4,2023_5_28_2_1,2023,5,28,13,2,1,0.9999911913,0,,,349.03616496
4385990582,4,2023_5_28_2_1,2023,5,28,28,2,2,0,0,,,91.682849034
4385990583,4,2023_5_28_2_1,2023,5,28,19,1,1,0.9999911913,0,,,94.724222542
4385990585,4,2023_5_28_2_1,2023,5,28,18,2,1,1.9999823826,2.0000176174,,,112.22053173
4385990588,4,2023_5_28_2_1,2023,5,28,17,2,1,1.9999823826,0,,,112.22053173
4385990652,4,2023_5_28_2_1,2023,5,28,20,1,1,0,0,,,94.724222542
4385990656,4,2023_5_28_2_1,2023,5,28,7,2,1,0,0,,,267.41057678
4385990658,4,2023_5_28_2_1,2023,5,28,9,2,1,0,0,,,267.41057678
4385990660,4,2023_5_28_2_1,2023,5,28,7,2,1,0,0,,,348.59945443
4385990667,4,2023_5_28_2_1,2023,5,28,18,1,1,0,0,,,348.59945443
4385990674,4,2023_5_28_2_1,2023,5,28,14,1,1,0,0,,,348.59945443
4385990722,4,2023_5_28_2_1,2023,5,28,18,1,1,0,0,,,348.59945443
4385990734,4,2023_5_28_2_0,2023,5,28,-3,-3,2,0,0,,,5146.4710416
4385990742,4,2023_5_28_2_0,2023,5,28,58,1,2,0,0,,,3959.1382532
4385990746,4,2023_5_28_2_0,2023,5,28,7,2,1,0,0,,,2678.2002482
4385990756,4,2023_5_28_2_0,2023,5,28,-3,-3,-3,0,0,,,8784.981353
4385990777,4,2023_5_28_2_0,2023,5,28,-3,2,2,0,0,,,2724.0769145
4385990816,4,2023_5_28_2_0,2023,5,28,11,2,4,0,0,,,6923.5008814
4385990885,4,2023_5_28_2_0,2023,5,28,17,1,1,0,0,,,2678.2002482
4385990893,4,2023_5_28_2_0,2023,5,28,10,2,3,0,0,,,14000.04601
4385990894,4,2023_5_28_2_0,2023,5,28,11,2,2,0,0,,,12280.000635
4385990897,4,2023_5_28_2_0,2023,5,28,4,2,2,0,0,,,9308.9626561
4385990941,4,2023_5_28_2_0,2023,5,28,-3,-3,-3,0,0,,,4952.9986152
4385990959,4,2023_5_28_2_0,2023,5,28,16,2,2,0,0,,,6923.5008814
4385990990,4,2023_5_28_2_0,2023,5,28,13,1,1,0,0,,,4750.2414331
4385990993,4,2023_5_28_2_0,2023,5,28,65,2,2,0,0,,,2901.8554034
4385991084,4,2023_5_28_2_0,2023,5,28,71,1,2,0,0,1,1,1026.6313257
4385991114,4,2023_5_28_2_0,2023,5,28,4,1,1,0,0,,,6923.5008814
4385991124,4,2023_5_28_2_0,2023,5,28,1,2,2,0,0,,,6923.5008814
4385991126,4,2023_5_28_2_0,2023,5,28,86,2,1,0,0,,,1027.9174456
4385991151,4,2023_5_28_2_0,2023,5,28,19,1,1,0,0,,,2449.42697
4385991163,4,2023_5_28_2_0,2023,5,28,11,2,1,0,0,,,14000.04601
4385991169,4,2023_5_28_2_0,2023,5,28,34,2,2,0,0,,,3297.7872076
4385991246,4,2023_5_28_2_0,2023,5,28,44,2,1,0,0,,,2901.8554034
4385991270,4,2023_5_28_2_0,2023,5,28,16,2,2,0,0,,,14000.04601
4385991295,4,2023_5_28_2_0,2023,5,28,11,1,2,0,0,,,6923.5008814
4385991330,4,2023_5_28_2_0,2023,5,28,28,1,1,0,0,,,2449.42697
4385991388,4,2023_5_28_2_0,2023,5,28,10,1,1,0,0,,,6923.5008814
4385991429,4,2023_5_28_2_0,2023,5,28,34,1,1,0,0,,,1026.6313257
4385991459,4,2023_5_28_2_0,2023,5,28,2,1,1,0,0,,,2678.2002482
4385991482,4,2023_5_28_2_0,2023,5,28,6,2,1,0,0,,,2678.2002482
4385991508,4,2023_5_28_2_0,2023,5,28,8,2,1,0,0,,,6923.5008814
4385991550,4,2023_5_37_1_1,2023,5,37,-3,-3,-3,0,0,1,1,1399.0694121
4385991565,4,2023_5_37_1_1,2023,5,37,23,2,1,0,0,,,559.79610455
4385991590,4,2023_5_37_1_1,2023,5,37,-3,-3,-3,0,0,1,1,520.357951
4385991597,4,2023_5_37_1_1,2023,5,37,8,1,3,0,0,,,2834.7503761
4385991652,4,2023_5_37_1_1,2023,5,37,14,1,1,0,0,,,3111.7606795
4385991688,4,2023_5_37_1_1,2023,5,37,5,2,1,0,0,,,859.16017929
4385991695,4,2023_5_37_1_1,2023,5,37,9,2,1,0,0,,,1157.3617414
4385991704,4,2023_5_37_1_1,2023,5,37,10,1,1,0,0,,,1157.3617414
4385991737,4,2023_5_37_1_1,2023,5,37,19,1,1,0,0,,,559.79610455
4385991767,4,2023_5_37_1_1,2023,5,37,24,1,1,0,0,,,2485.0714725
4385991771,4,2023_5_37_1_1,2023,5,37,20,2,1,0,2.0060133563,,,559.79610455
4385991794,4,2023_5_37_1_1,2023,5,37,4,1,1,0.9969933219,1.0030066781,,,1245.078687
4385991810,4,2023_5_37_1_1,2023,5,37,23,1,1,0,0,,,520.357951
4385991824,4,2023_5_37_1_1,2023,5,37,8,1,1,0,0,,,1157.3617414
4385991826,4,2023_5_37_1_1,2023,5,37,5,1,1,0,0,,,1157.3617414
4385991830,4,2023_5_37_1_1,2023,5,37,38,2,1,0,0,,,1245.078687
4385991833,4,2023_5_37_1_1,2023,5,37,10,2,1,0,0,,,924.27629986
4385991844,4,2023_5_37_1_1,2023,5,37,5,2,1,0,0,,,1245.078687
4385991855,4,2023_5_37_1_1,2023,5,37,16,2,1,0,0,,,1157.3617414
4385991861,4,2023_5_37_1_1,2023,5,37,52,1,1,0,0,,,173.80382137
4385991892,4,2023_5_37_1_1,2023,5,37,2,1,1,0,0,,,1157.3617414
4385991893,4,2023_5_37_1_1,2023,5,37,13,2,1,0,0,,,2485.0714725
4385991895,4,2023_5_37_1_1,2023,5,37,18,1,1,0,0,,,1157.3617414
4385991923,4,2023_5_37_1_1,2023,5,37,16,1,1,0,0,,,1245.078687
4385991947,4,2023_5_37_1_1,2023,5,37,11,1,1,0,0,,,1157.3617414
4385991954,4,2023_5_37_1_1,2023,5,37,1,2,-3,0,3.0090200344,,,1245.078687
4385991995,4,2023_5_37_1_1,2023,5,37,-3,-3,-3,0,0,1,1,520.357951
4385992001,4,2023_5_37_1_1,2023,5,37,-3,-3,-3,0,0,1,1,1117.3055521
4385992009,4,2023_5_37_1_1,2023,5,37,11,1,1,0.9969933219,1.0030066781,,,924.27629986
4385992016,4,2023_5_37_1_1,2023,5,37,0,2,1,0,0,,,1157.3617414
4385992019,4,2023_5_37_1_1,2023,5,37,15,2,1,0,0,,,967.04975709
4385992061,4,2023_5_37_1_1,2023,5,37,1,2,3,0,0,,,1157.3617414
4385992098,4,2023_5_37_1_1,2023,5,37,15,2,1,0,0,,,3111.7606795
4385992121,4,2023_5_37_1_1,2023,5,37,8,1,1,0,2.0060133563,,,924.27629986
4385992135,4,2023_5_37_1_1,2023,5,37,12,1,3,0,30.090200344,,,924.27629986
4385992156,4,2023_5_37_1_1,2023,5,37,66,2,1,0,3.0090200344,,,138.80081496
4385992237,4,2023_5_37_1_1,2023,5,37,2,2,1,0,0,,,859.16017929
4385992254,4,2023_5_37_1_1,2023,5,37,18,1,3,0,0,,,520.357951
4385992288,4,2023_5_37_1_1,2023,5,37,4,1,1,0,0,,,1118.1266321
4385992362,4,2023_5_37_1_1,2023,5,37,17,2,1,0,0,,,1157.3617414
4385992403,4,2023_5_37_1_1,2023,5,37,7,1,1,0,0,,,1157.3617414
4385992415,4,2023_5_37_1_1,2023,5,37,14,1,1,0,0,,,1245.078687
4385992424,4,2023_5_37_1_1,2023,5,37,9,1,1,0.9969933219,1.0030066781,,,924.27629986
4385992431,4,2023_5_37_1_1,2023,5,37,11,1,1,4.9849666093,0,,,924.27629986
4385992432,4,2023_5_37_1_1,2023,5,37,1,2,1,0,0,,,924.27629986
4385992439,4,2023_5_37_1_1,2023,5,37,19,1,3,0,0,,,1274.5236381
4385992447,4,2023_5_37_1_1,2023,5,37,19,2,2,0,0,,,520.357951
4385992458,4,2023_5_37_1_1,2023,5,37,3,2,1,0,0,,,1157.3617414
4385992462,4,2023_5_37_1_1,2023,5,37,18,1,1,0,0,,,924.27629986
4385992513,4,2023_5_37_1_1,2023,5,37,-3,-3,-3,0,0,1,1,415.56110276
4385992527,4,2023_5_37_1_1,2023,5,37,19,1,1,0,0,,,3347.6023636
4385992549,4,2023_5_37_1_1,2023,5,37,95,1,1,0,0,,,467.3006528
4385992562,4,2023_5_37_1_1,2023,5,37,11,2,3,0,0,,,924.27629986
4385992596,4,2023_5_37_1_1,2023,5,37,62,2,1,0,0,,,138.80081496
4385992602,4,2023_5_37_1_1,2023,5,37,4,2,1,0,0,,,1157.3617414
4385992627,4,2023_5_37_1_1,2023,5,37,14,2,1,0,0,,,1245.078687
4385992642,4,2023_5_37_1_1,2023,5,37,10,1,1,0,0,,,386.56830934
4385992674,4,2023_5_37_1_1,2023,5,37,14,2,1,0,0,,,1157.3617414
4385992773,4,2023_5_37_1_1,2023,5,37,7,2,1,0,0,,,1157.3617414
4385992789,4,2023_5_37_1_1,2023,5,37,3,2,1,0,1.0030066781,,,924.27629986
4385992828,4,2023_5_37_1_1,2023,5,37,7,2,1,0,0,,,1157.3617414
4385992840,4,2023_5_37_1_1,2023,5,37,60,2,1,0,0,,,386.56830934
4385992858,4,2023_5_37_1_1,2023,5,37,17,1,1,0,0,,,3111.7606795
4385992879,4,2023_5_37_1_0,2023,5,37,8,1,1,0,0,,,9323.856782
4385992898,4,2023_5_37_1_0,2023,5,37,16,2,1,0,0,,,25068.748929
4385992923,4,2023_5_37_1_0,2023,5,37,64,2,4,0,0,,,4192.071361
4385992927,4,2023_5_37_1_0,2023,5,37,4,1,4,0,0,,,9323.856782
4385992949,4,2023_5_37_1_0,2023,5,37,50,2,1,4.9849666093,0,1,,1506.3069159
4385992955,4,2023_5_37_1_0,2023,5,37,62,2,3,0,0,1,1,11271.085228
4385992976,4,2023_5_37_1_0,2023,5,37,34,1,2,0,0,,,10267.728267
4385993006,4,2023_5_37_1_0,2023,5,37,13,2,2,0,0,,,22837.11788
4385993025,4,2023_5_37_1_0,2023,5,37,2,2,1,0,0,,,9323.856782
4385993030,4,2023_5_37_1_0,2023,5,37,20,1,1,0,0,,,9323.856782
4385993058,4,2023_5_37_1_0,2023,5,37,9,2,1,0,0,,,9323.856782
4385993061,4,2023_5_37_1_0,2023,5,37,-3,-3,-3,0,0,,1,4192.071361
4385993086,4,2023_5_37_1_0,2023,5,37,-3,-3,-3,0,0,,,12397.274804
4385993089,4,2023_5_37_1_0,2023,5,37,51,2,1,0,0,,,9919.6474316
4385993204,4,2023_5_37_1_0,2023,5,37,14,1,1,0,0,,,10030.515909
4385993221,4,2023_5_37_1_0,2023,5,37,3,1,1,0,0,,,9323.856782
4385993224,4,2023_5_37_1_0,2023,5,37,-3,-3,-3,0,0,,,6150.7323766
4385993229,4,2023_5_37_1_0,2023,5,37,-3,-3,-3,0,0,1,1,4049.958163
4385993300,4,2023_5_37_1_0,2023,5,37,27,2,1,0,0,,,10267.728267
4385993359,4,2023_5_37_1_0,2023,5,37,-3,-3,-3,0,0,,,1.0054646283
4385993387,4,2023_5_37_1_0,2023,5,37,5,1,1,0,0,,,9323.856782
4385993388,4,2023_5_37_1_0,2023,5,37,4,2,1,0,0,,,3114.2445993
4385993394,4,2023_5_37_1_0,2023,5,37,4,2,5,0,0,,,22837.11788
4385993510,4,2023_5_37_1_0,2023,5,37,48,1,2,0,0,,,4192.071361
4385993536,4,2023_5_37_1_0,2023,5,37,5,1,2,0,0,,,9323.856782
4385993579,4,2023_5_37_1_0,2023,5,37,70,1,1,0,0,,,1823.1421989
4385993584,4,2023_5_37_1_0,2023,5,37,17,2,2,0,0,,,7627.7845838
4385993591,4,2023_5_37_1_0,2023,5,37,16,1,5,0,0,,,9323.856782
4385993644,4,2023_5_37_1_0,2023,5,37,-3,-3,-3,0,0,1,1,4192.071361
4385993717,4,2023_5_37_1_0,2023,5,37,49,2,2,0,0,,,1867.7702885
4385993744,4,2023_5_37_1_0,2023,5,37,29,1,1,0,0,,,9323.856782
4385993757,4,2023_5_37_1_0,2023,5,37,18,2,1,0,0,,,2184.0070089
4385993839,4,2023_5_37_1_0,2023,5,37,25,1,5,0,0,,,9323.856782
4385993916,4,2023_5_37_2_1,2023,5,37,-3,-3,-3,0,0,,,715.15204132
4385993975,4,2023_5_37_2_1,2023,5,37,6,1,1,0,0,1,1,4762.2060631
4385993976,4,2023_5_37_2_1,2023,5,37,24,1,1,0,1.0030066781,,,1621.5396491
4385993988,4,2023_5_37_2_1,2023,5,37,24,1,1,0,0,,,715.15204132
4385993996,4,2023_5_37_2_1,2023,5,37,7,1,1,0,0,,,4762.2060631
4385994011,4,2023_5_37_2_1,2023,5,37,11,2,1,0,0,,,4762.2060631
4385994032,4,2023_5_37_2_1,2023,5,37,14,2,1,0,0,,,5123.1357147
4385994037,4,2023_5_37_2_1,2023,5,37,3,2,1,0,0,,,3352.4848365
4385994041,4,2023_5_37_2_1,2023,5,37,43,2,1,0,0,,,3010.6551645
4385994045,4,2023_5_37_2_1,2023,5,37,11,1,1,0,0,,,4762.2060631
4385994070,4,2023_5_37_2_1,2023,5,37,7,1,1,0,0,,,9013.7163857
4385994072,4,2023_5_37_2_1,2023,5,37,17,2,1,0,0,,,11302.55889
4385994125,4,2023_5_37_2_1,2023,5,37,19,2,1,0,0,,,4762.2060631
4385994166,4,2023_5_37_2_0,2023,5,37,15,2,1,0,0.5738861694,,,40947.032461
4385994183,4,2023_5_37_2_0,2023,5,37,15,1,1,0,0,,,22228.543063
4385994205,4,2023_5_37_2_0,2023,5,37,2,1,2,0,0,,,54444.836522
4385994240,4,2023_5_37_2_0,2023,5,37,-3,-3,-3,0,0,1,1,22228.543063
4385994310,4,2023_5_37_2_0,2023,5,37,5,2,1,0,0,,,22228.543063
4385994324,4,2023_5_37_2_0,2023,5,37,16,1,1,0,0,,,64294.784107
4385994364,4,2023_5_37_2_0,2023,5,37,18,1,1,0,0,,,9994.1087632
4385994375,4,2023_5_37_2_0,2023,5,37,10,1,3,0,0,,,19962.052399
4385994389,4,2023_5_37_2_0,2023,5,37,18,1,2,0,0,,,19962.052399
4385994429,4,2023_5_37_2_0,2023,5,37,75,2,1,0,0,,,18185.021721
4385994443,4,2023_5_37_2_0,2023,5,37,19,1,1,0,0,,,9994.1087632
4385994480,4,2023_5_37_2_0,2023,5,37,20,1,1,0,0,,,9994.1087632
4385994495,4,2023_5_37_2_0,2023,5,37,67,2,1,0,0,,,8975.0786746
4385994584,4,2023_5_37_2_0,2023,5,37,14,2,1,0,0,,,22228.543063
4385994599,4,2023_5_37_2_0,2023,5,37,-3,-3,-3,0,0,,,9994.1087632
4385994637,4,2023_5_37_2_0,2023,5,37,6,2,2,0,0,,,22228.543063
4385994642,4,2023_5_37_2_0,2023,5,37,81,2,2,0,0,1,1,12767.618883
4385994671,4,2023_5_37_2_0,2023,5,37,2,1,1,0,0,,,22228.543063
4385994677,4,2023_5_37_2_0,2023,5,37,15,1,3,0,0,,,22228.543063
4385994801,4,2023_5_37_2_0,2023,5,37,4,2,1,0,0,,,7424.515606
4385994838,4,2023_5_37_2_0,2023,5,37,24,1,1,0,0,,,3338.1142556
4385994845,4,2023_5_37_2_0,2023,5,37,28,2,4,0,0,,,3338.1142556
4385994846,4,2023_5_37_2_0,2023,5,37,21,2,1,0,0,,,9994.1087632
4385994869,4,2023_5_37_2_0,2023,5,37,6,2,1,0,0,,,22228.543063
4385994913,4,2023_5_33_1_1,2023,5,33,7,1,1,0,0,,,64.957587481
4385994921,4,2023_5_33_1_1,2023,5,33,16,1,1,0,0,,,33.567385277
4385994927,4,2023_5_33_1_1,2023,5,33,4,1,1,0,0,,,64.957587481
4385994937,4,2023_5_33_1_1,2023,5,33,2,1,3,0,0,,,33.567385277
4385994966,4,2023_5_33_1_1,2023,5,33,17,2,1,0,0,,,156.14916583
4385994988,4,2023_5_33_1_1,2023,5,33,13,1,1,0,0,,,64.957587481
4385994999,4,2023_5_33_1_1,2023,5,33,3,1,1,0,0,,,64.957587481
4385995015,4,2023_5_33_1_1,2023,5,33,16,2,1,1.0001167297,0,,,64.957587481
4385995016,4,2023_5_33_1_1,2023,5,33,47,2,1,0,0,,,19.665440304
4385995053,4,2023_5_33_1_1,2023,5,33,14,1,1,0,0,,,33.567385277
4385995055,4,2023_5_33_1_1,2023,5,33,27,2,1,0,0,,,80.691408247
4385995056,4,2023_5_33_1_1,2023,5,33,15,2,1,0,0,,,64.957587481
4385995075,4,2023_5_33_1_1,2023,5,33,17,2,2,0,0,,,64.957587481
4385995096,4,2023_5_33_1_1,2023,5,33,22,2,5,0,0,,,91.479931305
4385995100,4,2023_5_33_1_1,2023,5,33,12,2,1,0,0,,,64.957587481
4385995105,4,2023_5_33_1_1,2023,5,33,23,2,1,0,0,,,156.14916583
4385995107,4,2023_5_33_1_1,2023,5,33,29,2,1,0,0,,,38.055378707
4385995117,4,2023_5_33_1_1,2023,5,33,8,1,1,0,0,,,156.14916583
4385995126,4,2023_5_33_1_1,2023,5,33,19,2,1,0,0,,,81.921867172
4385995128,4,2023_5_33_1_1,2023,5,33,22,2,1,0,0,,,38.055378707
4385995134,4,2023_5_33_1_1,2023,5,33,17,2,1,0,0,,,156.14916583
4385995172,4,2023_5_33_1_1,2023,5,33,1,1,1,0,0,,,156.14916583
4385995176,4,2023_5_33_1_1,2023,5,33,22,1,1,0,0,,,91.479931305
4385995188,4,2023_5_33_1_1,2023,5,33,50,2,3,0,0,,,47.273031809
4385995193,4,2023_5_33_1_1,2023,5,33,16,1,1,0,0,,,156.14916583
4385995207,4,2023_5_33_1_1,2023,5,33,53,2,1,0,0,,,336.14252852
4385995208,4,2023_5_33_1_1,2023,5,33,10,2,1,0,0,,,156.14916583
4385995211,4,2023_5_33_1_1,2023,5,33,14,1,1,0,0,,,156.14916583
4385995213,4,2023_5_33_1_1,2023,5,33,42,2,1,0,0,,,47.273031809
4385995226,4,2023_5_33_1_1,2023,5,33,0,1,5,0,0,,,64.957587481
4385995233,4,2023_5_33_1_1,2023,5,33,18,1,1,0,0,,,38.055378707
4385995235,4,2023_5_33_1_1,2023,5,33,15,2,5,0,0,,,156.14916583
4385995240,4,2023_5_33_1_1,2023,5,33,51,1,1,0,0,,,47.273031809
4385995253,4,2023_5_33_1_1,2023,5,33,1,1,1,0,0,,,64.957587481
4385995354,4,2023_5_33_1_1,2023,5,33,-3,-3,-3,0,0,1,1,45.097428821
4385995376,4,2023_5_33_1_1,2023,5,33,38,2,1,0,0,,,19.665440304
4385995396,4,2023_5_33_1_1,2023,5,33,34,2,1,0,0,,,139.83428977
4385995411,4,2023_5_33_1_1,2023,5,33,8,2,1,0,0,,,64.957587481
4385995423,4,2023_5_33_1_1,2023,5,33,62,1,1,0,0,,,33.567385277
4385995428,4,2023_5_33_1_1,2023,5,33,21,2,1,0,0,,,64.957587481
4385995452,4,2023_5_33_1_1,2023,5,33,-3,-3,-3,0,0,1,1,38.055378707
4385995456,4,2023_5_33_1_1,2023,5,33,12,1,1,1.0001167297,0,,,64.957587481
4385995507,4,2023_5_33_1_1,2023,5,33,15,2,1,0,0,,,64.957587481
4385995539,4,2023_5_33_1_1,2023,5,33,10,2,1,0,0,,,64.957587481
4385995542,4,2023_5_33_1_1,2023,5,33,25,2,1,0,0,,,38.055378707
4385995543,4,2023_5_33_1_1,2023,5,33,45,2,1,0,0,,,64.957587481
4385995567,4,2023_5_33_1_1,2023,5,33,-3,-3,-3,0,0,,,10.703761801
4385995588,4,2023_5_33_1_1,2023,5,33,0,1,5,0,0,,,64.957587481
4385995597,4,2023_5_33_1_1,2023,5,33,13,1,1,0,0,,,336.14252852
4385995625,4,2023_5_33_1_1,2023,5,33,17,2,1,0,0,,,156.14916583
4385995635,4,2023_5_33_1_1,2023,5,33,16,2,1,0,0,,,64.957587481
4385995658,4,2023_5_33_1_1,2023,5,33,19,1,1,0,0,,,38.055378707
4385995659,4,2023_5_33_1_1,2023,5,33,13,1,1,0,0,,,64.957587481
4385995702,4,2023_5_33_1_1,2023,5,33,19,1,1,0,0,,,38.055378707
4385995710,4,2023_5_33_1_1,2023,5,33,6,1,1,3.0003501892,0,,,64.957587481
4385995716,4,2023_5_33_1_1,2023,5,33,15,2,1,0,0,,,64.957587481
4385995717,4,2023_5_33_1_1,2023,5,33,24,2,1,0,1.9997665405,,,38.055378707
4385995725,4,2023_5_33_1_1,2023,5,33,4,2,1,0,0,,,64.957587481
4385995728,4,2023_5_33_1_1,2023,5,33,8,2,1,0,0,,,64.957587481
4385995731,4,2023_5_33_1_1,2023,5,33,1,1,1,0,0,,,64.957587481
4385995735,4,2023_5_33_1_1,2023,5,33,41,2,1,0,0,,,18.270493349
4385995749,4,2023_5_33_1_1,2023,5,33,56,2,1,0,0,,,91.479931305
4385995757,4,2023_5_33_1_1,2023,5,33,21,2,1,0,0,,,91.479931305
4385995761,4,2023_5_33_1_1,2023,5,33,9,2,1,0,0,,,156.14916583
4385995795,4,2023_5_33_1_1,2023,5,33,12,2,1,1.0001167297,0,,,64.957587481
4385995807,4,2023_5_33_1_1,2023,5,33,17,1,1,0,0,,,156.14916583
4385995818,4,2023_5_33_1_1,2023,5,33,17,2,1,0,0,,,64.957587481
4385995831,4,2023_5_33_1_1,2023,5,33,16,2,3,0,0,,,156.14916583
4385995846,4,2023_5_33_1_1,2023,5,33,25,2,1,0,0,,,55.583728654
4385995847,4,2023_5_33_1_1,2023,5,33,19,1,1,3.0003501892,0,,,64.957587481
4385995851,4,2023_5_33_1_1,2023,5,33,12,1,1,0,0,,,64.957587481
4385995856,4,2023_5_33_1_1,2023,5,33,10,2,1,0,0,,,64.957587481
4385995859,4,2023_5_33_1_1,2023,5,33,44,2,1,0,0,,,64.957587481
4385995901,4,2023_5_33_1_1,2023,5,33,18,1,1,0,0,,,91.479931305
4385995912,4,2023_5_33_1_1,2023,5,33,35,1,1,0,0,,,19.665440304
4385995925,4,2023_5_33_1_1,2023,5,33,16,1,1,0,0,,,33.567385277
4385995963,4,2023_5_33_1_1,2023,5,33,67,1,1,0,21.287115962,,1,62.537960686
4385995976,4,2023_5_33_1_1,2023,5,33,23,2,1,0,0,,,91.479931305
4385996023,4,2023_5_33_1_1,2023,5,33,27,2,3,0,0,,,38.055378707
4385996074,4,2023_5_33_1_1,2023,5,33,0,2,1,0,0,,,64.957587481
4385996089,4,2023_5_33_1_0,2023,5,33,11,2,1,0,0,,,387.19528035
4385996094,4,2023_5_33_1_0,2023,5,33,15,2,1,0,0,,,930.76455554
4385996112,4,2023_5_33_1_0,2023,5,33,52,1,3,0,0,,,488.31493836
4385996120,4,2023_5_33_1_0,2023,5,33,1,2,1,0,0,,,387.19528035
4385996161,4,2023_5_33_1_0,2023,5,33,16,2,1,0,0,,,387.19528035
4385996164,4,2023_5_33_1_0,2023,5,33,24,1,1,0,0,,,226.83821242
4385996165,4,2023_5_33_1_0,2023,5,33,12,2,1,0,0,,,387.19528035
4385996172,4,2023_5_33_1_0,2023,5,33,-3,-3,-3,0,0,1,1,117.22057372
4385996214,4,2023_5_33_1_0,2023,5,33,5,1,1,0,0,,,387.19528035
4385996222,4,2023_5_33_1_0,2023,5,33,10,2,1,0,0,,,387.19528035
4385996292,4,2023_5_33_1_0,2023,5,33,13,2,1,0,0,,,387.19528035
4385996316,4,2023_5_33_1_0,2023,5,33,20,1,1,0,0,,,117.22057372
4385996340,4,2023_5_33_1_0,2023,5,33,10,1,1,0,0,,,387.19528035
4385996350,4,2023_5_33_1_0,2023,5,33,28,2,1,0,0,,,226.83821242
4385996372,4,2023_5_33_1_0,2023,5,33,14,1,1,0,0,,,930.76455554
4385996384,4,2023_5_33_1_0,2023,5,33,17,2,1,0,0,,,930.76455554
4385996418,4,2023_5_33_1_0,2023,5,33,5,1,1,0,0,,,387.19528035
4385996424,4,2023_5_33_1_0,2023,5,33,4,1,1,0,0,,,387.19528035
4385996441,4,2023_5_33_1_0,2023,5,33,9,2,1,0,0,,,387.19528035
4385996447,4,2023_5_33_1_0,2023,5,33,13,2,1,0,0,,,480.98049281
4385996459,4,2023_5_33_1_0,2023,5,33,49,1,1,0,0,,,117.22057372
4385996464,4,2023_5_33_1_0,2023,5,33,72,2,1,0,0,,,117.22057372
4385996466,4,2023_5_33_1_0,2023,5,33,14,1,1,0,0,,,387.19528035
4385996486,4,2023_5_33_1_0,2023,5,33,19,1,1,0,0,,,281.7822446
4385996499,4,2023_5_33_1_0,2023,5,33,12,2,1,0,0,,,930.76455554
4385996530,4,2023_5_33_1_0,2023,5,33,33,2,1,0,0,,,200.08645113
4385996536,4,2023_5_33_1_0,2023,5,33,2,1,1,0,0,,,387.19528035
4385996550,4,2023_5_33_1_0,2023,5,33,17,1,1,0,0,,,387.19528035
4385996554,4,2023_5_33_1_0,2023,5,33,10,2,1,0,0,,,833.51582364
4385996555,4,2023_5_33_1_0,2023,5,33,21,2,1,0,0,,,545.28807214
4385996577,4,2023_5_33_1_0,2023,5,33,-3,-3,-3,0,0,1,1,226.83821242
4385996597,4,2023_5_33_1_0,2023,5,33,5,1,1,0,0,,,387.19528035
4385996602,4,2023_5_33_1_0,2023,5,33,2,2,1,0,0,,,387.19528035
4385996604,4,2023_5_33_1_0,2023,5,33,19,2,5,0,0,,,545.28807214
4385996622,4,2023_5_33_1_0,2023,5,33,5,2,1,0,0,,,930.76455554
4385996632,4,2023_5_33_1_0,2023,5,33,22,1,1,0,0,,,226.83821242
4385996651,4,2023_5_33_1_0,2023,5,33,3,2,1,0,0,,,930.76455554
4385996663,4,2023_5_33_1_0,2023,5,33,14,2,1,0,0,,,387.19528035
4385996666,4,2023_5_33_1_0,2023,5,33,4,2,1,0,0,,,387.19528035
4385996679,4,2023_5_33_1_0,2023,5,33,14,1,1,1.0001167297,0,,,930.76455554
4385996681,4,2023_5_33_1_0,2023,5,33,12,2,1,0,0,,,930.76455554
4385996684,4,2023_5_33_1_0,2023,5,33,24,1,1,0,0,,,545.28807214
4385996691,4,2023_5_33_1_0,2023,5,33,-3,-3,-3,0,0,1,1,545.28807214
4385996698,4,2023_5_33_1_0,2023,5,33,6,1,1,0,0,,,200.08645113
4385996740,4,2023_5_33_1_0,2023,5,33,59,1,1,0,0,,,117.22057372
4385996772,4,2023_5_33_1_0,2023,5,33,16,1,1,0,0,,,387.19528035
4385996787,4,2023_5_33_1_0,2023,5,33,15,-5,1,0,0,,,387.19528035
4385996797,4,2023_5_33_1_0,2023,5,33,46,2,1,0,0,,,387.19528035
4385996829,4,2023_5_33_1_0,2023,5,33,1,1,1,0,0,1,1,387.19528035
4385996830,4,2023_5_33_1_0,2023,5,33,16,1,1,0,0,,,930.76455554
4385996835,4,2023_5_33_1_0,2023,5,33,11,1,1,0,0,,,387.19528035
4385996901,4,2023_5_33_1_0,2023,5,33,7,2,1,0,0,,,387.19528035
4385996942,4,2023_5_33_1_0,2023,5,33,5,1,1,0,0,,,200.08645113
4385996943,4,2023_5_33_1_0,2023,5,33,15,2,1,0,0,,,387.19528035
4385996995,4,2023_5_33_1_0,2023,5,33,18,2,4,0,0,,,488.31493836
4385996997,4,2023_5_33_1_0,2023,5,33,8,2,5,0,0,,,387.19528035
4385997014,4,2023_5_33_1_0,2023,5,33,18,1,1,0,0,,,545.28807214
4385997033,4,2023_5_33_1_0,2023,5,33,-3,-3,-3,0,0,1,1,387.19528035
4385997046,4,2023_5_33_1_0,2023,5,33,19,2,1,0,0,,,387.19528035
4385997050,4,2023_5_33_1_0,2023,5,33,25,1,4,0,0,,,545.28807214
4385997057,4,2023_5_33_1_0,2023,5,33,2,1,5,0,0,,,387.19528035
4385997064,4,2023_5_33_1_0,2023,5,33,5,2,1,0,0,,,480.98049281
4385997135,4,2023_5_33_1_0,2023,5,33,10,2,1,0,0,,,387.19528035
4385997142,4,2023_5_33_1_0,2023,5,33,8,2,1,0,0,,,387.19528035
4385997152,4,2023_5_33_1_0,2023,5,33,12,1,1,0,0,,,387.19528035
4385997190,4,2023_5_33_1_0,2023,5,33,27,2,1,0,0,,,488.31493836
4385997216,4,2023_5_33_1_0,2023,5,33,-3,-3,-3,0,0,1,1,545.28807214
4385997221,4,2023_5_33_1_0,2023,5,33,10,2,5,0,0,,,930.76455554
4385997233,4,2023_5_33_1_0,2023,5,33,20,2,1,0,0,,,226.83821242
4385997276,4,2023_5_33_1_0,2023,5,33,20,2,1,0,0,,,281.7822446
4385997296,4,2023_5_33_1_0,2023,5,33,16,2,1,0,0,,,387.19528035
4385997333,4,2023_5_33_1_0,2023,5,33,11,1,5,0,0,,,387.19528035
4385997344,4,2023_5_33_1_0,2023,5,33,30,2,1,0,0,,,480.98049281
4385997354,4,2023_5_33_1_0,2023,5,33,25,2,1,0,0,,,226.83821242
4385997355,4,2023_5_33_1_0,2023,5,33,-3,-3,-3,0,0,1,1,226.83821242
4385997380,4,2023_5_33_1_0,2023,5,33,13,1,1,0,0,,,387.19528035
4385997404,4,2023_5_33_1_0,2023,5,33,-3,-3,-3,0,0,,,217.51682709
4385997410,4,2023_5_33_1_0,2023,5,33,17,1,1,0,0,,,387.19528035
4385997421,4,2023_5_33_1_0,2023,5,33,0,2,1,0,0,,,387.19528035
4385997423,4,2023_5_33_1_0,2023,5,33,25,2,1,0,0,,,226.83821242
4385997462,4,2023_5_33_1_0,2023,5,33,94,2,1,0,0,,,281.7822446
4385997533,4,2023_5_33_1_0,2023,5,33,16,1,3,0,0,,,2003.6581655
4385997567,4,2023_5_33_1_0,2023,5,33,13,2,5,0,0,,,387.19528035
4385997595,4,2023_5_33_1_0,2023,5,33,1,1,1,0,0,,,387.19528035
4385997634,4,2023_5_33_1_0,2023,5,33,43,2,2,0,0,,,488.31493836
4385997670,4,2023_5_33_1_0,2023,5,33,10,1,1,0,0,,,930.76455554
4385997734,4,2023_5_33_1_0,2023,5,33,13,1,1,0,0,,,387.19528035
4385997783,4,2023_5_33_1_0,2023,5,33,78,1,4,0,0,,,117.22057372
4385997808,4,2023_5_33_1_0,2023,5,33,3,2,3,0,0,,,1388.9742515
4385997860,4,2023_5_33_1_0,2023,5,33,22,2,1,0,0,,,117.22057372
4385997870,4,2023_5_33_1_0,2023,5,33,-3,-3,-3,0,0,,,226.83821242
4385997874,4,2023_5_33_1_0,2023,5,33,9,2,-3,0,0,,,930.76455554
4385997906,4,2023_5_33_1_0,2023,5,33,17,1,1,0,0,,,387.19528035
4385997908,4,2023_5_33_1_0,2023,5,33,27,1,1,0,0,,,292.24649405
4385997917,4,2023_5_33_1_0,2023,5,33,25,1,1,0,0,,,226.83821242
4385997922,4,2023_5_33_1_0,2023,5,33,6,1,1,0,0,,,387.19528035
4385997945,4,2023_5_33_1_0,2023,5,33,17,1,1,0,0,,,387.19528035
4385997953,4,2023_5_33_1_0,2023,5,33,-3,-3,-3,0,0,,,481.22832901
4385997962,4,2023_5_33_1_0,2023,5,33,12,1,1,0,0,,,387.19528035
4385997964,4,2023_5_33_1_0,2023,5,33,15,2,1,0,0,,,387.19528035
4385997965,4,2023_5_33_1_0,2023,5,33,18,2,1,0,0,,,545.28807214
4385997970,4,2023_5_33_1_0,2023,5,33,7,2,1,0,0,,,387.19528035
4385997985,4,2023_5_33_1_0,2023,5,33,20,1,1,0,0,,,930.76455554
4385997993,4,2023_5_33_1_0,2023,5,33,13,2,3,0,0,,,387.19528035
4385997997,4,2023_5_33_1_0,2023,5,33,14,1,1,0,0,,,387.19528035
4385998010,4,2023_5_33_1_0,2023,5,33,7,2,1,0,0,,,387.19528035
4385998021,4,2023_5_33_1_0,2023,5,33,7,1,1,0,0,,,930.76455554
4385998037,4,2023_5_33_1_0,2023,5,33,4,2,1,0,0,,,387.19528035
4385998040,4,2023_5_33_1_0,2023,5,33,11,2,1,0,0,,,387.19528035
4385998053,4,2023_5_33_1_0,2023,5,33,53,2,1,0,0,,,545.28807214
4385998099,4,2023_5_33_1_0,2023,5,33,1,1,1,0,0,1,1,833.51582364
4385998104,4,2023_5_33_1_0,2023,5,33,17,1,1,0,0,,,387.19528035
4385998109,4,2023_5_33_1_0,2023,5,33,13,2,1,0,0,,,387.19528035
4385998226,4,2023_5_33_1_0,2023,5,33,-3,-3,-3,0,0,1,1,387.19528035
4385998249,4,2023_5_33_1_0,2023,5,33,43,1,1,0,0,,,480.98049281
4385998253,4,2023_5_33_1_0,2023,5,33,3,2,1,0,0,,,387.19528035
4385998288,4,2023_5_33_1_0,2023,5,33,16,1,1,0,0,,,387.19528035
4385998296,4,2023_5_33_1_0,2023,5,33,10,2,1,0,0,,,387.19528035
4385998297,4,2023_5_33_1_0,2023,5,33,15,2,1,0,0,,,387.19528035
4385998298,4,2023_5_33_1_0,2023,5,33,24,2,1,0,0,,,545.28807214
4385998309,4,2023_5_33_1_0,2023,5,33,14,1,1,0,0,,,387.19528035
4385998328,4,2023_5_33_1_0,2023,5,33,57,2,1,0,0,,1,281.7822446
4385998348,4,2023_5_33_1_0,2023,5,33,17,1,3,0,0,,,387.19528035
4385998361,4,2023_5_33_1_0,2023,5,33,32,1,1,0,0,,,545.28807214
4385998370,4,2023_5_33_1_0,2023,5,33,4,1,1,0,0,1,1,387.19528035
4385998379,4,2023_5_33_1_0,2023,5,33,15,2,3,0,0,,,387.19528035
4385998446,4,2023_5_33_1_0,2023,5,33,14,1,1,0,0,,,480.98049281
4385998504,4,2023_5_33_1_0,2023,5,33,33,2,1,0,0,,,387.19528035
4385998523,4,2023_5_33_1_0,2023,5,33,13,2,1,0,0,,,930.76455554
4385998565,4,2023_5_33_1_0,2023,5,33,53,2,1,0,0,,,117.22057372
4385998608,4,2023_5_33_1_0,2023,5,33,3,1,1,0,0,,,387.19528035
4385998613,4,2023_5_33_1_0,2023,5,33,5,1,1,0,0,,,930.76455554
4385998623,4,2023_5_33_1_0,2023,5,33,21,1,1,0,0,,,226.83821242
4385998663,4,2023_5_33_1_0,2023,5,33,-3,2,1,0,0,,,488.31493836
4385998709,4,2023_5_33_1_0,2023,5,33,2,1,4,0,0,,,387.19528035
4385998716,4,2023_5_33_1_0,2023,5,33,38,1,1,0,0,,,387.19528035
4385998732,4,2023_5_33_1_0,2023,5,33,-3,-3,-3,0,0,1,1,387.19528035
4385998754,4,2023_5_33_1_0,2023,5,33,0,2,1,0,0,,,387.19528035
4385998762,4,2023_5_33_1_0,2023,5,33,-3,2,1,0,0,,,481.22832901
4385998792,4,2023_5_33_1_0,2023,5,33,3,2,1,0,0,,,387.19528035
4385998832,4,2023_5_33_1_0,2023,5,33,-3,-3,-3,0,0,1,1,109.01237072
4385998833,4,2023_5_33_1_0,2023,5,33,-3,-3,-3,0,0,1,1,117.22057372
4385998872,4,2023_5_33_1_0,2023,5,33,12,1,1,0,0,,,387.19528035
4385998887,4,2023_5_33_1_0,2023,5,33,21,2,1,0,0,,,930.76455554
4385998893,4,2023_5_33_1_0,2023,5,33,69,2,4,0,0,,,200.08645113
4385998899,4,2023_5_33_1_0,2023,5,33,6,2,1,0,0,,,387.19528035
4385998952,4,2023_5_33_1_0,2023,5,33,9,1,1,0,0,,,200.08645113
4385998973,4,2023_5_33_1_0,2023,5,33,17,2,1,0,0,,,930.76455554
4385999006,4,2023_5_33_1_0,2023,5,33,-3,1,1,0,0,,,387.19528035
4385999007,4,2023_5_33_1_0,2023,5,33,4,1,1,0,0,,,387.19528035
4385999031,4,2023_5_33_1_0,2023,5,33,6,1,1,0,0,,,387.19528035
4385999052,4,2023_5_33_1_0,2023,5,33,2,1,3,0,0,,,833.51582364
4385999076,4,2023_5_33_1_0,2023,5,33,18,1,1,0,0,,,387.19528035
4385999077,4,2023_5_33_1_0,2023,5,33,14,1,1,0,0,,,387.19528035
4385999087,4,2023_5_33_1_0,2023,5,33,-3,-3,-3,0,0,,,481.22832901
4385999107,4,2023_5_33_1_0,2023,5,33,50,2,1,0,0,,,545.28807214
4385999126,4,2023_5_33_1_0,2023,5,33,5,2,1,0,0,,,387.19528035
4385999149,4,2023_5_33_1_0,2023,5,33,7,1,1,0,0,,,237.11193514
4385999175,4,2023_5_33_1_0,2023,5,33,24,2,1,0,0,,,545.28807214
4385999180,4,2023_5_33_1_0,2023,5,33,1,1,1,0,0,,,387.19528035
4385999184,4,2023_5_33_1_0,2023,5,33,20,2,1,0,0,,,117.22057372
4385999221,4,2023_5_33_1_0,2023,5,33,16,2,1,0,0,,,387.19528035
4385999258,4,2023_5_33_1_0,2023,5,33,7,2,5,0,0,,,387.19528035
4385999271,4,2023_5_33_1_0,2023,5,33,30,1,1,0,0,,,226.83821242
4385999287,4,2023_5_33_1_0,2023,5,33,18,1,1,0,0,,,387.19528035
4385999292,4,2023_5_33_1_0,2023,5,33,16,2,1,0,1.9997665405,,,387.19528035
4385999294,4,2023_5_33_1_0,2023,5,33,14,1,1,0,0,,,387.19528035
4385999295,4,2023_5_33_1_0,2023,5,33,6,1,1,0,0,,,387.19528035
4385999307,4,2023_5_33_1_0,2023,5,33,5,1,1,0,0,,,200.08645113
4385999333,4,2023_5_33_1_0,2023,5,33,-3,-3,-3,0,0,1,1,387.19528035
4385999336,4,2023_5_33_1_0,2023,5,33,33,2,1,0,0,,,480.98049281
4385999362,4,2023_5_33_1_0,2023,5,33,-3,-3,-3,0,0,1,1,281.7822446
4385999376,4,2023_5_33_1_0,2023,5,33,15,1,1,0,0,,,387.19528035
4385999393,4,2023_5_33_1_0,2023,5,33,25,2,1,0,0,,,387.19528035
4385999400,4,2023_5_33_1_0,2023,5,33,20,1,1,0,0,,,387.19528035
4385999467,4,2023_5_33_1_0,2023,5,33,17,2,3,0,0,,,930.76455554
4385999468,4,2023_5_33_1_0,2023,5,33,8,1,1,0,0,,,387.19528035
4385999509,4,2023_5_33_1_0,2023,5,33,61,1,1,0,0,,,281.7822446
4385999586,4,2023_5_33_1_0,2023,5,33,-3,-3,-3,0,0,1,1,226.83821242
4385999588,4,2023_5_33_1_0,2023,5,33,1,2,1,0,0,,,387.19528035
4385999590,4,2023_5_33_1_0,2023,5,33,0,2,1,0,0,,,387.19528035
4385999593,4,2023_5_33_1_0,2023,5,33,19,2,1,0,0,,,545.28807214
4385999598,4,2023_5_33_1_0,2023,5,33,-3,-3,-3,0,0,1,1,226.83821242
4385999622,4,2023_5_33_2_1,2023,5,33,3,2,1,0,0,,,151.26589438
4385999668,4,2023_5_33_2_1,2023,5,33,1,2,1,0,0,,,151.26589438
4385999673,4,2023_5_33_2_1,2023,5,33,17,2,2,0,0,,,151.26589438
4385999689,4,2023_5_33_2_1,2023,5,33,12,2,3,0,0,,,363.62254422
4385999704,4,2023_5_33_2_1,2023,5,33,24,1,1,0,0,,,110.08409816
4385999726,4,2023_5_33_2_0,2023,5,33,-3,-3,-3,0,0,1,1,501.31128699
4385999728,4,2023_5_33_2_0,2023,5,33,11,2,1,0,0,,,1853.6613491
4385999747,4,2023_5_33_2_0,2023,5,33,15,2,1,0,0,,,1069.6556968
4385999751,4,2023_5_33_2_0,2023,5,33,18,1,1,0,0,,,504.46699982
4385999752,4,2023_5_33_2_0,2023,5,33,3,2,1,0,0,,,861.08614303
4385999768,4,2023_5_33_2_0,2023,5,33,93,2,1,0,0,,,1392.2549162
4385999776,4,2023_5_33_2_0,2023,5,33,0,1,1,0,0,,,861.08614303
4385999802,4,2023_5_33_2_0,2023,5,33,0,2,1,0,0,,,861.08614303
4385999860,4,2023_5_33_2_0,2023,5,33,8,2,1,0,0,,,2069.9334467
4385999916,4,2023_5_33_2_0,2023,5,33,25,1,1,0,0,,,626.65739613
4385999922,4,2023_5_33_2_0,2023,5,33,18,2,1,0,0,,,2069.9334467
4385999975,4,2023_5_33_2_0,2023,5,33,4,1,1,0,0,,,861.08614303
4386000023,4,2023_5_33_2_0,2023,5,33,18,2,1,0,0,,,2069.9334467
4386000053,4,2023_5_33_2_0,2023,5,33,-3,-3,-3,0,0,1,1,504.46699982
4386000057,4,2023_5_33_2_0,2023,5,33,41,1,1,0,0,,,504.46699982
4386000086,4,2023_5_33_2_0,2023,5,33,21,2,1,0,0,,,626.65739613
4386000099,4,2023_5_33_2_0,2023,5,33,-3,-3,-3,0,0,1,1,742.61873819
4386000120,4,2023_5_33_2_0,2023,5,33,37,1,1,0,0,,,444.97358108
4386000138,4,2023_5_33_2_0,2023,5,33,30,1,1,0,0,,,594.40753508
4386000143,4,2023_5_33_2_0,2023,5,33,7,2,1,0,0,,,444.97358108
4386000153,4,2023_5_33_2_0,2023,5,33,13,1,1,0,0,,,2069.9334467
4386000158,4,2023_5_33_2_0,2023,5,33,-3,-3,-3,0,0,,,1162.837923
4386000161,4,2023_5_33_2_0,2023,5,33,4,2,5,0,0,,,1853.6613491
4386000187,4,2023_5_33_2_0,2023,5,33,15,2,1,0,0,,,2069.9334467
4386000212,4,2023_5_33_2_0,2023,5,33,-3,1,1,0,0,,,504.46699982
4386000220,4,2023_5_33_2_0,2023,5,33,-3,-3,-3,0,0,1,1,504.46699982
4386000271,4,2023_5_34_1_1,2023,5,34,27,2,1,0,0,,,208.0356558
4386000274,4,2023_5_34_1_1,2023,5,34,19,1,3,0,2.9999117296,,,576.65062878
4386000280,4,2023_5_34_1_1,2023,5,34,25,2,1,0,0,,,108.19321725
4386000293,4,2023_5_34_1_1,2023,5,34,5,1,3,0,1.999941153,,,576.65062878
4386000299,4,2023_5_34_1_1,2023,5,34,19,1,1,0,2.9999117296,,,576.65062878
4386000302,4,2023_5_34_1_1,2023,5,34,24,1,1,0,0,,,669.11470803
4386000315,4,2023_5_34_1_1,2023,5,34,6,2,1,0,0,,,964.57905863
4386000344,4,2023_5_34_1_1,2023,5,34,17,2,1,2.000058847,1.999941153,,,1854.7081058
4386000355,4,2023_5_34_1_1,2023,5,34,-3,-3,-3,0,0,1,1,175.0550318
4386000365,4,2023_5_34_1_1,2023,5,34,21,1,4,0,0.9999705765,,,331.62214092
4386000384,4,2023_5_34_1_1,2023,5,34,-3,-3,-3,0,0,1,1,208.0356558
4386000399,4,2023_5_34_1_1,2023,5,34,23,1,1,0,0,,,208.0356558
4386000404,4,2023_5_34_1_1,2023,5,34,13,1,1,0,0,,,576.65062878
4386000420,4,2023_5_34_1_1,2023,5,34,18,1,1,0,4.9998528826,,,108.19321725
4386000441,4,2023_5_34_1_1,2023,5,34,10,2,1,0,0,,,2289.2499023
4386000448,4,2023_5_34_1_1,2023,5,34,8,2,1,6.0001765409,1.999941153,,,964.57905863
4386000450,4,2023_5_34_1_1,2023,5,34,24,1,1,1.0000294235,0,,,347.98685204
4386000458,4,2023_5_34_1_1,2023,5,34,18,2,1,0,0,,,576.65062878
4386000475,4,2023_5_34_1_1,2023,5,34,18,1,1,0,0,,,299.89900779
4386000477,4,2023_5_34_1_1,2023,5,34,7,1,1,0,0,,,919.21798377
4386000489,4,2023_5_34_1_1,2023,5,34,24,2,1,0,0,,,669.11470803
4386000492,4,2023_5_34_1_1,2023,5,34,11,2,1,0,0,,,299.89900779
4386000519,4,2023_5_34_1_1,2023,5,34,11,2,1,0,0,,,576.65062878
4386000521,4,2023_5_34_1_1,2023,5,34,28,1,1,0,0,,,331.62214092
4386000536,4,2023_5_34_1_1,2023,5,34,16,2,2,0,0,,,2289.2499023
4386000557,4,2023_5_34_1_1,2023,5,34,1,2,4,0,0,,,299.89900779
4386000574,4,2023_5_34_1_1,2023,5,34,0,1,1,0,0,,,576.65062878
4386000591,4,2023_5_34_1_1,2023,5,34,29,1,2,0,0,,,208.0356558
4386000592,4,2023_5_34_1_1,2023,5,34,12,1,5,0,0,,,576.65062878
4386000598,4,2023_5_34_1_1,2023,5,34,5,1,4,0,0,,,299.89900779
4386000603,4,2023_5_34_1_1,2023,5,34,45,1,1,2.000058847,0,,,103.10523553
4386000635,4,2023_5_34_1_0,2023,5,34,13,2,4,0,0,,,2429.6145797
4386000669,4,2023_5_34_1_0,2023,5,34,20,2,1,0,0,,,5688.2968061
4386000685,4,2023_5_34_1_0,2023,5,34,15,2,4,0,0,,,4902.2385707
4386000732,4,2023_5_34_1_0,2023,5,34,7,2,1,0,0,,,19461.435761
4386000765,4,2023_5_34_1_0,2023,5,34,21,2,1,0,0,,,5688.2968061
4386000784,4,2023_5_34_1_0,2023,5,34,3,2,1,0,0,,,4902.2385707
4386000795,4,2023_5_34_1_0,2023,5,34,19,1,5,0,0,,,1768.5585779
4386000852,4,2023_5_34_1_0,2023,5,34,30,2,3,0,0,,,3479.7081936
4386000880,4,2023_5_34_1_0,2023,5,34,-3,-3,-3,0,0,1,1,876.52113291
4386000887,4,2023_5_34_1_0,2023,5,34,0,2,1,0,0,,,4902.2385707
4386000900,4,2023_5_34_1_0,2023,5,34,23,2,1,0,0,,,2647.4988525
4386001013,4,2023_5_34_1_0,2023,5,34,6,2,3,0,0,,,4902.2385707
4386001046,4,2023_5_34_1_0,2023,5,34,19,2,5,0,0,,,5688.2968061
4386001049,4,2023_5_34_1_0,2023,5,34,18,1,1,0,0,,,15767.2968
4386001065,4,2023_5_34_1_0,2023,5,34,13,1,1,0,0,,,15767.2968
4386001073,4,2023_5_34_1_0,2023,5,34,17,1,1,0,0,,,15767.2968
4386001196,4,2023_5_34_1_0,2023,5,34,12,2,1,0,0,,,4902.2385707
4386001283,4,2023_5_34_1_0,2023,5,34,3,1,-3,0,0,,,4902.2385707
4386001296,4,2023_5_34_1_0,2023,5,34,65,2,3,0,0,,,2429.6145797
4386001311,4,2023_5_34_1_0,2023,5,34,31,2,1,0,0,,,876.52113291
4386001371,4,2023_5_34_1_0,2023,5,34,-3,1,-3,0,0,1,1,4902.2385707
4386001415,4,2023_5_34_1_0,2023,5,34,3,2,5,0,0,,,19461.435761
4386001430,4,2023_5_34_1_0,2023,5,34,9,1,1,0,0,,,15767.2968
4386001450,4,2023_5_34_1_0,2023,5,34,7,2,1,0,0,,,4902.2385707
4386001459,4,2023_5_34_1_0,2023,5,34,24,1,4,0,0,,,5688.2968061
4386001481,4,2023_5_34_1_0,2023,5,34,23,2,1,0,0,,,1768.5585779
4386001500,4,2023_5_34_1_0,2023,5,34,15,1,1,0,0,,,4902.2385707
4386001509,4,2023_5_34_1_0,2023,5,34,42,2,1,0,0,,,4902.2385707
4386001510,4,2023_5_34_1_0,2023,5,34,4,2,1,0,0,,,4902.2385707
4386001521,4,2023_5_34_1_0,2023,5,34,18,1,1,0,0,,,5688.2968061
4386001523,4,2023_5_34_1_0,2023,5,34,51,2,1,0,0,,,15767.2968
4386001533,4,2023_5_34_1_0,2023,5,34,10,1,1,0,0,,,4902.2385707
4386001560,4,2023_5_34_1_0,2023,5,34,27,2,3,0,0,,,1768.5585779
4386001572,4,2023_5_34_1_0,2023,5,34,19,2,2,0,0,,,7021.0147174
4386001630,4,2023_5_34_1_0,2023,5,34,30,2,2,0,0,,,2819.1954868
4386001637,4,2023_5_34_1_0,2023,5,34,30,1,4,0,0,,,876.52113291
4386001641,4,2023_5_34_1_0,2023,5,34,35,2,1,0,0,,,7814.4818197
4386001644,4,2023_5_34_1_0,2023,5,34,1,2,5,0,0,,,4902.2385707
4386001646,4,2023_5_34_1_0,2023,5,34,14,2,4,0,0,,,4902.2385707
4386001656,4,2023_5_34_1_0,2023,5,34,21,2,3,0,0,,,4902.2385707
4386001670,4,2023_5_34_1_0,2023,5,34,16,1,3,0,0,,,19461.435761
4386001680,4,2023_5_34_1_0,2023,5,34,11,2,4,0,0,1,1,4902.2385707
4386001703,4,2023_5_34_1_0,2023,5,34,30,2,3,0,0,,,5688.2968061
4386001706,4,2023_5_34_1_0,2023,5,34,21,1,1,0,0,,,5688.2968061
4386001745,4,2023_5_34_1_0,2023,5,34,12,1,4,0,0,1,1,4902.2385707
4386001751,4,2023_5_34_1_0,2023,5,34,23,1,1,0,0,,,4902.2385707
4386001760,4,2023_5_34_1_0,2023,5,34,6,1,1,0,0,,,4902.2385707
4386001784,4,2023_5_34_1_0,2023,5,34,12,1,1,0,0,,,15767.2968
4386001797,4,2023_5_34_1_0,2023,5,34,23,2,1,0,0,,,5688.2968061
4386001803,4,2023_5_34_1_0,2023,5,34,1,1,1,0,0,,,4902.2385707
4386001819,4,2023_5_34_1_0,2023,5,34,45,2,4,0,0,,,876.52113291
4386001856,4,2023_5_34_1_0,2023,5,34,19,2,4,0,0,,,4902.2385707
4386001881,4,2023_5_34_1_0,2023,5,34,53,1,3,0,0,,,1768.5585779
4386001888,4,2023_5_34_1_0,2023,5,34,16,2,4,0,0,,,4902.2385707
4386001893,4,2023_5_34_1_0,2023,5,34,8,1,1,0,0,,,4902.2385707
4386001951,4,2023_5_34_1_0,2023,5,34,18,1,1,0,0,,,1768.5585779
4386001956,4,2023_5_34_1_0,2023,5,34,5,1,1,0,0,,,15767.2968
4386001977,4,2023_5_34_1_0,2023,5,34,9,2,1,0,0,,,2429.6145797
4386001989,4,2023_5_34_1_0,2023,5,34,22,2,1,0,0,,,2819.1954868
4386001991,4,2023_5_34_1_0,2023,5,34,9,1,5,0,0,,,4902.2385707
4386001996,4,2023_5_34_1_0,2023,5,34,-3,-3,-3,0,0,,,5764.9054344
4386002008,4,2023_5_34_1_0,2023,5,34,18,1,1,0,0,,,5688.2968061
4386002011,4,2023_5_34_1_0,2023,5,34,18,1,3,0,0,,,4902.2385707
4386002043,4,2023_5_34_1_0,2023,5,34,18,1,4,0,0,,,15767.2968
4386002045,4,2023_5_34_1_0,2023,5,34,22,2,1,0,0,,,1768.5585779
4386002058,4,2023_5_34_1_0,2023,5,34,10,2,1,0,0,,,4902.2385707
4386002067,4,2023_5_34_1_0,2023,5,34,2,2,1,0,0,,,4902.2385707
4386002078,4,2023_5_34_1_0,2023,5,34,21,1,1,0,0,,,4902.2385707
4386002083,4,2023_5_34_1_0,2023,5,34,14,1,4,0,0,,,4902.2385707
4386002089,4,2023_5_34_1_0,2023,5,34,22,1,1,0,0,,,5688.2968061
4386002113,4,2023_5_34_1_0,2023,5,34,2,2,3,0,0,,,4902.2385707
4386002133,4,2023_5_34_1_0,2023,5,34,26,2,1,0,0,,,1768.5585779
4386002229,4,2023_5_34_1_0,2023,5,34,15,2,4,0,0,,,4902.2385707
4386002235,4,2023_5_34_1_0,2023,5,34,16,2,3,0,0,,,4902.2385707
4386002246,4,2023_5_34_1_0,2023,5,34,12,1,1,0,0,,,4902.2385707
4386002247,4,2023_5_34_1_0,2023,5,34,25,2,1,0,0,,,5688.2968061
4386002271,4,2023_5_34_1_0,2023,5,34,19,1,1,0,0,,,1025.1974357
4386002277,4,2023_5_34_1_0,2023,5,34,22,2,1,0,0,,,15767.2968
4386002294,4,2023_5_34_1_0,2023,5,34,18,2,1,0,0,,,5688.2968061
4386002302,4,2023_5_34_1_0,2023,5,34,19,1,1,0,0,,,4902.2385707
4386002306,4,2023_5_34_1_0,2023,5,34,7,1,1,0,0,,,4902.2385707
4386002319,4,2023_5_34_1_0,2023,5,34,20,2,1,0,0,,,1768.5585779
4386002327,4,2023_5_34_1_0,2023,5,34,12,2,1,0,0,,,4902.2385707
4386002335,4,2023_5_34_1_0,2023,5,34,-3,-3,-3,0,0,1,1,1768.5585779
4386002387,4,2023_5_34_1_0,2023,5,34,32,2,1,0,0,,,15767.2968
4386002401,4,2023_5_34_1_0,2023,5,34,12,2,1,1.0000294235,2.9999117296,,,4902.2385707
4386002425,4,2023_5_34_1_0,2023,5,34,4,1,5,0,0,,,4902.2385707
4386002429,4,2023_5_34_1_0,2023,5,34,83,2,1,0,0,,,2819.1954868
4386002449,4,2023_5_34_1_0,2023,5,34,25,1,1,0,0,,,1768.5585779
4386002454,4,2023_5_34_1_0,2023,5,34,12,2,1,0,0,,,4902.2385707
4386002459,4,2023_5_34_1_0,2023,5,34,23,2,1,0,0,,,876.52113291
4386002467,4,2023_5_34_1_0,2023,5,34,-3,-3,-3,0,0,1,1,7021.0147174
4386002492,4,2023_5_34_1_0,2023,5,34,22,1,1,1.0000294235,0.9999705765,,,1768.5585779
4386002507,4,2023_5_34_1_0,2023,5,34,30,1,3,0,0,,,1768.5585779
4386002526,4,2023_5_34_1_0,2023,5,34,21,1,4,0,0,,,1768.5585779
4386002540,4,2023_5_34_1_0,2023,5,34,26,2,3,0,0,,,1768.5585779
4386002557,4,2023_5_34_1_0,2023,5,34,23,2,5,0,0,,,876.52113291
4386002561,4,2023_5_34_1_0,2023,5,34,23,1,3,0,0,,,3002.7095765
4386002566,4,2023_5_34_1_0,2023,5,34,77,2,1,0,0,,,2819.1954868
4386002645,4,2023_5_34_1_0,2023,5,34,-3,-3,-3,0,0,1,1,1768.5585779
4386002651,4,2023_5_34_1_0,2023,5,34,16,2,1,0,0,,,4902.2385707
4386002652,4,2023_5_34_1_0,2023,5,34,14,1,1,0,0,,,4902.2385707
4386002707,4,2023_5_34_1_0,2023,5,34,20,2,4,0,0,,,5688.2968061
4386002763,4,2023_5_34_1_0,2023,5,34,15,2,1,0,0,,,4902.2385707
4386002774,4,2023_5_34_1_0,2023,5,34,16,1,4,0,0,,,4902.2385707
4386002828,4,2023_5_34_1_0,2023,5,34,59,1,1,2.8236173769,3.1763826231,,,5066.1954651
4386002832,4,2023_5_34_1_0,2023,5,34,-3,-3,-3,0,0,,,7021.0147174
4386002835,4,2023_5_34_1_0,2023,5,34,6,2,5,0,0,,,19461.435761
4386002851,4,2023_5_34_1_0,2023,5,34,8,1,1,0,0,,,4902.2385707
4386002854,4,2023_5_34_1_0,2023,5,34,17,1,1,0,0,,,7814.4818197
4386002859,4,2023_5_34_1_0,2023,5,34,17,2,1,0,0,,,15767.2968
4386002864,4,2023_5_34_1_0,2023,5,34,2,1,1,0,0,,,19461.435761
4386002879,4,2023_5_34_1_0,2023,5,34,3,2,1,0,0,,,15767.2968
4386002899,4,2023_5_34_1_0,2023,5,34,0,2,3,0,0,,,4902.2385707
4386002901,4,2023_5_34_1_0,2023,5,34,26,1,1,0,0,,,508.10147263
4386002943,4,2023_5_34_1_0,2023,5,34,9,1,1,0,0,,,4902.2385707
4386002961,4,2023_5_34_1_0,2023,5,34,2,2,1,0,0,,,4902.2385707
4386002972,4,2023_5_34_1_0,2023,5,34,4,2,1,0,0,,,15767.2968
4386002982,4,2023_5_34_1_0,2023,5,34,-3,-3,-3,0,0,,,10232.360043
4386003027,4,2023_5_34_1_0,2023,5,34,4,2,4,0,0,,,15767.2968
4386003049,4,2023_5_34_1_0,2023,5,34,3,1,2,0,0,,,19461.435761
4386003054,4,2023_5_34_1_0,2023,5,34,23,2,4,0,0,1,1,19461.435761
4386003122,4,2023_5_34_1_0,2023,5,34,15,1,1,0,0,,,15767.2968
4386003139,4,2023_5_34_1_0,2023,5,34,97,2,1,0,0,,,2819.1954868
4386003155,4,2023_5_34_1_0,2023,5,34,16,1,3,0,0,,,15767.2968
4386003208,4,2023_5_34_1_0,2023,5,34,18,1,2,0,0,,,15767.2968
4386003249,4,2023_5_34_1_0,2023,5,34,0,2,1,0,0,,,4902.2385707
4386003281,4,2023_5_34_2_1,2023,5,34,18,2,5,0,0,,,139.31215104
4386003283,4,2023_5_34_2_1,2023,5,34,23,2,1,0,0,,,43.313791124
4386003285,4,2023_5_34_2_1,2023,5,34,21,1,1,0,0,,,176.680365
4386003296,4,2023_5_34_2_1,2023,5,34,36,1,1,1.0000294235,0,,,101.60592563
4386003313,4,2023_5_34_2_1,2023,5,34,19,2,1,0,0,,,63.740181257
4386003346,4,2023_5_34_2_0,2023,5,34,21,1,1,0,0,,,1479.4259767
4386003351,4,2023_5_34_2_0,2023,5,34,15,1,1,0,0,,,13189.582047
4386003355,4,2023_5_34_2_0,2023,5,34,20,2,1,0,0,,,1479.4259767
4386003381,4,2023_5_34_2_0,2023,5,34,5,1,1,0,0,,,4100.7966467
4386003385,4,2023_5_34_2_0,2023,5,34,22,1,1,0,0,,,4100.7966467
4386003403,4,2023_5_34_2_0,2023,5,34,31,1,1,0,0,,,2358.2996282
4386003405,4,2023_5_34_2_0,2023,5,34,21,2,1,0,0,,,4758.3462395
4386003412,4,2023_5_34_2_0,2023,5,34,20,1,1,0,0,,,4758.3462395
4386003423,4,2023_5_34_2_0,2023,5,34,2,1,1,0,0,,,4100.7966467
4386003426,4,2023_5_34_2_0,2023,5,34,21,2,1,0,0,,,4758.3462395
4386003465,4,2023_5_34_2_0,2023,5,34,9,1,1,0,0,,,4100.7966467
4386003477,4,2023_5_36_1_1,2023,5,36,30,1,1,0,0,,,526.1436553
4386003480,4,2023_5_36_1_1,2023,5,36,29,2,1,0,0,,,848.07304076
4386003500,4,2023_5_36_1_1,2023,5,36,20,2,1,0,0,,,1715.6852051
4386003506,4,2023_5_36_1_1,2023,5,36,3,2,1,0.9999799835,4.0000800662,,,943.84030969
4386003507,4,2023_5_36_1_1,2023,5,36,7,2,1,0,0,,,2107.9996964
4386003508,4,2023_5_36_1_1,2023,5,36,31,2,1,0,0,,,956.40848974
4386003513,4,2023_5_36_1_1,2023,5,36,18,1,5,0,0,,,428.22439048
4386003533,4,2023_5_36_1_1,2023,5,36,15,2,4,0,0,,,2107.9996964
4386003552,4,2023_5_36_1_1,2023,5,36,-3,-3,-3,0,0,1,1,1175.1041508
4386003594,4,2023_5_36_1_1,2023,5,36,-3,-3,-3,0,0,1,1,277.0722317
4386003643,4,2023_5_36_1_1,2023,5,36,32,2,1,0,0,,,618.8209746
4386003646,4,2023_5_36_1_1,2023,5,36,2,1,1,0,0,,,943.84030969
4386003647,4,2023_5_36_1_1,2023,5,36,20,1,3,0,0,,,943.84030969
4386003660,4,2023_5_36_1_1,2023,5,36,34,2,1,0,0,,,2107.9996964
4386003661,4,2023_5_36_1_1,2023,5,36,16,1,1,0,0,,,768.18457708
4386003664,4,2023_5_36_1_1,2023,5,36,19,1,1,0,6.0001200992,,,1175.1041508
4386003684,4,2023_5_36_1_1,2023,5,36,15,1,5,0,0,,,4996.4849694
4386003696,4,2023_5_36_1_1,2023,5,36,73,1,1,0,0,1,1,1566.8034885
4386003707,4,2023_5_36_1_1,2023,5,36,8,1,1,0.9999799835,0,,,768.18457708
4386003712,4,2023_5_36_1_1,2023,5,36,28,1,1,0,0,,,428.22439048
4386003717,4,2023_5_36_1_1,2023,5,36,-3,-3,-3,0,0,1,1,526.1436553
4386003725,4,2023_5_36_1_1,2023,5,36,32,1,3,0,0,,,618.8209746
4386003736,4,2023_5_36_1_1,2023,5,36,4,2,1,0,1.0000200165,,,943.84030969
4386003929,4,2023_5_36_1_0,2023,5,36,23,2,4,0,0,,,3618.5764352
4386003938,4,2023_5_36_1_0,2023,5,36,1,2,1,0,0,,,12326.599033
4386004139,4,2023_5_36_1_0,2023,5,36,46,2,4,0,0,,,5200.5494219
4386004181,4,2023_5_36_1_0,2023,5,36,17,2,5,0,0,,,5200.5494219
4386004202,4,2023_5_36_1_0,2023,5,36,58,1,1,0,0,,,6871.4609938
4386004340,4,2023_5_36_1_0,2023,5,36,10,1,1,0,0,,,5200.5494219
4386004510,4,2023_5_36_1_0,2023,5,36,3,2,1,0,0,,,12326.599033
4386004522,4,2023_5_36_1_0,2023,5,36,0,1,1,0,0,,,11615.054464
4386004594,4,2023_5_36_1_0,2023,5,36,82,1,1,0,0,,,3409.6965649
4386004608,4,2023_5_36_1_0,2023,5,36,17,2,1,0,0,,,11615.054464
4386004609,4,2023_5_36_1_0,2023,5,36,6,2,3,0,0,,,11615.054464
4386004626,4,2023_5_36_1_0,2023,5,36,14,1,1,0,0,,,11615.054464
4386004639,4,2023_5_36_1_0,2023,5,36,-3,-3,-3,0,0,1,1,3409.6965649
4386004653,4,2023_5_36_1_0,2023,5,36,10,2,1,0,0,,,5200.5494219
4386004733,4,2023_5_36_1_0,2023,5,36,39,2,2,0,0,,,3618.5764352
4386004741,4,2023_5_36_1_0,2023,5,36,14,1,3,0,0,,,11615.054464
4386004775,4,2023_5_36_1_0,2023,5,36,34,1,2,0,0,,,15346.915723
4386004779,4,2023_5_36_1_0,2023,5,36,2,1,3,0,0,,,12326.599033
4386004871,4,2023_5_36_1_0,2023,5,36,29,1,3,0,0,,,6871.4609938
4386004929,4,2023_5_36_1_0,2023,5,36,67,1,3,0,0,,,3409.6965649
4386004971,4,2023_5_36_1_0,2023,5,36,15,1,2,0,0,,,12326.599033
4386005043,4,2023_5_36_1_0,2023,5,36,25,2,4,0,0,,,6474.8105687
4386005049,4,2023_5_36_1_0,2023,5,36,69,2,2,0,0,,1,1630.7942536
4386005052,4,2023_5_36_1_0,2023,5,36,23,2,2,0,0,,,2899.0455846
4386005056,4,2023_5_36_1_0,2023,5,36,7,1,1,0.9999799835,0,,,5200.5494219
4386005098,4,2023_5_36_1_0,2023,5,36,15,2,3,0,0,,,11615.054464
4386005130,4,2023_5_36_1_0,2023,5,36,10,2,1,0,0,,,5200.5494219
4386005158,4,2023_5_36_1_0,2023,5,36,36,2,3,0,0,,,6116.5976807
4386005162,4,2023_5_36_1_0,2023,5,36,7,2,1,0,0,,,27530.57562
4386005171,4,2023_5_36_1_0,2023,5,36,4,1,3,0,0,,,12326.599033
4386005200,4,2023_5_36_1_0,2023,5,36,17,1,1,0,0,,,5200.5494219
4386005226,4,2023_5_36_1_0,2023,5,36,67,1,2,0,0,,,2738.6585771
4386005271,4,2023_5_36_1_0,2023,5,36,17,1,1,0,0,,,5200.5494219
4386005273,4,2023_5_36_1_0,2023,5,36,7,2,1,0,0,,,11615.054464
4386005274,4,2023_5_36_1_0,2023,5,36,6,2,1,0,0,,,5200.5494219
4386005286,4,2023_5_36_1_0,2023,5,36,18,1,1,0,0,,,6474.8105687
4386005287,4,2023_5_36_1_0,2023,5,36,3,1,1,0,0,,,5200.5494219
4386005309,4,2023_5_36_1_0,2023,5,36,9,2,1,0,0,,,5200.5494219
4386005311,4,2023_5_36_1_0,2023,5,36,32,2,4,0,0,,,6871.4609938
4386005328,4,2023_5_36_1_0,2023,5,36,13,2,4,0,0,,,11615.054464
4386005337,4,2023_5_36_1_0,2023,5,36,16,2,1,0,0,,,11615.054464
4386005361,4,2023_5_36_1_0,2023,5,36,4,1,1,0,0,,,5200.5494219
4386005364,4,2023_5_36_1_0,2023,5,36,20,2,3,0,0,,,6474.8105687
4386005365,4,2023_5_36_1_0,2023,5,36,16,1,1,0,1.0000200165,,,11615.054464
4386005406,4,2023_5_36_1_0,2023,5,36,5,2,1,0,0,,,5200.5494219
4386005445,4,2023_5_36_1_0,2023,5,36,25,1,1,0,0,,,6474.8105687
4386005473,4,2023_5_36_1_0,2023,5,36,19,2,1,0,0,,,11615.054464
4386005492,4,2023_5_36_1_0,2023,5,36,10,1,3,0,0,,,5200.5494219
4386005500,4,2023_5_36_1_0,2023,5,36,28,2,1,0,0,,,1048.5335578
4386005517,4,2023_5_36_1_0,2023,5,36,15,1,4,0,0,,,5200.5494219
4386005549,4,2023_5_36_1_0,2023,5,36,7,2,1,0,0,,,11615.054464
4386005558,4,2023_5_36_1_0,2023,5,36,40,1,2,0,0,,,3409.6965649
4386005560,4,2023_5_36_1_0,2023,5,36,21,1,1,0,0,,,11615.054464
4386005573,4,2023_5_36_1_0,2023,5,36,25,1,1,0,0,,,2899.0455846
4386005574,4,2023_5_36_1_0,2023,5,36,2,2,1,0,0,,,11615.054464
4386005592,4,2023_5_36_1_0,2023,5,36,77,2,1,0,0,1,1,4644.5027157
4386005596,4,2023_5_36_1_0,2023,5,36,60,2,2,0,0,,,1526.6648601
4386005597,4,2023_5_36_1_0,2023,5,36,36,1,3,0,0,,,5200.5494219
4386005616,4,2023_5_36_1_0,2023,5,36,20,2,1,0,0,,,6474.8105687
4386005637,4,2023_5_36_1_0,2023,5,36,15,1,1,0,0,,,5200.5494219
4386005794,4,2023_5_36_1_0,2023,5,36,25,1,2,0,0,,,3409.6965649
4386005796,4,2023_5_36_1_0,2023,5,36,11,1,2,0,0,,,6491.3037891
4386005797,4,2023_5_36_1_0,2023,5,36,44,2,3,0,0,,,3409.6965649
4386005815,4,2023_5_36_1_0,2023,5,36,14,1,4,0,0,,,11615.054464
4386005872,4,2023_5_36_1_0,2023,5,36,14,2,1,0,0,,,27530.57562
4386005900,4,2023_5_36_1_0,2023,5,36,17,1,3,0,0,,,12326.599033
4386005923,4,2023_5_36_1_0,2023,5,36,-3,-3,-3,0,0,1,1,5200.5494219
4386005931,4,2023_5_36_1_0,2023,5,36,14,2,3,0,0,,,12326.599033
4386005957,4,2023_5_36_1_0,2023,5,36,28,2,2,0,0,,,1526.6648601
4386005968,4,2023_5_36_1_0,2023,5,36,15,2,1,0.9999799835,2.0000400331,,,11615.054464
4386005975,4,2023_5_36_1_0,2023,5,36,3,1,1,0,0,,,15918.036011
4386006030,4,2023_5_36_1_0,2023,5,36,6,1,2,0,0,,,12326.599033
4386006045,4,2023_5_36_1_0,2023,5,36,27,1,4,0,0,,,6871.4609938
4386006046,4,2023_5_36_1_0,2023,5,36,27,2,4,0,0,,,10048.647229
4386006058,4,2023_5_36_1_0,2023,5,36,-3,-3,-3,0,0,1,1,2899.0455846
4386006071,4,2023_5_36_1_0,2023,5,36,10,1,1,0,0,,,5200.5494219
4386006077,4,2023_5_36_1_0,2023,5,36,21,1,1,0,0,,,1526.6648601
4386006134,4,2023_5_36_1_0,2023,5,36,20,1,4,0,0,,,15346.915723
4386006151,4,2023_5_36_1_0,2023,5,36,21,2,1,0,0,,,15346.915723
4386006162,4,2023_5_36_1_0,2023,5,36,18,2,1,0,0,,,6116.5976807
4386006205,4,2023_5_36_1_0,2023,5,36,6,2,3,0,0,,,12326.599033
4386006206,4,2023_5_36_1_0,2023,5,36,11,2,3,0,0,,,11615.054464
4386006245,4,2023_5_36_1_0,2023,5,36,15,2,4,0,0,,,12326.599033
4386006327,4,2023_5_36_1_0,2023,5,36,40,1,1,0,0,,,6871.4609938
4386006384,4,2023_5_36_1_0,2023,5,36,32,1,1,0,0,,,6474.8105687
4386006490,4,2023_5_36_1_0,2023,5,36,8,2,1,0,0,,,6491.3037891
4386006539,4,2023_5_36_1_0,2023,5,36,3,2,1,0,0,,,5200.5494219
4386006545,4,2023_5_36_1_0,2023,5,36,52,2,1,0,0,,,5200.5494219
4386006680,4,2023_5_36_1_0,2023,5,36,4,1,4,0,0,,,5200.5494219
4386006751,4,2023_5_36_1_0,2023,5,36,29,1,4,0,0,,,1526.6648601
4386006799,4,2023_5_36_1_0,2023,5,36,61,1,4,0,0,,,3618.5764352
4386006802,4,2023_5_36_1_0,2023,5,36,13,2,4,0,0,,,12326.599033
4386006856,4,2023_5_36_1_0,2023,5,36,15,2,4,0,0,,,11615.054464
4386006882,4,2023_5_36_1_0,2023,5,36,-3,2,3,0,0,,,5200.5494219
4386006973,4,2023_5_36_1_0,2023,5,36,29,2,1,0,0,1,1,1526.6648601
4386006990,4,2023_5_36_1_0,2023,5,36,-3,-3,-3,0,0,1,1,6474.8105687
4386007011,4,2023_5_36_1_0,2023,5,36,23,1,2,0,0,,,2899.0455846
4386007028,4,2023_5_36_1_0,2023,5,36,17,1,1,0,0,,,2738.6585771
4386007029,4,2023_5_36_1_0,2023,5,36,-3,-3,-3,0,0,,,3897.5030752
4386007128,4,2023_5_36_1_0,2023,5,36,-3,-3,-3,0,0,1,1,1526.6648601
4386007129,4,2023_5_36_1_0,2023,5,36,21,2,1,0,0,,,6474.8105687
4386007136,4,2023_5_36_1_0,2023,5,36,42,2,1,0,0,,,2341.8245638
4386007151,4,2023_5_36_1_0,2023,5,36,18,2,1,0,0,,,6474.8105687
4386007153,4,2023_5_36_1_0,2023,5,36,16,2,4,0,0,,,11615.054464
4386007156,4,2023_5_36_1_0,2023,5,36,8,2,3,0,0,,,11615.054464
4386007181,4,2023_5_36_1_0,2023,5,36,13,1,1,0,0,,,2738.6585771
4386007214,4,2023_5_36_1_0,2023,5,36,17,1,1,0,0,,,11615.054464
4386007218,4,2023_5_36_1_0,2023,5,36,28,2,4,0,0,,,6474.8105687
4386007233,4,2023_5_36_1_0,2023,5,36,3,2,1,0,0,,,2738.6585771
4386007237,4,2023_5_36_1_0,2023,5,36,17,2,1,0,0,,,5200.5494219
4386007240,4,2023_5_36_1_0,2023,5,36,86,1,4,0,0,,,6116.5976807
4386007241,4,2023_5_36_1_0,2023,5,36,8,2,3,0,1.0000200165,,,5200.5494219
4386007280,4,2023_5_36_1_0,2023,5,36,39,1,1,0,0,,,3409.6965649
4386007282,4,2023_5_36_1_0,2023,5,36,14,2,5,8.4704286569,1.8823928358,,,2599.5509535
4386007287,4,2023_5_36_1_0,2023,5,36,23,1,4,0,0,,,2899.0455846
4386007303,4,2023_5_36_1_0,2023,5,36,22,2,4,0,0,,,5200.5494219
4386007344,4,2023_5_36_1_0,2023,5,36,25,2,3,0,0,,,1526.6648601
4386007362,4,2023_5_36_1_0,2023,5,36,16,1,1,0,0,,,5200.5494219
4386007373,4,2023_5_36_1_0,2023,5,36,19,1,1,0,0,,,4446.9852807
4386007389,4,2023_5_36_1_0,2023,5,36,8,1,1,0.9999799835,0,,,7977.3725716
4386007396,4,2023_5_36_1_0,2023,5,36,73,2,1,0,0,,,6116.5976807
4386007398,4,2023_5_36_1_0,2023,5,36,2,2,3,0,0,,,5200.5494219
4386007411,4,2023_5_36_1_0,2023,5,36,12,2,1,0,0,,,11615.054464
4386007413,4,2023_5_36_1_0,2023,5,36,15,1,1,0,0,,,11615.054464
4386007421,4,2023_5_36_1_0,2023,5,36,12,1,4,0,0,,,11615.054464
4386007423,4,2023_5_36_1_0,2023,5,36,33,1,1,0,0,,,1526.6648601
4386007427,4,2023_5_36_1_0,2023,5,36,13,2,1,0,0,,,11615.054464
4386007464,4,2023_5_36_1_0,2023,5,36,7,1,1,0,0,,,11615.054464
4386007465,4,2023_5_36_1_0,2023,5,36,21,1,1,0,0,,,4446.9852807
4386007516,4,2023_5_36_1_0,2023,5,36,2,2,1,0,0,,,5200.5494219
4386007520,4,2023_5_36_1_0,2023,5,36,4,1,3,0,0,,,11615.054464
4386007567,4,2023_5_36_1_0,2023,5,36,24,1,1,0,0,,,6474.8105687
4386007576,4,2023_5_36_1_0,2023,5,36,24,1,4,0,0,,,1526.6648601
4386007578,4,2023_5_36_1_0,2023,5,36,2,2,1,0,0,,,5200.5494219
4386007593,4,2023_5_36_1_0,2023,5,36,19,1,1,0,0,,,6474.8105687
4386007600,4,2023_5_36_1_0,2023,5,36,15,2,1,0,0,,,6116.5976807
4386007615,4,2023_5_36_1_0,2023,5,36,37,1,1,0,0,,,5200.5494219
4386007617,4,2023_5_36_1_0,2023,5,36,18,2,1,0,0,,,11615.054464
4386007683,4,2023_5_36_1_0,2023,5,36,15,1,1,0,0,,,3571.8059216
4386007693,4,2023_5_36_1_0,2023,5,36,4,1,-3,0,0,,,27530.57562
4386007702,4,2023_5_36_1_0,2023,5,36,-3,-3,-3,0,0,,,2899.0455846
4386007716,4,2023_5_36_1_0,2023,5,36,32,1,1,0,0,,,2899.0455846
4386007730,4,2023_5_36_1_0,2023,5,36,20,2,1,0,0,,,1991.1027367
4386007762,4,2023_5_36_1_0,2023,5,36,25,2,1,0,0,,,6474.8105687
4386007763,4,2023_5_36_1_0,2023,5,36,-3,-3,-3,0,0,1,1,4446.9852807
4386007771,4,2023_5_36_1_0,2023,5,36,4,1,5,0,0,,,11615.054464
4386007811,4,2023_5_36_1_0,2023,5,36,41,1,4,0,0,,,6116.5976807
4386007816,4,2023_5_36_1_0,2023,5,36,19,2,1,0,0,,,5200.5494219
4386007817,4,2023_5_36_1_0,2023,5,36,12,2,4,0,0,,,5200.5494219
4386007818,4,2023_5_36_1_0,2023,5,36,78,2,4,0,0,,,3409.6965649
4386007906,4,2023_5_36_1_0,2023,5,36,78,1,1,0,0,,1,2501.5536424
4386007936,4,2023_5_36_1_0,2023,5,36,13,1,1,0,0,,,11615.054464
4386007962,4,2023_5_36_2_1,2023,5,36,25,1,1,0,0,,,6079.534275
4386007967,4,2023_5_36_2_1,2023,5,36,5,2,1,0,0,,,2571.4680778
4386007978,4,2023_5_36_2_1,2023,5,36,8,1,1,0,0,,,4883.0646277
4386007982,4,2023_5_36_2_1,2023,5,36,6,2,1,0,0,,,4883.0646277
4386007996,4,2023_5_36_2_1,2023,5,36,18,1,1,0,0,,,4883.0646277
4386008002,4,2023_5_36_2_1,2023,5,36,20,2,1,0,0,,,1203.989726
4386008054,4,2023_5_36_2_0,2023,5,36,8,1,1,0,0,,,27752.930005
4386008055,4,2023_5_36_2_0,2023,5,36,0,1,1,0,0,,,65781.365083
4386008061,4,2023_5_36_2_0,2023,5,36,6,2,1,0,0,,,29453.089626
4386008069,4,2023_5_36_2_0,2023,5,36,15,2,1,0,0,,,27752.930005
4386008108,4,2023_5_36_2_0,2023,5,36,10,2,1,0,0,,,12426.156462
4386008115,4,2023_5_36_2_0,2023,5,36,1,2,1,0,0,,,10094.265847
4386008121,4,2023_5_36_2_0,2023,5,36,2,1,1,0,0,,,12426.156462
4386008233,4,2023_5_36_2_0,2023,5,36,21,2,1,0,0,,,12426.156462
4386008312,4,2023_5_36_2_0,2023,5,36,40,1,3,0,0,,,29453.089626
4386008327,4,2023_5_36_2_0,2023,5,36,7,1,-3,0,0,,,27752.930005
4386008332,4,2023_5_36_2_0,2023,5,36,2,1,1,0,0,,,12426.156462
4386008365,4,2023_5_36_2_0,2023,5,36,0,2,1,0,0,,,12426.156462
4386008398,4,2023_5_36_2_0,2023,5,36,10,1,1,0,0,,,12426.156462
4386008423,4,2023_5_36_2_0,2023,5,36,20,2,1,0,0,,,15470.867146
4386008451,4,2023_5_36_2_0,2023,5,36,34,1,1,0,0,,,2963.2563232
4386008462,4,2023_5_36_2_0,2023,5,36,17,2,1,0,0,,,12426.156462
4386008472,4,2023_5_36_2_0,2023,5,36,16,1,1,0,0,,,10094.265847
4386008486,4,2023_5_36_2_0,2023,5,36,3,2,5,0,0,,,12426.156462
4386008489,4,2023_5_36_2_0,2023,5,36,10,2,5,0,0,,,29453.089626
4386008545,4,2023_5_36_2_0,2023,5,36,4,1,1,0,0,,,22544.819419
4386008548,4,2023_5_36_2_0,2023,5,36,15,2,1,0,0,,,27752.930005
4386008561,4,2023_5_36_2_0,2023,5,36,2,2,1,0,0,,,12426.156462
4386008564,4,2023_5_36_2_0,2023,5,36,5,2,1,0,0,,,12426.156462
4386008572,4,2023_5_36_2_0,2023,5,36,-3,-3,-3,0,0,,,15470.867146
4386008584,4,2023_5_36_2_0,2023,5,36,16,1,1,0,0,,,6543.7316744
4386008605,4,2023_5_36_2_0,2023,5,36,35,1,4,0,0,,,36669.81323
4386008620,4,2023_5_36_2_0,2023,5,36,20,1,2,0,0,,,12426.156462
4386008625,4,2023_5_36_2_0,2023,5,36,-3,-3,-3,0,0,1,1,6926.9592698
4386008674,4,2023_5_36_2_0,2023,5,36,3,1,1,0,0,,,29453.089626
4386008676,4,2023_5_36_2_0,2023,5,36,23,2,1,0,0,,,8147.1051551
4386008696,4,2023_5_36_2_0,2023,5,36,8,1,1,0,0,,,6543.7316744
4386008703,4,2023_5_36_2_0,2023,5,36,8,2,1,0,0,,,12426.156462
4386008709,4,2023_5_36_2_0,2023,5,36,5,2,1,0,0,,,12426.156462
4386008712,4,2023_5_36_2_0,2023,5,36,13,2,1,0,0,,,12426.156462
4386008733,4,2023_5_36_2_0,2023,5,36,3,1,1,0,0,,,12426.156462
4386008737,4,2023_5_36_2_0,2023,5,36,2,1,1,0,0,,,12426.156462
4386008769,4,2023_5_36_2_0,2023,5,36,8,2,1,0,0,,,12426.156462
4386008781,4,2023_5_36_2_0,2023,5,36,19,1,1,0,0,,,12426.156462
4386008789,4,2023_5_36_2_0,2023,5,36,15,2,1,0,0,,,12426.156462
4386008832,4,2023_5_36_2_0,2023,5,36,18,2,1,0,0,,,12426.156462
4386008837,4,2023_5_36_2_0,2023,5,36,12,2,1,0,0,,,12426.156462
4386008859,4,2023_5_36_2_0,2023,5,36,13,2,4,0,0,,,12426.156462
4386008890,4,2023_5_44_1_1,2023,5,44,17,1,3,0,0,,,223.79712386
4386008892,4,2023_5_44_1_1,2023,5,44,66,1,1,0,0,,,121.22382975
4386008902,4,2023_5_44_1_1,2023,5,44,30,2,4,0,0,,,166.42543784
4386008911,4,2023_5_44_1_1,2023,5,44,6,1,1,0,0,,,223.79712386
4386008938,4,2023_5_44_1_1,2023,5,44,8,2,1,0,0,,,223.79712386
4386008941,4,2023_5_44_1_1,2023,5,44,4,1,1,0,0,,,223.79712386
4386008942,4,2023_5_44_1_1,2023,5,44,64,2,1,0,0,,,154.54422448
4386008958,4,2023_5_44_1_1,2023,5,44,18,1,1,5.0003631961,4.9996368039,,,166.42543784
4386008970,4,2023_5_44_1_1,2023,5,44,25,1,1,0,0,,,166.42543784
4386008974,4,2023_5_44_1_1,2023,5,44,14,2,1,0,0,,,130.54340277
4386008976,4,2023_5_44_1_1,2023,5,44,22,2,5,4.6794698357,0,,,322.43318219
4386009037,4,2023_5_44_1_1,2023,5,44,2,2,1,0,0,,,130.54340277
4386009044,4,2023_5_44_1_1,2023,5,44,48,1,1,0,0,,,223.79712386
4386009046,4,2023_5_44_1_1,2023,5,44,58,2,1,0,0,,,437.4424871
4386009097,4,2023_5_44_1_1,2023,5,44,44,1,1,0,0,,,34.296669918
4386009098,4,2023_5_44_1_1,2023,5,44,18,2,1,0,0,,,255.16516833
4386009118,4,2023_5_44_1_1,2023,5,44,19,1,1,0,0,,,97.077847059
4386009120,4,2023_5_44_1_1,2023,5,44,74,2,1,0,0,,,207.82011091
4386009127,4,2023_5_44_1_1,2023,5,44,15,1,1,0,0.9999273608,,,588.24162785
4386009129,4,2023_5_44_1_1,2023,5,44,3,1,1,0,0,,,223.79712386
4386009133,4,2023_5_44_1_1,2023,5,44,7,1,1,0,0,,,223.79712386
4386009154,4,2023_5_44_1_1,2023,5,44,9,2,5,0,0,,,223.79712386
4386009159,4,2023_5_44_1_1,2023,5,44,-3,2,-3,0,0,1,1,34.296669918
4386009166,4,2023_5_44_1_1,2023,5,44,24,1,1,0,0,,,166.42543784
4386009174,4,2023_5_44_1_1,2023,5,44,65,2,1,0,0,,,42.308247136
4386009232,4,2023_5_44_1_1,2023,5,44,24,2,1,0,0,,,294.37243083
4386009241,4,2023_5_44_1_1,2023,5,44,13,1,1,0,0,,,223.79712386
4386009242,4,2023_5_44_1_1,2023,5,44,-3,-3,-3,0,0,1,1,97.077847059
4386009246,4,2023_5_44_1_1,2023,5,44,5,2,1,0,0,,,223.79712386
4386009247,4,2023_5_44_1_1,2023,5,44,5,2,2,0,0,,,223.79712386
4386009278,4,2023_5_44_1_1,2023,5,44,9,2,1,0,0,,,130.54340277
4386009285,4,2023_5_44_1_1,2023,5,44,34,2,3,0,0,,,58.79650693
4386009294,4,2023_5_44_1_1,2023,5,44,4,2,1,0,0,,,223.79712386
4386009306,4,2023_5_44_1_1,2023,5,44,20,1,4,0,0,,,79.065371948
4386009362,4,2023_5_44_1_1,2023,5,44,24,2,3,0,0,,,166.42543784
4386009363,4,2023_5_44_1_1,2023,5,44,30,2,3,0,0,,,159.82738159
4386009401,4,2023_5_44_1_1,2023,5,44,67,1,1,0,0,,,312.40476243
4386009407,4,2023_5_44_1_1,2023,5,44,23,1,3,0,0,,,49.587428866
4386009408,4,2023_5_44_1_1,2023,5,44,20,2,1,0,0,,,97.077847059
4386009409,4,2023_5_44_1_1,2023,5,44,-3,-3,-3,0,0,1,1,58.79650693
4386009410,4,2023_5_44_1_1,2023,5,44,81,2,1,0,0,,,263.06896326
4386009413,4,2023_5_44_1_1,2023,5,44,8,1,3,0,2.9997820823,,,223.79712386
4386009416,4,2023_5_44_1_1,2023,5,44,18,2,1,0,0,,,336.42214417
4386009429,4,2023_5_44_1_1,2023,5,44,8,2,1,1.0000726392,0,,,130.54340277
4386009441,4,2023_5_44_1_0,2023,5,44,12,2,1,0,0,,,2424.038969
4386009442,4,2023_5_44_1_0,2023,5,44,-3,-3,-3,0,0,,,938.52351895
4386009448,4,2023_5_44_1_0,2023,5,44,9,2,1,0,0,,,1359.085821
4386009449,4,2023_5_44_1_0,2023,5,44,9,2,4,0,0,,,1359.085821
4386009477,4,2023_5_44_1_0,2023,5,44,3,2,1,0,0,,,2747.3358158
4386009496,4,2023_5_44_1_0,2023,5,44,55,1,1,0,0.9999273608,,,2747.3358158
4386009522,4,2023_5_44_1_0,2023,5,44,18,2,1,0,0,,,1359.085821
4386009537,4,2023_5_44_1_0,2023,5,44,26,1,1,0,0,,,2656.5215472
4386009578,4,2023_5_44_1_0,2023,5,44,30,2,1,0,0,,,1010.6763167
4386009626,4,2023_5_44_1_0,2023,5,44,36,1,1,0,0,,,2656.5215472
4386009638,4,2023_5_44_1_0,2023,5,44,-3,-3,-3,0,0,,,2043.0404025
4386009654,4,2023_5_44_1_0,2023,5,44,24,2,1,0,0,,,735.57820847
4386009670,4,2023_5_44_1_0,2023,5,44,91,2,1,0,0,,,357.06222456
4386009673,4,2023_5_44_1_0,2023,5,44,12,2,3,0,0,,,2747.3358158
4386009683,4,2023_5_44_1_0,2023,5,44,3,2,5,0,0,,,2747.3358158
4386009692,4,2023_5_44_1_0,2023,5,44,7,2,1,0,0,,,1359.085821
4386009715,4,2023_5_44_1_0,2023,5,44,14,1,1,0,0,,,1359.085821
4386009735,4,2023_5_44_1_0,2023,5,44,13,1,1,0,0,,,1359.085821
4386009742,4,2023_5_44_1_0,2023,5,44,-3,-3,-3,0,0,1,1,516.25413497
4386009755,4,2023_5_44_1_0,2023,5,44,18,2,1,0,0,,,1010.6763167
4386009760,4,2023_5_44_1_0,2023,5,44,18,2,1,0,0,,,2656.5215472
4386009794,4,2023_5_44_1_0,2023,5,44,9,1,1,0,0,,,3572.3017435
4386009842,4,2023_5_44_1_0,2023,5,44,65,2,1,0,0,,,357.06222456
4386009850,4,2023_5_44_1_0,2023,5,44,9,2,3,0,0,,,2747.3358158
4386009892,4,2023_5_44_1_0,2023,5,44,25,1,1,0,0,,,1010.6763167
4386009922,4,2023_5_44_1_0,2023,5,44,18,1,1,0,0,,,2747.3358158
4386009950,4,2023_5_44_1_0,2023,5,44,14,1,1,0,0,,,1359.085821
4386009961,4,2023_5_44_1_0,2023,5,44,2,1,1,0,0,,,7221.26033
4386009967,4,2023_5_44_1_0,2023,5,44,18,1,1,0,0,,,1359.085821
4386009968,4,2023_5_44_1_0,2023,5,44,16,2,1,0,0,,,2599.9494331
4386010005,4,2023_5_44_1_0,2023,5,44,10,1,1,0,0,,,1359.085821
4386010023,4,2023_5_44_1_0,2023,5,44,21,2,1,0,0,,,2043.0404025
4386010125,4,2023_5_44_1_0,2023,5,44,36,2,1,0,0,,,683.06483223
4386010127,4,2023_5_44_1_0,2023,5,44,5,1,1,0,0,,,1359.085821
4386010155,4,2023_5_44_1_0,2023,5,44,3,1,1,0,0,,,1359.085821
4386010169,4,2023_5_44_1_0,2023,5,44,6,2,1,0,0,,,1359.085821
4386010172,4,2023_5_44_1_0,2023,5,44,9,2,1,0,0,,,1359.085821
4386010215,4,2023_5_44_1_0,2023,5,44,27,2,1,0,0,,,938.52351895
4386010258,4,2023_5_44_1_0,2023,5,44,10,2,3,0,0,,,2747.3358158
4386010276,4,2023_5_44_1_0,2023,5,44,26,2,3,0,5.9995641647,,,1010.6763167
4386010295,4,2023_5_44_1_0,2023,5,44,21,2,1,0,0,,,1010.6763167
4386010303,4,2023_5_44_1_0,2023,5,44,10,1,1,2.165142504,1.834857496,,,3300.0702966
4386010428,4,2023_5_44_1_0,2023,5,44,28,2,1,0,0,,,1359.085821
4386010479,4,2023_5_44_1_0,2023,5,44,61,2,2,0,0,,,357.06222456
4386010545,4,2023_5_44_1_0,2023,5,44,26,2,1,0,0,,,1010.6763167
4386010564,4,2023_5_44_1_0,2023,5,44,46,1,4,0,0,,,480.15195234
4386010571,4,2023_5_44_1_0,2023,5,44,14,1,3,0,0,,,7221.26033
4386010609,4,2023_5_44_1_0,2023,5,44,16,2,2,0,0,,,1965.0179342
4386010634,4,2023_5_44_1_0,2023,5,44,22,2,1,0,0,,,1359.085821
4386010679,4,2023_5_44_1_0,2023,5,44,11,1,1,0,0,,,2747.3358158
4386010711,4,2023_5_44_1_0,2023,5,44,3,2,3,0,0,,,1359.085821
4386010713,4,2023_5_44_1_0,2023,5,44,10,1,-3,0,0,1,1,1359.085821
4386010791,4,2023_5_45_1_1,2023,5,45,71,1,1,0,0,,,93.002216155
4386010792,4,2023_5_45_1_1,2023,5,45,16,1,1,0,0,,,310.47278065
4386010839,4,2023_5_45_1_1,2023,5,45,6,1,1,0,0,,,354.47267679
4386010840,4,2023_5_45_1_1,2023,5,45,7,2,1,0,0,,,310.47278065
4386010869,4,2023_5_45_1_1,2023,5,45,6,1,1,0,0,,,354.47267679
4386010870,4,2023_5_45_1_1,2023,5,45,2,1,1,0,1.9982508249,,,319.21837588
4386010874,4,2023_5_45_1_1,2023,5,45,16,2,2,0,0,,,1106.828258
4386010901,4,2023_5_45_1_1,2023,5,45,12,1,1,0,0,,,354.47267679
4386010907,4,2023_5_45_1_1,2023,5,45,14,2,1,1.0008745875,0.9991254125,,,319.21837588
4386010938,4,2023_5_45_1_1,2023,5,45,10,2,2,0,0,,,1106.828258
4386010940,4,2023_5_45_1_1,2023,5,45,0,1,1,0,0,,,364.45768914
4386010941,4,2023_5_45_1_1,2023,5,45,15,1,1,0,0,,,354.47267679
4386010946,4,2023_5_45_1_1,2023,5,45,3,1,1,0,0.9991254125,,,319.21837588
4386010965,4,2023_5_45_1_1,2023,5,45,11,1,1,0,1.9982508249,,,319.21837588
4386010970,4,2023_5_45_1_1,2023,5,45,19,1,1,3.0026237626,2.9973762374,,,319.21837588
4386010979,4,2023_5_45_1_1,2023,5,45,2,2,1,0,0,,,354.47267679
4386011009,4,2023_5_45_1_1,2023,5,45,39,1,1,0,0,,,354.47267679
4386011026,4,2023_5_45_1_1,2023,5,45,46,1,1,0,0,,,942.88049673
4386011058,4,2023_5_45_1_1,2023,5,45,18,2,1,0,0,,,175.65455576
4386011082,4,2023_5_45_1_1,2023,5,45,19,2,1,0,0,,,123.33269874
4386011090,4,2023_5_45_1_1,2023,5,45,4,1,1,0,0,,,354.47267679
4386011120,4,2023_5_45_1_1,2023,5,45,2,1,1,0,0,,,364.45768914
4386011145,4,2023_5_45_1_1,2023,5,45,20,2,1,0,0,,,195.05374777
4386011150,4,2023_5_45_1_1,2023,5,45,7,1,1,0,0,,,354.47267679
4386011182,4,2023_5_45_1_1,2023,5,45,31,2,1,0,0,,,81.458060231
4386011191,4,2023_5_45_1_1,2023,5,45,17,1,1,0,0,,,1076.5045904
4386011193,4,2023_5_45_1_1,2023,5,45,7,2,1,2.0017491751,1.9982508249,,,319.21837588
4386011202,4,2023_5_45_1_1,2023,5,45,40,2,1,0,0,,,364.45768914
4386011210,4,2023_5_45_1_1,2023,5,45,2,1,1,0,0,,,364.45768914
4386011222,4,2023_5_45_1_1,2023,5,45,8,2,1,3.0026237626,0.9991254125,,,1300.5901052
4386011227,4,2023_5_45_1_1,2023,5,45,-3,-3,-3,0,0,1,1,83.752622805
4386011252,4,2023_5_45_1_1,2023,5,45,19,1,1,0,0,,,319.21837588
4386011266,4,2023_5_45_1_1,2023,5,45,4,1,1,0,0,,,354.47267679
4386011302,4,2023_5_45_1_1,2023,5,45,8,1,1,0,0,,,354.47267679
4386011303,4,2023_5_45_1_1,2023,5,45,9,1,1,0,0,,,1076.5045904
4386011321,4,2023_5_45_1_1,2023,5,45,19,2,1,0,0,,,319.21837588
4386011324,4,2023_5_45_1_1,2023,5,45,10,2,1,0,0,,,354.47267679
4386011325,4,2023_5_45_1_1,2023,5,45,9,1,1,0,0,,,354.47267679
4386011363,4,2023_5_45_1_1,2023,5,45,27,2,1,0,0,,,170.84216474
4386011368,4,2023_5_45_1_1,2023,5,45,18,1,1,0,0,,,310.47278065
4386011399,4,2023_5_45_1_1,2023,5,45,11,1,1,0,0,,,354.47267679
4386011440,4,2023_5_45_1_1,2023,5,45,27,2,3,0,0,,,354.47267679
4386011484,4,2023_5_45_1_1,2023,5,45,14,2,1,0,0,,,319.21837588
4386011485,4,2023_5_45_1_1,2023,5,45,16,1,1,0,0,,,310.47278065
4386011504,4,2023_5_45_1_1,2023,5,45,16,2,1,4.0034983501,0,,,364.45768914
4386011507,4,2023_5_45_1_1,2023,5,45,19,1,1,0,0,,,175.65455576
4386011520,4,2023_5_45_1_1,2023,5,45,22,2,4,0,0.9991254125,,,95.621961872
4386011524,4,2023_5_45_1_1,2023,5,45,27,2,-3,0,0,,,95.621961872
4386011619,4,2023_5_45_1_1,2023,5,45,1,2,1,0,0,,,364.45768914
4386011652,4,2023_5_45_1_1,2023,5,45,1,1,1,0,0,,,354.47267679
4386011680,4,2023_5_45_1_1,2023,5,45,12,1,1,1.0008745875,0.9991254125,,,364.45768914
4386011690,4,2023_5_45_1_1,2023,5,45,9,1,1,0,0,,,310.47278065
4386011737,4,2023_5_45_1_1,2023,5,45,-3,-3,-3,0,0,,,200.54814609
4386011748,4,2023_5_45_1_1,2023,5,45,33,1,-3,0,0,,,378.91854364
4386011785,4,2023_5_45_1_1,2023,5,45,5,2,1,0,0.9991254125,,,364.45768914
4386011789,4,2023_5_45_1_1,2023,5,45,11,2,1,1.0008745875,0.9991254125,,,364.45768914
4386011841,4,2023_5_45_1_1,2023,5,45,11,1,1,0,0,,,364.45768914
4386011890,4,2023_5_45_1_1,2023,5,45,3,2,1,0,0,,,364.45768914
4386011946,4,2023_5_45_1_0,2023,5,45,3,2,1,0,0,,,2159.5470635
4386011956,4,2023_5_45_1_0,2023,5,45,-3,-3,-3,0,0,,,1221.7956089
4386012011,4,2023_5_45_1_0,2023,5,45,8,2,1,0,0,,,6558.3681882
4386012016,4,2023_5_45_1_0,2023,5,45,8,2,1,0,0,,,1165.6670555
4386012132,4,2023_5_45_1_0,2023,5,45,14,1,1,0,0,,,1558.99902
4386012150,4,2023_5_45_1_0,2023,5,45,7,1,3,0,0,,,2159.5470635
4386012155,4,2023_5_45_1_0,2023,5,45,12,2,1,0,0,,,2159.5470635
4386012158,4,2023_5_45_1_0,2023,5,45,11,2,4,0,0,,,2220.378562
4386012181,4,2023_5_45_1_0,2023,5,45,52,2,2,0,0,,,1188.3221918
4386012204,4,2023_5_45_1_0,2023,5,45,-3,-3,-3,0,0,1,1,3608.8375158
4386012271,4,2023_5_45_1_0,2023,5,45,14,1,1,0,0,,,2159.5470635
4386012297,4,2023_5_45_1_0,2023,5,45,10,2,1,0,0,,,2159.5470635
4386012302,4,2023_5_45_1_0,2023,5,45,10,1,2,0,0,,,8798.6336462
4386012305,4,2023_5_45_1_0,2023,5,45,4,2,1,0,0,,,6558.3681882
4386012319,4,2023_5_45_1_0,2023,5,45,3,2,1,0,0,,,2159.5470635
4386012340,4,2023_5_45_1_0,2023,5,45,8,2,1,0,0,,,2220.378562
4386012354,4,2023_5_45_1_0,2023,5,45,12,1,1,0,3.9965016499,,,2220.378562
4386012356,4,2023_5_45_1_0,2023,5,45,16,2,4,0,0,,,2159.5470635
4386012391,4,2023_5_45_1_0,2023,5,45,14,2,2,0,0,,,2159.5470635
4386012395,4,2023_5_45_1_0,2023,5,45,13,1,1,0,0,,,1133.731387
4386012409,4,2023_5_45_1_0,2023,5,45,14,1,1,0,0,,,8798.6336462
4386012429,4,2023_5_45_1_0,2023,5,45,3,2,1,0,0,,,2159.5470635
4386012457,4,2023_5_45_1_0,2023,5,45,40,2,4,0,0,,,8798.6336462
4386012482,4,2023_5_45_1_0,2023,5,45,9,2,1,0,0,,,2159.5470635
4386012514,4,2023_5_45_1_0,2023,5,45,5,2,1,0,0,,,1133.731387
4386012515,4,2023_5_45_1_0,2023,5,45,16,1,2,0,0,,,2159.5470635
4386012523,4,2023_5_45_1_0,2023,5,45,36,2,1,0,0,,,5201.5277233
4386012525,4,2023_5_45_1_0,2023,5,45,57,1,1,0,0,,,4841.5761786
4386012557,4,2023_5_45_1_0,2023,5,45,33,1,1,0,0,,,1165.6670555
4386012601,4,2023_5_45_1_0,2023,5,45,9,1,3,0,0,,,2708.6010439
4386012605,4,2023_5_45_1_0,2023,5,45,13,1,2,0,0,,,2159.5470635
4386012620,4,2023_5_45_1_0,2023,5,45,23,1,1,0,0,,,4841.5761786
4386012628,4,2023_5_45_1_0,2023,5,45,4,1,1,0,0,,,2159.5470635
4386012629,4,2023_5_45_1_0,2023,5,45,15,1,2,0,0,,,2159.5470635
4386012653,4,2023_5_45_1_0,2023,5,45,21,1,1,0,0,,,2159.5470635
4386012807,4,2023_5_45_1_0,2023,5,45,15,2,1,0,0,,,3269.6919942
4386012915,4,2023_5_45_1_0,2023,5,45,31,2,1,0,0,,,5408.1805884
4386012928,4,2023_5_45_1_0,2023,5,45,28,2,1,0,0,,,1188.3221918
4386012972,4,2023_5_45_1_0,2023,5,45,14,2,1,0,0,,,1029.6785635
4386012999,4,2023_5_45_1_0,2023,5,45,-3,-3,-3,0,0,1,1,2220.378562
4386013017,4,2023_5_45_1_0,2023,5,45,17,1,5,0,0,,,1133.731387
4386013046,4,2023_5_45_1_0,2023,5,45,0,2,2,0,0,1,1,11346.501001
4386013049,4,2023_5_45_1_0,2023,5,45,22,2,-3,0,0,,,4977.9567831
4386013062,4,2023_5_45_2_1,2023,5,45,13,1,1,0,0,,,5695.173242
4386013065,4,2023_5_45_2_1,2023,5,45,12,1,3,0,0,,,666.48959808
4386013070,4,2023_5_45_2_1,2023,5,45,16,2,1,0,0,,,1397.8300661
4386013081,4,2023_5_45_2_1,2023,5,45,49,1,1,0,0,,,2755.8322534
4386013087,4,2023_5_45_2_1,2023,5,45,11,2,1,0,0,,,685.26370199
4386013114,4,2023_5_45_2_1,2023,5,45,11,2,1,0,0,,,2755.8322534
4386013154,4,2023_5_45_2_1,2023,5,45,11,1,3,0,0,,,2755.8322534
4386013200,4,2023_5_45_2_1,2023,5,45,19,1,1,0,0,,,2755.8322534
4386013209,4,2023_5_45_2_1,2023,5,45,15,1,1,0,0,,,1397.8300661
4386013238,4,2023_5_45_2_1,2023,5,45,5,2,1,0,0,,,2755.8322534
4386013243,4,2023_5_45_2_1,2023,5,45,15,1,1,0,0,,,1397.8300661
4386013247,4,2023_5_45_2_1,2023,5,45,58,2,1,0,0,,,6178.4121382
4386013259,4,2023_5_45_2_1,2023,5,45,-3,-3,-3,0,0,1,1,2833.4602933
4386013263,4,2023_5_45_2_1,2023,5,45,14,2,3,0,0,1,1,5353.5805179
4386013266,4,2023_5_45_2_1,2023,5,45,19,1,1,0,0,,,1397.8300661
4386013267,4,2023_5_45_2_1,2023,5,45,3,1,1,0,0,,,2755.8322534
4386013309,4,2023_5_45_2_1,2023,5,45,8,1,5,0,0,,,2833.4602933
4386013347,4,2023_5_45_2_0,2023,5,45,11,2,1,0,0,,,10658.261467
4386013356,4,2023_5_45_2_0,2023,5,45,43,2,1,0,0,,,5081.8912639
4386013395,4,2023_5_45_2_0,2023,5,45,26,1,1,0,0,,,32368.270239
4386013432,4,2023_5_45_2_0,2023,5,45,24,2,2,0,0,,,2875.1549508
4386013535,4,2023_5_45_2_0,2023,5,45,23,1,1,0,1.9982508249,,,4708.4690006
4386013536,4,2023_5_45_2_0,2023,5,45,42,2,1,0,0,,,2796.3846064
4386013579,4,2023_5_45_2_0,2023,5,45,4,2,1,0,0,,,10658.261467
4386013586,4,2023_5_45_2_0,2023,5,45,20,2,1,0,0,,,5864.8634432
4386013587,4,2023_5_45_2_0,2023,5,45,5,2,5,0,0,,,10658.261467
4386013625,4,2023_5_45_2_0,2023,5,45,4,1,1,0,0,,,10658.261467
4386013668,4,2023_5_45_2_0,2023,5,45,13,2,1,0,0,,,10658.261467
4386013678,4,2023_5_45_2_0,2023,5,45,17,1,4,0,0,,,10658.261467
4386013711,4,2023_5_45_2_0,2023,5,45,49,2,1,0,0,,,33280.040311
4386013745,4,2023_5_45_2_0,2023,5,45,71,2,1,0,0,,,8492.3918328
4386013755,4,2023_5_45_2_0,2023,5,45,20,2,1,0,0,,,5864.8634432
4386013768,4,2023_5_45_2_0,2023,5,45,19,2,1,0,0,,,10958.490171
4386013789,4,2023_5_45_2_0,2023,5,45,16,1,2,0,0,,,32368.270239
4386013790,4,2023_5_45_2_0,2023,5,45,8,1,1,0,0,,,10658.261467
4386013794,4,2023_5_45_2_0,2023,5,45,8,1,2,0,0,,,32368.270239
4386013826,4,2023_5_45_2_0,2023,5,45,17,2,2,0,0,,,20240.111898
4386013853,4,2023_5_45_2_0,2023,5,45,18,2,1,0,0,,,10658.261467
4386013869,4,2023_5_51_1_1,2023,5,51,8,1,1,0,0,,,518.04583493
4386013888,4,2023_5_51_1_1,2023,5,51,-3,-3,-3,0,0,1,1,158.26309791
4386013919,4,2023_5_51_1_1,2023,5,51,14,2,1,0,0,,,518.04583493
4386013931,4,2023_5_51_1_1,2023,5,51,43,1,3,0,4.0231875479,,,345.48821791
4386013953,4,2023_5_51_1_1,2023,5,51,9,1,1,0,0,,,1379.5475179
4386013954,4,2023_5_51_1_1,2023,5,51,10,1,2,0,0,,,347.84244784
4386013986,4,2023_5_51_1_1,2023,5,51,6,1,1,0,0,,,518.04583493
4386013988,4,2023_5_51_1_1,2023,5,51,19,1,1,0,0,,,468.78019181
4386013992,4,2023_5_51_1_1,2023,5,51,18,2,-3,0,0,,,617.75477562
4386014025,4,2023_5_51_1_1,2023,5,51,-3,-3,-3,0,0,1,1,1450.015189
4386014028,4,2023_5_51_1_1,2023,5,51,12,2,1,0,0,,,973.61429962
4386014037,4,2023_5_51_1_1,2023,5,51,1,2,1,0,0,,,664.23074342
4386014051,4,2023_5_51_1_1,2023,5,51,7,2,5,0,0,,,664.23074342
4386014075,4,2023_5_51_1_1,2023,5,51,10,1,1,0,0,,,897.89728599
4386014094,4,2023_5_51_1_1,2023,5,51,21,1,1,0,0,,,220.70478361
4386014131,4,2023_5_51_1_1,2023,5,51,16,2,1,0,0,,,518.04583493
4386014136,4,2023_5_51_1_1,2023,5,51,22,1,1,0,0,,,231.97844537
4386014187,4,2023_5_51_1_1,2023,5,51,18,1,1,0,0,,,544.50776033
4386014203,4,2023_5_51_1_1,2023,5,51,15,1,1,2.9826093391,0,,,365.61033687
4386014227,4,2023_5_51_1_1,2023,5,51,25,1,2,0,0,,,166.34722099
4386014235,4,2023_5_51_1_1,2023,5,51,0,2,3,0,0,,,518.04583493
4386014273,4,2023_5_51_1_1,2023,5,51,-3,-3,-3,0,0,1,1,345.48821791
4386014280,4,2023_5_51_1_1,2023,5,51,28,1,1,0,0,,,442.97990709
4386014288,4,2023_5_51_1_1,2023,5,51,8,1,5,0,0,,,347.84244784
4386014290,4,2023_5_51_1_1,2023,5,51,-3,1,-3,0,0,,,288.41284283
4386014304,4,2023_5_51_1_1,2023,5,51,13,1,1,0,0,,,365.61033687
4386014305,4,2023_5_51_1_1,2023,5,51,6,1,1,0,0,,,518.04583493
4386014347,4,2023_5_51_1_1,2023,5,51,9,1,1,0,0,,,365.61033687
4386014364,4,2023_5_51_1_1,2023,5,51,16,1,1,0,0,,,347.84244784
4386014382,4,2023_5_51_1_1,2023,5,51,7,2,1,0,0,,,365.61033687
4386014426,4,2023_5_51_1_1,2023,5,51,0,2,1,0,0,,,365.61033687
4386014440,4,2023_5_51_1_1,2023,5,51,13,1,5,0,0,,,518.04583493
4386014442,4,2023_5_51_1_1,2023,5,51,19,2,3,0,0,,,544.50776033
4386014445,4,2023_5_51_1_1,2023,5,51,22,2,1,0.994203113,0,,,920.02942857
4386014452,4,2023_5_51_1_1,2023,5,51,9,2,1,0,0,,,365.61033687
4386014473,4,2023_5_51_1_1,2023,5,51,14,2,1,0,0,,,176.03570932
4386014479,4,2023_5_51_1_1,2023,5,51,11,1,1,0,0,,,544.50776033
4386014597,4,2023_5_51_1_1,2023,5,51,4,2,1,0,0,,,365.61033687
4386014603,4,2023_5_51_1_1,2023,5,51,15,1,1,25.467744734,34.532255266,,,319.46630984
4386014614,4,2023_5_51_1_1,2023,5,51,11,2,1,0,10.05796887,,,1450.015189
4386014655,4,2023_5_51_1_1,2023,5,51,23,1,3,0,0,1,1,415.42234368
4386014657,4,2023_5_51_1_1,2023,5,51,16,2,1,0,7.0405782089,,,176.03570932
4386014669,4,2023_5_51_1_1,2023,5,51,10,1,1,0,0,,,518.04583493
4386014707,4,2023_5_51_1_0,2023,5,51,15,1,4,0,0,,,3957.793539
4386014713,4,2023_5_51_1_0,2023,5,51,15,1,4,0,0,,,3957.793539
4386014727,4,2023_5_51_1_0,2023,5,51,15,1,1,0,0,,,3957.793539
4386014737,4,2023_5_51_1_0,2023,5,51,-3,1,2,0,0,,,2203.4314513
4386014742,4,2023_5_51_1_0,2023,5,51,0,1,5,0,0,,,3957.793539
4386014763,4,2023_5_51_1_0,2023,5,51,10,2,1,0,0,,,3957.793539
4386014784,4,2023_5_51_1_0,2023,5,51,-3,1,-3,0,0,,,3957.793539
4386014853,4,2023_5_51_1_0,2023,5,51,2,2,4,0,0,,,10539.538946
4386014885,4,2023_5_51_1_0,2023,5,51,-3,-3,-3,0,0,1,1,3957.793539
4386014908,4,2023_5_51_1_0,2023,5,51,21,2,1,0,0,,,7028.8887248
4386014911,4,2023_5_51_1_0,2023,5,51,18,2,1,0,0,,,10539.538946
4386014925,4,2023_5_51_1_0,2023,5,51,22,2,3,0,0,,,1209.1066545
4386014951,4,2023_5_51_1_0,2023,5,51,2,1,1,0,0,,,3957.793539
4386014965,4,2023_5_51_1_0,2023,5,51,21,2,-3,0,0,,,4919.0305975
4386015006,4,2023_5_51_1_0,2023,5,51,35,1,1,0,0,,,6482.2590548
4386015019,4,2023_5_51_1_0,2023,5,51,19,1,5,0,0,,,6687.2996004
4386015025,4,2023_5_51_1_0,2023,5,51,9,2,3,0,0,,,10216.384168
4386015084,4,2023_5_51_1_0,2023,5,51,7,2,1,0,0,,,10539.538946
4386015118,4,2023_5_51_1_0,2023,5,51,27,1,1,0,0,,,2511.205783
4386015120,4,2023_5_51_1_0,2023,5,51,23,1,1,0,0,,,1209.1066545
4386015135,4,2023_5_51_1_0,2023,5,51,0,1,3,0,0,,,3957.793539
4386015142,4,2023_5_51_1_0,2023,5,51,20,1,1,0,0,,,6687.2996004
4386015154,4,2023_5_51_1_0,2023,5,51,21,2,1,0,0,,,1440.4502979
4386015184,4,2023_5_51_1_0,2023,5,51,8,2,1,0,0,,,3957.793539
4386015223,4,2023_5_51_1_0,2023,5,51,8,1,1,0,0,,,2159.8979026
4386015232,4,2023_5_51_1_0,2023,5,51,15,1,1,0,0,,,3957.793539
4386015243,4,2023_5_51_1_0,2023,5,51,10,1,1,0,0,,,3957.793539
4386015244,4,2023_5_51_1_0,2023,5,51,-3,1,-3,0,0,1,1,1209.1066545
4386015321,4,2023_5_51_1_0,2023,5,51,23,1,2,0,0,,,3649.4789934
4386015323,4,2023_5_51_1_0,2023,5,51,4,2,4,0,0,,,3957.793539
4386015443,4,2023_5_51_1_0,2023,5,51,1,2,5,0,0,,,3957.793539
4386015446,4,2023_5_51_1_0,2023,5,51,60,2,1,0,0,,,2511.205783
4386015493,4,2023_5_51_1_0,2023,5,51,86,1,4,0,0,,,1209.1066545
4386015498,4,2023_5_51_1_0,2023,5,51,5,1,4,0,0,,,3957.793539
4386015507,4,2023_5_51_1_0,2023,5,51,8,2,1,0,0,,,10216.384168
4386015553,4,2023_5_51_1_0,2023,5,51,-3,-3,-3,0,0,1,1,6687.2996004
4386015566,4,2023_5_51_1_0,2023,5,51,14,2,1,0,0,,,3957.793539
4386015573,4,2023_5_51_1_0,2023,5,51,13,2,1,0,0,,,5751.7725065
4386015578,4,2023_5_51_1_0,2023,5,51,-3,2,2,0,0,,,2511.205783
4386015583,4,2023_5_51_1_0,2023,5,51,78,2,1,0,0,,,1209.1066545
4386015593,4,2023_5_51_1_0,2023,5,51,16,2,5,0,0,,,10539.538946
4386015609,4,2023_5_51_1_0,2023,5,51,5,1,3,0,0,,,3957.793539
4386015625,4,2023_5_51_1_0,2023,5,51,10,2,2,0,0,,,10539.538946
4386015638,4,2023_5_51_1_0,2023,5,51,63,2,1,0,0,,,2639.4788732
4386015659,4,2023_5_51_1_0,2023,5,51,8,1,1,0,0,,,10216.384168
4386015665,4,2023_5_51_1_0,2023,5,51,28,1,1,0,0,,,6482.2590548
4386015677,4,2023_5_51_1_0,2023,5,51,14,1,1,0,0,,,3957.793539
4386015685,4,2023_5_51_1_0,2023,5,51,3,1,1,0,0,,,3957.793539
4386015747,4,2023_5_51_1_0,2023,5,51,7,1,5,0,0,,,10216.384168
4386015748,4,2023_5_51_1_0,2023,5,51,3,2,5,0,0,,,10738.239915
4386015756,4,2023_5_51_1_0,2023,5,51,26,1,1,0,0,,,6482.2590548
4386015763,4,2023_5_51_1_0,2023,5,51,16,1,1,0,0,,,3957.793539
4386015776,4,2023_5_51_1_0,2023,5,51,8,1,1,0,2.011593774,,,4159.9587343
4386015795,4,2023_5_51_1_0,2023,5,51,15,1,2,0,0,,,10539.538946
4386015836,4,2023_5_51_1_0,2023,5,51,28,2,1,0,0,,,2511.205783
4386015857,4,2023_5_51_1_0,2023,5,51,-3,2,2,0,0,,,5074.6246133
4386015874,4,2023_5_51_1_0,2023,5,51,14,1,1,0,0,,,1905.6162333
4386015908,4,2023_5_51_1_0,2023,5,51,5,2,5,2.9826093391,15.086953305,,,1.0068889643
4386015937,4,2023_5_51_1_0,2023,5,51,8,2,5,0,0,,,10216.384168
4386015940,4,2023_5_51_1_0,2023,5,51,5,1,2,0,0,,,3957.793539
4386015949,4,2023_5_51_1_0,2023,5,51,13,2,1,0,0,,,4159.9587343
4386015963,4,2023_5_51_1_0,2023,5,51,32,1,2,0,0,,,1209.1066545
4386016000,4,2023_5_51_1_0,2023,5,51,15,2,1,0,0,,,3957.793539
4386016018,4,2023_5_51_1_0,2023,5,51,9,1,1,0,0,,,3957.793539
4386016019,4,2023_5_51_1_0,2023,5,51,13,1,2,0,0,,,3957.793539
4386016046,4,2023_5_51_1_0,2023,5,51,57,2,4,0,0,,,6482.2590548
4386016137,4,2023_5_51_1_0,2023,5,51,7,1,1,1.988406226,1.005796887,,,5333.8378507
4386016138,4,2023_5_51_1_0,2023,5,51,-3,-3,-3,0,0,,,1742.4164507
4386016142,4,2023_5_51_1_0,2023,5,51,25,2,-3,0,1.005796887,,,4159.9587343
4386016186,4,2023_5_51_1_0,2023,5,51,0,2,1,0,0,,,10216.384168
4386016273,4,2023_5_51_1_0,2023,5,51,16,1,1,0,0,,,5074.6246133
4386016306,4,2023_5_51_1_0,2023,5,51,15,2,1,0,0,,,3957.793539
4386016310,4,2023_5_51_2_1,2023,5,51,-3,-3,-3,0,0,,,649.8145451
4386016337,4,2023_5_51_2_1,2023,5,51,11,1,1,0,0,,,2167.1523429
4386016343,4,2023_5_51_2_1,2023,5,51,18,1,4,0,0,,,506.80237538
4386016348,4,2023_5_51_2_1,2023,5,51,7,2,1,0,0,,,505.2318085
4386016349,4,2023_5_51_2_1,2023,5,51,18,2,1,0,1.005796887,,,532.68998174
4386016377,4,2023_5_51_2_1,2023,5,51,-3,2,1,0,0,,,629.89045962
4386016390,4,2023_5_51_2_1,2023,5,51,59,2,3,0,0,,,798.74743058
4386016399,4,2023_5_51_2_1,2023,5,51,24,2,1,0,0,,,506.80237538
4386016412,4,2023_5_51_2_1,2023,5,51,5,2,1,0,0,,,1009.489885
4386016414,4,2023_5_51_2_1,2023,5,51,-3,2,1,0,1.005796887,,,162.23257023
4386016450,4,2023_5_51_2_1,2023,5,51,8,2,1,0,0,,,798.74743058
4386016474,4,2023_5_51_2_1,2023,5,51,31,2,1,0,0,,,505.2318085
4386016485,4,2023_5_51_2_1,2023,5,51,22,2,1,0,4.0231875479,,,2235.7016087
4386016514,4,2023_5_51_2_1,2023,5,51,47,2,1,0,4.0231875479,,,1418.5446394
4386016550,4,2023_5_51_2_0,2023,5,51,-3,2,2,0,0,,,6850.9820313
4386016555,4,2023_5_51_2_0,2023,5,51,17,2,2,0,0,,,15778.190885
4386016557,4,2023_5_51_2_0,2023,5,51,12,1,1,0,0,,,12305.702727
4386016579,4,2023_5_51_2_0,2023,5,51,65,2,1,0,0,,,10522.580597
4386016583,4,2023_5_51_2_0,2023,5,51,77,1,1,0,0,,,10011.205437
4386016584,4,2023_5_51_2_0,2023,5,51,14,1,4,0,0,,,31765.119955
4386016610,4,2023_5_51_2_0,2023,5,51,17,2,4,0,0,,,5925.0050939
4386016618,4,2023_5_51_2_0,2023,5,51,19,2,1,0,0,,,20792.373356
4386016630,4,2023_5_51_2_0,2023,5,51,5,2,1,0,0,,,12305.702727
4386016644,4,2023_5_51_2_0,2023,5,51,9,2,-3,0,0,,,12305.702727
4386016651,4,2023_5_51_2_0,2023,5,51,17,1,2,0,0,,,12305.702727
4386016667,4,2023_5_51_2_0,2023,5,51,-3,-3,4,0,0,,,7807.9241748
4386016670,4,2023_5_51_2_0,2023,5,51,7,1,4,0,0,,,12305.702727
4386016678,4,2023_5_51_2_0,2023,5,51,75,2,1,0,0,,,10011.205437
4386016685,4,2023_5_51_2_0,2023,5,51,17,1,3,0,0,,,31765.119955
4386016698,4,2023_5_51_2_0,2023,5,51,26,2,4,0,0,,,15778.190885
4386016715,4,2023_5_51_2_0,2023,5,51,14,1,2,0,0,,,31765.119955
4386016719,4,2023_5_51_2_0,2023,5,51,12,1,3,0,0,,,12305.702727
4386016771,4,2023_5_51_2_0,2023,5,51,10,2,1,0,0,,,12305.702727
4386016788,4,2023_5_51_2_0,2023,5,51,8,1,1,0,0,,,17870.984501
4386016807,4,2023_5_51_2_0,2023,5,51,4,2,1,0,0,,,12305.702727
4386016834,4,2023_5_51_2_0,2023,5,51,9,2,1,0,0,,1,31765.119955
4386016887,4,2023_5_51_2_0,2023,5,51,9,2,1,0,0,,,12305.702727
4386016905,4,2023_5_51_2_0,2023,5,51,56,1,1,0,0,,,7807.9241748
4386016921,4,2023_5_51_2_0,2023,5,51,6,2,1,0,0,,,12305.702727
4386016989,4,2023_5_51_2_0,2023,5,51,40,2,1,0,0,,,15778.190885
4386017010,4,2023_5_51_2_0,2023,5,51,26,2,1,0,0,,,3759.3944478
4386017016,4,2023_5_51_2_0,2023,5,51,53,1,1,0,0,,,3759.3944478
4386017025,4,2023_5_51_2_0,2023,5,51,99,2,1,0,0,,,3759.3944478
4386017037,4,2023_5_51_2_0,2023,5,51,84,-5,1,0,0,,,5417.5789257
4386017040,4,2023_5_51_2_0,2023,5,51,6,1,1,0,0,,,12305.702727
4386017055,4,2023_5_51_2_0,2023,5,51,7,1,1,0,0,,,12305.702727
4386017085,4,2023_5_51_2_0,2023,5,51,12,1,1,0,0,,,32769.88349
4385944862,5,2023_5_1_1_1,2023,5,1,-3,-3,-3,0,0,,1,129.05689636
4385944865,5,2023_5_1_1_1,2023,5,1,9,2,4,0,0,,,91.591353102
4385944872,5,2023_5_1_1_1,2023,5,1,21,2,1,0,0,,,151.81310985
4385944916,5,2023_5_1_1_1,2023,5,1,13,1,1,0,0,,,226.8070854
4385944929,5,2023_5_1_1_1,2023,5,1,80,2,1,0,0,,,82.480728049
4385944934,5,2023_5_1_1_1,2023,5,1,6,1,1,0,0,,,251.85965663
4385944971,5,2023_5_1_1_1,2023,5,1,25,1,2,0,0,,,153.09042061
4385944979,5,2023_5_1_1_1,2023,5,1,18,1,5,0,0,,,55.672905135
4385945010,5,2023_5_1_1_1,2023,5,1,6,1,1,0,1.0000165886,,,253.97872956
4385945048,5,2023_5_1_1_1,2023,5,1,3,2,1,0,0,,,253.97872956
4385945140,5,2023_5_1_1_1,2023,5,1,2,1,1,0,0,,,251.85965663
4385945181,5,2023_5_1_1_1,2023,5,1,76,2,1,0,0,,,134.0075932
4385945191,5,2023_5_1_1_1,2023,5,1,14,1,5,0,3.0000497658,,,253.97872956
4385945200,5,2023_5_1_1_1,2023,5,1,26,2,1,0,0,,,136.71220485
4385945249,5,2023_5_1_1_1,2023,5,1,18,2,1,0,0,,,368.49664588
4385945275,5,2023_5_1_1_1,2023,5,1,22,2,1,0,0,,,55.208397944
4385945341,5,2023_5_1_1_1,2023,5,1,15,2,1,0,0,,,550.52986081
4385945354,5,2023_5_1_1_1,2023,5,1,9,1,1,0,0,,,253.97872956
4385945383,5,2023_5_1_1_1,2023,5,1,16,2,1,0,0,,,251.85965663
4385945402,5,2023_5_1_1_1,2023,5,1,3,1,1,0,0,,,228.71537338
4385945522,5,2023_5_1_1_0,2023,5,1,8,2,1,0,0,,,687.89378208
4385945706,5,2023_5_1_1_0,2023,5,1,11,2,1,0,0,,,682.15433653
4385945729,5,2023_5_1_1_0,2023,5,1,10,2,1,0,0,,,459.86082386
4385945758,5,2023_5_1_1_0,2023,5,1,6,1,1,0,0,,,664.71627791
4385945842,5,2023_5_1_1_0,2023,5,1,-3,-3,-3,0,0,1,1,411.18126106
4385945905,5,2023_5_1_1_0,2023,5,1,7,2,1,0,2.0000331772,,,687.89378208
4385945955,5,2023_5_1_1_0,2023,5,1,40,1,2,0,0,,,149.53029228
4385945991,5,2023_5_1_1_0,2023,5,1,1,1,1,0,0,,,682.15433653
4385946250,5,2023_5_1_1_0,2023,5,1,5,2,1,0,0,,,687.89378208
4385946415,5,2023_5_1_1_0,2023,5,1,53,1,1,0,0,,,150.78839609
4385946577,5,2023_5_1_1_0,2023,5,1,15,2,1,0,0,,,682.15433653
4385946616,5,2023_5_1_1_0,2023,5,1,3,2,1,0,0,,,682.15433653
4385946885,5,2023_5_1_1_0,2023,5,1,16,2,3,0,0,,,682.15433653
4385946919,5,2023_5_1_1_0,2023,5,1,17,2,2,0,0,,,682.15433653
4385947042,5,2023_5_1_1_0,2023,5,1,-3,1,-3,0,0,1,1,266.85168233
4385947307,5,2023_5_1_1_0,2023,5,1,24,1,2,0,0,,,362.95555252
4385947495,5,2023_5_1_1_0,2023,5,1,2,1,1,0,0,,,687.89378208
4385947571,5,2023_5_1_1_0,2023,5,1,23,2,1,0,0,,,150.78839609
4385947583,5,2023_5_1_1_0,2023,5,1,13,2,1,0,0,,,682.15433653
4385957668,5,2023_5_1_1_0,2023,5,1,6,2,1,0,0,,,682.15433653
4385957684,5,2023_5_1_2_1,2023,5,1,16,1,1,0,0,,,941.75443036
4385957689,5,2023_5_1_2_1,2023,5,1,4,2,1,0,0,,,6125.1924161
4385957690,5,2023_5_1_2_1,2023,5,1,12,2,1,0,0,,,972.70410647
4385957708,5,2023_5_1_2_1,2023,5,1,18,1,1,0,0,,,567.66006393
4385957726,5,2023_5_1_2_1,2023,5,1,14,2,1,0,0,,,949.6780746
4385957870,5,2023_5_1_2_0,2023,5,1,0,2,2,0,0,,,4493.8083149
4385957876,5,2023_5_1_2_0,2023,5,1,9,1,1,0,0,,,2658.6678753
4385958043,5,2023_5_1_2_0,2023,5,1,9,1,1,0,0,,,4493.8083149
4385958075,5,2023_5_1_2_0,2023,5,1,5,2,1,0,0,,,966.85190238
4385958117,5,2023_5_1_2_0,2023,5,1,9,2,2,0,0,,,4493.8083149
4385958166,5,2023_5_1_2_0,2023,5,1,23,1,3,0,2.0000331772,,,7319.1686526
4385958182,5,2023_5_1_2_0,2023,5,1,-3,-3,-3,0,0,1,1,2639.4830844
4385958487,5,2023_5_1_2_0,2023,5,1,10,2,1,0,0,,,7123.9668476
4385958511,5,2023_5_1_2_0,2023,5,1,5,1,1,0,0,,,4493.8083149
4385958629,5,2023_5_1_2_0,2023,5,1,6,1,3,0,0,,,4493.8083149
4385958847,5,2023_5_1_2_0,2023,5,1,5,1,1,0,0,,,4493.8083149
4385958905,5,2023_5_1_2_0,2023,5,1,8,2,1,0,0,,,4493.8083149
4385958986,5,2023_5_1_2_0,2023,5,1,-3,-3,-3,0,0,1,1,2639.4830844
4385959091,5,2023_5_1_2_0,2023,5,1,7,2,1,0,0,,,4493.8083149
4385959121,5,2023_5_1_2_0,2023,5,1,5,1,1,0,0,,,4493.8083149
4385959148,5,2023_5_1_2_0,2023,5,1,-3,-3,-3,0,0,,,3649.3084971
4385959149,5,2023_5_1_2_0,2023,5,1,-3,-3,-3,0,0,,,7258.1011287
4385959266,5,2023_5_1_2_0,2023,5,1,5,1,1,0,0,,,1634.2195874
4385959426,5,2023_5_1_2_0,2023,5,1,32,1,1,0,0,,,4493.8083149
4385959478,5,2023_5_1_2_0,2023,5,1,6,1,1,0,0,,,1634.2195874
4385959555,5,2023_5_1_2_0,2023,5,1,14,2,5,0,0,1,1,1634.2195874
4385959581,5,2023_5_1_2_0,2023,5,1,5,1,2,0,0,,,3966.7485713
4385959799,5,2023_5_1_2_0,2023,5,1,3,1,1,0,0,,,4493.8083149
4385959883,5,2023_5_1_2_0,2023,5,1,0,2,1,0,0,,,4493.8083149
4385959904,5,2023_5_9_1_1,2023,5,9,1,1,1,0,0,,,379.62749625
4385960027,5,2023_5_9_1_1,2023,5,9,16,1,3,0,0,,,2085.277246
4385960069,5,2023_5_9_1_1,2023,5,9,1,1,-3,0,0,,,429.16603427
4385960071,5,2023_5_9_1_1,2023,5,9,5,2,5,0,0,,,379.62749625
4385960148,5,2023_5_9_1_1,2023,5,9,-3,-3,-3,0,0,1,1,189.60076299
4385960150,5,2023_5_9_1_1,2023,5,9,8,1,1,0,0,,,379.62749625
4385960185,5,2023_5_9_1_1,2023,5,9,18,1,3,0,0,,,92.274216322
4385960191,5,2023_5_9_1_1,2023,5,9,22,2,1,0,0,,,69.243417649
4385960211,5,2023_5_9_1_1,2023,5,9,4,2,1,0,0,,,284.87595258
4385960232,5,2023_5_9_1_1,2023,5,9,-3,-3,-3,0,0,,,225.91922931
4385960249,5,2023_5_9_1_1,2023,5,9,17,-3,5,0,0,,,184.75574232
4385960356,5,2023_5_9_1_1,2023,5,9,25,1,1,0,0,,,160.84438069
4385960384,5,2023_5_9_1_1,2023,5,9,59,2,1,0,0,,,379.62749625
4385960443,5,2023_5_9_1_0,2023,5,9,46,1,1,0,0,,,1442.6668047
4385960555,5,2023_5_9_1_0,2023,5,9,-3,-3,-3,0,0,,,1276.1401026
4385960692,5,2023_5_9_1_0,2023,5,9,-3,-3,-3,0,0,1,1,1276.1401026
4385960755,5,2023_5_9_1_0,2023,5,9,5,2,1,0,0,,,2555.1472703
4385960771,5,2023_5_9_1_0,2023,5,9,18,1,1,0,0,,,2964.3245731
4385960790,5,2023_5_9_1_0,2023,5,9,7,2,1,0,0,,,2555.1472703
4385960867,5,2023_5_9_1_0,2023,5,9,1,2,3,0,0,,,2555.1472703
4385960877,5,2023_5_9_1_0,2023,5,9,18,1,3,0,0,,,621.06726801
4385960912,5,2023_5_9_1_0,2023,5,9,6,2,4,0,0,,,6042.1942404
4385960925,5,2023_5_9_1_0,2023,5,9,5,2,4,0,0,,,3206.5435423
4385960981,5,2023_5_9_1_0,2023,5,9,13,1,1,0,0,,,5935.3090041
4385961115,5,2023_5_9_1_0,2023,5,9,10,1,1,0,0,,,5935.3090041
4385961145,5,2023_5_9_1_0,2023,5,9,21,2,1,0,0,,,2964.3245731
4385961200,5,2023_5_9_1_0,2023,5,9,43,2,4,0,0,,,3440.7970479
4385961208,5,2023_5_9_1_0,2023,5,9,3,1,1,0,0,,,2555.1472703
4385961274,5,2023_5_9_1_0,2023,5,9,0,1,1,0,0,,,1976.6487911
4385961371,5,2023_5_9_1_0,2023,5,9,14,2,1,0,0,,,6042.1942404
4385961624,5,2023_5_9_1_0,2023,5,9,9,1,1,0,0,,,2555.1472703
4385961779,5,2023_5_9_1_0,2023,5,9,3,2,3,0,0,,,2555.1472703
4385961857,5,2023_5_9_1_0,2023,5,9,-3,-3,-3,0,0,1,1,621.06726801
4385962024,5,2023_5_9_1_0,2023,5,9,-3,-3,-3,0,0,1,1,6042.1942404
4385962151,5,2023_5_9_1_0,2023,5,9,13,1,1,0,0,,,2555.1472703
4385962165,5,2023_5_9_1_0,2023,5,9,12,2,1,0,0,,,5935.3090041
4385962238,5,2023_5_9_1_0,2023,5,9,18,1,1,0,0,,,889.32071491
4385962249,5,2023_5_9_1_0,2023,5,9,10,1,1,0,0,,,2555.1472703
4385962398,5,2023_5_9_1_0,2023,5,9,16,1,1,0,0,,,2555.1472703
4385962470,5,2023_5_9_1_0,2023,5,9,-3,-3,-3,0,0,,,1614.7010912
4385962523,5,2023_5_10_1_1,2023,5,10,21,2,4,0,2.000328745,,,124.59657265
4385962541,5,2023_5_10_1_1,2023,5,10,76,2,1,0,0,,,85.471678741
4385962564,5,2023_5_10_1_1,2023,5,10,10,1,3,0,0,,,181.3604443
4385962581,5,2023_5_10_1_1,2023,5,10,1,1,1,0,0,,,181.3604443
4385962592,5,2023_5_10_1_1,2023,5,10,2,1,1,0,0,,,163.84379624
4385962616,5,2023_5_10_1_1,2023,5,10,10,2,1,0,0,,,347.65648834
4385962622,5,2023_5_10_1_1,2023,5,10,18,1,1,1.999671255,4.00065749,,,182.66831641
4385962625,5,2023_5_10_1_1,2023,5,10,21,1,1,1.999671255,4.00065749,,,95.291784089
4385962731,5,2023_5_10_1_1,2023,5,10,-3,-3,-3,0,0,1,1,86.088053632
4385962737,5,2023_5_10_1_1,2023,5,10,1,1,5,0,0,,,181.3604443
4385962784,5,2023_5_10_1_1,2023,5,10,7,2,1,0,0,,,181.3604443
4385962876,5,2023_5_10_1_1,2023,5,10,20,1,4,0,0,,,86.088053632
4385962937,5,2023_5_10_1_1,2023,5,10,0,2,2,0,0,,,181.3604443
4385962949,5,2023_5_10_1_1,2023,5,10,-3,-3,-3,0,0,,,182.66831641
4385962965,5,2023_5_10_1_1,2023,5,10,17,2,1,0,0,,,85.471678741
4385962986,5,2023_5_10_1_1,2023,5,10,0,1,1,0,0,,,181.3604443
4385962987,5,2023_5_10_1_1,2023,5,10,1,2,1,0,0,,,181.3604443
4385963085,5,2023_5_10_1_1,2023,5,10,7,1,1,0,0,,,181.3604443
4385963090,5,2023_5_10_1_1,2023,5,10,22,2,1,0,0,,,86.088053632
4385963100,5,2023_5_10_1_1,2023,5,10,13,1,1,3.99934251,0,,,181.3604443
4385963167,5,2023_5_10_1_1,2023,5,10,8,2,1,0,0,,,347.65648834
4385963186,5,2023_5_10_1_1,2023,5,10,5,2,1,0,0,,,181.3604443
4385963220,5,2023_5_10_1_1,2023,5,10,12,1,1,8.6245880395,11.37541196,,,159.45818543
4385963224,5,2023_5_10_1_1,2023,5,10,8,1,1,0,8.00131498,,,181.3604443
4385963268,5,2023_5_10_1_1,2023,5,10,19,2,1,0,0,,,95.291784089
4385963275,5,2023_5_10_1_1,2023,5,10,6,1,-3,0,0,,,203.72788079
4385963372,5,2023_5_10_1_1,2023,5,10,5,2,1,0,0,,,85.471678741
4385963409,5,2023_5_10_1_1,2023,5,10,12,1,3,0,0,,,181.3604443
4385963420,5,2023_5_10_1_1,2023,5,10,0,1,1,0,0,,,181.3604443
4385963553,5,2023_5_10_1_1,2023,5,10,11,1,1,0,0,,,181.3604443
4385963583,5,2023_5_10_1_1,2023,5,10,-3,-3,-3,0,0,1,1,44.909179549
4385963585,5,2023_5_10_1_1,2023,5,10,17,1,1,0,2.000328745,,,85.471678741
4385963615,5,2023_5_10_1_0,2023,5,10,23,1,3,0,0,,,358.82276117
4385963668,5,2023_5_10_1_0,2023,5,10,10,2,2,0,0,,,682.91569954
4385963736,5,2023_5_10_1_0,2023,5,10,16,2,3,0,0,,,4516.1286553
4385963841,5,2023_5_10_1_0,2023,5,10,10,1,-3,0,2.000328745,,,2777.763084
4385963885,5,2023_5_10_1_0,2023,5,10,16,2,1,0,0,,,3453.9469874
4385964017,5,2023_5_10_1_0,2023,5,10,3,1,2,0,0,,,1449.0635555
4385964038,5,2023_5_10_1_0,2023,5,10,16,1,1,0,0,,,1449.0635555
4385964118,5,2023_5_10_1_0,2023,5,10,10,1,1,0,0,,,1449.0635555
4385964131,5,2023_5_10_1_0,2023,5,10,0,2,1,0,0,,,1449.0635555
4385964156,5,2023_5_10_1_0,2023,5,10,5,1,1,0,0,,,1449.0635555
4385964179,5,2023_5_10_1_0,2023,5,10,0,1,1,0,0,,,1449.0635555
4385964456,5,2023_5_10_1_0,2023,5,10,5,1,1,0,0,,,1449.0635555
4385964505,5,2023_5_10_1_0,2023,5,10,5,2,1,0,0,,,1449.0635555
4385964635,5,2023_5_10_1_0,2023,5,10,49,1,3,0,0,,,1459.5134075
4385964675,5,2023_5_10_1_0,2023,5,10,22,1,5,0,0,,,1814.7990971
4385964939,5,2023_5_10_1_0,2023,5,10,7,1,1,0,0,,,3453.9469874
4385964962,5,2023_5_10_1_0,2023,5,10,24,2,1,0,0,,,358.82276117
4385965073,5,2023_5_12_1_1,2023,5,12,12,2,1,0,0,,,3923.6645223
4385965108,5,2023_5_12_1_1,2023,5,12,17,2,1,1.9999153683,0,,,10639.766999
4385965120,5,2023_5_12_1_1,2023,5,12,15,2,2,0,0,,,3923.6645223
4385965152,5,2023_5_12_1_1,2023,5,12,87,2,1,0,0,,,1814.0481569
4385965169,5,2023_5_12_1_1,2023,5,12,19,1,3,0,0,,,2388.7170404
4385965266,5,2023_5_12_1_1,2023,5,12,11,2,1,0,0,,,1814.0481569
4385965286,5,2023_5_12_1_1,2023,5,12,4,2,1,0,0,,,3923.6645223
4385965289,5,2023_5_12_1_1,2023,5,12,14,2,1,0,0,,,3923.6645223
4385965303,5,2023_5_12_1_1,2023,5,12,6,2,1,0,0,,,3923.6645223
4385965314,5,2023_5_12_1_1,2023,5,12,23,2,5,0,0,,,4573.1511326
4385965346,5,2023_5_12_1_1,2023,5,12,4,1,1,4.9997884208,4.0001692634,,,2997.4348099
4385965347,5,2023_5_12_1_1,2023,5,12,10,1,1,1.9999153683,12.00050779,,,2997.4348099
4385965354,5,2023_5_12_1_1,2023,5,12,8,1,1,0,0,,,3923.6645223
4385965363,5,2023_5_12_1_1,2023,5,12,39,2,3,0,0,,,9231.163095
4385965375,5,2023_5_12_1_1,2023,5,12,63,2,3,0,0,,,3923.6645223
4385965431,5,2023_5_12_1_1,2023,5,12,6,1,3,7.0963867067,0,,,7348.6669565
4385965526,5,2023_5_12_1_1,2023,5,12,26,2,3,0,0,,,10639.766999
4385965548,5,2023_5_12_1_1,2023,5,12,2,1,1,0,0,,,2997.4348099
4385965578,5,2023_5_12_1_1,2023,5,12,5,1,1,0,0,,,10639.766999
4385965646,5,2023_5_12_1_1,2023,5,12,13,1,1,0,6.0002538951,,,12412.05378
4385965651,5,2023_5_12_1_1,2023,5,12,-3,2,-3,0,0,,,1787.1938259
4385965726,5,2023_5_12_1_1,2023,5,12,30,1,5,0,0,,,1445.6520389
4385965763,5,2023_5_12_1_1,2023,5,12,18,2,1,0,0,,,3126.8484219
4385965805,5,2023_5_12_1_0,2023,5,12,-3,-3,-3,0,0,,,11386.288473
4385965844,5,2023_5_12_1_0,2023,5,12,11,2,3,0,0,,,14287.86116
4385965965,5,2023_5_12_1_0,2023,5,12,9,1,1,0,4.0001692634,,,30903.685617
4385966141,5,2023_5_12_1_0,2023,5,12,0,2,1,0,0,,,30903.685617
4385966147,5,2023_5_12_1_0,2023,5,12,11,2,5,0,0,,,83801.255818
4385966268,5,2023_5_12_1_0,2023,5,12,-3,-3,-3,0,0,1,1,66782.932899
4385966357,5,2023_5_12_1_0,2023,5,12,14,2,3,0,0,,,30903.685617
4385966363,5,2023_5_12_1_0,2023,5,12,17,1,3,0,0,,,14287.86116
4385966369,5,2023_5_12_1_0,2023,5,12,2,1,3,0,0,,,56102.088179
4385966498,5,2023_5_12_1_0,2023,5,12,13,2,4,0,0,,,97760.19476
4385966513,5,2023_5_12_1_0,2023,5,12,42,2,3,0,0,,,30903.685617
4385966533,5,2023_5_12_1_0,2023,5,12,1,1,2,0,0,,,30903.685617
4385966540,5,2023_5_12_1_0,2023,5,12,8,1,4,0,0,,,14287.86116
4385966746,5,2023_5_12_1_0,2023,5,12,-3,-3,-3,0,0,1,1,11386.288473
4385967017,5,2023_5_13_1_1,2023,5,13,11,1,1,0,0,,,713.21848071
4385967064,5,2023_5_13_1_1,2023,5,13,2,1,3,0,0,,,209.53876726
4385967070,5,2023_5_13_1_1,2023,5,13,12,2,1,0,0,,,685.73284948
4385967097,5,2023_5_13_1_1,2023,5,13,42,1,3,0,0,,,209.53876726
4385967139,5,2023_5_13_1_1,2023,5,13,8,2,1,0,0,,,281.02929599
4385967143,5,2023_5_13_1_1,2023,5,13,42,2,1,0,0,,,96.373595979
4385967162,5,2023_5_13_1_1,2023,5,13,6,2,5,0,0,,,713.21848071
4385967212,5,2023_5_13_1_1,2023,5,13,78,1,1,0,0,,,95.662642874
4385967213,5,2023_5_13_1_1,2023,5,13,11,1,1,0,11.002090883,,,83.829649086
4385967214,5,2023_5_13_1_1,2023,5,13,14,2,1,0,0,,,209.53876726
4385967226,5,2023_5_13_1_1,2023,5,13,10,1,5,0,1.0001900803,,,209.53876726
4385967228,5,2023_5_13_1_1,2023,5,13,10,1,1,0,0,,,209.53876726
4385967250,5,2023_5_13_1_1,2023,5,13,6,1,1,0,0,,,813.89300271
4385967298,5,2023_5_13_1_1,2023,5,13,11,1,2,0,0,,,274.33942125
4385967355,5,2023_5_13_1_1,2023,5,13,16,2,1,0,0,,,209.53876726
4385967366,5,2023_5_13_1_1,2023,5,13,21,1,1,0,0,,,83.829649086
4385967388,5,2023_5_13_1_1,2023,5,13,8,1,1,0,0,,,209.53876726
4385967476,5,2023_5_13_1_1,2023,5,13,7,2,1,0,0,,,209.53876726
4385967578,5,2023_5_13_1_1,2023,5,13,42,2,1,0,0,,,95.662642874
4385967619,5,2023_5_13_1_1,2023,5,13,13,2,-3,0,0,,,285.3355288
4385967656,5,2023_5_13_1_0,2023,5,13,7,2,2,0,0,,,1106.0081197
4385967662,5,2023_5_13_1_0,2023,5,13,8,1,1,0,0,,,844.76221795
4385967722,5,2023_5_13_1_0,2023,5,13,50,2,1,0,0,,,844.76221795
4385967735,5,2023_5_13_1_0,2023,5,13,0,2,2,0,0,,,2764.5538362
4385967848,5,2023_5_13_1_0,2023,5,13,0,1,1,0,0,,,566.30257056
4385967956,5,2023_5_13_1_0,2023,5,13,8,2,3,0,0,,,844.76221795
4385968210,5,2023_5_13_1_0,2023,5,13,8,2,1,0.9998099197,1.0001900803,,,844.76221795
4385968217,5,2023_5_13_1_0,2023,5,13,10,2,1,0,0,,,844.76221795
4385968446,5,2023_5_13_1_0,2023,5,13,0,2,2,0,0,,,2764.5538362
4385968727,5,2023_5_13_1_0,2023,5,13,8,2,2,0,0,,,468.36671927
4385968779,5,2023_5_13_1_0,2023,5,13,-3,-3,-3,0,0,,,226.5592491
4385968899,5,2023_5_13_1_0,2023,5,13,23,2,2,0,0,,,337.96190185
4385968920,5,2023_5_13_1_0,2023,5,13,5,1,1,0,0,,,1150.3392777
4385969010,5,2023_5_13_1_0,2023,5,13,10,2,1,0,0,,,2764.5538362
4385969075,5,2023_5_13_1_0,2023,5,13,22,1,4,0,0,,,9409.862016
4385969148,5,2023_5_13_1_0,2023,5,13,16,2,2,0,0,,,1132.9785629
4385969152,5,2023_5_13_1_0,2023,5,13,9,1,2,0,0,,,1132.9785629
4385969206,5,2023_5_13_1_0,2023,5,13,3,1,1,0,0,,,844.76221795
4385969246,5,2023_5_13_1_0,2023,5,13,10,1,1,0,0,,,844.76221795
4385969258,5,2023_5_13_1_0,2023,5,13,6,1,1,0,0,,,844.76221795
4385969282,5,2023_5_13_1_0,2023,5,13,3,1,1,0,0,,,844.76221795
4385969416,5,2023_5_13_1_0,2023,5,13,10,2,1,0,0,,,844.76221795
4385969478,5,2023_5_13_1_0,2023,5,13,16,1,1,0,0,,,2764.5538362
4385969587,5,2023_5_13_2_1,2023,5,13,74,2,2,0,0,,,218.14435899
4385969622,5,2023_5_13_2_1,2023,5,13,17,1,3,0,0,,,737.26498384
4385969664,5,2023_5_13_2_1,2023,5,13,12,2,5,0,0,,,294.955753
4385969722,5,2023_5_13_2_1,2023,5,13,7,1,1,0,0,,,2412.7602964
4385969775,5,2023_5_13_2_1,2023,5,13,13,2,1,0,0,,,2509.4688612
4385969794,5,2023_5_13_2_1,2023,5,13,12,1,1,0,0,,,737.26498384
4385969797,5,2023_5_13_2_1,2023,5,13,0,1,5,0,0,,,737.26498384
4385969808,5,2023_5_13_2_1,2023,5,13,13,2,1,0,0,,,218.14435899
4385969872,5,2023_5_13_2_1,2023,5,13,2,2,1,0,0,,,737.26498384
4385969874,5,2023_5_13_2_1,2023,5,13,13,1,1,0.9998099197,1.0001900803,,,545.2688943
4385969934,5,2023_5_13_2_1,2023,5,13,1,1,1,0,0,,,737.26498384
4385969953,5,2023_5_13_2_1,2023,5,13,6,1,1,0,0,,,737.26498384
4385970110,5,2023_5_13_2_1,2023,5,13,15,2,1,0,0,,,8212.4432412
4385970112,5,2023_5_13_2_1,2023,5,13,21,2,1,0,0,,,454.78328891
4385970117,5,2023_5_13_2_1,2023,5,13,8,1,3,0,0,,,737.26498384
4385970128,5,2023_5_13_2_1,2023,5,13,19,1,1,0,0,,,250.78664348
4385970131,5,2023_5_13_2_1,2023,5,13,5,1,1,0,0,,,737.26498384
4385970175,5,2023_5_13_2_1,2023,5,13,-3,-3,-3,0,0,,,339.09179963
4385970236,5,2023_5_13_2_1,2023,5,13,9,2,1,0,0,,,1855.9613453
4385970418,5,2023_5_13_2_1,2023,5,13,5,1,1,0,0,,,2509.4688612
4385970512,5,2023_5_13_2_0,2023,5,13,18,1,2,0,0,,,3613.4187685
4385970544,5,2023_5_13_2_0,2023,5,13,-3,-3,-3,0,0,1,1,3613.4187685
4385970564,5,2023_5_13_2_0,2023,5,13,-3,-3,-3,0,0,1,1,10534.149523
4385970630,5,2023_5_13_2_0,2023,5,13,35,1,2,0,0,,,1445.6113841
4385970840,5,2023_5_13_2_0,2023,5,13,67,2,1,0,0,,,3143.0976949
4385970911,5,2023_5_13_2_0,2023,5,13,5,2,1,0,0,,,7856.4186243
4385970912,5,2023_5_13_2_0,2023,5,13,13,2,1,0,0,,,7856.4186243
4385970937,5,2023_5_13_2_0,2023,5,13,6,1,1,0,0,,,7856.4186243
4385970956,5,2023_5_13_2_0,2023,5,13,15,1,1,0,0,,,3143.0976949
4385971060,5,2023_5_13_2_0,2023,5,13,17,2,2,0,0,,,7856.4186243
4385971143,5,2023_5_13_2_0,2023,5,13,20,1,3,0,0,,,3613.4187685
4385971145,5,2023_5_13_2_0,2023,5,13,46,2,-3,0,0,,,7856.4186243
4385971190,5,2023_5_13_2_0,2023,5,13,16,2,1,0,0,,,7856.4186243
4385971498,5,2023_5_13_2_0,2023,5,13,12,2,1,0,0,,,7856.4186243
4385971571,5,2023_5_13_2_0,2023,5,13,8,1,1,0,0,,,3143.0976949
4385971775,5,2023_5_13_2_0,2023,5,13,57,2,4,0,0,,,7856.4186243
4385971822,5,2023_5_13_2_0,2023,5,13,11,2,2,0,0,,,25710.776104
4385972149,5,2023_5_13_2_0,2023,5,13,11,1,1,0,0,,,26741.318699
4385972174,5,2023_5_13_2_0,2023,5,13,17,1,2,0,0,,,3143.0976949
4385972224,5,2023_5_13_2_0,2023,5,13,89,2,3,0,0,,,1445.6113841
4385972229,5,2023_5_13_2_0,2023,5,13,25,1,1,0,0,,,7856.4186243
4385972243,5,2023_5_13_2_0,2023,5,13,13,1,3,0,0,,,7856.4186243
4385972315,5,2023_5_13_2_0,2023,5,13,11,2,3,0,0,,,7856.4186243
4385972340,5,2023_5_13_2_0,2023,5,13,21,1,1,0,0,,,3613.4187685
4385972395,5,2023_5_13_2_0,2023,5,13,-3,-3,-3,0,0,,,16593.083222
4385972414,5,2023_5_13_2_0,2023,5,13,0,1,2,0,0,,,7856.4186243
4385972559,5,2023_5_13_2_0,2023,5,13,14,2,3,0,0,,,7856.4186243
4385972585,5,2023_5_13_2_0,2023,5,13,45,2,3,0,0,,,3613.4187685
4385972605,5,2023_5_13_2_0,2023,5,13,13,2,1,0,0,1,1,26741.318699
4385972640,5,2023_5_13_2_0,2023,5,13,6,2,3,0,0,,,7856.4186243
4385972696,5,2023_5_13_2_0,2023,5,13,9,2,4,0,0,,,7856.4186243
4385972872,5,2023_5_13_2_0,2023,5,13,13,1,1,0,0,,,18599.130362
4385972927,5,2023_5_13_2_0,2023,5,13,43,1,2,0,0,,,3613.4187685
4385972989,5,2023_5_13_2_0,2023,5,13,-3,-3,-3,0,0,1,1,10698.332304
4385973055,5,2023_5_13_2_0,2023,5,13,6,2,1,0,0,,,5695.4928312
4385973090,5,2023_5_13_2_0,2023,5,13,25,2,1,0,0,,,4920.5059693
4385973155,5,2023_5_13_2_0,2023,5,13,-3,-3,-3,0,0,1,1,3613.4187685
4385973169,5,2023_5_13_2_0,2023,5,13,3,2,2,0,0,,,3143.0976949
4385973201,5,2023_5_13_2_0,2023,5,13,3,2,-3,0,0,,,7856.4186243
4385973211,5,2023_5_13_2_0,2023,5,13,70,1,1,0,0,,,4920.5059693
4385973337,5,2023_5_15_1_0,2023,5,15,0,1,4,0,0,,,1079.5111189
4385973339,5,2023_5_15_1_0,2023,5,15,4,1,5,0,0,,,423.45530802
4385973355,5,2023_5_15_1_0,2023,5,15,34,1,1,0,0,,,1083.3728158
4385973399,5,2023_5_15_1_0,2023,5,15,22,2,4,0,0,,,620.89889304
4385973411,5,2023_5_15_1_0,2023,5,15,44,1,3,0,0,,,231.85444442
4385973420,5,2023_5_15_1_0,2023,5,15,27,1,3,0,0,,,133.35496538
4385973422,5,2023_5_15_1_0,2023,5,15,4,2,3,0,0,,,231.85444442
4385973435,5,2023_5_15_1_0,2023,5,15,11,1,1,0,0,,,423.45530802
4385973477,5,2023_5_15_1_0,2023,5,15,4,1,4,0,0,,,591.06461998
4385973483,5,2023_5_15_1_0,2023,5,15,4,1,4,0,0,,,1079.5111189
4385973499,5,2023_5_15_1_0,2023,5,15,59,1,4,0,0,,,133.35496538
4385973521,5,2023_5_15_1_0,2023,5,15,22,2,4,0,0,,,243.55740983
4385973546,5,2023_5_15_1_0,2023,5,15,3,2,5,0,1.0009899391,,,776.15873783
4385973585,5,2023_5_15_1_0,2023,5,15,20,2,4,0,0,,,243.55740983
4385973586,5,2023_5_15_1_0,2023,5,15,28,2,4,0,0,,,339.96071169
4385973627,5,2023_5_15_1_0,2023,5,15,9,1,5,0,0,,,423.45530802
4385973665,5,2023_5_15_1_0,2023,5,15,8,1,1,0,0,,,776.15873783
4385973673,5,2023_5_15_1_0,2023,5,15,30,2,5,0,0,,,190.205577
4385973690,5,2023_5_15_1_0,2023,5,15,65,1,4,0,0,,,339.96071169
4385973697,5,2023_5_15_1_0,2023,5,15,3,2,4,0,0,,,231.85444442
4385973732,5,2023_5_15_1_0,2023,5,15,9,2,3,0,0,,,423.45530802
4385973736,5,2023_5_15_1_0,2023,5,15,12,2,5,0,0,,,423.45530802
4385973752,5,2023_5_15_1_0,2023,5,15,-3,-3,-3,0,0,,,133.35496538
4385973763,5,2023_5_15_1_0,2023,5,15,22,2,-3,0,0,,,339.96071169
4385973775,5,2023_5_15_1_0,2023,5,15,3,1,4,0,1.0009899391,,,423.45530802
4385973813,5,2023_5_15_1_0,2023,5,15,9,2,1,0,0,,,776.15873783
4385973834,5,2023_5_15_1_0,2023,5,15,36,1,1,0,0,,,231.85444442
4385973839,5,2023_5_15_1_0,2023,5,15,30,2,4,0,0,,,339.96071169
4385973916,5,2023_5_15_1_0,2023,5,15,18,1,4,0,0,,,244.42867913
4385973922,5,2023_5_15_1_0,2023,5,15,1,1,5,0,0,,,231.85444442
4385973924,5,2023_5_15_1_0,2023,5,15,8,1,3,0,1.0009899391,,,423.45530802
4385974047,5,2023_5_15_1_0,2023,5,15,-3,-3,-3,0,0,,,446.42069239
4385974091,5,2023_5_15_1_0,2023,5,15,9,1,4,0,0,,,776.15873783
4385974106,5,2023_5_15_1_0,2023,5,15,28,2,1,0,0,1,1,133.35496538
4385974137,5,2023_5_15_1_0,2023,5,15,18,1,3,0,0,,,620.89889304
4385974141,5,2023_5_15_1_0,2023,5,15,5,1,1,0,0,,,776.15873783
4385974152,5,2023_5_15_1_0,2023,5,15,0,2,1,0,0,,,776.15873783
4385974163,5,2023_5_15_1_0,2023,5,15,10,2,5,0,2.0019798781,,,423.45530802
4385974213,5,2023_5_15_1_0,2023,5,15,84,1,5,0,0,,,231.85444442
4385974252,5,2023_5_15_1_0,2023,5,15,12,1,1,0,0,,,423.45530802
4385974290,5,2023_5_15_1_0,2023,5,15,40,2,1,0,0,,,133.35496538
4385974295,5,2023_5_15_1_0,2023,5,15,20,1,5,0,0,,,620.89889304
4385974309,5,2023_5_15_1_0,2023,5,15,21,2,1,0,0,,,423.45530802
4385974343,5,2023_5_15_1_0,2023,5,15,15,1,5,0,0,,,1079.5111189
4385974349,5,2023_5_15_1_0,2023,5,15,-3,-3,-3,0,0,,,214.08825004
4385974367,5,2023_5_15_1_0,2023,5,15,50,2,1,0,0,,,244.42867913
4385974432,5,2023_5_15_1_0,2023,5,15,69,2,4,0,0,,,339.96071169
4385974441,5,2023_5_15_1_0,2023,5,15,14,2,5,0,0,,,423.45530802
4385974458,5,2023_5_15_1_0,2023,5,15,6,1,1,0,0,,,1978.6550591
4385974479,5,2023_5_15_1_0,2023,5,15,17,1,5,0,0,,,423.45530802
4385974487,5,2023_5_15_1_0,2023,5,15,5,2,4,0,0,,,591.06461998
4385974506,5,2023_5_15_1_0,2023,5,15,-3,-3,-3,0,0,1,1,339.96071169
4385974530,5,2023_5_15_1_0,2023,5,15,6,1,5,0,0,,,776.15873783
4385974563,5,2023_5_15_1_0,2023,5,15,11,2,4,0,0,,,231.85444442
4385974581,5,2023_5_15_1_0,2023,5,15,28,1,3,0,0,,,243.55740983
4385974620,5,2023_5_15_1_0,2023,5,15,18,2,5,0,0,,,511.61730713
4385974666,5,2023_5_15_1_0,2023,5,15,-3,-3,-3,0,0,,,243.55740983
4385974691,5,2023_5_15_1_0,2023,5,15,11,2,1,0,0,,,776.15873783
4385974833,5,2023_5_15_1_0,2023,5,15,60,1,1,0,0,,,175.44784777
4385974858,5,2023_5_15_1_0,2023,5,15,18,1,5,0,0,,,133.35496538
4385974878,5,2023_5_15_1_0,2023,5,15,33,2,4,0,0,,,244.89246799
4385974883,5,2023_5_15_1_0,2023,5,15,9,1,5,0,1.0009899391,,,776.15873783
4385974911,5,2023_5_15_1_0,2023,5,15,35,2,5,0,0,,,339.96071169
4385974995,5,2023_5_15_1_0,2023,5,15,15,1,4,0,1.0009899391,,,231.85444442
4385975027,5,2023_5_15_1_0,2023,5,15,60,2,1,0,0,,,339.96071169
4385975039,5,2023_5_15_1_0,2023,5,15,16,1,1,0,0,,,231.85444442
4385975045,5,2023_5_15_1_0,2023,5,15,59,2,5,0,0,,,339.96071169
4385975059,5,2023_5_15_1_0,2023,5,15,28,1,4,0,0,,,133.35496538
4385975069,5,2023_5_15_1_0,2023,5,15,43,1,4,0,4.0039597563,,,446.42069239
4385975116,5,2023_5_15_1_0,2023,5,15,4,1,4,0,0,,,1079.5111189
4385975120,5,2023_5_15_1_0,2023,5,15,29,1,4,0,0,,,339.96071169
4385975123,5,2023_5_15_1_0,2023,5,15,6,2,1,0,0,,,776.15873783
4385975185,5,2023_5_15_1_0,2023,5,15,13,1,4,0,0,,,1978.6550591
4385975201,5,2023_5_15_1_0,2023,5,15,87,2,1,0,0,,,339.96071169
4385975222,5,2023_5_15_1_0,2023,5,15,6,1,4,0,0,,,330.69641057
4385975232,5,2023_5_15_1_0,2023,5,15,3,2,5,0,0,,,423.45530802
4385975241,5,2023_5_15_1_0,2023,5,15,5,1,3,0,6.8668443354,,,1384.470917
4385975265,5,2023_5_15_1_0,2023,5,15,14,1,4,0,0,,,776.15873783
4385975278,5,2023_5_15_1_0,2023,5,15,32,1,5,0,0,,,410.73941111
4385975297,5,2023_5_15_1_0,2023,5,15,-3,-3,-3,0,0,,,620.89889304
4385975345,5,2023_5_15_1_0,2023,5,15,21,2,4,0,0,,,339.96071169
4385975356,5,2023_5_15_1_0,2023,5,15,72,2,4,0,0,,,133.35496538
4385975359,5,2023_5_15_1_0,2023,5,15,12,1,1,0,0,,,231.85444442
4385975360,5,2023_5_15_1_0,2023,5,15,30,1,5,0,2.0019798781,,,133.35496538
4385975371,5,2023_5_15_1_0,2023,5,15,9,2,1,0,0,,,423.45530802
4385975386,5,2023_5_15_1_0,2023,5,15,2,1,4,0,0,,,591.06461998
4385975395,5,2023_5_15_1_0,2023,5,15,22,2,3,0,0,,,511.61730713
4385975396,5,2023_5_15_1_0,2023,5,15,3,1,3,0,0,,,423.45530802
4385975447,5,2023_5_15_1_0,2023,5,15,12,1,5,7.4381095563,11.041260296,,,307.12037693
4385975476,5,2023_5_15_1_0,2023,5,15,24,1,3,0,0,,,133.35496538
4385975486,5,2023_5_15_1_0,2023,5,15,20,2,4,0,0,1,1,175.44784777
4385975494,5,2023_5_15_1_0,2023,5,15,49,2,4,0,0,,,231.85444442
4385975495,5,2023_5_15_1_0,2023,5,15,6,1,5,0,0,,,231.85444442
4385975500,5,2023_5_15_1_0,2023,5,15,3,2,5,0,0,,,330.69641057
4385975533,5,2023_5_15_1_0,2023,5,15,81,2,4,0,0,,,231.85444442
4385975537,5,2023_5_15_1_0,2023,5,15,16,1,4,0,0,,,511.61730713
4385975572,5,2023_5_15_1_0,2023,5,15,5,2,1,0,0,,,423.45530802
4385975624,5,2023_5_15_1_0,2023,5,15,47,1,5,0,0,,,133.35496538
4385975787,5,2023_5_15_1_0,2023,5,15,76,1,4,0,0,,,339.96071169
4385975820,5,2023_5_15_1_0,2023,5,15,3,1,3,0,0,,,167.01755572
4385975850,5,2023_5_15_1_0,2023,5,15,35,1,4,0,0,,,133.35496538
4385976027,5,2023_5_15_1_0,2023,5,15,26,1,4,0,0,,,133.35496538
4385976130,5,2023_5_15_1_0,2023,5,15,19,1,5,0,0,,,446.42069239
4385976162,5,2023_5_15_1_0,2023,5,15,18,1,5,0,0,,,133.35496538
4385976167,5,2023_5_15_1_0,2023,5,15,-3,-3,-3,0,0,,,243.55740983
4385976287,5,2023_5_15_1_0,2023,5,15,5,1,5,0,1.0009899391,,,591.06461998
4385976288,5,2023_5_15_1_0,2023,5,15,14,2,4,0,0,,,1079.5111189
4385976293,5,2023_5_15_1_0,2023,5,15,12,1,5,0,0,,,231.85444442
4385976294,5,2023_5_15_1_0,2023,5,15,4,1,5,0,0,,,423.45530802
4385976296,5,2023_5_15_1_0,2023,5,15,27,1,1,0,0,,,339.96071169
4385976313,5,2023_5_15_1_0,2023,5,15,22,2,1,0,0,,,175.44784777
4385976373,5,2023_5_15_1_0,2023,5,15,9,2,4,0,0,,,423.45530802
4385976399,5,2023_5_15_1_0,2023,5,15,11,2,4,0,0,,,231.85444442
4385976483,5,2023_5_15_1_0,2023,5,15,28,2,1,0,0,,,620.89889304
4385976510,5,2023_5_15_1_0,2023,5,15,57,2,4,0,0,,,133.35496538
4385976527,5,2023_5_15_1_0,2023,5,15,11,1,3,0,0,,,231.85444442
4385976542,5,2023_5_15_1_0,2023,5,15,82,2,4,0,0,,,339.96071169
4385976607,5,2023_5_15_1_0,2023,5,15,17,1,3,0,0,,,1083.3728158
4385976655,5,2023_5_15_1_0,2023,5,15,30,2,4,0,0,,,339.96071169
4385976669,5,2023_5_15_1_0,2023,5,15,-3,2,4,0,0,,,231.85444442
4385976679,5,2023_5_15_1_0,2023,5,15,40,1,4,0,0,,,190.205577
4385976700,5,2023_5_15_1_0,2023,5,15,7,2,3,0,0,,,776.15873783
4385976745,5,2023_5_15_1_0,2023,5,15,-3,-3,-3,0,0,1,1,244.42867913
4385976746,5,2023_5_15_1_0,2023,5,15,16,2,4,0,0,,,231.85444442
4385976764,5,2023_5_15_1_0,2023,5,15,33,2,4,0,0,,,339.96071169
4385976788,5,2023_5_15_1_0,2023,5,15,8,1,5,0,0,,,776.15873783
4385976798,5,2023_5_15_1_0,2023,5,15,1,2,4,0,0,,,591.06461998
4385976847,5,2023_5_15_1_0,2023,5,15,-3,-3,-3,0,0,1,1,133.35496538
4385976917,5,2023_5_15_1_0,2023,5,15,20,1,5,0,0,,,243.55740983
4385976943,5,2023_5_15_1_0,2023,5,15,30,2,1,0,0,,,776.15873783
4385976962,5,2023_5_15_1_0,2023,5,15,76,1,4,4.9950503047,2.0019798781,,,324.4826823
4385976979,5,2023_5_15_1_0,2023,5,15,20,1,4,0,0,,,620.89889304
4385977022,5,2023_5_15_1_0,2023,5,15,3,1,4,0,0,,,776.15873783
4385977025,5,2023_5_15_1_0,2023,5,15,39,2,3,0,0,,,96.062943356
4385977027,5,2023_5_15_1_0,2023,5,15,12,2,4,0,3.0029698172,,,231.85444442
4385977029,5,2023_5_15_1_0,2023,5,15,-3,-3,-3,0,0,,,339.96071169
4385977135,5,2023_5_15_1_0,2023,5,15,5,1,4,0,0,,,776.15873783
4385977171,5,2023_5_25_1_1,2023,5,25,-3,-3,-3,0,0,1,1,125.90015239
4385977254,5,2023_5_25_1_1,2023,5,25,-3,-3,-3,0,0,,,317.41390251
4385977287,5,2023_5_25_1_1,2023,5,25,-3,-3,-3,0,0,,,57.49675889
4385977315,5,2023_5_25_1_1,2023,5,25,9,1,1,0,0,,,317.41390251
4385977336,5,2023_5_25_1_1,2023,5,25,12,2,1,0,0,,,317.41390251
4385977349,5,2023_5_25_1_1,2023,5,25,4,2,3,0,2.0034569168,,,317.41390251
4385977363,5,2023_5_25_1_1,2023,5,25,18,2,1,0,0,,,125.90015239
4385977404,5,2023_5_25_1_1,2023,5,25,15,1,1,0,0,,,317.41390251
4385977412,5,2023_5_25_1_1,2023,5,25,2,1,3,0,0,,,243.14098477
4385977494,5,2023_5_25_1_1,2023,5,25,21,1,2,0,0,,,208.07852595
4385977552,5,2023_5_25_1_1,2023,5,25,65,2,4,0,0,,,400.71629845
4385977574,5,2023_5_25_1_1,2023,5,25,-3,-3,-3,0,0,1,1,1151.945717
4385977575,5,2023_5_25_1_1,2023,5,25,14,2,1,0,0,,,1148.7085224
4385977589,5,2023_5_25_1_1,2023,5,25,12,2,4,0,0,,,243.14098477
4385977606,5,2023_5_25_1_1,2023,5,25,23,2,-3,0,0,,,100.99505739
4385977608,5,2023_5_25_1_1,2023,5,25,16,1,2,0,2.0034569168,,,1151.945717
4385977677,5,2023_5_25_1_1,2023,5,25,20,1,1,3.9930861664,1.0017284584,,,159.83859762
4385977703,5,2023_5_25_1_1,2023,5,25,19,1,5,0,0,,,164.82238732
4385977754,5,2023_5_25_1_1,2023,5,25,8,2,1,0,0,,,882.3974433
4385977757,5,2023_5_25_1_1,2023,5,25,4,1,3,0,0,,,316.52190685
4385977793,5,2023_5_25_1_1,2023,5,25,28,2,-3,4.9913577079,3.0051853752,,,164.82238732
4385977797,5,2023_5_25_1_1,2023,5,25,14,1,1,0,0,,,317.41390251
4385977832,5,2023_5_25_1_1,2023,5,25,-3,-3,-3,0,0,1,1,164.82238732
4385977859,5,2023_5_25_1_1,2023,5,25,85,1,1,0,0,,,400.71629845
4385977961,5,2023_5_25_1_0,2023,5,25,13,2,4,0,0,,,1104.7996075
4385977964,5,2023_5_25_1_0,2023,5,25,2,2,1,0,0,,,1104.7996075
4385978065,5,2023_5_25_1_0,2023,5,25,0,1,1,0,0,,,7493.4326069
4385978259,5,2023_5_25_1_0,2023,5,25,3,2,2,0,0,,,3167.0604107
4385978323,5,2023_5_25_1_0,2023,5,25,28,2,1,0,0,,,573.68535967
4385978527,5,2023_5_25_1_0,2023,5,25,9,1,1,0,3.0051853752,,,3175.9855564
4385978632,5,2023_5_25_1_0,2023,5,25,21,1,1,0.9982715416,0,,,1396.4218487
4385978634,5,2023_5_25_1_0,2023,5,25,6,1,1,0,0,,,3167.0604107
4385978658,5,2023_5_25_1_0,2023,5,25,8,2,3,0,0,,,3167.0604107
4385978692,5,2023_5_25_1_0,2023,5,25,-3,-3,-3,0,0,1,1,1940.6189483
4385978913,5,2023_5_25_1_0,2023,5,25,4,2,2,0,0,,,4009.4941211
4385979089,5,2023_5_25_1_0,2023,5,25,20,2,1,0,0,,,3891.0880769
4385979144,5,2023_5_25_1_0,2023,5,25,23,1,3,0,0,,,3891.0880769
4385979147,5,2023_5_25_1_0,2023,5,25,41,2,1,0,0,,,2081.9957405
4385979183,5,2023_5_25_1_0,2023,5,25,4,1,1,0,0,,,7493.4326069
4385979285,5,2023_5_25_1_0,2023,5,25,60,1,3,0,0,,,3891.0880769
4385979538,5,2023_5_25_1_0,2023,5,25,4,1,5,0,0,,,1104.7996075
4385979546,5,2023_5_25_1_0,2023,5,25,-3,-3,-3,0,0,1,1,2081.9957405
4385979622,5,2023_5_25_1_0,2023,5,25,14,2,1,0,0,,,4009.4941211
4385979637,5,2023_5_25_1_0,2023,5,25,-3,-3,-3,0,0,1,1,573.68535967
4385979662,5,2023_5_25_1_0,2023,5,25,7,2,1,0,0,,,3167.0604107
4385979710,5,2023_5_25_1_0,2023,5,25,68,2,1,0,0,,,4009.4941211
4385979962,5,2023_5_25_1_0,2023,5,25,11,1,1,0,0,,,3167.0604107
4385980024,5,2023_5_25_1_0,2023,5,25,1,2,1,0,0,,,3167.0604107
4385980042,5,2023_5_25_1_0,2023,5,25,19,1,1,0,0,,,1644.5481863
4385980060,5,2023_5_25_1_0,2023,5,25,63,2,1,0,0,,,2081.9957405
4385980096,5,2023_5_25_1_0,2023,5,25,14,1,1,0,0,,,11493.767749
4385980120,5,2023_5_25_1_0,2023,5,25,69,1,1,0,0,,,2081.9957405
4385980134,5,2023_5_25_1_0,2023,5,25,9,1,3,0,0,,,7493.4326069
4385980186,5,2023_5_25_1_0,2023,5,25,11,1,1,0,0,,,7493.4326069
4385980198,5,2023_5_25_1_0,2023,5,25,24,1,1,0,0,,,1644.5481863
4385980249,5,2023_5_25_2_1,2023,5,25,16,2,1,0,0,,,304.96663447
4385980252,5,2023_5_25_2_1,2023,5,25,13,1,1,0,0,,,1555.4641869
4385980289,5,2023_5_25_2_1,2023,5,25,22,1,1,0,0,,,200.48219852
4385980375,5,2023_5_25_2_1,2023,5,25,44,2,3,0,14.024198418,,,184.212033
4385980410,5,2023_5_25_2_0,2023,5,25,6,1,1,0,0,,,2985.5882419
4385980568,5,2023_5_25_2_0,2023,5,25,16,1,1,0,0,,,1041.494727
4385980574,5,2023_5_25_2_0,2023,5,25,12,2,1,0,0,,,2985.5882419
4385980666,5,2023_5_25_2_0,2023,5,25,4,1,1,0,0,,,1044.4297807
4385980782,5,2023_5_25_2_0,2023,5,25,13,1,4,0,0,,,1041.494727
4385980839,5,2023_5_25_2_0,2023,5,25,4,2,1,0,0,,,2985.5882419
4385980895,5,2023_5_25_2_0,2023,5,25,-3,-3,-3,0,0,,,3452.2882329
4385981013,5,2023_5_25_2_0,2023,5,25,5,2,1,0,0,,,2985.5882419
4385981084,5,2023_5_25_2_0,2023,5,25,8,2,5,0,0,,,1041.494727
4385981118,5,2023_5_25_2_0,2023,5,25,7,2,3,0,0,,,2985.5882419
4385981153,5,2023_5_24_1_1,2023,5,24,19,2,1,0,0,,,373.27138562
4385981159,5,2023_5_24_1_1,2023,5,24,37,2,1,0,0,,,189.11145094
4385981184,5,2023_5_24_1_1,2023,5,24,2,2,1,0,0,,,148.86117868
4385981189,5,2023_5_24_1_1,2023,5,24,0,1,1,0,0,,,358.5941184
4385981264,5,2023_5_24_1_1,2023,5,24,-3,-3,-3,0,0,,,1632.2236818
4385981302,5,2023_5_24_1_1,2023,5,24,11,1,5,0,0,,,707.79914588
4385981355,5,2023_5_24_1_1,2023,5,24,23,1,1,0,0,,,2704.5960506
4385981357,5,2023_5_24_1_1,2023,5,24,12,1,4,0,0,,,2428.1497859
4385981370,5,2023_5_24_1_1,2023,5,24,7,2,3,0,0,,,1249.035536
4385981371,5,2023_5_24_1_1,2023,5,24,14,2,1,0,0,,,2704.5960506
4385981381,5,2023_5_24_1_1,2023,5,24,21,2,3,0,0,,,1280.5311229
4385981393,5,2023_5_24_1_1,2023,5,24,-3,-5,3,5.380396187,0,1,,1261.9541827
4385981394,5,2023_5_24_1_1,2023,5,24,5,2,3,0,0,,,707.79914588
4385981403,5,2023_5_24_1_1,2023,5,24,4,1,1,0,0,,,2428.1497859
4385981409,5,2023_5_24_1_1,2023,5,24,6,1,1,0,0,,,707.79914588
4385981424,5,2023_5_24_1_1,2023,5,24,65,2,1,0,0,,,154.95407085
4385981574,5,2023_5_24_1_1,2023,5,24,68,2,4,0,0,,,289.12129243
4385981589,5,2023_5_24_1_1,2023,5,24,19,2,1,0,0,,,373.27138562
4385981865,5,2023_5_24_1_1,2023,5,24,17,1,1,16.002926846,3.9992682885,,,364.42772595
4385981879,5,2023_5_24_1_1,2023,5,24,14,2,1,0,0.9998170721,,,2467.650916
4385981913,5,2023_5_24_1_1,2023,5,24,4,1,1,0,0,,,707.79914588
4385981927,5,2023_5_24_1_1,2023,5,24,4,1,1,0,0,,,2748.5944073
4385982066,5,2023_5_24_1_0,2023,5,24,4,2,2,0,0,,,3276.4190985
4385982067,5,2023_5_24_1_0,2023,5,24,5,1,2,0,0,,,3276.4190985
4385982153,5,2023_5_24_1_0,2023,5,24,0,2,2,0,0,,,3276.4190985
4385982167,5,2023_5_24_1_0,2023,5,24,65,2,4,0,0,,,1338.3493464
4385982181,5,2023_5_24_1_0,2023,5,24,27,2,1,0,0,,,1727.8821314
4385982184,5,2023_5_24_1_0,2023,5,24,29,2,4,0,0,,,705.80406589
4385982213,5,2023_5_24_1_0,2023,5,24,30,1,4,0,0,,,5927.6090568
4385982386,5,2023_5_24_1_0,2023,5,24,7,2,5,0,0,,,1338.3493464
4385982405,5,2023_5_24_1_0,2023,5,24,12,1,2,0,0,,,11239.963172
4385982411,5,2023_5_24_1_0,2023,5,24,0,1,3,0,0,,,745.13838195
4385982480,5,2023_5_24_1_0,2023,5,24,9,1,1,0,0,,,3276.4190985
4385982498,5,2023_5_24_1_0,2023,5,24,19,1,1,0,0,,,6602.4707938
4385982602,5,2023_5_24_1_0,2023,5,24,60,2,2,0,0,,,1727.8821314
4385982671,5,2023_5_24_1_0,2023,5,24,-3,-3,-3,0,0,,,1492.4934255
4385982680,5,2023_5_24_1_0,2023,5,24,-3,-3,-3,0,0,,,11239.963172
4385982711,5,2023_5_24_1_0,2023,5,24,9,1,1,0,0,,,3276.4190985
4385982857,5,2023_5_24_1_0,2023,5,24,8,1,1,0,0,,,3276.4190985
4385983005,5,2023_5_24_1_0,2023,5,24,12,1,3,0,0,,,3276.4190985
4385983026,5,2023_5_24_1_0,2023,5,24,17,1,2,0,0,,,3276.4190985
4385983069,5,2023_5_24_1_0,2023,5,24,10,1,1,0,0,,,11239.963172
4385983119,5,2023_5_24_1_0,2023,5,24,-3,-3,-3,0,0,,,5793.6878079
4385983187,5,2023_5_24_1_0,2023,5,24,0,1,4,0,0,,,1338.3493464
4385983195,5,2023_5_24_1_0,2023,5,24,25,2,1,0,0,,,1245.514868
4385983244,5,2023_5_24_1_0,2023,5,24,82,2,2,0,0,,,2982.3133912
4385983613,5,2023_5_24_1_0,2023,5,24,7,2,1,0,0,,,3329.7198701
4385983783,5,2023_5_24_1_0,2023,5,24,11,1,4,0,0,,,1338.3493464
4385983798,5,2023_5_24_1_0,2023,5,24,1,2,2,0,0,,,3276.4190985
4385983827,5,2023_5_24_1_0,2023,5,24,15,2,1,0,0,,,1824.1766488
4385983835,5,2023_5_24_1_0,2023,5,24,9,1,1,0,0,,,1338.3493464
4385983838,5,2023_5_24_1_0,2023,5,24,10,2,1,0,0,,,3276.4190985
4385983840,5,2023_5_24_1_0,2023,5,24,16,1,1,3.0005487836,0,,,1853.8523465
4385984109,5,2023_5_24_2_0,2023,5,24,11,2,5,0,0,,,4648.7919286
4385984166,5,2023_5_24_2_0,2023,5,24,0,1,1,0,0,,,4648.7919286
4385984178,5,2023_5_24_2_0,2023,5,24,5,2,1,0,0,,,4648.7919286
4385984197,5,2023_5_24_2_0,2023,5,24,20,2,1,0,0,,,2451.6291306
4385984268,5,2023_5_23_1_1,2023,5,23,22,1,1,0,0,,,118.15493342
4385984280,5,2023_5_23_1_1,2023,5,23,25,2,1,0,0,,,129.09078577
4385984335,5,2023_5_23_1_1,2023,5,23,20,2,1,0,0,,,200.55263944
4385984347,5,2023_5_23_1_1,2023,5,23,9,1,1,0,0,,,200.55263944
4385984351,5,2023_5_23_1_1,2023,5,23,47,2,1,0,0,,,398.36935802
4385984415,5,2023_5_23_1_1,2023,5,23,-3,-3,-3,0,0,1,1,182.82244223
4385984422,5,2023_5_23_1_1,2023,5,23,3,2,3,0,2.0005634678,,,200.55263944
4385984428,5,2023_5_23_1_1,2023,5,23,33,1,1,0,0,,,118.15493342
4385984435,5,2023_5_23_1_1,2023,5,23,26,1,1,0,0,,,49.373338999
4385984513,5,2023_5_23_1_1,2023,5,23,28,1,1,0,0,,,141.61006438
4385984544,5,2023_5_23_1_1,2023,5,23,-3,2,-3,0,0,,,338.88588592
4385984605,5,2023_5_23_1_1,2023,5,23,13,1,1,0,0,,,200.55263944
4385984699,5,2023_5_23_1_1,2023,5,23,13,1,1,0,0,,,200.55263944
4385984734,5,2023_5_23_1_1,2023,5,23,1,1,1,0,0,,,200.55263944
4385984764,5,2023_5_23_1_1,2023,5,23,31,2,2,0,0,,,129.61364847
4385984781,5,2023_5_23_1_1,2023,5,23,-3,-3,-3,0,0,,,199.74360816
4385984793,5,2023_5_23_1_1,2023,5,23,13,1,1,0,0,,,182.82244223
4385984913,5,2023_5_23_1_1,2023,5,23,23,1,1,0,0,,,118.15493342
4385984938,5,2023_5_23_1_1,2023,5,23,1,2,1,0,0,,,200.55263944
4385985017,5,2023_5_23_1_1,2023,5,23,1,2,1,0,0,,,200.55263944
4385985131,5,2023_5_23_1_0,2023,5,23,-3,-3,-3,0,0,,,463.32974904
4385985317,5,2023_5_23_1_0,2023,5,23,24,2,1,0,0,,,569.30515212
4385985348,5,2023_5_23_1_0,2023,5,23,13,2,1,0,0,,,1616.3431386
4385985453,5,2023_5_23_1_0,2023,5,23,15,2,1,0,0,,,569.30515212
4385985533,5,2023_5_23_1_0,2023,5,23,16,1,2,0,0,,,340.02954864
4385985551,5,2023_5_23_1_0,2023,5,23,10,2,1,0,0,,,1616.3431386
4385985735,5,2023_5_23_1_0,2023,5,23,6,2,1,0,0,,,813.72192957
4385985737,5,2023_5_23_1_0,2023,5,23,6,2,1,0,0,,,2127.545056
4385985836,5,2023_5_23_1_0,2023,5,23,-3,-3,-3,0,0,,,219.75512519
4385985842,5,2023_5_23_1_0,2023,5,23,8,1,5,0,0,,,1616.3431386
4385985850,5,2023_5_23_1_0,2023,5,23,5,2,1,0,0,,,813.72192957
4385985863,5,2023_5_23_1_0,2023,5,23,7,1,1,0,0,,,813.72192957
4385985977,5,2023_5_23_1_0,2023,5,23,8,1,1,0,0,,,813.72192957
4385986060,5,2023_5_23_1_0,2023,5,23,4,1,1,0,0,,,813.72192957
4385986146,5,2023_5_23_1_0,2023,5,23,10,2,1,0,0,1,1,813.72192957
4385986352,5,2023_5_23_1_0,2023,5,23,-3,-3,-3,0,0,1,1,1374.9950026
4385986454,5,2023_5_23_1_0,2023,5,23,0,2,5,0,0,,,813.72192957
4385986507,5,2023_5_23_1_0,2023,5,23,11,1,1,0,0,,,2127.545056
4385986526,5,2023_5_23_1_0,2023,5,23,2,2,1,0,0,,,813.72192957
4385986541,5,2023_5_23_1_0,2023,5,23,3,1,1,0,0,,,1616.3431386
4385986935,5,2023_5_23_1_0,2023,5,23,77,2,1,0,0,,,789.38721071
4385986973,5,2023_5_23_1_0,2023,5,23,19,1,1,0,0,,,525.89419131
4385986982,5,2023_5_23_1_0,2023,5,23,-3,-3,-3,0,0,1,1,153.7475155
4385987042,5,2023_5_23_1_0,2023,5,23,8,1,1,0,0,,,340.02954864
4385987096,5,2023_5_23_2_1,2023,5,23,13,2,1,0,0,,,422.58245618
4385987104,5,2023_5_23_2_1,2023,5,23,13,2,1,0,0,,,532.14087074
4385987167,5,2023_5_23_2_0,2023,5,23,9,2,1,0,0,1,1,4603.891239
4385987179,5,2023_5_23_2_0,2023,5,23,18,2,1,0,0,,,1094.1345191
4385987182,5,2023_5_23_2_0,2023,5,23,1,2,1,0,0,,,4603.891239
4385987276,5,2023_5_28_1_1,2023,5,28,-3,-3,-3,0,0,1,1,222.58358335
4385987325,5,2023_5_28_1_1,2023,5,28,4,1,1,9.9999119131,0,,,214.00397376
4385987349,5,2023_5_28_1_1,2023,5,28,66,2,1,0,0,,,31.732960975
4385987399,5,2023_5_28_1_1,2023,5,28,13,1,1,0,0,,,311.13629444
4385987425,5,2023_5_28_1_1,2023,5,28,-3,-3,-3,0,0,1,1,81.932422821
4385987432,5,2023_5_28_1_1,2023,5,28,12,1,1,9.6113419928,16.927680885,,,401.90946044
4385987458,5,2023_5_28_1_1,2023,5,28,4,1,1,0,0,,,311.13629444
4385987474,5,2023_5_28_1_1,2023,5,28,6,1,1,0,0,,,130.57030437
4385987499,5,2023_5_28_1_1,2023,5,28,22,2,1,0,0,,,75.616549539
4385987567,5,2023_5_28_1_1,2023,5,28,4,1,1,0,5.0000440434,,,214.00397376
4385987583,5,2023_5_28_1_1,2023,5,28,1,1,1,0,0,,,629.15026834
4385987664,5,2023_5_28_1_1,2023,5,28,4,1,3,0,0,,,629.15026834
4385987685,5,2023_5_28_1_1,2023,5,28,-3,2,1,0,0,,,46.193743671
4385987789,5,2023_5_28_1_1,2023,5,28,9,2,1,0,5.0000440434,,,311.52607272
4385987802,5,2023_5_28_1_1,2023,5,28,6,2,1,0,0,,,214.00397376
4385987805,5,2023_5_28_1_1,2023,5,28,16,2,1,0,0,,,379.57226823
4385987851,5,2023_5_28_1_1,2023,5,28,18,2,1,0,0,,,81.829909799
4385987903,5,2023_5_28_1_1,2023,5,28,2,2,1,0,0,,,311.52607272
4385987921,5,2023_5_28_1_1,2023,5,28,1,2,2,0,0,,,130.57030437
4385987961,5,2023_5_28_1_1,2023,5,28,30,1,1,0,0,,,233.64524057
4385987989,5,2023_5_28_1_1,2023,5,28,13,1,1,0,0,,,311.52607272
4385988096,5,2023_5_28_1_0,2023,5,28,6,1,2,0,0,,,883.84568129
4385988123,5,2023_5_28_1_0,2023,5,28,2,2,-3,0,0,,,883.84568129
4385988130,5,2023_5_28_1_0,2023,5,28,25,1,2,0,0,1,,284.95660144
4385988256,5,2023_5_28_1_0,2023,5,28,-3,1,2,0,0,,,154.63630959
4385988262,5,2023_5_28_1_0,2023,5,28,4,2,1,0,0,,,286.36970866
4385988276,5,2023_5_28_1_0,2023,5,28,56,2,1,0,0,,,183.42835636
4385988346,5,2023_5_28_1_0,2023,5,28,5,2,1,0,0,,,437.0918745
4385988356,5,2023_5_28_1_0,2023,5,28,6,1,5,0,0,,,437.0918745
4385988367,5,2023_5_28_1_0,2023,5,28,48,1,1,0,0,,1,437.0918745
4385988380,5,2023_5_28_1_0,2023,5,28,-3,-3,-3,0,0,,,322.69480969
4385988420,5,2023_5_28_1_0,2023,5,28,13,2,1,0,0,,,437.63944456
4385988502,5,2023_5_28_1_0,2023,5,28,5,1,1,0,0,,,437.0918745
4385988523,5,2023_5_28_1_0,2023,5,28,13,1,1,0,0,,,437.0918745
4385988531,5,2023_5_28_1_0,2023,5,28,13,1,1,0,0,,,183.19885265
4385988584,5,2023_5_28_1_0,2023,5,28,5,1,1,0,0,,,437.0918745
4385988588,5,2023_5_28_1_0,2023,5,28,2,1,1,0,0,,,437.63944456
4385988591,5,2023_5_28_1_0,2023,5,28,23,1,1,0,0,,,114.95665824
4385988637,5,2023_5_28_1_0,2023,5,28,14,1,2,4.9999559566,10.000088087,,,437.63944456
4385988682,5,2023_5_28_1_0,2023,5,28,40,1,-3,2.9999735739,3.0000264261,,,64.894100664
4385988707,5,2023_5_28_1_0,2023,5,28,8,2,1,0,0,,,437.0918745
4385988783,5,2023_5_28_1_0,2023,5,28,-3,-3,-3,0,0,,,550.83723641
4385988877,5,2023_5_28_1_0,2023,5,28,14,1,1,0,0,,,437.0918745
4385988908,5,2023_5_28_1_0,2023,5,28,12,1,3,1.9999823826,2.0000176174,,,183.42835636
4385988955,5,2023_5_28_1_0,2023,5,28,29,1,2,0,0,,,131.22268786
4385988996,5,2023_5_28_1_0,2023,5,28,16,1,1,0,0,,,183.19885265
4385989075,5,2023_5_28_1_0,2023,5,28,-3,-3,-3,0,0,,,312.69086062
4385989083,5,2023_5_28_1_0,2023,5,28,48,2,1,0,0,,,64.812905818
4385989091,5,2023_5_28_1_0,2023,5,28,7,1,1,0,5.0000440434,,,884.95292548
4385989345,5,2023_5_28_1_0,2023,5,28,51,1,2,0,0,,,883.84568129
4385989576,5,2023_5_28_1_0,2023,5,28,1,1,1,0,0,,,884.95292548
4385989586,5,2023_5_28_1_0,2023,5,28,5,1,2,0,0,,,883.84568129
4385989675,5,2023_5_28_1_0,2023,5,28,25,2,3,0,3.0000264261,,,154.83003137
4385989735,5,2023_5_28_1_0,2023,5,28,27,-3,2,9.9999119131,10.000088087,,,1.0003281115
4385989828,5,2023_5_28_1_0,2023,5,28,-3,-3,-3,0,0,1,1,437.0918745
4385989904,5,2023_5_28_1_0,2023,5,28,60,2,4,0,0,,,154.63630959
4385989980,5,2023_5_28_1_0,2023,5,28,15,1,1,0,0,,,183.42835636
4385990022,5,2023_5_28_1_0,2023,5,28,10,1,5,0,0,,,437.63944456
4385990081,5,2023_5_28_1_0,2023,5,28,36,2,1,0,0,,,42.463504904
4385990086,5,2023_5_28_1_0,2023,5,28,-3,-3,-3,0,0,1,1,437.0918745
4385990211,5,2023_5_28_1_0,2023,5,28,3,2,1,0,0,,,437.0918745
4385990321,5,2023_5_28_2_1,2023,5,28,9,1,1,0,0,,,348.59945443
4385990364,5,2023_5_28_2_1,2023,5,28,6,2,1,0,0,,,348.59945443
4385990409,5,2023_5_28_2_1,2023,5,28,72,1,1,0,0,,,112.08012253
4385990436,5,2023_5_28_2_1,2023,5,28,12,2,1,0,0,,,146.10891625
4385990459,5,2023_5_28_2_1,2023,5,28,6,2,1,0,0,,,348.59945443
4385990515,5,2023_5_28_2_1,2023,5,28,0,2,1,0,0,,,349.03616496
4385990517,5,2023_5_28_2_1,2023,5,28,6,1,1,0,0,,,348.59945443
4385990565,5,2023_5_28_2_1,2023,5,28,32,2,1,0,0,,,123.48356859
4385990573,5,2023_5_28_2_1,2023,5,28,21,2,2,0,0,,,123.48356859
4385990585,5,2023_5_28_2_1,2023,5,28,9,1,1,3.9999647652,4.0000352348,,,112.22053173
4385990660,5,2023_5_28_2_1,2023,5,28,7,1,1,0,0,,,348.59945443
4385990667,5,2023_5_28_2_1,2023,5,28,13,2,1,0,0,,,348.59945443
4385990674,5,2023_5_28_2_1,2023,5,28,21,2,1,0,0,,,348.59945443
4385990734,5,2023_5_28_2_0,2023,5,28,-3,-3,2,0,0,,,5146.4710416
4385990756,5,2023_5_28_2_0,2023,5,28,-3,-3,-3,0,0,,,8784.981353
4385990893,5,2023_5_28_2_0,2023,5,28,9,1,3,0,0,,,14000.04601
4385990894,5,2023_5_28_2_0,2023,5,28,0,2,2,0,0,,,12280.000635
4385990897,5,2023_5_28_2_0,2023,5,28,28,2,2,0,0,,,9308.9626561
4385990941,5,2023_5_28_2_0,2023,5,28,-3,-3,-3,0,0,,,4952.9986152
4385990959,5,2023_5_28_2_0,2023,5,28,14,2,2,0,0,,,6923.5008814
4385990990,5,2023_5_28_2_0,2023,5,28,11,1,1,0,0,,,4750.2414331
4385991114,5,2023_5_28_2_0,2023,5,28,4,1,1,0,0,,,6923.5008814
4385991163,5,2023_5_28_2_0,2023,5,28,5,1,1,0,0,,,14000.04601
4385991169,5,2023_5_28_2_0,2023,5,28,11,1,2,0.9999911913,0,,,3297.7872076
4385991246,5,2023_5_28_2_0,2023,5,28,68,2,1,0,0,,,2901.8554034
4385991270,5,2023_5_28_2_0,2023,5,28,16,1,2,0,0,,,14000.04601
4385991295,5,2023_5_28_2_0,2023,5,28,16,2,2,0,0,,,6923.5008814
4385991330,5,2023_5_28_2_0,2023,5,28,28,2,3,0,0,,,2449.42697
4385991429,5,2023_5_28_2_0,2023,5,28,34,1,1,0,0,,,1026.6313257
4385991508,5,2023_5_28_2_0,2023,5,28,3,2,1,0,0,,,6923.5008814
4385991550,5,2023_5_37_1_1,2023,5,37,-3,-3,-3,0,0,1,1,1399.0694121
4385991565,5,2023_5_37_1_1,2023,5,37,27,1,1,0,4.0120267126,,,559.79610455
4385991590,5,2023_5_37_1_1,2023,5,37,-3,-3,-3,0,0,1,1,520.357951
4385991688,5,2023_5_37_1_1,2023,5,37,1,1,1,0,0,,,859.16017929
4385991695,5,2023_5_37_1_1,2023,5,37,6,1,1,0,0,,,1157.3617414
4385991794,5,2023_5_37_1_1,2023,5,37,3,2,1,0.9969933219,0,,,1245.078687
4385991833,5,2023_5_37_1_1,2023,5,37,22,1,3,0,10.030066781,,,924.27629986
4385991855,5,2023_5_37_1_1,2023,5,37,13,1,1,0,0,,,1157.3617414
4385991861,5,2023_5_37_1_1,2023,5,37,53,2,1,0,0,,,173.80382137
4385991995,5,2023_5_37_1_1,2023,5,37,-3,-3,-3,0,0,1,1,520.357951
4385992009,5,2023_5_37_1_1,2023,5,37,14,2,1,0,0,,,924.27629986
4385992121,5,2023_5_37_1_1,2023,5,37,17,2,1,0,0,,,924.27629986
4385992135,5,2023_5_37_1_1,2023,5,37,6,1,3,0,25.075166953,,,924.27629986
4385992362,5,2023_5_37_1_1,2023,5,37,15,1,1,0,0,,,1157.3617414
4385992424,5,2023_5_37_1_1,2023,5,37,1,2,1,0,0,,,924.27629986
4385992527,5,2023_5_37_1_1,2023,5,37,13,2,1,0,0,,,3347.6023636
4385992596,5,2023_5_37_1_1,2023,5,37,32,1,1,0,0,,,138.80081496
4385992642,5,2023_5_37_1_1,2023,5,37,13,2,1,0,0,,,386.56830934
4385992923,5,2023_5_37_1_0,2023,5,37,35,2,4,0,0,,,4192.071361
4385992955,5,2023_5_37_1_0,2023,5,37,-3,-3,-3,0,0,1,1,11271.085228
4385993006,5,2023_5_37_1_0,2023,5,37,8,2,2,0,0,,,22837.11788
4385993025,5,2023_5_37_1_0,2023,5,37,5,1,1,0,0,,,9323.856782
4385993086,5,2023_5_37_1_0,2023,5,37,-3,-3,-3,0,0,,,12397.274804
4385993089,5,2023_5_37_1_0,2023,5,37,24,2,1,0,0,,,9919.6474316
4385993224,5,2023_5_37_1_0,2023,5,37,-3,-3,-3,0,0,,,6150.7323766
4385993359,5,2023_5_37_1_0,2023,5,37,-3,-3,-3,0,0,,,1.0054646283
4385993387,5,2023_5_37_1_0,2023,5,37,8,2,1,0,0,,,9323.856782
4385993388,5,2023_5_37_1_0,2023,5,37,69,2,1,0,0,,,3114.2445993
4385993584,5,2023_5_37_1_0,2023,5,37,6,2,2,0,0,,,7627.7845838
4385993648,5,2023_5_37_1_0,2023,5,37,-3,-3,-3,0,0,1,,11223.106166
4385993717,5,2023_5_37_1_0,2023,5,37,32,2,2,0,0,,,1867.7702885
4385993744,5,2023_5_37_1_0,2023,5,37,7,1,1,0,0,,,9323.856782
4385993839,5,2023_5_37_1_0,2023,5,37,16,2,5,0,0,,,9323.856782
4385993916,5,2023_5_37_2_1,2023,5,37,-3,-3,-3,0,0,,,715.15204132
4385993976,5,2023_5_37_2_1,2023,5,37,25,1,4,0,0,,,1621.5396491
4385993988,5,2023_5_37_2_1,2023,5,37,20,2,1,0,0,,,715.15204132
4385994032,5,2023_5_37_2_1,2023,5,37,7,2,1,0,0,,,5123.1357147
4385994041,5,2023_5_37_2_1,2023,5,37,10,2,1,0,0,,,3010.6551645
4385994125,5,2023_5_37_2_1,2023,5,37,0,2,1,0,0,,,4762.2060631
4385994166,5,2023_5_37_2_0,2023,5,37,5,1,1,0,0.5738861694,,,40947.032461
4385994183,5,2023_5_37_2_0,2023,5,37,11,2,1,0,0,,,22228.543063
4385994240,5,2023_5_37_2_0,2023,5,37,-3,-3,-3,0,0,1,1,22228.543063
4385994324,5,2023_5_37_2_0,2023,5,37,13,1,1,0,0,,,64294.784107
4385994389,5,2023_5_37_2_0,2023,5,37,15,1,2,0,0,,,19962.052399
4385994429,5,2023_5_37_2_0,2023,5,37,76,1,1,0,0,,,18185.021721
4385994495,5,2023_5_37_2_0,2023,5,37,21,2,1,0,0,,,8975.0786746
4385994584,5,2023_5_37_2_0,2023,5,37,11,2,1,0,0,,,22228.543063
4385994599,5,2023_5_37_2_0,2023,5,37,-3,-3,-3,0,0,,,9994.1087632
4385994637,5,2023_5_37_2_0,2023,5,37,2,2,2,0,0,,,22228.543063
4385994677,5,2023_5_37_2_0,2023,5,37,14,2,3,0,0,,,22228.543063
4385994921,5,2023_5_33_1_1,2023,5,33,13,1,1,0,0,,,33.567385277
4385994937,5,2023_5_33_1_1,2023,5,33,24,2,3,0,0,,,33.567385277
4385994966,5,2023_5_33_1_1,2023,5,33,15,1,1,0,0,,,156.14916583
4385994988,5,2023_5_33_1_1,2023,5,33,12,2,1,0,0,,,64.957587481
4385994999,5,2023_5_33_1_1,2023,5,33,0,2,1,0,0,,,64.957587481
4385995053,5,2023_5_33_1_1,2023,5,33,36,2,4,0,0,,,33.567385277
4385995055,5,2023_5_33_1_1,2023,5,33,8,1,1,0,0,,,80.691408247
4385995100,5,2023_5_33_1_1,2023,5,33,12,2,1,0,0,,,64.957587481
4385995105,5,2023_5_33_1_1,2023,5,33,9,2,1,0,0,,,156.14916583
4385995128,5,2023_5_33_1_1,2023,5,33,18,2,1,0,0,,,38.055378707
4385995172,5,2023_5_33_1_1,2023,5,33,5,2,1,0,0,,,156.14916583
4385995354,5,2023_5_33_1_1,2023,5,33,-3,-3,-3,0,0,1,1,45.097428821
4385995396,5,2023_5_33_1_1,2023,5,33,34,1,1,0,0,,,139.83428977
4385995423,5,2023_5_33_1_1,2023,5,33,82,2,1,0,0,,,33.567385277
4385995428,5,2023_5_33_1_1,2023,5,33,17,1,5,0,0,,,64.957587481
4385995452,5,2023_5_33_1_1,2023,5,33,-3,-3,-3,0,0,1,1,38.055378707
4385995567,5,2023_5_33_1_1,2023,5,33,-3,-3,-3,0,0,,,10.703761801
4385995635,5,2023_5_33_1_1,2023,5,33,12,1,1,0,0,,,64.957587481
4385995658,5,2023_5_33_1_1,2023,5,33,25,2,1,0,0,,,38.055378707
4385995735,5,2023_5_33_1_1,2023,5,33,13,2,1,0,0,,,18.270493349
4385995749,5,2023_5_33_1_1,2023,5,33,18,2,1,0,0,,,91.479931305
4385995757,5,2023_5_33_1_1,2023,5,33,21,1,1,0,0,,,91.479931305
4385995807,5,2023_5_33_1_1,2023,5,33,16,2,1,0,0,,,156.14916583
4385995831,5,2023_5_33_1_1,2023,5,33,13,1,3,0,4.9994163513,,,156.14916583
4385995847,5,2023_5_33_1_1,2023,5,33,21,1,1,5.0005836487,0,,,64.957587481
4385995856,5,2023_5_33_1_1,2023,5,33,7,1,1,0,0,,,64.957587481
4385995859,5,2023_5_33_1_1,2023,5,33,19,1,1,0,0,,,64.957587481
4385995912,5,2023_5_33_1_1,2023,5,33,-3,-3,-3,0,0,1,1,19.665440304
4385995925,5,2023_5_33_1_1,2023,5,33,14,2,1,0,0,,,33.567385277
4385996136,5,2023_5_33_1_0,2023,5,33,-3,2,-3,0,0,,,281.7822446
4385996164,5,2023_5_33_1_0,2023,5,33,28,2,1,0,0,,,226.83821242
4385996165,5,2023_5_33_1_0,2023,5,33,2,1,1,0,0,,,387.19528035
4385996222,5,2023_5_33_1_0,2023,5,33,7,1,1,0,0,,,387.19528035
4385996372,5,2023_5_33_1_0,2023,5,33,11,2,1,0,0,,,930.76455554
4385996424,5,2023_5_33_1_0,2023,5,33,1,2,1,0,0,,,387.19528035
4385996459,5,2023_5_33_1_0,2023,5,33,45,2,1,0,0,,,117.22057372
4385996530,5,2023_5_33_1_0,2023,5,33,5,2,1,0,0,,,200.08645113
4385996555,5,2023_5_33_1_0,2023,5,33,18,1,1,0,0,,,545.28807214
4385996602,5,2023_5_33_1_0,2023,5,33,2,2,1,0,0,,,387.19528035
4385996679,5,2023_5_33_1_0,2023,5,33,11,1,1,1.0001167297,0,,,930.76455554
4385996684,5,2023_5_33_1_0,2023,5,33,26,1,1,0,0,,,545.28807214
4385996698,5,2023_5_33_1_0,2023,5,33,4,2,1,0,0,,,200.08645113
4385996829,5,2023_5_33_1_0,2023,5,33,22,2,1,0,0,1,1,387.19528035
4385996830,5,2023_5_33_1_0,2023,5,33,14,2,1,0,0,,,930.76455554
4385996835,5,2023_5_33_1_0,2023,5,33,8,1,1,0,0,,,387.19528035
4385996943,5,2023_5_33_1_0,2023,5,33,15,1,1,0,0,,,387.19528035
4385996997,5,2023_5_33_1_0,2023,5,33,8,2,5,0,0,,,387.19528035
4385997046,5,2023_5_33_1_0,2023,5,33,17,1,1,0,0,,,387.19528035
4385997190,5,2023_5_33_1_0,2023,5,33,24,1,1,0,0,,,488.31493836
4385997216,5,2023_5_33_1_0,2023,5,33,-3,-3,-3,0,0,1,1,545.28807214
4385997276,5,2023_5_33_1_0,2023,5,33,18,1,1,0,0,,,281.7822446
4385997296,5,2023_5_33_1_0,2023,5,33,14,2,1,0,0,,,387.19528035
4385997333,5,2023_5_33_1_0,2023,5,33,0,1,5,0,0,,,387.19528035
4385997344,5,2023_5_33_1_0,2023,5,33,3,2,1,0,0,,,480.98049281
4385997354,5,2023_5_33_1_0,2023,5,33,24,1,1,0,0,,,226.83821242
4385997404,5,2023_5_33_1_0,2023,5,33,-3,-3,-3,0,0,,,217.51682709
4385997423,5,2023_5_33_1_0,2023,5,33,32,1,3,0,0,,,226.83821242
4385997533,5,2023_5_33_1_0,2023,5,33,13,2,3,0,0,,,2003.6581655
4385997783,5,2023_5_33_1_0,2023,5,33,68,2,4,0,0,,,117.22057372
4385997808,5,2023_5_33_1_0,2023,5,33,0,2,3,0,0,,,1388.9742515
4385997870,5,2023_5_33_1_0,2023,5,33,-3,-3,-3,0,0,,,226.83821242
4385997874,5,2023_5_33_1_0,2023,5,33,7,1,-3,0,0,,,930.76455554
4385997908,5,2023_5_33_1_0,2023,5,33,3,2,1,0,0,,,292.24649405
4385997945,5,2023_5_33_1_0,2023,5,33,7,1,1,0,0,,,387.19528035
4385997964,5,2023_5_33_1_0,2023,5,33,14,2,1,0,0,,,387.19528035
4385997993,5,2023_5_33_1_0,2023,5,33,11,2,1,0,0,,,387.19528035
4385997997,5,2023_5_33_1_0,2023,5,33,9,1,1,0,0,,,387.19528035
4385998021,5,2023_5_33_1_0,2023,5,33,5,2,1,0,0,,,930.76455554
4385998288,5,2023_5_33_1_0,2023,5,33,10,2,1,0,0,,,387.19528035
4385998296,5,2023_5_33_1_0,2023,5,33,10,2,1,0,0,,,387.19528035
4385998297,5,2023_5_33_1_0,2023,5,33,14,1,1,0,0,,,387.19528035
4385998298,5,2023_5_33_1_0,2023,5,33,24,2,1,0,0,,,545.28807214
4385998446,5,2023_5_33_1_0,2023,5,33,14,1,1,0,0,,,480.98049281
4385998504,5,2023_5_33_1_0,2023,5,33,3,1,1,0,0,,,387.19528035
4385998565,5,2023_5_33_1_0,2023,5,33,53,2,1,0,0,,,117.22057372
4385998608,5,2023_5_33_1_0,2023,5,33,0,2,1,0,0,,,387.19528035
4385998623,5,2023_5_33_1_0,2023,5,33,19,1,1,0,0,,,226.83821242
4385998716,5,2023_5_33_1_0,2023,5,33,16,2,1,0,0,,,387.19528035
4385998732,5,2023_5_33_1_0,2023,5,33,-3,-3,-3,0,0,1,1,387.19528035
4385998887,5,2023_5_33_1_0,2023,5,33,16,1,1,0,0,,,930.76455554
4385998893,5,2023_5_33_1_0,2023,5,33,73,1,4,0,0,,,200.08645113
4385998952,5,2023_5_33_1_0,2023,5,33,5,1,1,0,0,,,200.08645113
4385999087,5,2023_5_33_1_0,2023,5,33,-3,-3,-3,0,0,,,481.22832901
4385999184,5,2023_5_33_1_0,2023,5,33,71,2,1,0,0,,,117.22057372
4385999221,5,2023_5_33_1_0,2023,5,33,17,2,1,0,0,,,387.19528035
4385999271,5,2023_5_33_1_0,2023,5,33,28,2,1,0,0,,,226.83821242
4385999287,5,2023_5_33_1_0,2023,5,33,13,1,1,0,0,,,387.19528035
4385999336,5,2023_5_33_1_0,2023,5,33,9,1,1,0,0,,,480.98049281
4385999362,5,2023_5_33_1_0,2023,5,33,-3,-3,-3,0,0,1,1,281.7822446
4385999393,5,2023_5_33_1_0,2023,5,33,8,2,1,0,0,,,387.19528035
4385999400,5,2023_5_33_1_0,2023,5,33,12,2,1,0,0,,,387.19528035
4385999467,5,2023_5_33_1_0,2023,5,33,13,2,3,0,0,,,930.76455554
4385999509,5,2023_5_33_1_0,2023,5,33,40,1,2,0,0,,,281.7822446
4385999598,5,2023_5_33_1_0,2023,5,33,-3,-3,-3,0,0,1,1,226.83821242
4385999622,5,2023_5_33_2_1,2023,5,33,0,1,1,0,0,,,151.26589438
4385999668,5,2023_5_33_2_1,2023,5,33,0,2,1,0,0,,,151.26589438
4385999673,5,2023_5_33_2_1,2023,5,33,54,2,2,0,0,,,151.26589438
4385999689,5,2023_5_33_2_1,2023,5,33,10,2,3,0,0,,,363.62254422
4385999704,5,2023_5_33_2_1,2023,5,33,23,2,1,0,0,,,110.08409816
4385999726,5,2023_5_33_2_0,2023,5,33,-3,-3,-3,0,0,1,1,501.31128699
4385999728,5,2023_5_33_2_0,2023,5,33,6,1,1,0,0,,,1853.6613491
4385999747,5,2023_5_33_2_0,2023,5,33,12,2,1,0,0,,,1069.6556968
4385999776,5,2023_5_33_2_0,2023,5,33,-3,2,1,0,0,,,861.08614303
4385999916,5,2023_5_33_2_0,2023,5,33,21,2,4,0,0,,,626.65739613
4385999975,5,2023_5_33_2_0,2023,5,33,2,2,1,0,0,,,861.08614303
4386000023,5,2023_5_33_2_0,2023,5,33,16,1,1,0,0,,,2069.9334467
4386000053,5,2023_5_33_2_0,2023,5,33,-3,-3,-3,0,0,1,1,504.46699982
4386000120,5,2023_5_33_2_0,2023,5,33,4,2,1,0,0,,,444.97358108
4386000158,5,2023_5_33_2_0,2023,5,33,-3,-3,-3,0,0,,,1162.837923
4386000187,5,2023_5_33_2_0,2023,5,33,23,1,1,0,2.9996498108,,,2069.9334467
4386000212,5,2023_5_33_2_0,2023,5,33,-3,2,1,0,0,,,504.46699982
4386000274,5,2023_5_34_1_1,2023,5,34,17,2,3,0,2.9999117296,,,576.65062878
4386000299,5,2023_5_34_1_1,2023,5,34,16,1,1,0,2.9999117296,,,576.65062878
4386000355,5,2023_5_34_1_1,2023,5,34,-3,-3,-3,0,0,1,1,175.0550318
4386000399,5,2023_5_34_1_1,2023,5,34,21,2,1,0,0,,,208.0356558
4386000404,5,2023_5_34_1_1,2023,5,34,10,2,1,0,0,,,576.65062878
4386000448,5,2023_5_34_1_1,2023,5,34,46,2,1,3.0000882704,0,,,964.57905863
4386000450,5,2023_5_34_1_1,2023,5,34,25,1,1,0,0,,,347.98685204
4386000475,5,2023_5_34_1_1,2023,5,34,16,2,1,0,0,,,299.89900779
4386000635,5,2023_5_34_1_0,2023,5,34,83,1,4,0,0,,,2429.6145797
4386000685,5,2023_5_34_1_0,2023,5,34,12,2,4,0,0,,,4902.2385707
4386000784,5,2023_5_34_1_0,2023,5,34,1,2,1,0,0,,,4902.2385707
4386001049,5,2023_5_34_1_0,2023,5,34,15,1,1,0,0,,,15767.2968
4386001196,5,2023_5_34_1_0,2023,5,34,63,2,1,0,0,,,4902.2385707
4386001296,5,2023_5_34_1_0,2023,5,34,12,2,3,0,0,,,2429.6145797
4386001371,5,2023_5_34_1_0,2023,5,34,-3,1,-3,0,0,1,1,4902.2385707
4386001415,5,2023_5_34_1_0,2023,5,34,6,2,5,0,0,,,19461.435761
4386001459,5,2023_5_34_1_0,2023,5,34,19,1,4,0,0,,,5688.2968061
4386001560,5,2023_5_34_1_0,2023,5,34,26,1,3,0,0,,,1768.5585779
4386001641,5,2023_5_34_1_0,2023,5,34,3,1,1,0,0,,,7814.4818197
4386001646,5,2023_5_34_1_0,2023,5,34,12,1,4,0,0,,,4902.2385707
4386001656,5,2023_5_34_1_0,2023,5,34,6,1,3,0,0,,,4902.2385707
4386001760,5,2023_5_34_1_0,2023,5,34,2,1,1,0,0,,,4902.2385707
4386001797,5,2023_5_34_1_0,2023,5,34,20,2,1,0,0,,,5688.2968061
4386001803,5,2023_5_34_1_0,2023,5,34,0,1,1,0,0,,,4902.2385707
4386001819,5,2023_5_34_1_0,2023,5,34,50,1,3,0,0,,,876.52113291
4386001977,5,2023_5_34_1_0,2023,5,34,7,1,1,0,0,,,2429.6145797
4386001991,5,2023_5_34_1_0,2023,5,34,5,1,5,0,0,,,4902.2385707
4386002011,5,2023_5_34_1_0,2023,5,34,14,1,3,0,0,,,4902.2385707
4386002045,5,2023_5_34_1_0,2023,5,34,19,1,1,0,0,,,1768.5585779
4386002078,5,2023_5_34_1_0,2023,5,34,21,2,1,0,0,,,4902.2385707
4386002133,5,2023_5_34_1_0,2023,5,34,22,2,1,0,0,,,1768.5585779
4386002277,5,2023_5_34_1_0,2023,5,34,16,2,1,0,0,,,15767.2968
4386002302,5,2023_5_34_1_0,2023,5,34,16,1,1,0,0,,,4902.2385707
4386002335,5,2023_5_34_1_0,2023,5,34,-3,-3,-3,0,0,1,1,1768.5585779
4386002387,5,2023_5_34_1_0,2023,5,34,15,1,1,0,0,,,15767.2968
4386002459,5,2023_5_34_1_0,2023,5,34,78,2,1,10.000294235,11.999646918,,,876.52113291
4386002467,5,2023_5_34_1_0,2023,5,34,-3,-3,-3,0,0,1,1,7021.0147174
4386002492,5,2023_5_34_1_0,2023,5,34,20,1,1,1.0000294235,3.9998823061,,,1768.5585779
4386002507,5,2023_5_34_1_0,2023,5,34,-3,-3,-3,0,0,,,1768.5585779
4386002540,5,2023_5_34_1_0,2023,5,34,24,1,3,0,0,,,1768.5585779
4386002557,5,2023_5_34_1_0,2023,5,34,73,2,4,0,0,,,876.52113291
4386002652,5,2023_5_34_1_0,2023,5,34,13,1,1,0,0,,,4902.2385707
4386002763,5,2023_5_34_1_0,2023,5,34,15,2,1,0,0,,,4902.2385707
4386002828,5,2023_5_34_1_0,2023,5,34,59,1,1,2.8236173769,3.1763826231,,,5066.1954651
4386002832,5,2023_5_34_1_0,2023,5,34,-3,-3,-3,0,0,,,7021.0147174
4386002854,5,2023_5_34_1_0,2023,5,34,19,2,1,0,0,,,7814.4818197
4386002859,5,2023_5_34_1_0,2023,5,34,15,1,1,0,0,,,15767.2968
4386002879,5,2023_5_34_1_0,2023,5,34,2,2,1,0,0,,,15767.2968
4386002943,5,2023_5_34_1_0,2023,5,34,8,1,1,0,0,,,4902.2385707
4386002961,5,2023_5_34_1_0,2023,5,34,0,2,3,0,0,,,4902.2385707
4386002982,5,2023_5_34_1_0,2023,5,34,-3,-3,-3,0,0,,,10232.360043
4386003049,5,2023_5_34_1_0,2023,5,34,40,1,2,0,0,,,19461.435761
4386003122,5,2023_5_34_1_0,2023,5,34,17,1,1,0,0,,,15767.2968
4386003208,5,2023_5_34_1_0,2023,5,34,15,2,2,0,0,,,15767.2968
4386003281,5,2023_5_34_2_1,2023,5,34,18,1,5,0,0,,,139.31215104
4386003285,5,2023_5_34_2_1,2023,5,34,17,1,1,0,0,,,176.680365
4386003381,5,2023_5_34_2_0,2023,5,34,2,1,1,0,0,,,4100.7966467
4386003385,5,2023_5_34_2_0,2023,5,34,15,1,1,0,0,,,4100.7966467
4386003403,5,2023_5_34_2_0,2023,5,34,25,2,1,0,0,,,2358.2996282
4386003480,5,2023_5_36_1_1,2023,5,36,24,2,1,0,0,,,848.07304076
4386003500,5,2023_5_36_1_1,2023,5,36,15,2,1,0,0,,,1715.6852051
4386003508,5,2023_5_36_1_1,2023,5,36,22,1,1,9.9997998346,6.0001200992,,,956.40848974
4386003513,5,2023_5_36_1_1,2023,5,36,51,2,4,0,0,,,428.22439048
4386003533,5,2023_5_36_1_1,2023,5,36,13,1,4,0,0,,,2107.9996964
4386003552,5,2023_5_36_1_1,2023,5,36,-3,-3,-3,0,0,1,1,1175.1041508
4386003594,5,2023_5_36_1_1,2023,5,36,-3,-3,-3,0,0,1,1,277.0722317
4386003660,5,2023_5_36_1_1,2023,5,36,14,1,1,0,0,,,2107.9996964
4386003684,5,2023_5_36_1_1,2023,5,36,15,2,5,0,0,,,4996.4849694
4386003725,5,2023_5_36_1_1,2023,5,36,31,2,3,0,0,,,618.8209746
4386004139,5,2023_5_36_1_0,2023,5,36,-3,-3,-3,0,0,,,5200.5494219
4386004340,5,2023_5_36_1_0,2023,5,36,7,1,1,0,0,,,5200.5494219
4386004510,5,2023_5_36_1_0,2023,5,36,3,1,1,0,0,,,12326.599033
4386004594,5,2023_5_36_1_0,2023,5,36,48,1,1,0,0,,,3409.6965649
4386004608,5,2023_5_36_1_0,2023,5,36,14,1,1,0,0,,,11615.054464
4386004639,5,2023_5_36_1_0,2023,5,36,-3,-3,-3,0,0,1,1,3409.6965649
4386004653,5,2023_5_36_1_0,2023,5,36,4,2,1,0,0,,,5200.5494219
4386004871,5,2023_5_36_1_0,2023,5,36,19,2,3,0,0,,,6871.4609938
4386004929,5,2023_5_36_1_0,2023,5,36,58,2,3,0,0,,,3409.6965649
4386005043,5,2023_5_36_1_0,2023,5,36,20,2,4,0,0,,,6474.8105687
4386005052,5,2023_5_36_1_0,2023,5,36,19,1,2,0,0,,,2899.0455846
4386005130,5,2023_5_36_1_0,2023,5,36,9,2,1,0,0,,,5200.5494219
4386005158,5,2023_5_36_1_0,2023,5,36,13,2,4,0,0,,,6116.5976807
4386005162,5,2023_5_36_1_0,2023,5,36,4,1,1,0,0,,,27530.57562
4386005328,5,2023_5_36_1_0,2023,5,36,10,2,1,0,0,,,11615.054464
4386005445,5,2023_5_36_1_0,2023,5,36,20,1,1,0,0,,,6474.8105687
4386005549,5,2023_5_36_1_0,2023,5,36,7,2,1,0,0,,,11615.054464
4386005560,5,2023_5_36_1_0,2023,5,36,15,2,1,0,0,,,11615.054464
4386005573,5,2023_5_36_1_0,2023,5,36,23,2,1,0,0,,,2899.0455846
4386005597,5,2023_5_36_1_0,2023,5,36,33,2,3,0,0,,,5200.5494219
4386005796,5,2023_5_36_1_0,2023,5,36,14,2,2,0,0,,,6491.3037891
4386005797,5,2023_5_36_1_0,2023,5,36,-3,1,3,0,0,,,3409.6965649
4386005872,5,2023_5_36_1_0,2023,5,36,11,1,1,0,0,,,27530.57562
4386005923,5,2023_5_36_1_0,2023,5,36,-3,-3,-3,0,0,1,1,5200.5494219
4386005957,5,2023_5_36_1_0,2023,5,36,26,2,2,0,0,,,1526.6648601
4386005968,5,2023_5_36_1_0,2023,5,36,-3,2,1,2.9999399504,2.0000400331,,,11615.054464
4386005975,5,2023_5_36_1_0,2023,5,36,1,1,1,0,0,,,15918.036011
4386006046,5,2023_5_36_1_0,2023,5,36,23,2,1,0,0,,,10048.647229
4386006162,5,2023_5_36_1_0,2023,5,36,3,2,1,0,0,,,6116.5976807
4386006245,5,2023_5_36_1_0,2023,5,36,7,2,4,0,0,,,12326.599033
4386006545,5,2023_5_36_1_0,2023,5,36,3,2,1,0,0,,,5200.5494219
4386006680,5,2023_5_36_1_0,2023,5,36,1,2,4,0,0,,,5200.5494219
4386006751,5,2023_5_36_1_0,2023,5,36,27,1,4,0,0,,,1526.6648601
4386006802,5,2023_5_36_1_0,2023,5,36,2,1,4,0,0,,,12326.599033
4386006882,5,2023_5_36_1_0,2023,5,36,2,2,3,0,0,,,5200.5494219
4386006990,5,2023_5_36_1_0,2023,5,36,-3,-3,-3,0,0,1,1,6474.8105687
4386007028,5,2023_5_36_1_0,2023,5,36,16,1,1,0,0,,,2738.6585771
4386007029,5,2023_5_36_1_0,2023,5,36,-3,-3,-3,0,0,,,3897.5030752
4386007129,5,2023_5_36_1_0,2023,5,36,21,2,1,0,0,,,6474.8105687
4386007181,5,2023_5_36_1_0,2023,5,36,67,2,1,0,0,,,2738.6585771
4386007233,5,2023_5_36_1_0,2023,5,36,68,2,1,0,0,,,2738.6585771
4386007237,5,2023_5_36_1_0,2023,5,36,17,2,1,0,0,,,5200.5494219
4386007241,5,2023_5_36_1_0,2023,5,36,8,2,3,0,1.0000200165,,,5200.5494219
4386007282,5,2023_5_36_1_0,2023,5,36,11,1,5,5.2940179105,4.7059820895,,,2599.5509535
4386007287,5,2023_5_36_1_0,2023,5,36,20,1,4,0,0,,,2899.0455846
4386007303,5,2023_5_36_1_0,2023,5,36,14,1,4,0,0,,,5200.5494219
4386007344,5,2023_5_36_1_0,2023,5,36,68,2,3,0,0,,,1526.6648601
4386007395,5,2023_5_36_1_0,2023,5,36,-3,2,2,0,0,1,1,3973.0431015
4386007396,5,2023_5_36_1_0,2023,5,36,11,2,5,0,0,,,6116.5976807
4386007413,5,2023_5_36_1_0,2023,5,36,14,2,1,0,0,,,11615.054464
4386007520,5,2023_5_36_1_0,2023,5,36,1,2,3,0,0,,,11615.054464
4386007617,5,2023_5_36_1_0,2023,5,36,17,1,1,0,0,,,11615.054464
4386007683,5,2023_5_36_1_0,2023,5,36,13,2,1,0,0,,,3571.8059216
4386007702,5,2023_5_36_1_0,2023,5,36,-3,-3,-3,0,0,,,2899.0455846
4386007716,5,2023_5_36_1_0,2023,5,36,57,1,1,0,0,,,2899.0455846
4386007762,5,2023_5_36_1_0,2023,5,36,22,1,1,0,0,,,6474.8105687
4386007811,5,2023_5_36_1_0,2023,5,36,4,1,4,0,0,,,6116.5976807
4386007816,5,2023_5_36_1_0,2023,5,36,17,2,1,0,0,,,5200.5494219
4386007818,5,2023_5_36_1_0,2023,5,36,74,2,4,0,0,,,3409.6965649
4386007978,5,2023_5_36_2_1,2023,5,36,1,2,1,0,0,,,4883.0646277
4386007996,5,2023_5_36_2_1,2023,5,36,16,1,1,0,0,,,4883.0646277
4386008054,5,2023_5_36_2_0,2023,5,36,6,1,1,0,0,,,27752.930005
4386008061,5,2023_5_36_2_0,2023,5,36,5,1,1,0,0,,,29453.089626
4386008108,5,2023_5_36_2_0,2023,5,36,8,1,1,0,0,,,12426.156462
4386008115,5,2023_5_36_2_0,2023,5,36,0,2,1,0,0,,,10094.265847
4386008233,5,2023_5_36_2_0,2023,5,36,9,2,1,0,0,,,12426.156462
4386008312,5,2023_5_36_2_0,2023,5,36,8,1,1,0,0,,,29453.089626
4386008462,5,2023_5_36_2_0,2023,5,36,15,1,1,0,0,,,12426.156462
4386008545,5,2023_5_36_2_0,2023,5,36,63,1,1,0,0,,,22544.819419
4386008572,5,2023_5_36_2_0,2023,5,36,-3,-3,-3,0,0,,,15470.867146
4386008584,5,2023_5_36_2_0,2023,5,36,14,2,1,0,0,,,6543.7316744
4386008605,5,2023_5_36_2_0,2023,5,36,35,1,4,0,0,,,36669.81323
4386008620,5,2023_5_36_2_0,2023,5,36,15,1,2,0,0,,,12426.156462
4386008625,5,2023_5_36_2_0,2023,5,36,-3,-3,-3,0,0,1,1,6926.9592698
4386008674,5,2023_5_36_2_0,2023,5,36,0,2,1,0,0,,,29453.089626
4386008696,5,2023_5_36_2_0,2023,5,36,6,1,1,0,0,,,6543.7316744
4386008712,5,2023_5_36_2_0,2023,5,36,10,2,1,0,0,,,12426.156462
4386008781,5,2023_5_36_2_0,2023,5,36,17,1,1,0,0,,,12426.156462
4386008789,5,2023_5_36_2_0,2023,5,36,14,1,1,0,0,,,12426.156462
4386008832,5,2023_5_36_2_0,2023,5,36,17,1,1,0,0,,,12426.156462
4386008902,5,2023_5_44_1_1,2023,5,44,27,2,4,0,0,,,166.42543784
4386009118,5,2023_5_44_1_1,2023,5,44,18,2,1,0,0,,,97.077847059
4386009120,5,2023_5_44_1_1,2023,5,44,19,2,1,0,0,,,207.82011091
4386009127,5,2023_5_44_1_1,2023,5,44,18,2,1,0,0.9999273608,,,588.24162785
4386009166,5,2023_5_44_1_1,2023,5,44,21,1,1,0,0,,,166.42543784
4386009232,5,2023_5_44_1_1,2023,5,44,24,2,1,0,0,,,294.37243083
4386009246,5,2023_5_44_1_1,2023,5,44,2,1,1,0,0,,,223.79712386
4386009247,5,2023_5_44_1_1,2023,5,44,21,1,1,0,0,,,223.79712386
4386009363,5,2023_5_44_1_1,2023,5,44,37,1,3,0,0,,,159.82738159
4386009401,5,2023_5_44_1_1,2023,5,44,24,2,1,0,0,,,312.40476243
4386009407,5,2023_5_44_1_1,2023,5,44,37,2,3,0,0,,,49.587428866
4386009413,5,2023_5_44_1_1,2023,5,44,5,1,3,0,2.9997820823,,,223.79712386
4386009415,5,2023_5_44_1_1,2023,5,44,11,1,1,0,0,,,343.12801892
4386009442,5,2023_5_44_1_0,2023,5,44,-3,-3,-3,0,0,,,938.52351895
4386009449,5,2023_5_44_1_0,2023,5,44,6,2,4,0,0,,,1359.085821
4386009477,5,2023_5_44_1_0,2023,5,44,1,2,1,0,0,,,2747.3358158
4386009522,5,2023_5_44_1_0,2023,5,44,17,2,1,0,0,,,1359.085821
4386009638,5,2023_5_44_1_0,2023,5,44,-3,-3,-3,0,0,,,2043.0404025
4386009715,5,2023_5_44_1_0,2023,5,44,12,1,1,0,0,,,1359.085821
4386009735,5,2023_5_44_1_0,2023,5,44,12,2,1,0,0,,,1359.085821
4386009850,5,2023_5_44_1_0,2023,5,44,1,1,3,0,0,,,2747.3358158
4386009892,5,2023_5_44_1_0,2023,5,44,18,1,1,0,0,,,1010.6763167
4386009922,5,2023_5_44_1_0,2023,5,44,16,2,1,0,0,,,2747.3358158
4386009961,5,2023_5_44_1_0,2023,5,44,2,2,1,0,0,,,7221.26033
4386009967,5,2023_5_44_1_0,2023,5,44,15,2,1,0,0,,,1359.085821
4386009968,5,2023_5_44_1_0,2023,5,44,13,2,4,0,0,,,2599.9494331
4386010172,5,2023_5_44_1_0,2023,5,44,6,2,1,0,0,,,1359.085821
4386010276,5,2023_5_44_1_0,2023,5,44,29,1,1,0,0.9999273608,,,1010.6763167
4386010295,5,2023_5_44_1_0,2023,5,44,20,2,1,0,0,,,1010.6763167
4386010428,5,2023_5_44_1_0,2023,5,44,3,2,5,0,0,,,1359.085821
4386010564,5,2023_5_44_1_0,2023,5,44,8,2,4,0,0,,,480.15195234
4386010679,5,2023_5_44_1_0,2023,5,44,9,2,1,0,0,,,2747.3358158
4386010762,5,2023_5_44_1_0,2023,5,44,-3,-3,-3,0,0,1,,636.84922122
4386010792,5,2023_5_45_1_1,2023,5,45,12,2,1,0,0,,,310.47278065
4386010839,5,2023_5_45_1_1,2023,5,45,2,2,1,0,0,,,354.47267679
4386010840,5,2023_5_45_1_1,2023,5,45,6,2,1,0,0,,,310.47278065
4386010901,5,2023_5_45_1_1,2023,5,45,6,1,1,0,0,,,354.47267679
4386010938,5,2023_5_45_1_1,2023,5,45,10,2,2,0,0,,,1106.828258
4386010940,5,2023_5_45_1_1,2023,5,45,21,2,1,2.0017491751,0.9991254125,,,364.45768914
4386010979,5,2023_5_45_1_1,2023,5,45,0,1,1,0,0,,,354.47267679
4386011082,5,2023_5_45_1_1,2023,5,45,18,1,1,0,0,,,123.33269874
4386011182,5,2023_5_45_1_1,2023,5,45,-3,-3,-3,0,0,,,81.458060231
4386011191,5,2023_5_45_1_1,2023,5,45,15,1,1,0,0,,,1076.5045904
4386011202,5,2023_5_45_1_1,2023,5,45,2,1,1,0,0,,,364.45768914
4386011325,5,2023_5_45_1_1,2023,5,45,3,1,1,0,0,,,354.47267679
4386011345,5,2023_5_45_1_1,2023,5,45,1,1,3,0,0,,,364.45768914
4386011363,5,2023_5_45_1_1,2023,5,45,36,2,1,0,0,,,170.84216474
4386011368,5,2023_5_45_1_1,2023,5,45,8,2,1,0,0,,,310.47278065
4386011399,5,2023_5_45_1_1,2023,5,45,5,1,1,0,0,,,354.47267679
4386011440,5,2023_5_45_1_1,2023,5,45,14,2,3,0,0,,,354.47267679
4386011520,5,2023_5_45_1_1,2023,5,45,18,2,4,0,4.9956270623,,,95.621961872
4386011737,5,2023_5_45_1_1,2023,5,45,-3,-3,-3,0,0,,,200.54814609
4386011748,5,2023_5_45_1_1,2023,5,45,33,1,1,0,0,,,378.91854364
4386011841,5,2023_5_45_1_1,2023,5,45,9,1,1,0,0.9991254125,,,364.45768914
4386011946,5,2023_5_45_1_0,2023,5,45,0,1,1,0,0,,,2159.5470635
4386011956,5,2023_5_45_1_0,2023,5,45,-3,-3,-3,0,0,,,1221.7956089
4386012011,5,2023_5_45_1_0,2023,5,45,5,2,1,0,0,,,6558.3681882
4386012132,5,2023_5_45_1_0,2023,5,45,10,2,1,0,0,,,1558.99902
4386012158,5,2023_5_45_1_0,2023,5,45,11,2,4,0,0,,,2220.378562
4386012181,5,2023_5_45_1_0,2023,5,45,20,1,2,0,0,,,1188.3221918
4386012204,5,2023_5_45_1_0,2023,5,45,-3,-3,-3,0,0,1,1,3608.8375158
4386012271,5,2023_5_45_1_0,2023,5,45,9,2,1,0,0,,,2159.5470635
4386012297,5,2023_5_45_1_0,2023,5,45,12,1,1,0,0,,,2159.5470635
4386012305,5,2023_5_45_1_0,2023,5,45,2,1,1,0,0,,,6558.3681882
4386012356,5,2023_5_45_1_0,2023,5,45,12,1,4,0,0,,,2159.5470635
4386012391,5,2023_5_45_1_0,2023,5,45,14,1,2,0,0,,,2159.5470635
4386012395,5,2023_5_45_1_0,2023,5,45,40,2,1,0,0,,,1133.731387
4386012409,5,2023_5_45_1_0,2023,5,45,12,2,1,0,0,,,8798.6336462
4386012457,5,2023_5_45_1_0,2023,5,45,15,2,4,0,0,,,8798.6336462
4386012482,5,2023_5_45_1_0,2023,5,45,5,1,1,0,0,,,2159.5470635
4386012515,5,2023_5_45_1_0,2023,5,45,15,1,2,0,0,,,2159.5470635
4386012523,5,2023_5_45_1_0,2023,5,45,3,2,1,0,0,,,5201.5277233
4386012525,5,2023_5_45_1_0,2023,5,45,29,2,1,0,0,,,4841.5761786
4386012557,5,2023_5_45_1_0,2023,5,45,4,2,1,0,0,,,1165.6670555
4386012601,5,2023_5_45_1_0,2023,5,45,13,2,3,0,0,,,2708.6010439
4386012605,5,2023_5_45_1_0,2023,5,45,10,1,2,0,0,,,2159.5470635
4386012620,5,2023_5_45_1_0,2023,5,45,21,2,1,0,0,,,4841.5761786
4386012629,5,2023_5_45_1_0,2023,5,45,7,1,2,0,0,,,2159.5470635
4386012653,5,2023_5_45_1_0,2023,5,45,15,2,1,0,0,,,2159.5470635
4386012802,5,2023_5_45_1_0,2023,5,45,22,1,1,1.5280958359,0,,,12220.883807
4386012807,5,2023_5_45_1_0,2023,5,45,15,2,1,0,0,,,3269.6919942
4386012915,5,2023_5_45_1_0,2023,5,45,8,2,5,0,7.5207460016,,,5408.1805884
4386012972,5,2023_5_45_1_0,2023,5,45,13,2,1,0,0,,,1029.6785635
4386013046,5,2023_5_45_1_0,2023,5,45,0,2,2,0,0,1,1,11346.501001
4386013062,5,2023_5_45_2_1,2023,5,45,10,1,1,0,0,,,5695.173242
4386013070,5,2023_5_45_2_1,2023,5,45,11,1,1,0,0,,,1397.8300661
4386013087,5,2023_5_45_2_1,2023,5,45,9,2,1,0,0,,,685.26370199
4386013114,5,2023_5_45_2_1,2023,5,45,11,1,1,0,0,,,2755.8322534
4386013200,5,2023_5_45_2_1,2023,5,45,13,2,1,0,0,,,2755.8322534
4386013209,5,2023_5_45_2_1,2023,5,45,13,1,-3,0,0,,,1397.8300661
4386013238,5,2023_5_45_2_1,2023,5,45,5,2,1,0,0,,,2755.8322534
4386013266,5,2023_5_45_2_1,2023,5,45,8,1,5,0,0,,,1397.8300661
4386013267,5,2023_5_45_2_1,2023,5,45,1,1,1,0,0,,,2755.8322534
4386013356,5,2023_5_45_2_0,2023,5,45,16,1,1,0,0,,,5081.8912639
4386013395,5,2023_5_45_2_0,2023,5,45,17,2,1,0,0,,,32368.270239
4386013586,5,2023_5_45_2_0,2023,5,45,18,2,1,0,0,,,5864.8634432
4386013587,5,2023_5_45_2_0,2023,5,45,3,2,5,0,0,,,10658.261467
4386013711,5,2023_5_45_2_0,2023,5,45,23,1,1,0,0.9991254125,,,33280.040311
4386013745,5,2023_5_45_2_0,2023,5,45,29,2,1,0,0,,,8492.3918328
4386013768,5,2023_5_45_2_0,2023,5,45,15,2,1,0,0,,,10958.490171
4386013789,5,2023_5_45_2_0,2023,5,45,2,2,2,0,0,,,32368.270239
4386013919,5,2023_5_51_1_1,2023,5,51,24,2,1,0,0,,,518.04583493
4386013931,5,2023_5_51_1_1,2023,5,51,-3,-3,-3,0,0,,,345.48821791
4386013954,5,2023_5_51_1_1,2023,5,51,19,2,2,0,0,,,347.84244784
4386013986,5,2023_5_51_1_1,2023,5,51,4,1,1,0,0,,,518.04583493
4386013988,5,2023_5_51_1_1,2023,5,51,16,1,1,0,0,,,468.78019181
4386014025,5,2023_5_51_1_1,2023,5,51,-3,-3,-3,0,0,1,1,1450.015189
4386014051,5,2023_5_51_1_1,2023,5,51,11,1,5,0,0,,,664.23074342
4386014075,5,2023_5_51_1_1,2023,5,51,8,2,1,0,0,,,897.89728599
4386014136,5,2023_5_51_1_1,2023,5,51,28,2,1,0,0,,,231.97844537
4386014187,5,2023_5_51_1_1,2023,5,51,13,2,1,0.994203113,3.0173906609,,,544.50776033
4386014288,5,2023_5_51_1_1,2023,5,51,5,2,5,0,0,,,347.84244784
4386014440,5,2023_5_51_1_1,2023,5,51,12,2,5,0,0,,,518.04583493
4386014452,5,2023_5_51_1_1,2023,5,51,11,2,1,0,0,,,365.61033687
4386014473,5,2023_5_51_1_1,2023,5,51,82,2,1,0,0,,,176.03570932
4386014603,5,2023_5_51_1_1,2023,5,51,12,2,1,8.4892482447,34.532255266,,,319.46630984
4386014614,5,2023_5_51_1_1,2023,5,51,9,2,1,0,5.0289844349,,,1450.015189
4386014707,5,2023_5_51_1_0,2023,5,51,30,2,4,0,0,,,3957.793539
4386014727,5,2023_5_51_1_0,2023,5,51,12,2,1,0,0,,,3957.793539
4386014763,5,2023_5_51_1_0,2023,5,51,5,2,1,0,0,,,3957.793539
4386014784,5,2023_5_51_1_0,2023,5,51,-3,1,-3,0,0,,,3957.793539
4386014908,5,2023_5_51_1_0,2023,5,51,20,2,1,0,0,,,7028.8887248
4386014911,5,2023_5_51_1_0,2023,5,51,16,2,1,0,0,,,10539.538946
4386014925,5,2023_5_51_1_0,2023,5,51,21,2,3,0,0,,,1209.1066545
4386014965,5,2023_5_51_1_0,2023,5,51,0,1,1,0,0,,,4919.0305975
4386015006,5,2023_5_51_1_0,2023,5,51,27,1,1,0,0,,,6482.2590548
4386015025,5,2023_5_51_1_0,2023,5,51,3,1,3,0,0,,,10216.384168
4386015084,5,2023_5_51_1_0,2023,5,51,6,1,-3,0,0,,,10539.538946
4386015120,5,2023_5_51_1_0,2023,5,51,19,1,1,0,0,,,1209.1066545
4386015154,5,2023_5_51_1_0,2023,5,51,18,1,1,0.994203113,0,,,1440.4502979
4386015498,5,2023_5_51_1_0,2023,5,51,63,2,4,0,0,,,3957.793539
4386015553,5,2023_5_51_1_0,2023,5,51,-3,-3,-3,0,0,1,1,6687.2996004
4386015583,5,2023_5_51_1_0,2023,5,51,52,2,1,0,0,,,1209.1066545
4386015659,5,2023_5_51_1_0,2023,5,51,4,2,1,0,0,,,10216.384168
4386015747,5,2023_5_51_1_0,2023,5,51,6,2,5,0,0,,,10216.384168
4386015763,5,2023_5_51_1_0,2023,5,51,30,2,2,0,0,,,3957.793539
4386015776,5,2023_5_51_1_0,2023,5,51,5,2,1,0,0,,,4159.9587343
4386015857,5,2023_5_51_1_0,2023,5,51,-3,1,2,0,0,,,5074.6246133
4386015908,5,2023_5_51_1_0,2023,5,51,6,1,5,2.9826093391,15.086953305,,,1.0068889643
4386015937,5,2023_5_51_1_0,2023,5,51,6,1,5,0,0,,,10216.384168
4386015940,5,2023_5_51_1_0,2023,5,51,7,2,2,0,0,,,3957.793539
4386015949,5,2023_5_51_1_0,2023,5,51,10,2,1,0,0,,,4159.9587343
4386016019,5,2023_5_51_1_0,2023,5,51,11,1,2,0,0,,,3957.793539
4386016138,5,2023_5_51_1_0,2023,5,51,-3,-3,-3,0,0,,,1742.4164507
4386016273,5,2023_5_51_1_0,2023,5,51,20,2,1,0,0,,,5074.6246133
4386016310,5,2023_5_51_2_1,2023,5,51,-3,-3,-3,0,0,,,649.8145451
4386016377,5,2023_5_51_2_1,2023,5,51,-3,2,1,0,0,,,629.89045962
4386016390,5,2023_5_51_2_1,2023,5,51,5,2,3,0,0,,,798.74743058
4386016474,5,2023_5_51_2_1,2023,5,51,10,1,1,0,0,,,505.2318085
4386016485,5,2023_5_51_2_1,2023,5,51,4,2,1,0,0,,,2235.7016087
4386016514,5,2023_5_51_2_1,2023,5,51,22,1,2,0,5.0289844349,,,1418.5446394
4386016550,5,2023_5_51_2_0,2023,5,51,-3,2,2,0,0,,,6850.9820313
4386016555,5,2023_5_51_2_0,2023,5,51,26,1,2,0,0,,,15778.190885
4386016557,5,2023_5_51_2_0,2023,5,51,9,2,1,0,0,,,12305.702727
4386016583,5,2023_5_51_2_0,2023,5,51,71,1,1,0,0,,,10011.205437
4386016610,5,2023_5_51_2_0,2023,5,51,16,1,4,0,0,,,5925.0050939
4386016630,5,2023_5_51_2_0,2023,5,51,11,1,1,0,0,,,12305.702727
4386016644,5,2023_5_51_2_0,2023,5,51,2,1,-3,0,0,,,12305.702727
4386016685,5,2023_5_51_2_0,2023,5,51,13,2,3,0,0,,,31765.119955
4386016698,5,2023_5_51_2_0,2023,5,51,2,1,5,0,0,,,15778.190885
4386016771,5,2023_5_51_2_0,2023,5,51,7,1,1,0,0,,,12305.702727
4386016788,5,2023_5_51_2_0,2023,5,51,3,2,1,0,0,,,17870.984501
4386016807,5,2023_5_51_2_0,2023,5,51,0,2,1,0,0,,,12305.702727
4386016834,5,2023_5_51_2_0,2023,5,51,6,1,1,0,0,1,1,31765.119955
4386016887,5,2023_5_51_2_0,2023,5,51,3,2,1,0,0,,,12305.702727
4386016989,5,2023_5_51_2_0,2023,5,51,9,2,1,0,0,,,15778.190885
4386017010,5,2023_5_51_2_0,2023,5,51,27,1,1,0,0,,,3759.3944478
4386017085,5,2023_5_51_2_0,2023,5,51,11,2,1,0,0,,,32769.88349
